RHip_x,RHip_y,RHip_z,RKnee_x,RKnee_y,RKnee_z,RAnkle_x,RAnkle_y,RAnkle_z,RBigToe_x,RBigToe_y,RBigToe_z,RSmallToe_x,RSmallToe_y,RSmallToe_z,RHeel_x,RHeel_y,RHeel_z,LHip_x,LHip_y,LHip_z,LKnee_x,LKnee_y,LKnee_z,LAnkle_x,LAnkle_y,LAnkle_z,LBigToe_x,LBigToe_y,LBigToe_z,LSmallToe_x,LSmallToe_y,LSmallToe_z,LHeel_x,LHeel_y,LHeel_z,Neck_x,Neck_y,Neck_z,Head_x,Head_y,Head_z,Nose_x,Nose_y,Nose_z,RShoulder_x,RShoulder_y,RShoulder_z,RElbow_x,RElbow_y,RElbow_z,RWrist_x,RWrist_y,RWrist_z,RThumb_x,RThumb_y,RThumb_z,RIndex_x,RIndex_y,RIndex_z,RPinky_x,RPinky_y,RPinky_z,LShoulder_x,LShoulder_y,LShoulder_z,LElbow_x,LElbow_y,LElbow_z,LWrist_x,LWrist_y,LWrist_z,LThumb_x,LThumb_y,LThumb_z,LIndex_x,LIndex_y,LIndex_z,LPinky_x,LPinky_y,LPinky_z,Time
0.3257110117891001,0.7900657673180251,0.667012926243201,0.3269430237067113,0.3727909116756538,0.7337963866981392,0.3281467570611107,-0.03442582097500668,0.7880606155069272,0.28126268158715095,-0.09969804194044712,0.6141207066378273,0.3525452857158282,-0.11270353530360941,0.6648767487933608,0.28849329071977714,-0.12606029320356696,0.8807372240762203,0.11530081229912073,0.76427432436633,0.6846260479803095,0.0894041797712627,0.3785327138465561,0.7249284695421546,0.09442307142075575,-0.029455220971483245,0.7591931579280615,0.12663855629327178,-0.12771462108849904,0.6228641638466126,0.057683159721835894,-0.09627723579234347,0.632009304608423,0.11150682426903417,-0.11074737679802107,0.8557431548648663,0.22152655765536938,1.332009615930836,0.672084471318304,0.22220432415441646,1.5869509341689874,0.6021123124877881,0.2270337362097889,1.4696565005643136,0.5665455443162897,0.38558272419350126,1.223135343957454,0.6883573403302055,0.40048743685089716,0.9484933087795253,0.6698365063300123,0.2800244734150006,0.7920032047802665,0.5102467424969588,0.19686134239500602,0.7099071157068525,0.48183976872946677,0.19197026542667586,0.6962672832261815,0.49384620492553954,0.1952137904292543,0.6695890941631653,0.5308912988122775,0.056257800337239906,1.2271445208154677,0.6632816338933051,0.04774690940900615,0.952641934228053,0.6203827982003898,0.16262255128369046,0.7846361790721321,0.5502282227410671,0.26001862559892724,0.7516378610170631,0.44982677685666267,0.2389609923598589,0.7073192033398716,0.49338017014209645,0.19688524045292832,0.6797968575785223,0.5144398482667383,0.0
0.324954206862887,0.7889155594323344,0.6699519009786823,0.3266503006182292,0.37469705248682056,0.7335715384353295,0.3284055315616694,-0.03386416627244919,0.7881767843857679,0.28077985852408394,-0.10261913279370158,0.6146512869306264,0.3540590062124051,-0.11116934619289634,0.6681374556954172,0.28959091046209057,-0.12261150480381568,0.8784669136517297,0.11558845264361088,0.7644237360153283,0.6847797968857863,0.09018565113052372,0.37819857379912064,0.7252060239493651,0.09560656317800217,-0.02757218437824678,0.7591330739307492,0.12147989054172995,-0.12776649970377535,0.622162192393264,0.05741239273224832,-0.0934763197063187,0.6324832086032347,0.11133510637660195,-0.1076001815252368,0.8516767619240312,0.22147699896387724,1.332027938411927,0.6731357442282551,0.22298448506406948,1.5869082908841596,0.6053097939104084,0.2270212421287412,1.469680961432661,0.5664833322198448,0.38555149937591643,1.223172511789889,0.6884102735960714,0.39907691145091995,0.9495470424908639,0.6638431014871464,0.27996861093986064,0.7912527289328638,0.5101941059718527,0.1971222622658824,0.7101276369416771,0.48165752957355784,0.19192063303907603,0.6965110659241844,0.49390557219463543,0.19749406065084849,0.6716344192471824,0.5246994848957907,0.05638641191499319,1.2291594498480976,0.6632294970986232,0.04583973996813048,0.9531307011402113,0.6183737268789424,0.1654917543265946,0.7855088021907511,0.542903647774811,0.26107138075944863,0.7481092650008824,0.4537328946757934,0.23900901352741213,0.705136709417743,0.494465914180038,0.19818563337815945,0.6801197789681742,0.5164969342160226,0.0166666666666666
0.3243243726358881,0.7879398904372119,0.6723591443381571,0.3264182994151569,0.3761849011187755,0.7333906191695455,0.32861039391213503,-0.0334701964362112,0.788286102546952,0.2804734115233988,-0.10448659819631444,0.6149886520247392,0.35517477002752634,-0.10895346334632355,0.6683737000135426,0.2904774510732758,-0.11990911464853428,0.8765308104356109,0.11581732597340991,0.7645991408303004,0.6848950959041384,0.09083233326204618,0.3779420464249708,0.7254736876965918,0.0965643317204263,-0.026192754085258563,0.7591147178928291,0.11848248510878429,-0.12798039268425468,0.6220445077001887,0.05720699515614433,-0.09168252714575774,0.632872631070288,0.1111690984546183,-0.10514789647570982,0.8483958998817244,0.22142047667089418,1.332474450291271,0.6736672809692126,0.22364035472056795,1.5868790789949196,0.6080271811080171,0.2270167912781016,1.4696973906500355,0.5664521689679922,0.38553576613950236,1.2231919177084576,0.6884424299370102,0.39819028736857526,0.9503166035791712,0.6600035441767087,0.280012914956211,0.7911738061168441,0.5101395022022632,0.19715830325854988,0.7105420517316677,0.48171220186321095,0.1919066290419297,0.6965041805076271,0.4938454456196498,0.1991796713708114,0.6728982046788249,0.5207894823698683,0.05646736327593594,1.23048400487788,0.6632107176052046,0.04456883082460119,0.9534220527105017,0.6173295798687046,0.16721588441113586,0.7858529118718917,0.5384501564604234,0.2618234992770803,0.7459201522662023,0.4567591770649744,0.23909359271253583,0.7034064765842026,0.4953676824091978,0.19912425314942456,0.6802110524695627,0.5181399411048907,0.0333333333333333
0.32380967418855683,0.7871255096623514,0.6742841915173691,0.32624324001481403,0.3772888603796173,0.7332493364037396,0.32876558459571725,-0.03322508667522586,0.7883876277491105,0.2803090578213562,-0.10549573317675104,0.6151696641712924,0.35595198262880706,-0.1063089689230818,0.666358702910652,0.291168642105623,-0.11788539401689115,0.8749069462479183,0.11598884650305509,0.7647971719914316,0.6849733541496101,0.09135387559335245,0.3777557277697918,0.7257285667715839,0.09731443636787354,-0.025272520962381473,0.7591331526136038,0.11726492688964063,-0.1282971905416681,0.6223635505551751,0.057064972247390267,-0.09074576006183802,0.6331644519577851,0.11101086414486185,-0.1033287381819977,0.8458388611135109,0.22136304820862301,1.333163551452493,0.6738002243939523,0.22417659629690725,1.586860738905913,0.6102717425422018,0.22701856611683036,1.4697072059580303,0.5664455998136342,0.38553207082808133,1.2231974821745266,0.6884575887136722,0.3977260887792669,0.9508439716295926,0.6579085651104314,0.28012889021053033,0.7915967026793169,0.5100854672965079,0.19704205771277059,0.7110855625014769,0.48193424613049973,0.19192370487721844,0.6962925184105072,0.4936905417011864,0.20035592222371823,0.6735347347427489,0.5187209470187695,0.056507245819817024,1.2312121330323176,0.6632186065409396,0.04381963281639317,0.9535563559740381,0.6170358095506635,0.16798382532436218,0.7857903685138882,0.5364040039258886,0.26231998880900176,0.744834812523467,0.4590197963636238,0.239202351192896,0.7021421495026616,0.4960803490704284,0.19973450817922378,0.6801181349797984,0.5193809449361759,0.05
0.32339827660134685,0.7864591664374468,0.6757765777120612,0.3261213423345204,0.3780433330774446,0.7331433976408637,0.32887534409562563,-0.03311001219842585,0.7884804177508744,0.280252514654217,-0.10584183276347761,0.615231185621413,0.3564500494838622,-0.10348894508236099,0.6628656855496607,0.2916802131114223,-0.11647261418805366,0.8735733529087063,0.1161044284470837,0.765014462678907,0.6850159807364453,0.09175992755196491,0.37763221387926926,0.7259677671620907,0.09787493644018931,-0.02476707587947799,0.7591834408923758,0.11744580277950484,-0.1286577837877469,0.6229717617460121,0.05698432925985247,-0.09051592040573633,0.6333455512139285,0.11086246708911127,-0.10208092317665769,0.8439439379949557,0.22131077100926652,1.3339096417792173,0.6736557173552497,0.22459787296608272,1.586850711021785,0.6120507466745504,0.2270247491038877,1.46971182509824,0.5664571700096732,0.3855369597854755,1.2231931256494633,0.6884595292867075,0.39758283985839876,0.9511711262272721,0.6571488950000466,0.28028804144929736,0.7923516849673923,0.5100345373629047,0.19684611796830676,0.711693371675757,0.48225412290749753,0.19196731198692385,0.6959219710668223,0.49346557693984944,0.2011081128441441,0.6736982937236099,0.5180535346267532,0.05651265094638529,1.2314377814389135,0.6632464750337187,0.04347759678148131,0.9535739779659356,0.6172778683058063,0.16798446085332155,0.7854430325150749,0.5363014452991908,0.2626058570123923,0.7446175354831193,0.4606289249111592,0.23932291024615873,0.7013573728365303,0.49659878840458166,0.2000498068800571,0.6798884833959921,0.520232021712712,0.0666666666666666
0.3230783449547116,0.7859276100921917,0.6768858381179774,0.3260488262915955,0.3784827220203558,0.7330685103838699,0.32894391289506997,-0.03310614821474396,0.7885635303108751,0.2802694992582425,-0.10572019198496369,0.6152100786262291,0.35672837606030766,-0.1007464739833567,0.6586678690934843,0.2920278936429637,-0.11560304644119028,0.8725080622380293,0.11616548602003304,0.7652476460729114,0.685024384778888,0.09206013856540596,0.3775641007990883,0.7261883948558613,0.09826389125721899,-0.024632009706410954,0.7592606455284474,0.11864369967358297,-0.12900306293422636,0.6237215820604887,0.056963071447397415,-0.09084291012863455,0.6334028087869217,0.1107259709291452,-0.10134266799224761,0.8426494229016241,0.22126970250502803,1.334527121155067,0.6733549027058815,0.2249088479010901,1.5868464357471812,0.6133714619666509,0.22703352269823446,1.4697126658122575,0.5664804248090125,0.38554697935550813,1.2231827685946324,0.688452031016767,0.3976590647813756,0.9513400469573521,0.6573152645572876,0.28046187341899137,0.7932690193281771,0.5099892485097717,0.19664307636492095,0.7123006816791588,0.4826022927262783,0.19203290181302796,0.6954384299105674,0.493195267836243,0.20152154286666468,0.6735431659060608,0.5183469009780789,0.056490170055389734,1.2312548972251702,0.6632876342114331,0.04342817355784061,0.9535152857213056,0.6178412085151206,0.16740667478506233,0.7849327642737838,0.5376787357083147,0.26272611154443226,0.7450326108556011,0.4617007350469992,0.23944289114999065,0.7010657912492173,0.49691787465251036,0.20010355766442517,0.6795695546152511,0.520705247437333,0.0833333333333333
0.3228380443291046,0.7855175899562803,0.6776615079308611,0.3260219118033591,0.37864143001645023,0.7330203821357102,0.3289755314772598,-0.03319466993311353,0.7886360231877436,0.2803167221613795,-0.10538534995979543,0.6151484753403256,0.35698129010658436,-0.0982120709268908,0.6543739416192182,0.29222741325253754,-0.11520896205546854,0.8716891060559416,0.1161734334364404,0.7654933553536303,0.6849999753911824,0.09226415806119795,0.37754398457493454,0.7263875558406451,0.09849936013880799,-0.02482291331304308,0.7593598293211212,0.12030722735741717,-0.12932200345700276,0.624517563801221,0.057041151715840586,-0.09157618012167944,0.6332424339198419,0.11060343930674232,-0.10105218916132473,0.8418936082090812,0.22126876488601002,1.3344179493075106,0.6730408074325186,0.22512496818144978,1.586843272004125,0.6142984867248833,0.22704060587946792,1.4697101981755272,0.5665044726875565,0.3855549871481837,1.2231717098937598,0.6884435223078892,0.39781758855203286,0.9514375851531668,0.6578394776941463,0.2806052685196663,0.7940890255661988,0.5099379523516904,0.1964994737467693,0.71279769104471,0.4828765386643961,0.19212109749028336,0.6948911328017517,0.49290578431476,0.2017287604702906,0.6732794657696403,0.519005550651263,0.056440862075948534,1.2306500170857044,0.6633373803225794,0.0434988780116171,0.9534216293404143,0.6184876831800165,0.16630149354042612,0.7844053766998633,0.5404434689002962,0.26275314094418534,0.7457646770746036,0.46245338124879387,0.2395505381200569,0.7014137926055712,0.4971477980561847,0.1997942116109302,0.6791101425604977,0.5208697125692612,0.1
0.32266553980497953,0.785215855359406,0.6781531223464554,0.32603681878713076,0.37855385987382595,0.7329947203993368,0.32897444032540485,-0.03335675256246745,0.7886969541401108,0.2803499336258335,-0.10504808607398831,0.615097574946422,0.35706337094605134,-0.09632693888570364,0.6513640485076976,0.2922945014924338,-0.11522263231005625,0.8710945161824977,0.11612968491084305,0.7657482237012483,0.6849441616875722,0.09238163546686327,0.3775644612524932,0.7265623561041913,0.09859940240480172,-0.02529537756923697,0.7594760550696995,0.12226240343257322,-0.1293155594241146,0.6248479891830278,0.057172965800300554,-0.09263622437601657,0.6329232109862378,0.11049693586368127,-0.10114770321644662,0.8416147862928918,0.22127265384852396,1.3339177319603492,0.6729210367829811,0.22518754358969312,1.5868409026729047,0.6145497151120787,0.2270460410722373,1.4697078148347986,0.5665284522881511,0.3855622490215659,1.2231622441685364,0.6884317886397517,0.39793992089228314,0.951410681624171,0.6583061101404962,0.28069848389349483,0.7947069429535148,0.5099110938882796,0.19656498171523223,0.7131329141294384,0.4829968042371352,0.1922289331785678,0.6942906574565533,0.4926190794044196,0.20173583516807142,0.6730718379964584,0.51953697480651,0.05637268825217026,1.2298074681768585,0.6633911261899278,0.04362116739938186,0.9533864379710283,0.6187705356433036,0.16509306535069374,0.7840707874344526,0.5435317563695649,0.2627130823100475,0.7466002696739089,0.4629474616798692,0.239616093513568,0.7024132547406037,0.49705857038107515,0.1994103898116818,0.6787752323549221,0.5204471159232344,0.1166666666666666
0.32254899646278984,0.7850091556312625,0.6784102165605039,0.32608976716023025,0.37825441440058216,0.7329872326777017,0.32894487992271476,-0.033573571311738284,0.788745380926608,0.2803523259594217,-0.10484964223853462,0.6150901092629502,0.35700079706722676,-0.09583980738764783,0.650912704047984,0.2922448879149426,-0.11557632848412183,0.8707023244377516,0.11603565465777828,0.7660088842959507,0.6848583527823018,0.0924222202099243,0.37761812687744983,0.7267099016342493,0.09858207737504558,-0.02600499334485533,0.7596043855734851,0.12407291407543797,-0.12914997036428405,0.6248956547039003,0.05730897086242208,-0.09373658692551415,0.6325090473078804,0.1104085242417407,-0.10156742669017083,0.8417512495286212,0.22124783913988216,1.3330779570258338,0.6731828463307304,0.2251597041641303,1.5868390427376204,0.6143494356567498,0.22705073168733497,1.4697081650593862,0.5665477650706644,0.38556559477327945,1.2231606864944036,0.6884210614043053,0.39798432454446053,0.9513408257964916,0.6585002776562063,0.28071650149699534,0.7949307238862824,0.5099193566996231,0.19694042431951578,0.7132911519284412,0.48291846548563044,0.19233758239496662,0.6937214227551527,0.49236714325217973,0.20164646592165664,0.6730065665486047,0.519725855261558,0.056307033431578904,1.229064589972986,0.6634260576485038,0.043702824606540215,0.953385202435574,0.618742415749699,0.16415591230945367,0.783954983554546,0.5459655344830625,0.2626088210227262,0.7473656623412962,0.4630441203819004,0.23964391893890188,0.7038529460693009,0.496402558766767,0.19896458062496433,0.6785447232188251,0.5197213290604996,0.1333333333333333
0.322476579382989,0.784884240101544,0.6784823257687502,0.32617697683997715,0.37777749640481717,0.7329936264737572,0.3288910907523992,-0.033826301389859176,0.7887803613058663,0.2803350508959387,-0.10477438865500684,0.6151189077105386,0.3568373427939612,-0.0970496826823602,0.6532529203938549,0.2920943020723541,-0.11620232185683282,0.870490562641758,0.11589275689178337,0.7662719703179225,0.6847439577896149,0.09239556171790343,0.37769757749548943,0.7268272984185681,0.09846544436938498,-0.02690735150976102,0.7597398836317802,0.12544955234665867,-0.12906582929762797,0.6250412361245934,0.05740239811694434,-0.09459888099677755,0.6320923669861335,0.1103402680826993,-0.10224957611505467,0.8422412902918346,0.2211786336745442,1.3320765869601674,0.6738246086087224,0.22513148394525617,1.5868388034639775,0.6140708367160608,0.22705590556752797,1.4697121084077243,0.5665596862657236,0.38556382276100376,1.2231704433750874,0.6884118212330081,0.3979896239413292,0.9512904260048599,0.6585117549482556,0.2806617792936018,0.7946922448002055,0.5099525082264913,0.19759504715844237,0.713337085206095,0.4826925753271974,0.1924208848035555,0.693320291027953,0.49218497831258023,0.20155460376316742,0.6730498540557841,0.5197067161735484,0.056265842853200326,1.2286723787447145,0.6634244775799474,0.04373066864260122,0.9533636252670857,0.6186545020842554,0.16368715141613988,0.7839955443869255,0.5472165689368194,0.26245097307478843,0.7479780232267017,0.46266206960973766,0.2396496633032411,0.7054399772674604,0.49520593833917564,0.19836469982724705,0.6783848788171314,0.5189950670533703,0.15
0.3224364536460307,0.784827858099944,0.6784189851669377,0.3262946677436911,0.37715750869462983,0.7330096092904551,0.3288173132976679,-0.03409611800576327,0.7888009530365166,0.28031214230567403,-0.10475854417128551,0.6151617996568935,0.35658442520952327,-0.09965471954643858,0.6577974567183044,0.2918584735169585,-0.11703288370735732,0.870437262614571,0.1157024058273956,0.7665341149473488,0.6846023858237555,0.09231130941832304,0.3777954091522979,0.7269116524448974,0.09826756270766532,-0.0279580429338165,0.7598776120438875,0.12624384684161805,-0.12905710181211458,0.6253758932265067,0.05741362414006147,-0.09501774123377593,0.6317993110722839,0.11029423102833567,-0.10313236802365588,0.8430232009580968,0.22113413143443794,1.3312974178102284,0.6745219656395485,0.22514375679709264,1.5868388648307585,0.6139268468808423,0.22706209651874107,1.4697191685799647,0.5665625545999664,0.3855593371630578,1.2231900184295892,0.6883993602074112,0.39799424106436593,0.9512628460467716,0.6584695437803282,0.28056054413446335,0.7940745636201672,0.5099945910239941,0.1984146319954178,0.7133713864908054,0.48241507826621954,0.19245857274200745,0.6932321476097256,0.4921149549266334,0.2015190639488643,0.6731491215202929,0.5196391063651111,0.0562623443991091,1.2287167195243263,0.663385352421451,0.043731797906678194,0.9533226275259442,0.618625365060105,0.16374656873413565,0.7841572355651085,0.5471291593980019,0.26230274863107816,0.7483499151500984,0.4620225317336596,0.23963186724568064,0.7069168217361327,0.4938762664317735,0.19760283382664187,0.6784027787902117,0.5183981528788435,0.1666666666666666
0.3224167843323683,0.7848267589561564,0.6782697299508096,0.3264390597886918,0.3764288540781187,0.7330308886307477,0.32872778804173036,-0.03436419636838306,0.7888062138771902,0.28029194178955275,-0.1047611633732839,0.6152033134004573,0.3562183358256372,-0.10312777057598722,0.6637092014083503,0.2915531318010458,-0.11800028531486301,0.870520456176245,0.11546601567915227,0.7667919513644146,0.6844350459989681,0.0921791127387055,0.37790421789356016,0.726960069700986,0.098006491709732,-0.02911265848688467,0.7600126336091092,0.1264394389950044,-0.1289011496130849,0.6255891687243438,0.05732048406450789,-0.09490503833862315,0.6317421637847801,0.1102724767204285,-0.10415401894853156,0.8440352739029733,0.22126533672578494,1.3311186966793767,0.6747064289421629,0.22518313653871103,1.5868290969980228,0.6139131083651425,0.22707021146644646,1.469728339360021,0.5665548465711918,0.3855566505266813,1.223214850194224,0.6883779717963954,0.39800815854148397,0.9512456486438119,0.6584291896955043,0.28044423636680516,0.7932894913676252,0.5100463409523651,0.19927270935471547,0.713463553887393,0.48215357389428537,0.19244626542889998,0.6935045954797062,0.4921849523881441,0.2015406171178128,0.673285231336632,0.5195633324762633,0.05629822018591187,1.229171230849114,0.6633201073574034,0.04372774786500473,0.9533098687228172,0.6186361334020496,0.16430523743942305,0.7844244697261541,0.5457797509704353,0.2622178874594014,0.7484666551463638,0.4613973710347733,0.23957890608874682,0.7080621188776738,0.492898925303035,0.19678570400519535,0.6787598288959538,0.5179942796652652,0.1833333333333333
0.322405736522455,0.7848676919998773,0.6780840953161091,0.32660637289229844,0.3756259353633853,0.7330531719975866,0.32862675546779585,-0.034611711686648394,0.7887952015865173,0.2802787759195047,-0.10477399069172305,0.6152360792310642,0.35579210324324917,-0.10678476989380958,0.6698458326824646,0.2911940064769055,-0.11903679795851457,0.8707181751468333,0.11518500066159044,0.7670421127493072,0.6842433474294957,0.09200862110657301,0.3780165997649638,0.7269696561745828,0.09770029069543026,-0.03032678903882588,0.7601400111267467,0.12619109364701908,-0.12836572280622072,0.625180499148301,0.05713566289707665,-0.09432123414027731,0.6319438197699544,0.11027706880075626,-0.10525274542223594,0.8452158015020276,0.2216859930107078,1.3316862774958251,0.6739214918464811,0.22522536049088573,1.5867909062413397,0.6139555101450622,0.22708155850855596,1.4697387239318578,0.566536636350208,0.3855594934551124,1.2232396830254413,0.6883454207819468,0.39802374255576467,0.9512459914040938,0.6583892307184863,0.2803351276692847,0.7925738422437767,0.5101141440541798,0.20005534052674512,0.7136415436393276,0.4819301250737358,0.19239505056681216,0.6940325511014795,0.492377324878446,0.20154906198158534,0.67347397843778,0.5194224286208456,0.05636469085586018,1.2299218198046753,0.6632441942188227,0.043724114658666546,0.9533531317148516,0.6186418525337312,0.16522613344406023,0.7847535867878513,0.5434976080977196,0.26217558066528984,0.7484578025729225,0.46084382151643766,0.23949969989519376,0.7086606908820449,0.49255639998230727,0.196095841475702,0.6794771394506279,0.5177851805824129,0.2
0.3222123847548864,0.7848484308385033,0.6785966857615617,0.3268637672046192,0.374810218045572,0.7330804636659729,0.32854150809814653,-0.03470266723712595,0.7887765496292256,0.2802748671875849,-0.10479806846867847,0.615251752513765,0.355481773754562,-0.10971481000019248,0.6746717374944391,0.2907837650232671,-0.11977667769224448,0.8710331461272328,0.11495677618757302,0.7674458339663646,0.6841024483741823,0.09192310244435245,0.3779124551294045,0.7270988372608341,0.09734581207402754,-0.031375631393451175,0.7601361182176826,0.12573732866205364,-0.127305740630077,0.6238179226439188,0.05690844323963604,-0.09345304627536183,0.6323184890817104,0.11026325483387027,-0.10632930662779536,0.8460300380645176,0.22239026251001714,1.3328094504629673,0.6720754537749828,0.22525753364752454,1.586722804164831,0.6139967061279917,0.22709673791053916,1.4697490118045686,0.5665098318014696,0.38556896388008144,1.2232594627381281,0.6883029019474347,0.39803261696910897,0.9512889256389105,0.6583326220794046,0.2802473157881477,0.7920537887303793,0.5101805443885719,0.20065726877071213,0.7138822586067753,0.48176028698620965,0.19232079073033764,0.6946322172454547,0.49263555180950375,0.2014276172832572,0.6737221569239294,0.519178107779985,0.056444450136190975,1.2307576653688537,0.6631727516095309,0.04372262301482667,0.95339220653884,0.6186419515246961,0.16623972639834073,0.7850748108431818,0.5409107861529838,0.2621240444581123,0.7484921081811046,0.46033128322377015,0.23943014983049546,0.7085844925822601,0.49292556458614284,0.19570127334673,0.6803277801202866,0.5176750234761514,0.2166666666666666
0.3219888438625733,0.7849174198272272,0.6791795357686251,0.327107087991122,0.3741892444757192,0.7330086529034203,0.3284324555948027,-0.03464721806262308,0.7887086531832127,0.28028167036462703,-0.10482719650494539,0.6152416330937546,0.35547058200213766,-0.11112808026764781,0.6768866682612001,0.2904869575939951,-0.12006144167116335,0.8710195476181704,0.11462967447707102,0.7677024307289267,0.6838970737692607,0.09178716211794742,0.3779459855516934,0.727082283678912,0.0970006994612459,-0.032412549148197564,0.7600762647706084,0.1252185263184849,-0.12564944150081397,0.6215174181451285,0.05670181622480813,-0.09251518070109431,0.6327344323047586,0.11032710228384393,-0.10719046046057554,0.8469249266851165,0.22328357861900144,1.334088042390609,0.6694053152316763,0.22527379917843057,1.5866782647583273,0.6139955124585401,0.22711477808307523,1.4697572073333682,0.566475411026532,0.38558373747147334,1.2232697563379942,0.6882539606401076,0.3980363804478251,0.9513774811241604,0.6582606765248316,0.28018362840173927,0.7917204852762132,0.510227829271106,0.2009976412802999,0.7140516945645841,0.4816911034379276,0.1922321421079338,0.6951679042099846,0.4929075540932024,0.20108236282566738,0.673940421670349,0.5189812759556239,0.056517455912153056,1.2314358871534705,0.6631184875396081,0.04372796740164628,0.9532937744248344,0.6186851559996372,0.16703938117075426,0.7853297173534622,0.5387209549465787,0.2620699522788171,0.7486358438905936,0.45992019458693556,0.23939936901622638,0.7079163870958781,0.4939671789274034,0.19559881546206634,0.68090007580584,0.5175557983730892,0.2333333333333333
0.32172686697399366,0.7849721043230652,0.6798953447077153,0.32733484898875537,0.37376510059703516,0.7328699812951417,0.3283129677791869,-0.03447521366518422,0.7886022246916282,0.28030127176215386,-0.10485719072042442,0.6152095599127164,0.355855976519257,-0.11078782323217981,0.676130957253544,0.2902583199586016,-0.12005736078796132,0.8709324981138237,0.11419948556768372,0.7677975527684019,0.6835877836728992,0.09161496625099841,0.378022887411117,0.7269158319679958,0.09672751443582533,-0.03333673842971563,0.76000465507241,0.12465153710017751,-0.12342380563272509,0.6185555667397905,0.05656014618595124,-0.09165385157910413,0.6330972540673756,0.11046966199405973,-0.10778563676684538,0.8479498867641339,0.22424269183698375,1.335239138642089,0.6663391644823158,0.2252683774087651,1.5867500747497094,0.6139386547051122,0.22713331973047718,1.4697623303347753,0.5664334334631913,0.3856007543683507,1.2232679793072174,0.6882071901275251,0.3980460711845941,0.9514351843489398,0.6582167419760192,0.2801296552319411,0.7914731610158363,0.510288092436333,0.20106870424463677,0.7139286358228467,0.48178316682374517,0.19213030093368721,0.6956127078671537,0.4931793168961136,0.20048999147493568,0.6739077573774823,0.5191911727707023,0.05656899834228305,1.2318001805057677,0.6630879150408365,0.0437427997265412,0.9529554187246381,0.6188227303497902,0.16745054698308537,0.7854380828246138,0.5373448091826285,0.2620364124464361,0.7488681008061706,0.45964213553869154,0.23939215317689788,0.7069397171914741,0.49552073728355955,0.19560594658482974,0.680774117624744,0.5174022630852662,0.25
0.3214576907495722,0.7848974979164387,0.6807471478735172,0.3275459177457772,0.3733998262720122,0.7327572778576606,0.3282053153393763,-0.03425797909444425,0.7884746012083599,0.2803350580249506,-0.10490012229354728,0.6151740403772088,0.3566349946345493,-0.10909835353343518,0.6731155432226829,0.2900091385653939,-0.12002931148633578,0.8710577766211847,0.11369644993971971,0.7677409474198971,0.6831818722974848,0.09141423039972879,0.3780350527005406,0.7266037301644646,0.09655170849076908,-0.03409856449978843,0.75996587031347,0.12404063045838304,-0.1208012639617225,0.6153214637440805,0.056491388682550894,-0.09096066985384971,0.6333674730931413,0.11068313562147908,-0.10811082837017355,0.8491470514757918,0.2251515500513011,1.336233556218664,0.663351112713872,0.22523261314201903,1.5869974692544688,0.6138702435585741,0.2271504576162533,1.4697659694229028,0.566386915559109,0.38561554223289723,1.2232556330445938,0.6881762651933916,0.398074488478368,0.9513257016728843,0.6582730732435413,0.28009525740606334,0.7911291234613294,0.5103568088736877,0.2009732690460408,0.7133621270888505,0.48204765862029375,0.19203279226732206,0.6960091164363528,0.4934677251918625,0.19972107796806216,0.6734229497257187,0.5200748248193509,0.056593193469230495,1.2318460977389045,0.6630776231639028,0.043763287004125934,0.9523757201520939,0.6190603342269373,0.16752244769660754,0.785253467303269,0.5368452639999873,0.26193481081266,0.7491300938061191,0.459453651282395,0.23935010706791404,0.7059875909119915,0.49724049123218883,0.19560498003414944,0.679699882860704,0.5172681481011807,0.2666666666666666
0.321259128872494,0.7846755198131327,0.681611390482463,0.3277293913143065,0.372898415308511,0.7327444092582206,0.3281276835358462,-0.03404766415887982,0.7883393382006347,0.28037933015562727,-0.10497755375770337,0.615152888889881,0.3576789225558759,-0.10685728254852042,0.6692056713041609,0.28965892355447564,-0.12015655914494293,0.8715840758237217,0.11314921472057647,0.767540082954611,0.6827487750455248,0.09117312093424915,0.377928188299381,0.7261362128622083,0.0964477352497631,-0.03474653977575409,0.7599752250009585,0.12344142840676767,-0.1181409349452623,0.6122416490299912,0.05647606923265715,-0.09054297766755309,0.6335155020454418,0.11096640545189797,-0.10818416054503376,0.8504461598712584,0.22591405526107577,1.337105018574076,0.6608355121603727,0.22515566355130043,1.5874102451119856,0.6138813724887069,0.22716722685553392,1.4697714433599167,0.5663405449887295,0.38562381474044777,1.2232392996111372,0.6881712622490184,0.3981311948499422,0.9509660699438363,0.6584748124238524,0.28018312563228615,0.7905236670514562,0.5101793546024991,0.20087962398089404,0.7123930282139531,0.482407679691505,0.1920005581763261,0.6963858495703281,0.49377914261292066,0.19896859472434886,0.672529086005962,0.5214591846285104,0.05659316201921204,1.2317007440436205,0.6630750777930713,0.04378453801385075,0.9516393655014991,0.6193247341049938,0.16748998000376164,0.7846568453225713,0.5371671900690691,0.26160074447563664,0.7492891516943979,0.45938588016609005,0.23923451657562128,0.7052763981579796,0.49867291156236204,0.19573662033934897,0.6776729863535708,0.5171939103479978,0.2833333333333333
0.3211969471824508,0.7843906898957134,0.6822999530900095,0.32787042595384375,0.3721619369054743,0.7328230540761628,0.32808194439300975,-0.03383548866550529,0.7882020654895844,0.280425239109952,-0.10509420218658391,0.6151513128045696,0.3587628574217434,-0.10479408939212807,0.6656439522156655,0.28915130701010605,-0.12048458161370279,0.8725960183164291,0.1125566377089727,0.7672336541979856,0.6823546760337215,0.0908797482937962,0.37768633630295356,0.7255165493924337,0.09638598120911218,-0.03531970975827138,0.7600333579468301,0.12295141382806363,-0.11600107296929604,0.609760951447927,0.05649580910483745,-0.0904966245755616,0.6334991004369249,0.11132281873297724,-0.10804849374182893,0.8516374917153094,0.2264382752327717,1.3377888443101273,0.6591068249146206,0.2250468785287783,1.5879389516824534,0.6140372218159587,0.22718772015300545,1.4697815949776931,0.5662927064365775,0.3856237833419744,1.223226771642713,0.6881912530930554,0.39821377879722003,0.9503909776258617,0.6587980272633835,0.28055174945150463,0.7896228828283951,0.5092895820739937,0.2009237320419328,0.7112536152561263,0.48270414816493207,0.19210432101198094,0.6967328284983841,0.4940724994637583,0.198502522402014,0.6714568803988377,0.5227994171144398,0.05658018610678736,1.2315288821442396,0.6630667684190075,0.04381330106226251,0.9508812017098435,0.6194492362713596,0.16757018211316937,0.7836699265134291,0.5382789511069062,0.26098231854495785,0.7491500262127593,0.4595436233023855,0.2391388964487942,0.7048365000201543,0.49954310914031663,0.19626999787711308,0.6748996247905654,0.5170659140250239,0.3
0.3212484966556326,0.7841653100554979,0.6826096787458987,0.3279647875055751,0.3712743252617172,0.7329165937601884,0.32805609802844754,-0.0335865078663045,0.7880707615150807,0.280464398161701,-0.10521783275945686,0.6151650573253324,0.35966873600028654,-0.1032278348004344,0.6629732367607989,0.2884794270837285,-0.12095769731634859,0.8740250982682112,0.11190267771872811,0.7669382519726142,0.6819705509812022,0.09056193428169945,0.37729303136338865,0.7247976502524378,0.09635777447685732,-0.03580449720852748,0.7601454140238457,0.12266211068005294,-0.11491102474679345,0.6082612466753082,0.056552336713073734,-0.09080167416614467,0.6332957513816457,0.11172289551573568,-0.10777846551584966,0.8524916430873779,0.22662519169350775,1.3381738665745675,0.6584452287575713,0.2249764431014937,1.5885300762673464,0.6142912825294671,0.2272151954383809,1.4697967849337892,0.566236395754194,0.3856163731849609,1.2232210703161828,0.6882277573789426,0.39829034980811784,0.9496865896886043,0.6591679900222522,0.2812659371510778,0.7883934720374279,0.5074759448397321,0.20120015562890903,0.7102767785022929,0.4827331318250988,0.19235557780168133,0.6970343668478296,0.4942552679835651,0.19853504159228358,0.6703167751472955,0.5235632700971642,0.056567406209230967,1.2314280926836805,0.6630478435655043,0.04388042383559088,0.9502418483034297,0.6192769909049476,0.16770121967201695,0.7824385967435882,0.5400024820781542,0.26025606463231576,0.7485587545328234,0.4600635443311085,0.23932640365920357,0.7045678966198858,0.4999236782162735,0.19732586145991232,0.6717454158720798,0.5165687885079964,0.3166666666666666
0.321305419409885,0.7840533376152222,0.6823883831923248,0.32802965655531224,0.370417679399037,0.7329486716335888,0.3280381172367734,-0.03332075910391247,0.7879722204371913,0.2804918781217648,-0.10529590677355313,0.6151884222724001,0.36021691774444853,-0.10217119597233146,0.6612198868406445,0.28770395981222996,-0.12146170153230894,0.8756407738701815,0.1111946432106227,0.7668051602560291,0.681460218573594,0.09028463463732346,0.37675740423670684,0.7240956396338437,0.09636150600350908,-0.03617083311374357,0.7603238321657331,0.12259991043334292,-0.11500496671006435,0.6078518161607506,0.05665562060477938,-0.09132445497897504,0.6329296743303751,0.11209450530805672,-0.10747617369090515,0.8529061580140869,0.22642152691393846,1.338226226056815,0.6589673441863758,0.2250605977289713,1.5891292840643805,0.6145010545837226,0.227245268645282,1.4698136974920157,0.5661805954442664,0.38560326372384346,1.2232204274867369,0.6882729476040239,0.39829809449073417,0.9488902652757836,0.6595180650473116,0.2822412710098331,0.7866861257855168,0.5051045756135017,0.20184352491647445,0.7097144002619995,0.4823905982551757,0.19270555090662506,0.6972769295832985,0.4942324344400028,0.19912287120043076,0.669043960428521,0.5234221008883441,0.056561924971501656,1.2314112734797524,0.6630213618475042,0.044015367739600866,0.9497785933802632,0.6189396399836319,0.16756625876089332,0.7811532477067781,0.5418681974162783,0.2597535255360676,0.7475115982575044,0.46107847246058575,0.24004839322704086,0.7043267021340638,0.5000775897858742,0.19882800895893513,0.6686965892763438,0.5154155924718664,0.3333333333333333
0.3212731977934657,0.7839273458861045,0.6817020271511792,0.32809870332455054,0.36970415272802815,0.7328924635579259,0.32802715222947243,-0.033118120405963083,0.7879293035663302,0.28050578626732553,-0.10530578428158262,0.6152170355979498,0.3602692051088611,-0.10169489463776595,0.6605194623364569,0.28693400523473217,-0.12187866801651884,0.8771803884378241,0.11046682722312506,0.7668949776223408,0.6807149144905962,0.09010440735862701,0.3761775052876019,0.7235725206779843,0.09638067038408848,-0.036377752250727285,0.7605684171027328,0.12271301727713446,-0.11600035908811049,0.6082424899783715,0.05680112046254239,-0.09193944176030408,0.6324602014935342,0.11237166955433363,-0.10722486513107629,0.8529244040387619,0.22586874254454156,1.3380425848505688,0.6604975061842494,0.22537195538570964,1.5896507155283262,0.6145541511862347,0.22725780396478262,1.4698258158812691,0.5661787432910466,0.3855856560033219,1.223223418807133,0.6883229134590815,0.39818012371894385,0.9479922598741536,0.659833849178031,0.283382617850622,0.7844170931314339,0.5027776601330144,0.20304961967706286,0.7095750474856639,0.48189475490648465,0.1931148216305653,0.6974372238123498,0.49403761605089214,0.2001498367173562,0.6676636033443357,0.5222361399298219,0.056564136994624495,1.2314529396396083,0.6629905497781375,0.04416598318550477,0.94939154267528,0.6190169621846335,0.16691785476848223,0.7799858934578894,0.5433097236510284,0.25970926119022714,0.7462258374996149,0.46250241897125377,0.24129260295734284,0.7039565413045265,0.5003225677271981,0.20066450132205624,0.6662343348897429,0.5136281018367526,0.35
0.32114806019916003,0.7835631163193213,0.680866504273533,0.3282076799405025,0.3691499246899337,0.7327574689178901,0.32803950952642763,-0.03302757124119014,0.7879054698479011,0.2805064549320223,-0.10527796260209582,0.6152459076751045,0.3598185968201945,-0.10193537471863622,0.6611214538167396,0.28628633879601495,-0.12210076900802991,0.8784604283869625,0.10975801742024124,0.7671654135524133,0.6798539859781192,0.09005015723516167,0.3757358706097924,0.7233856740479649,0.09638257208286727,-0.0363845604733755,0.7608448140208671,0.12291789557986138,-0.11747450429846408,0.6089502851254834,0.0569645216639135,-0.09258894542265128,0.6319630590067101,0.11254180142321948,-0.10704532228690608,0.8527025077298045,0.22506035631832866,1.3377727168969433,0.6627140809846577,0.22588502858220827,1.5899532282534559,0.6144399088580184,0.22721794541218215,1.4698259902668966,0.5663230462832125,0.3855655164737634,1.2232303677955256,0.6883732566537908,0.39794737513378464,0.9470314102603435,0.6601597597584032,0.284722770248901,0.7816419374066667,0.500880634668411,0.20491705240489444,0.7096954618494228,0.48175691870567555,0.1936070959271285,0.6975045018329774,0.4939095676363774,0.20135650145038683,0.666355421080612,0.5200637011747434,0.056571698930397735,1.2315143416961003,0.6629576841792159,0.0441874411259708,0.9488813555097787,0.620268833311206,0.16577985120352834,0.7790497299392584,0.5439346588119961,0.26011092066460917,0.7450943383809138,0.4639618009148305,0.2428146018091934,0.7033923031018455,0.5008049325566609,0.20277332657671837,0.6646439998942937,0.5114772602212092,0.3666666666666666
0.32098298157847577,0.7829214717497295,0.680230183296257,0.32837384509534556,0.3688502714026747,0.7325653868969146,0.32810950568813235,-0.03303199977835505,0.7877964174862341,0.2804942350472272,-0.105256207378112,0.6152651743758317,0.35902490297327305,-0.10271259700421757,0.6626625885953735,0.2858328213836953,-0.12204063737852508,0.8793618686753791,0.10908672773839295,0.767625843604962,0.6792026983719426,0.09012904867437424,0.37565014487688453,0.7235842063979181,0.09634962950702208,-0.036189420003709005,0.7610975926547847,0.12314424083542025,-0.11901480949019108,0.6096281684436858,0.05711297437355914,-0.09323270593831887,0.6315159847534327,0.11265070947181004,-0.10690907375515257,0.8524890503934294,0.2240920940211816,1.3375055667207632,0.6653270209846853,0.22652210737489176,1.5899203971201414,0.6142420118849504,0.22711640200653027,1.4698133394150914,0.5666332983780522,0.3855473313463078,1.2232404727859967,0.6884137029727473,0.39770990170502674,0.9461194695451481,0.660602288338759,0.2863461884755665,0.778290467135256,0.4996974300284421,0.20713577280475337,0.709924910559436,0.48242948093475435,0.1941978727493833,0.6974599083071744,0.4941211753180714,0.2024292421433205,0.6651660276942031,0.5171937243124635,0.0565821851021385,1.231547665506242,0.6629304637377699,0.04396207020178365,0.9481407412574112,0.6231687267328663,0.16431890994113352,0.7783422137623993,0.5436658687586975,0.26082369507582726,0.7444322916314213,0.465090972652684,0.2444017191303432,0.7028436624182874,0.5009687602066939,0.20511687290472472,0.6639216550794473,0.5092428024626017,0.3833333333333333
0.32082659016964526,0.7822647798611423,0.6799629109407945,0.32856930644957383,0.36908683540085685,0.732366953132211,0.3282669669098576,-0.033119023973062045,0.7875157271306745,0.2804684069748284,-0.10525005076169903,0.6152608920951935,0.35810455814094244,-0.10353296432880295,0.6640688121525049,0.28555557556526834,-0.12173340161180925,0.8798258962350146,0.10842538692362938,0.7683967123288385,0.6790732916801926,0.09032268283950645,0.37613157636517636,0.7240202140288621,0.0963023777828707,-0.03581146872599654,0.7612814526913553,0.12334585325072445,-0.12025445394770712,0.6101462528663867,0.057216944683357626,-0.09379502505701982,0.631181446317854,0.11277690369085776,-0.10675728314840852,0.8525067194816737,0.22306987047072477,1.3372579888035476,0.6680587775756727,0.22723050020729094,1.5896072649604476,0.6141798900367236,0.22703474588753095,1.4698029469810736,0.5668888153155627,0.38553700988023965,1.223251062909837,0.6884327279476874,0.3976543149172497,0.9453275655491153,0.6612762738765158,0.2882177056819699,0.7740881755899235,0.4996126187848596,0.20887432211736617,0.7100399275587554,0.4840647709577725,0.19473373347455,0.6970116694565456,0.4947985384510426,0.203161583497866,0.6637432179846487,0.5143771239992249,0.056594046511407425,1.2315269456034337,0.6629268138363107,0.04347944772675909,0.9473146008538483,0.6276559004531349,0.16259250682375798,0.7776811744077765,0.5428426586164812,0.2615557957142217,0.7441876574242832,0.4657271091097426,0.24586035012025,0.7026403769009564,0.49973572972578073,0.20759130641633364,0.6638389366599858,0.5070624717806144,0.4
0.32071087191514785,0.781958163352273,0.680028970466434,0.328724482189038,0.3701249294248805,0.7322546120787472,0.3284949047378116,-0.03334591210816898,0.787124032071163,0.28042883538226204,-0.10523564420833588,0.615224526274855,0.3572294254211578,-0.10402583988122724,0.664410993492596,0.28536005403233444,-0.12139919105913313,0.8799320617886166,0.10771403404554002,0.7695749401813026,0.6796603013818217,0.09059359701925775,0.3772806054357086,0.7244379282576594,0.0962668861084785,-0.03524227498213216,0.7613679802992493,0.12349866808020682,-0.12094523395061826,0.6104797921446401,0.05725573173495947,-0.09417600048528504,0.630993109274798,0.11297763323006907,-0.1065166632376932,0.8527781859889749,0.22212179370681406,1.337033819656029,0.670583046489537,0.22799373310062854,1.5892307758422772,0.6145928459034016,0.22712977874421766,1.4698229728563943,0.5666774411507901,0.3855377939867992,1.2232587976930938,0.6884289204355387,0.3980404411596794,0.9446002878957215,0.6620474531754263,0.29024383336680654,0.7688929416518567,0.5007956297156939,0.2092086873991363,0.7094953714755997,0.48650821932188393,0.19493570343503586,0.6953071279717449,0.4959801184600171,0.20366496977152007,0.661326681375643,0.5131703810450798,0.05660599870679292,1.23150354345478,0.6629616302561164,0.04281079958592335,0.9466991387285478,0.6332648460999185,0.16043064196247808,0.7767801213813005,0.5420903715718011,0.26153220954023665,0.743998058562615,0.4658046250763783,0.24670190666417274,0.7027181877312682,0.49657810849296147,0.20998684455898722,0.6640427147454515,0.5048735043399691,0.4166666666666667
0.3206568190560569,0.7821802030532281,0.6802973987985592,0.3287751704235591,0.37188242217534984,0.7323159819769329,0.32872536486217235,-0.03379073584907741,0.7868370885299275,0.28037813537189027,-0.10519054341323858,0.6151593143142942,0.3565181828468318,-0.10410633795043715,0.6635117717169767,0.2851676214444403,-0.12127752629100745,0.8799008569305697,0.10693488770285242,0.7711308230472316,0.6809845869251762,0.09089930970354226,0.37895431219424536,0.7246633806050703,0.0962347254388674,-0.03448264039104475,0.7613459515151866,0.12359524370499739,-0.12101757215496997,0.6106393515914533,0.05721925305328533,-0.09432415485467757,0.630949530400832,0.1132408822387471,-0.10613328974425223,0.8531299688506947,0.22138149065719798,1.3368550088879423,0.672551906168426,0.22877504130948,1.5889753974189706,0.6157445015657578,0.2275160548604987,1.4698950652780591,0.5657064145153985,0.38554751503046614,1.2232603109770663,0.6884117382057662,0.3991996166628063,0.9438334448656095,0.6622522889833264,0.29256018257299254,0.7629758827841711,0.5027638857576697,0.20785049491308633,0.7074345524318524,0.48932032449117674,0.1947872051506614,0.691199379215776,0.49766209669452505,0.2044879223431746,0.6570209518545794,0.5156648346878088,0.05661496065381272,1.2316028312370608,0.6630128961978566,0.04207719396374894,0.9464508956889428,0.6394030547910718,0.15747996381330986,0.775521947100589,0.541828735750636,0.25954573030778183,0.7435096210030097,0.46534913426271696,0.24614253913315964,0.7024155496275302,0.49193319920884565,0.21208998340323243,0.6639810004025251,0.5026475807968886,0.4333333333333333
0.32068421998896046,0.7828647030413155,0.680623660079526,0.3286959570294289,0.3739301372324139,0.7325576884340576,0.3288890408204296,-0.034439292254049084,0.7868559883568097,0.2803235992664245,-0.10511628710851204,0.615077528319306,0.35605489403441276,-0.10381180871095447,0.66177068142098,0.2849840568211938,-0.1214179799239263,0.8799493439397796,0.10616442740178753,0.7729678890069738,0.6828089340699367,0.09118996719216532,0.3808247741997487,0.724656074523202,0.09618371935666503,-0.033627542663067375,0.7612421514637551,0.12363531347334322,-0.12063670867915344,0.6107016234442793,0.05711478828655853,-0.09429456741867759,0.6310093121404028,0.1135069562486737,-0.1056207750538132,0.8533878540679156,0.22093912724917164,1.3367466559833556,0.6737282695907246,0.2294951863912739,1.5888600640373147,0.617654665931351,0.22818996764465116,1.470020398248395,0.5639953477281627,0.38556077935517546,1.2232549528852226,0.688387531542096,0.4014140451414284,0.9430299286525554,0.6609223288873693,0.2956190707617188,0.7569306652916981,0.5045870777107774,0.20556684645377954,0.7029840815217894,0.49200830576960985,0.1949122893786201,0.6839001403721255,0.4997646932632832,0.2064531560826371,0.6502427208169752,0.5234673287257416,0.056615747847568634,1.2319337187781596,0.6630169577455648,0.04141793087857748,0.9464991194546689,0.6454024803632121,0.15331085464069436,0.7741482928725401,0.5418081670277607,0.2546290085439974,0.7423388240930945,0.46461746042492036,0.2435112731041117,0.7008696066365329,0.4864162051086337,0.21343640395002636,0.6627400244458792,0.500780552581238,0.45
0.32081566228056513,0.7839677048627051,0.6808351155397613,0.328488193883601,0.37589184142556586,0.732875610719619,0.3289509568400658,-0.03518072079791748,0.787232668911279,0.28027630920999175,-0.10502481974056924,0.6149954792300197,0.35590524588446126,-0.10318618981032432,0.65963857520489,0.284851644665887,-0.12172581940610969,0.8801736003281593,0.10552316558207182,0.7750602757400348,0.6847373112239008,0.09141071375987996,0.3826304347432031,0.7244527251287964,0.09611658825104939,-0.0328492778646793,0.7611176707082101,0.1236153995202483,-0.12019202950924811,0.6108417786965962,0.056977912774671124,-0.09419676089414945,0.6310961994448531,0.11373235447924752,-0.1050824529230705,0.8535052827235706,0.22077089801920563,1.3367048041559175,0.6741792644389902,0.23009454814409747,1.5887926225848923,0.6200955619709034,0.22905995250910643,1.4701827010018418,0.5617856710173268,0.38557395568413366,1.2232502663897367,0.6883463926201878,0.4047340000884418,0.9423581518249049,0.6574644191723077,0.2998511522647994,0.7512944226840311,0.5058292771682831,0.20394460978104223,0.6956120426495376,0.4944762126389449,0.19649939292260118,0.6733324370436176,0.5022065190908571,0.21042887240515004,0.6410892344243887,0.5364359817588124,0.05660390133691233,1.2325133861217943,0.6629183692586335,0.04095298907540114,0.9467158108940733,0.6504945744944471,0.1475595181555547,0.7730265326648704,0.5410137580089314,0.24668145943004616,0.7397461825465734,0.46393581075849893,0.23846771892698287,0.6975339381198734,0.4798374578446968,0.212682881720003,0.659185207457107,0.49988814860433783,0.4666666666666667
0.3210584403515673,0.7856389843756899,0.6807731244444442,0.3281671532003823,0.37768492050619895,0.7331240799658267,0.3289039819978877,-0.03591761055627922,0.7879175663102842,0.2802449902359389,-0.10491308739171235,0.6149300494804959,0.3561180335509003,-0.10232671218258772,0.6573814761505846,0.28478623493083666,-0.12213710211238873,0.8805599305906391,0.10509378326161452,0.7774991320947341,0.686465030949374,0.09151776812444694,0.38430745117433796,0.7241352546055805,0.09605554866573808,-0.03228927477077627,0.7610241843358594,0.12352087092764501,-0.12003498778689442,0.6111823899999733,0.05686364329570589,-0.09409005276871826,0.6311310835236071,0.11391351939034555,-0.10464241148116349,0.8535129741904943,0.22074466284546446,1.3366929598602109,0.6742590896993108,0.2305908402021923,1.5886971700252526,0.622667586409168,0.2299999540932386,1.47035751300612,0.5593848610644709,0.3855899953521906,1.2232653521808292,0.6882727315431088,0.4089189060480236,0.9420344636976586,0.651982789574622,0.30528315696916963,0.7461979467182045,0.5073217971502385,0.20472895768764954,0.6853778829702138,0.49714883067328924,0.20084262229418282,0.6601739954848606,0.5048897038397442,0.2174053643667357,0.6304991794509734,0.5518508393837345,0.056578220072963634,1.2332701134636859,0.6627087014931395,0.04076620209119662,0.9470064949087065,0.6540747610152218,0.14012845616075167,0.7721785857769429,0.5380848497341009,0.23647056137598,0.734860571293138,0.46331699591586417,0.23073540453651725,0.6922443690913771,0.47134981338785953,0.20786317317821568,0.6525407563815067,0.5001351942734146,0.4833333333333333
0.3214091634892519,0.7880056896558305,0.6804179197745174,0.327769940374694,0.37933102318965295,0.733234157588436,0.32874999590960124,-0.03664017479855457,0.7888755477209908,0.2802300386026346,-0.10475849311625039,0.6148944091753181,0.35667671027520537,-0.10152560900459656,0.6554257751741385,0.2847823089531809,-0.12265267959293458,0.8810516682057918,0.10490699605559418,0.7803656923898892,0.6878883951970015,0.0914941731350522,0.385872782927224,0.7238082873150092,0.09601978719214793,-0.03200155911378835,0.7609855434910463,0.12336163295849814,-0.1201621719731048,0.6115148793296812,0.05681429533100556,-0.09396731766001679,0.6310708331454813,0.11406351041397193,-0.10435998158567564,0.8534485031573988,0.2207780084124935,1.3366894608564954,0.6741854181747259,0.23103436921537035,1.5885593726875018,0.6249434952843134,0.2308707217099973,1.4705206481269144,0.5570885662646887,0.38562080853234204,1.2233234720830741,0.6881832047032332,0.4135459454140921,0.94214755352522,0.6450775813388248,0.31163693114847,0.7414400578779144,0.5108198176773545,0.20923855812102204,0.6730210334430846,0.500582194671664,0.20889342063411603,0.6458994754930296,0.507533105393695,0.2284517357792295,0.6199777753449375,0.5655993266206881,0.05654230160528498,1.2340844335402854,0.6624146136497897,0.040867207540584344,0.9472310006599297,0.656084093381475,0.1313750575688064,0.7710968832217997,0.5322362520086974,0.22497042775820564,0.7273719635779472,0.4626106863935139,0.21981085869455835,0.6849044583736219,0.4610605712112614,0.19775823375799553,0.6429961810066669,0.5010453222848683,0.5
0.32187536671310885,0.790963255165944,0.6799312476058094,0.32734891754957923,0.38076181088117533,0.7332467124975703,0.3284841291376004,-0.037408333018679685,0.7901389084756035,0.28022537482623583,-0.10453443372932118,0.6148928950601473,0.35746812200184996,-0.10128523639958714,0.6546319056939782,0.2848315873130397,-0.12326164777786228,0.8816066461621019,0.10496797435161659,0.7835903245745712,0.6890138556853129,0.0913651897971723,0.3872772128409535,0.7235620707823858,0.09601938377760577,-0.031959355370431944,0.7610123370167666,0.12324763839552745,-0.1202493902044092,0.6113316124875003,0.05683949547845886,-0.09381364346870576,0.6309204032101853,0.1141871567496911,-0.10423621261864374,0.8533713083938869,0.22095610114505415,1.3367218373187704,0.673731231310828,0.23141992390842747,1.5883668697414695,0.6266297023357317,0.23152926479602348,1.4706544784003968,0.5551602352623857,0.38568128785292677,1.2234188249735256,0.6881392103108234,0.41814866888750335,0.9426141717146188,0.6377366817528177,0.3188185294365191,0.7368572927782622,0.5177556297920322,0.21811126394739433,0.6599191984810833,0.504934907493062,0.22102070369042953,0.6326211503096384,0.5097381694559131,0.24405098268904585,0.6108576900489271,0.5750354985448878,0.05650501465888765,1.2348273312202813,0.6620746422419272,0.0411431628047146,0.9471746278687739,0.6570255969617479,0.12202106072533786,0.7689677997157425,0.5240690674629733,0.212513896627616,0.7177361030122515,0.4620585719856741,0.20530844218190103,0.6754733879910326,0.4510177255879211,0.1826357577267177,0.6317435202750085,0.5020040528623435,0.5166666666666667
0.3224367662198613,0.7942737077674406,0.6795660659180128,0.32694689910963304,0.3818544881073302,0.7332418273795076,0.3280986416286462,-0.03827717639077982,0.7917550364517247,0.28022943589821736,-0.1042449716929631,0.6149191898632256,0.35834847828261673,-0.10195717210852204,0.6556614486432335,0.2849308791327686,-0.12388791856870104,0.882207156905754,0.10527103848537422,0.7869938074582457,0.6898845512318561,0.09119335109739081,0.38840396785352793,0.7234413910345513,0.09605260211814788,-0.032067122646826166,0.7610938932145109,0.12336526341856036,-0.11998019359344285,0.6102442235923542,0.056925725551423605,-0.09362839132295059,0.6307207793680615,0.11428186373252261,-0.10426830145754554,0.8533707474884774,0.2214162144644473,1.3368321976207052,0.6725330941765817,0.23168779576252513,1.5880650408668737,0.6276144287160379,0.23187479999796723,1.470747670978711,0.5538536749774523,0.38577698956059775,1.2234735947789805,0.6881991653149164,0.4223268476190204,0.9432704373019773,0.6312579726532411,0.327146645753306,0.7324719539567605,0.5281488432393899,0.23123033139930493,0.6478441165176956,0.5097010178769725,0.236941454794525,0.6225008162414072,0.5111976180904486,0.26345460489908235,0.6038650309111536,0.5800153897260933,0.0564761044707875,1.2353844644236864,0.6617330662591395,0.04142585774660181,0.9466891749434939,0.6575372599654229,0.11269049586314597,0.7650095851189929,0.515689739857054,0.198750626123153,0.7067096265424078,0.46223034172655625,0.18773546338327196,0.6643955912699981,0.4436657982367932,0.16362060056005417,0.6203456275550385,0.5029824884712815,0.5333333333333333
0.32300067414687395,0.7977517061202066,0.6795285243460539,0.3265861352287837,0.3825041428994645,0.7332777057741763,0.32761477302895675,-0.03921448185178178,0.7936591918081981,0.28025639041102895,-0.10398397913181236,0.6149603847247175,0.3591818482805687,-0.10335847055766412,0.6581021716912262,0.2850878647724458,-0.1243917590820395,0.8828181130098757,0.1058028965355918,0.7904424573706665,0.6905951722078225,0.0910419252646943,0.38918450329637233,0.7234326771329078,0.09609968639008153,-0.03219646003840329,0.7611791015403931,0.12383070154613773,-0.11927019393810924,0.6082498211712748,0.057053899315766404,-0.09339387057703094,0.6305269368721845,0.11435789257118675,-0.10445893349029056,0.8534732913071641,0.22218454626144934,1.3370304657040308,0.6705180497713843,0.2318049109123333,1.5876290219644222,0.6279607672455789,0.23193930533659718,1.4707921551813605,0.5534114972979121,0.38589942718303416,1.223359866898129,0.6883733663596334,0.42586955821313366,0.9439520990160674,0.6268461172411888,0.33699244229428615,0.7283961228614582,0.5403445520440657,0.24758405289494076,0.638452841426789,0.5138838545529328,0.255622167485819,0.6168612685427675,0.5117876770894879,0.2848698019417293,0.5992944964872464,0.581476859528409,0.056460423256242634,1.2356793556313597,0.6614410406316448,0.04163145755427602,0.9458673163758714,0.6579393986032205,0.10350509668680871,0.7587513701279901,0.5100948420183369,0.1835509030529316,0.6948974444554693,0.4634267211396302,0.16859086663885753,0.6526966990120372,0.4399409670515536,0.14197020147649966,0.61003362633729,0.5047434136055239,0.55
0.3234546735916826,0.8013050796339707,0.6798941209151763,0.32627822038449733,0.3826433876756885,0.7333868926297797,0.3270951403761364,-0.04008948333023267,0.7956345286961736,0.2803225834674936,-0.10396691652610562,0.6150081554167388,0.3597977688068127,-0.1050043194746926,0.6608149813132135,0.2853115263853924,-0.12464413126495559,0.883363082635752,0.10654146236082135,0.7938688255007171,0.6912259479160475,0.09095041515595582,0.3896753735305287,0.7234762474390206,0.09612932438138051,-0.03226108092777913,0.7611983240333213,0.12461148909624019,-0.11822608982206606,0.6056233714382188,0.05720046303143801,-0.09309152178598162,0.6303797279570845,0.11444720111206474,-0.10479075700522861,0.8535515721519048,0.22316880364206218,1.3372932128432808,0.6679247451542207,0.23181279657275944,1.5871594474619855,0.6279116091911199,0.23191258610913093,1.4707874139608657,0.5539315464973791,0.38603226404655233,1.2229941824620234,0.6886332626499228,0.4287696340874015,0.9445203508183434,0.625132574428826,0.3483061715156669,0.7248103137470332,0.5516396534297169,0.2653575205439648,0.6326372410132858,0.5166312404103802,0.2753121341106797,0.6153906608004435,0.5118760591453906,0.30632698077257425,0.5970339914336756,0.5806872576507582,0.056457908162300896,1.235713046607243,0.6612490210238203,0.041779522684474726,0.9450366630997393,0.6581448847968842,0.09412987207394148,0.7502723953170272,0.5098503769046148,0.16749112665276916,0.6828231260485297,0.4655473738695899,0.14931881724589885,0.6413383823505145,0.4399724561213782,0.1190861867120086,0.6015787638934539,0.508009541460934,0.5666666666666667
0.32373941074870394,0.8048242968601232,0.6806210755069597,0.3260350917924859,0.38223723406755344,0.7335930069087594,0.3266061671720472,-0.040760204650848356,0.7974442734665177,0.28041019968303676,-0.10446020651991775,0.6150544527581945,0.3600704642784025,-0.10657072996410367,0.6630369892156383,0.28558948157199426,-0.12463929070575872,0.8837753585335546,0.10745295320486004,0.7971317795905221,0.6917195019246305,0.09093617393137526,0.3899547094654227,0.723505930131318,0.09612151136657396,-0.032267123447616466,0.7611079306561682,0.1255857609562715,-0.11706617973693603,0.6027332979765883,0.05732711329432448,-0.092821111653429,0.6302856652130345,0.11457654007745006,-0.10523171762202446,0.8534217431385969,0.2242281470677039,1.3375843236069893,0.6651240898741743,0.23178856692730399,1.5868286301893442,0.6277668217371701,0.23200770022504058,1.4707438698189068,0.5552678941036098,0.3861575490729437,1.2223925271996117,0.6889415966573706,0.4310735061029366,0.9449013637249869,0.6258743732612504,0.3606472248025722,0.7219455338963502,0.5597389775580293,0.2826742142318345,0.6300358155376196,0.5181332809967364,0.29415972347208386,0.6162462324884342,0.5126535361689558,0.32640784429441466,0.5963144058829051,0.5796924500554257,0.05646589787601249,1.2355878953621589,0.6611807780115873,0.04191590362231188,0.9445580139561685,0.6579634165736793,0.08409751370691439,0.7403103288366998,0.5156507476929106,0.1512305991221911,0.6712612160151608,0.46865341349934847,0.13032307296738455,0.6305753936625409,0.44473457294594665,0.09669368714596638,0.5954906327377665,0.5125532443616159,0.5833333333333334
0.32384081738590553,0.808088544152996,0.6816183858763181,0.325864510423221,0.3812663782317802,0.7339131205162153,0.32618329824423903,-0.041160388482325935,0.7989642237237997,0.280471237049688,-0.10557226752717722,0.615017063393032,0.36004226415415413,-0.10787956584476793,0.6646434898280157,0.28587848654382786,-0.12451716363013307,0.8841061823019727,0.10848988596872233,0.7999924373686305,0.6919140930108308,0.0909829523764135,0.38996667684837466,0.7234808659367024,0.09607979610609516,-0.03226040071101495,0.760902118373385,0.12662639715349888,-0.11613742382905753,0.5999621858521859,0.057388208014980714,-0.09286040055559042,0.630226271862939,0.11472090017402843,-0.10573209910557084,0.8530280823636605,0.2252132745390272,1.337865477453207,0.6625121342678314,0.2317765993475044,1.5867213210870716,0.6276843501186591,0.23230472941835623,1.4706748442251485,0.5571578756130734,0.3862577930318738,1.2216401442825569,0.6892628958322554,0.43277421668218535,0.9451757799385694,0.6280167392990617,0.37357655680725127,0.7198821596170077,0.5642268867810981,0.29847927860180135,0.6291455791126661,0.5199260872166498,0.31103116698303257,0.6172246770467992,0.5157349919678867,0.34430502071561453,0.5960280756276342,0.5807421356669216,0.056479420080487966,1.2354534221647193,0.661207125720899,0.04205267699834063,0.9446951663665363,0.6572898916642235,0.07306673098308902,0.7301031492192427,0.5259678234500271,0.13480294856543057,0.6610977055517043,0.4734877611185506,0.11138622495258804,0.6202069595295749,0.45543106828615726,0.07636719618361082,0.5917459117860537,0.5179280604564159,0.6
0.32375904288939295,0.8108128913995571,0.6828161824278804,0.3257591949055534,0.3797474189008154,0.73434501682482,0.3258376688383136,-0.04131677204509891,0.8001851498734355,0.28048271648039985,-0.10703304856764048,0.6146894900461694,0.3598196399766946,-0.1086818604805033,0.6655895246831244,0.2861165146799643,-0.12447270090023069,0.8845795411977105,0.10959410300568918,0.8022595768310801,0.6916801756733837,0.0910375511023849,0.3895516946686626,0.72337929819739,0.09602160372686835,-0.032270137514741656,0.7606116790792492,0.12763017818562788,-0.11582037406709848,0.5976923537509267,0.057356083861166564,-0.09350493593807307,0.6301861044249404,0.11480193275837929,-0.10620901782646226,0.8524503923728185,0.2259799377893521,1.3380961928017236,0.6604719775234982,0.2317754288559986,1.5867721968323119,0.6276633759078463,0.23275147076166258,1.4705888766493571,0.5593695652911909,0.38631890612812864,1.220845165286204,0.6895565286327472,0.43395889011209166,0.9456467566044349,0.6303244967074269,0.38677511969705125,0.7184235022171712,0.5665881937144236,0.3127019580204172,0.6281496127691412,0.5239470132249674,0.3257916326919571,0.6168559550088558,0.5221152659377366,0.3596748513410636,0.5956086638156102,0.5846723772314901,0.05649281739265999,1.235408557007049,0.6612653508905006,0.042131001193581374,0.9456379385573462,0.6560086436097574,0.06095160942379234,0.7209947853907286,0.5381607110507343,0.11787646017875014,0.6526356944787434,0.4811412791831841,0.09275986259890369,0.6103932787762563,0.4713826996510237,0.05842359968716386,0.5893241801944918,0.5250776254852915,0.6166666666666667
0.3235250278443131,0.8127547233667924,0.6841904401384558,0.32569682164164215,0.37774874236400546,0.7348729373685219,0.32557399132958975,-0.04131596274275573,0.8011472583589121,0.2804675048881504,-0.10831719830650068,0.6139260278135862,0.3594438859979797,-0.1087211435662279,0.6655898680350029,0.2862259508349814,-0.12468307748947524,0.8854764367735999,0.11070897764257372,0.8038389239332954,0.6909650550927392,0.09104875071346374,0.3886025652521553,0.7231830944813212,0.09596493374507471,-0.03235784409169638,0.7603120035597978,0.1284782997510048,-0.11630163537209337,0.5962294093383896,0.05723173777293809,-0.09485069978345792,0.6301587991997137,0.11475536686814089,-0.10661459251459507,0.8517905345561808,0.22641779841188697,1.338239620891185,0.6592984381405963,0.2317698333042286,1.5868567222436205,0.6276640388519126,0.2332600410936137,1.4704906889342249,0.5617117387505814,0.38633621288598174,1.2201178361876004,0.6897757509801726,0.43511051821972746,0.9467002561062663,0.6320886858746738,0.3998025361456096,0.7172655454756227,0.5688783027170163,0.32565773276688925,0.6258127448460531,0.531328670070339,0.33904274520362454,0.6146774483048664,0.5313297193696798,0.3728897136824232,0.5954291761826211,0.5900849635859577,0.056503230976007235,1.2354644678881412,0.6613116271497619,0.042003336643815566,0.947391314896686,0.6541857025822627,0.047967051439490455,0.7138761889397544,0.5501447858622277,0.10064339799832314,0.645335765732966,0.4919286524817907,0.07525007993610766,0.6019125187849053,0.48941528650414,0.04163400561663184,0.5866362276239464,0.5358991280446335,0.6333333333333333
0.32322227660665886,0.8138020391953922,0.685693115338208,0.32565188004453993,0.3753080044747286,0.7354880409517357,0.3253925115100925,-0.04123614185002977,0.8018758529503658,0.2804572074020443,-0.10906576075445526,0.6128657680801992,0.35896878136967186,-0.10797291703370956,0.6644256941600337,0.2861245803193566,-0.12526895346297068,0.8869346313107354,0.11180116193581256,0.8046505339707949,0.689775034115588,0.09099167209198734,0.38713063336336023,0.7228764107990486,0.09591385257835651,-0.03263283765528752,0.760092111843771,0.12898873414663875,-0.1174456957397992,0.5955676543705709,0.05703662865328207,-0.09675730671325833,0.6301234569147487,0.11458718606691018,-0.10700448018746404,0.8511369050793933,0.22651590524172383,1.3382849083289425,0.6590255341059206,0.23175269154285688,1.5869045115399738,0.6276648335408885,0.23375958965284632,1.4703860271158187,0.5639962932920155,0.3863196527435027,1.2195594194624364,0.6898908359977308,0.43704812960992206,0.9484998627006835,0.6331364838329973,0.41202459993525964,0.7161885739278683,0.5726805729533953,0.33746311256642203,0.6218052162321795,0.5421450814469604,0.3516123719153119,0.6110857359835082,0.5416351212192942,0.38519879192136747,0.5962882362574626,0.5942476070258863,0.05651239742133859,1.2355775059999514,0.6613367956136139,0.04142574397744778,0.949601104322473,0.6522883182410113,0.03458937941468176,0.7087677002017695,0.5614005886389308,0.08408533583883045,0.6385574393740046,0.5046909189132297,0.059327600433160044,0.5954886490818921,0.5058387028749961,0.02474104616515579,0.5826878051937036,0.5509455297264756,0.65
0.3229548853643532,0.8140237290808664,0.6871679104350569,0.3256123752256243,0.3723831835831518,0.7361712796540154,0.3252869894423933,-0.04109266765530237,0.8023525606009912,0.2804594542448367,-0.10921804247913965,0.6118313005651576,0.3585206112711724,-0.1066716900694089,0.6622814776114698,0.28578670570699216,-0.12619729634819019,0.8888532529002607,0.11287311571267775,0.8046446596849313,0.6881953795792072,0.09085662517795531,0.3852212061876372,0.7224622528348482,0.09585649675598155,-0.033149672172802305,0.7600002203359228,0.1289965010589812,-0.11876837562553079,0.5952328085794565,0.0568084081130508,-0.09893302612698084,0.6300296020771279,0.11435704665781879,-0.10746888379790273,0.8505755425884721,0.2264026096682918,1.3382637156424821,0.659320904600614,0.23173041606272937,1.586916887914846,0.6276609789654111,0.23418223848761677,1.4702887367807984,0.5659497412037071,0.3862911814751566,1.2192380810232104,0.6899206568726233,0.4403716841438178,0.9508568795615704,0.6334606154974952,0.4229172371503963,0.7150514853130139,0.5789055087184973,0.3480355168443129,0.6166623938591734,0.5556117496711861,0.3640367358764132,0.6071158333433357,0.5510501164637287,0.39794935965869815,0.598485696041489,0.5954711841851373,0.05652564947133104,1.2356948780083978,0.6613456395658392,0.0400959651580657,0.9516947529971433,0.6508483181305462,0.021448570882334587,0.7050204372015356,0.5726694094095298,0.06914178022880975,0.6322721963715112,0.517606517084704,0.04463993409172033,0.5909874726691788,0.519244162254555,0.007938555577051474,0.5777334712487671,0.5685116958814608,0.6666666666666666
0.3227845724959479,0.8136209310997219,0.6883800159901977,0.3255857230999101,0.3689816313259176,0.7368598106019107,0.3252530631474652,-0.040856208505738234,0.8025407503582739,0.2804605819986603,-0.10880284936247882,0.611090690114116,0.35821310589382677,-0.10508885192229678,0.6595842246516995,0.28528090401872624,-0.12724449080457587,0.8909464002003021,0.11393461237229219,0.8039497701241766,0.6863691061709813,0.09065160940551281,0.38298922695689286,0.7219890993211884,0.095793706550503,-0.03381752145326117,0.760028424956987,0.12852256062505102,-0.11954624015325861,0.5945719857353662,0.05660278792642505,-0.10096951681768622,0.629830753573601,0.11412733386843685,-0.10801541146235721,0.8501607926423235,0.22626150591264826,1.3382269391455468,0.6597060244531235,0.23172560419775962,1.5869188569408559,0.6276635829432988,0.23443658592243982,1.4702238544007162,0.5671288063006266,0.3862713944754388,1.2191488019318075,0.6899207775572639,0.4450812627125884,0.9533576824830392,0.6332164777161392,0.43240843128384876,0.7137943251645388,0.5876587322157945,0.3573994427514287,0.6115766030646125,0.5700635919718973,0.37633723871484615,0.6040983088837235,0.5581479295613958,0.41137891799519133,0.6013946561353567,0.5946630626151045,0.05654366882537037,1.235781845032584,0.6613537452901288,0.03771474842659676,0.9532059870843483,0.6500640984719744,0.009126138842733519,0.7019954839728298,0.5848265584122088,0.05572520895213723,0.6267227294889729,0.529797841105045,0.030567738825853882,0.5874660152414294,0.5310868405733996,-0.007631423106658036,0.572942339553646,0.5858775405626466,0.6833333333333333
0.32269724700233493,0.812818123790689,0.6890984162535623,0.3255882737492489,0.36528383290467686,0.7374669999765224,0.32529413797389667,-0.04050292920267522,0.8024267216891248,0.2804523841505738,-0.10788169539928878,0.6107868741752032,0.35806901486224674,-0.10342239340765486,0.6567359815472503,0.28472826775610055,-0.12814300149432264,0.8928587399417082,0.11496100735819859,0.8029255204087506,0.6843756564930464,0.09040969442178598,0.38058083445370366,0.7215463308426587,0.09575435124807055,-0.034452176673394785,0.7601374775600774,0.12777566827762835,-0.1192738298178785,0.5933987699709005,0.05648097044216964,-0.10236980661432378,0.6295499843412166,0.11393027123530078,-0.10855406110267463,0.8498895389336822,0.22619118742505118,1.338205423912331,0.6599176835056548,0.23177160990305745,1.5869260465240043,0.6276942795730641,0.23444053185026897,1.4702141506351447,0.5671174796518259,0.38626640518909294,1.2191982157359729,0.6899309166770397,0.4507700495135126,0.9555692532767386,0.6328676076398383,0.44087397316641663,0.7125912808608272,0.5978202000452884,0.365703297500798,0.6077969437658913,0.5832466563491272,0.38808415335277113,0.603179362505563,0.56219854491583,0.4243993560109114,0.6040804692239287,0.5940079349170388,0.056545536781521286,1.235820349906128,0.6614100733118556,0.03397713489401313,0.9538904648346532,0.6498556864834018,-0.00206599915239073,0.6995109439230638,0.5981802318328494,0.04284542798755832,0.6217231093028326,0.5419306711938783,0.01704656081435916,0.5839480184953296,0.5435700732623281,-0.021192268274270946,0.5695585365837244,0.6009023295310931,0.7
0.32263103252097414,0.8117601576391648,0.6891811799287648,0.3256399669015546,0.3615650643584404,0.7379417618787182,0.3254156970445777,-0.04002869574544203,0.8020259424014468,0.2804496419373803,-0.10667756636691687,0.6109688455621513,0.3580112015863458,-0.10187079485631416,0.6541006566835079,0.28425269883973864,-0.12871739305799748,0.8942700945022352,0.11588569167113717,0.8019817019284545,0.6821912696937042,0.0901708113869271,0.3782048264036023,0.7212289273382826,0.09576727119589461,-0.03491629413900621,0.7602927925454971,0.12698137124791642,-0.11815792566132823,0.5924191458329244,0.056481257708569634,-0.10270640862447403,0.6292897660605482,0.11376051604126604,-0.1089790688054349,0.8497228335365721,0.2261806304783871,1.3382073279587903,0.6599674793365874,0.2318753659020631,1.586937697115535,0.6277562081988177,0.2341953862871542,1.470259705336275,0.5659111245039161,0.3862693655760079,1.2192638283670034,0.6899535977638781,0.45699131998936715,0.9571950170481497,0.6331126761990147,0.4487012518201472,0.7118642734626989,0.6070426526538083,0.3728777927613204,0.6060168695493229,0.5931443167645625,0.39843852137568014,0.6048013365029244,0.5631913076300553,0.43558360294440557,0.6061173958463304,0.5949155753739432,0.056486529433702554,1.2357969248991225,0.661597648205454,0.028649947568503704,0.9536384672051899,0.6501396943946902,-0.01208492846673669,0.6977354348498923,0.6125567792995743,0.029830603864485196,0.616804318092034,0.5551701066061485,0.004587646589092515,0.5799606826957636,0.5576433339375134,-0.032558027614489914,0.5681788650960998,0.6128065404182307,0.7166666666666667
0.32254096830798845,0.8103837301282982,0.6887426503800892,0.32576385984961365,0.35802574270270543,0.738300281234343,0.32562206843369257,-0.0394303186614999,0.8013562356362046,0.2804671491229236,-0.10558134235157145,0.611609392723569,0.3579343202344783,-0.10065178023398655,0.6520184265423914,0.2839554870232164,-0.12888485739678138,0.894998648708107,0.11659680284511655,0.8012684301198482,0.6798368625683057,0.08996550964140979,0.37613458332348026,0.72111169887505,0.09583830365882202,-0.035158015334539064,0.760471144556519,0.12627136036667974,-0.11698704188310526,0.5928457356126151,0.05659575701333318,-0.10186132137906224,0.6291651651386666,0.11359291804074437,-0.10922668672317964,0.8496261272195064,0.2261869882028697,1.3382393158153225,0.6599468012810064,0.23196076138465282,1.5869356974528515,0.6277943119450066,0.23378623993885905,1.4703389974177925,0.5639206156906862,0.38627191073516465,1.2192738922755555,0.6899769712809571,0.4633406465188042,0.9580420796011889,0.6348105922619403,0.4558314561565293,0.7119362031251633,0.6129590153638702,0.3785120158938161,0.6062885297075161,0.5988561109413267,0.4063019697918093,0.6084079642613337,0.5620765480734603,0.4441190607807204,0.6075119779076287,0.5977559841944726,0.056351876891325585,1.2357122592300744,0.6619271646565857,0.02183122307265932,0.952455410129109,0.6509104739062426,-0.02090079807450671,0.6969064148942378,0.6272386197870989,0.017079083502676583,0.6119186914759918,0.5699402944108094,-0.006436580370232716,0.5754931189320874,0.5729630788655968,-0.04154216541724344,0.5686752663702307,0.6219051010978365,0.7333333333333333
0.32243393410658283,0.8084087167919078,0.6881797749830181,0.32597169006683707,0.35475035831327956,0.7385999754052268,0.32592002242469925,-0.03869503366972954,0.8004103372053577,0.28048859673962523,-0.10495878748012971,0.6125810645735564,0.35782986876507666,-0.09992730895830894,0.6506942261205622,0.28389915748204353,-0.12862359703626983,0.895034052065988,0.1169589894555447,0.8005303652223985,0.6775527009466551,0.08983659460429415,0.3746030128905038,0.7212269429458433,0.09596048378014502,-0.035143604312516036,0.7606358933103765,0.12567526041444735,-0.11652805791807241,0.595427024622944,0.05676904835640396,-0.10014198318605641,0.6292528587461622,0.11342326379003356,-0.10925300537384149,0.8496006034742052,0.22618736307923087,1.3383007720214104,0.6599033205998825,0.23187917680311432,1.586891127870641,0.6277063850874944,0.23330710842997354,1.4704294214797433,0.5615962216696182,0.38627076229501567,1.2192139885448467,0.6899939391888286,0.46933177214732713,0.9579145418606636,0.6388929951992648,0.46178794520069055,0.7126446066261685,0.6149645776937422,0.382226232632663,0.6081622826900036,0.6011527804372335,0.4107960561382752,0.6126924129293274,0.5608780096480689,0.44984874547306786,0.6082397324871551,0.6022988285013376,0.05623955304484574,1.2356074858652173,0.6621654193117198,0.014025669133479114,0.9505707737020044,0.652117898766078,-0.028290234904994133,0.6972002683382156,0.640672405402901,0.005404422284528915,0.607553118593037,0.5859951225988336,-0.016189007221698137,0.5708006183398443,0.5887968461502792,-0.04790460266476686,0.5706499576686136,0.6288292487598863,0.75
0.32233927996011835,0.8056111312408308,0.6878267692979722,0.3262457029131397,0.3518384839079699,0.738893064279509,0.32631735738267215,-0.037820319813406195,0.7991576676477008,0.2804859300571738,-0.10488296381467054,0.6136099936376127,0.3577386348994487,-0.09974066552391651,0.6501303443456075,0.28410872011233007,-0.12794362109695684,0.8944165573440538,0.11691653287046011,0.7993626250986364,0.6757282743298728,0.08984908817685776,0.3736652717241305,0.7215177132948197,0.09612931713631907,-0.03483611855085682,0.7607352398302774,0.1251704051384326,-0.11716796419372398,0.5999637420247145,0.0569338301605191,-0.09812041173190794,0.6295796489314825,0.11329118587526377,-0.10901169176148633,0.8496786770345066,0.22618042697952445,1.3383452685923953,0.6598501661742656,0.23150956494618957,1.5867986499187472,0.6274190797103059,0.23282182852406885,1.4705182598035957,0.5592372766195889,0.3862675668695695,1.2191057124243554,0.6900011951266516,0.4744523668070596,0.9568046569307276,0.6459519427331059,0.46607916250216186,0.7133989187001463,0.6147118343767701,0.38399077937351617,0.6107845861389012,0.6020491088248818,0.41162353869787216,0.6162195472840126,0.5619834134151671,0.4528887862347777,0.6083267635046425,0.6075364326751949,0.05634009254610563,1.235559363932274,0.6618832201273547,0.0058886100631794875,0.9484472675416287,0.6536369948149824,-0.03393632702538076,0.6986647842175582,0.6510583114584109,-0.004882959511076219,0.6042439473638653,0.6030222655255193,-0.024896826336633975,0.5664434002421568,0.6042685568989493,-0.05198308853488666,0.5735592925517842,0.6344933423112011,0.7666666666666667
0.32226036848336503,0.8020655584772982,0.6876860332575292,0.32653028661239875,0.3495055572659567,0.7392170249313849,0.32680719760889965,-0.03684160186952477,0.7976003144464179,0.2804585021069172,-0.10505283450973504,0.6143564565306678,0.35756346739226674,-0.09999831013823271,0.6502605727781763,0.28457660974256593,-0.12688027297803803,0.8931362143990036,0.11654791921905058,0.7975708222337876,0.674537033555606,0.0900336311243092,0.3731884792387905,0.7218180457936293,0.09634234166800858,-0.034230618259058404,0.7607351453934077,0.12475280312193765,-0.11890170490652438,0.605670066912533,0.05705534048283195,-0.09630868070324267,0.6301040403145763,0.1132542624837004,-0.10850024400198421,0.8498796553061798,0.2261752273593058,1.3382787763985577,0.6598068419137536,0.2308523348547291,1.5867238542405053,0.6269487601469224,0.23237878026153466,1.4705979070657642,0.5570772199052696,0.38626823633867047,1.2190277794969384,0.6899929064013066,0.47855225510807736,0.9551869453142753,0.6557341241445904,0.4684629635056658,0.7137455829203058,0.6144812660944323,0.38396800501216866,0.613311837479118,0.6032853021762625,0.4090397653390022,0.6179796923316797,0.5667513013096334,0.45359482272506185,0.6081333106472462,0.6116646756104027,0.05679187497077193,1.2356298913478883,0.6607786476544957,-0.0019674994242731493,0.9465708580060643,0.6554464809705327,-0.03774866555472116,0.7011606474942269,0.6576695112633941,-0.013870335360582488,0.60227751115849,0.6204057661020519,-0.032256318141053585,0.5633274822306351,0.6180401910099909,-0.054898838464161465,0.5765118592972223,0.6405601835036446,0.7833333333333333
0.32216854514572657,0.7980392365525026,0.6876071230483186,0.32674607017153495,0.34795367351957873,0.7396043360495447,0.3273441545717181,-0.035850619115566196,0.7958617628650326,0.2804250845544772,-0.10511386276794522,0.6146748627001849,0.3571125758013509,-0.1005698776046073,0.6511240381750097,0.285244629176732,-0.1255528822025945,0.891246476395197,0.11598084420970932,0.7951558157936248,0.6738084436890323,0.09033926405503598,0.37293987299578857,0.7219634883214039,0.09658798211124094,-0.033379068111497004,0.7606410202900238,0.12439834854043977,-0.12141327380206482,0.6116626668785233,0.057133109649978385,-0.09497874246407348,0.6307155347517309,0.11334545097678111,-0.10779398250045029,0.8501835498381594,0.226180374264505,1.3380507918198588,0.6597993813995021,0.23005442799582698,1.5867848926348391,0.6263945548644356,0.2320228053805298,1.4706607228985809,0.5553435897789474,0.38628154239982515,1.2191063395745256,0.6899608294329553,0.48213727111519833,0.9538450243640971,0.6671167689062967,0.4689003105407982,0.7139625928782914,0.6151190330564346,0.3822143008698097,0.6156960023350909,0.6050044165272033,0.4037216526794607,0.6179220836029924,0.5745028689881609,0.4525392536303871,0.6083158945459011,0.612822702143998,0.05758751182993489,1.2358262767514734,0.6588836619532732,-0.008977731510377528,0.9452081872649284,0.6577824939770563,-0.04007885417899469,0.7043225828797249,0.6614602753038832,-0.02138240815471243,0.6017142402421964,0.6366418469976315,-0.037619157803066565,0.5622457225643236,0.628627460379302,-0.05779445406827691,0.5786217513272208,0.6487036275698959,0.8
0.3220366815965476,0.7937387125900512,0.6875485927290261,0.3268370900708648,0.34713496377024955,0.7400550919307649,0.32784810668191217,-0.03498723448687491,0.794187724912592,0.28039434111664574,-0.10501823679979197,0.6147118202394608,0.35630970762217545,-0.1014170247852789,0.6528132915877861,0.28598538770437143,-0.12417608534220245,0.8890321384313613,0.11532881848879446,0.7921228851438652,0.673311176563867,0.0906631510281796,0.3726562716430031,0.7219478440511822,0.09684267868511856,-0.03239204231222213,0.7604886074981577,0.12396912564837032,-0.12419052907809176,0.617110799117285,0.05717703831873256,-0.09421306316760533,0.631278329634028,0.11355026726780526,-0.10698868640420464,0.8505484342616565,0.22619723223791832,1.3377280582657194,0.6598306020133702,0.22934537586055231,1.587061123404289,0.6258947962987979,0.23178514513154683,1.4707011973791302,0.5541945001984203,0.386314460818971,1.2194299942719566,0.689901481511594,0.4859509639975258,0.9534128686477594,0.6785169735650575,0.46740215982710054,0.7151844783534373,0.6155804524861644,0.37870625411287123,0.6191231933704671,0.6056054590072588,0.3965950941686469,0.6174750446439767,0.5824891837573712,0.44991759158756717,0.6098630720038539,0.6097342822112642,0.0586124124829264,1.2361127707241968,0.6564706452263738,-0.014681292804870641,0.9443638524826151,0.6608924420815427,-0.04157898002086438,0.7075862824874823,0.6643193044904693,-0.02687191209759674,0.6025246697968397,0.6495863375211561,-0.04071542763308457,0.563235310314751,0.635372679259548,-0.06098305579756037,0.5795755492102206,0.6592684150557689,0.8166666666666667
0.32186873469203836,0.7891802994055462,0.6876154565592614,0.32680622402760584,0.3467436706717082,0.7404921637909373,0.3282558061910923,-0.03435870675228565,0.7927897267510137,0.2803598626002797,-0.10492101009759937,0.6146794861905237,0.3552404817377268,-0.10251651067478636,0.6552778944283664,0.2866531918942114,-0.12293296255331815,0.886909368359639,0.11472363700747071,0.7884966445723329,0.6728409849830128,0.09090682332350258,0.3721083645207324,0.7218971964782593,0.09708605601507336,-0.031416275846038955,0.760326765397375,0.12329279115929195,-0.12661713138771397,0.6212333903345699,0.05719784798718168,-0.09397743566306874,0.6316809398747473,0.11380681984162491,-0.10615474848062934,0.850941635350969,0.22622160084354193,1.3374305046421997,0.6598785782945509,0.2289110781404009,1.587539840909256,0.6255993202093255,0.2316704319398304,1.470719872784766,0.5536455052342005,0.3863677944324315,1.219982586891798,0.6898250647525508,0.4902152986477297,0.9541909479707736,0.6883217354461313,0.46398029522736595,0.7190564794561743,0.613773213980439,0.3735861549452244,0.6254341080197875,0.602672831764024,0.3886288933775657,0.6193525355638181,0.5866929092052178,0.44510766589381656,0.614252235771606,0.6015608041606082,0.059716183093815586,1.2364505505230317,0.6538848963452634,-0.018836168982840736,0.9439465701563523,0.6645873485011072,-0.042834368576825106,0.7104220339738562,0.6676815642474186,-0.02993715409455732,0.6047057570894565,0.6575890031401425,-0.042030388158778575,0.5655160919436917,0.6390223408591045,-0.06405316941860749,0.5795469990056088,0.6712488529038317,0.8333333333333334
0.3216977313107592,0.7842665940494964,0.6879492410089778,0.32669344244873955,0.3465181133781161,0.7407734149751088,0.32855951524038796,-0.03396673558441525,0.7917124008191293,0.28030830571595333,-0.10489168118677707,0.614679029543986,0.35407464033336145,-0.10375879337527513,0.6582775977863021,0.28717113565385516,-0.12188695558430127,0.8851410172736573,0.11430992666626233,0.7844091541451957,0.6721408459112453,0.09101266888351607,0.371203896805951,0.7219149307388795,0.09731484123132483,-0.030593734172148154,0.7602032181204267,0.12231278630492254,-0.12814861156454913,0.6234345348035463,0.057209742959500834,-0.09411033403087354,0.6318716201982287,0.11402927990052271,-0.10536952930894877,0.8513571950735263,0.22624902650777967,1.337228437319466,0.6599182620108366,0.22882436871060644,1.5881441831600247,0.6256540063408003,0.23166794950508268,1.4707205775029537,0.5536314413965788,0.3864347770537713,1.220640849263845,0.6897586962557036,0.49451565943661585,0.9562281267275456,0.6952770026705902,0.4587928842725442,0.7271010262282834,0.6075958758254019,0.3670987151804659,0.6360164333597923,0.5944286364323561,0.3805758090331303,0.6263542584862325,0.5835693165375795,0.4372478894819559,0.6230531611908618,0.5876566592376751,0.06074447058193361,1.2368170846704094,0.6514707710919578,-0.021506509560646515,0.9439235094625107,0.6682035631301166,-0.04413838035109807,0.7126470375345273,0.671687740926935,-0.030841159407565138,0.6081308420660241,0.660689022359185,-0.04247636943913403,0.5680576704915811,0.641335923696433,-0.06659350845839843,0.57885533609936,0.683071858690494,0.85
0.3215710738944377,0.77902742175674,0.6885817703587438,0.3265388634176744,0.3464595336011943,0.7407812443076967,0.3287797026367263,-0.03376114508645961,0.7908984308995244,0.2802299223472208,-0.10488040367315599,0.6147347760490278,0.3530188784730981,-0.10504177351437058,0.6614726459657383,0.28753856714212345,-0.12104392690439458,0.8837575375718897,0.11416415782440681,0.7801294600758326,0.6710652339621813,0.0909759121416928,0.37004631962564566,0.7220408220749691,0.0975355362959715,-0.030016689555120227,0.7601478419496294,0.12108142772323745,-0.12867233315092685,0.6236922384699607,0.057226883134871266,-0.09436148177442909,0.6318770009614081,0.11414405502835713,-0.10471029896227321,0.8517964815974569,0.22627738199059,1.337128018434436,0.6599327481384576,0.22908864840608362,1.5887795763609833,0.6260916598654247,0.23177909869121943,1.4707034590256243,0.5541516156083837,0.3865005724035453,1.2212348686890855,0.6897287233367502,0.4982790507413858,0.9594428282576268,0.6988866435059761,0.45230791022093,0.7400078621769912,0.595987909344397,0.359149436985712,0.6515739002121704,0.5805509681184925,0.3724859902865699,0.6402583015589632,0.571996539930147,0.4260239176042838,0.6372115994651406,0.5680765541807985,0.06154903615732051,1.2371716022426267,0.6495642985669083,-0.02307879184318472,0.94432145904403,0.6710300128187264,-0.045500876157925266,0.7144177724395694,0.6754917276592095,-0.030511507609334125,0.6122815693300196,0.6607142311925374,-0.042770038988923835,0.5701925179403354,0.6439455605712371,-0.06844805823272836,0.577854233906816,0.6931309303311898,0.8666666666666667
0.32155106501503666,0.7737522647648077,0.6893861939324984,0.3263801239855139,0.34665613942678786,0.7405239050335702,0.32892275915565394,-0.033724970923230305,0.7903201411947849,0.28012949274655563,-0.10481353679972111,0.6148449409356525,0.3522624103449913,-0.10634398980339342,0.6644334133197763,0.2877815387272024,-0.12040623028163636,0.8826965600034318,0.11426153630772518,0.776036243952926,0.6697222699222697,0.09083063571734992,0.3688416928233691,0.722300159113063,0.09774843907465507,-0.02970353109889863,0.7601654874110974,0.11968868759135902,-0.128670436201655,0.6229033993185253,0.05725215761613343,-0.09453557017370813,0.6317751429396521,0.11412176414996407,-0.10419408362920733,0.8522448129021087,0.2263054113336451,1.337133041581137,0.6599207202780489,0.229699237404606,1.5893569428307077,0.6266366106000456,0.2320179236846361,1.470664820752516,0.5552740661820934,0.3865447308934379,1.2216847320453992,0.6897261046941121,0.5011500071020791,0.963653073084906,0.6996313958377101,0.44514406526533123,0.7574528044125366,0.5795398709026518,0.34920421986796624,0.6729137322135392,0.561865047263825,0.3635462392270923,0.6618398928584626,0.5533139358192963,0.41159082553793536,0.6569068742962121,0.5442913518773852,0.06201916399190377,1.23740441832335,0.6484507322286173,-0.024014315437833285,0.9451671853558914,0.6727949726584844,-0.0467152457398165,0.7158519953944783,0.6782083685845615,-0.02994612364237586,0.6163883065613327,0.6598730111838189,-0.04313127996511956,0.5717453804875469,0.6472797891188008,-0.069400540855016,0.5767676882774522,0.7004215828352303,0.8833333333333333
0.3216870112482406,0.7688403799751383,0.6902179561553088,0.32625288492774174,0.34704651548948473,0.7401429265469605,0.32897763837602306,-0.03387593866573835,0.7900068737639783,0.28002525306762216,-0.10465191554526601,0.6149889890174297,0.3518547002601373,-0.10761004402889214,0.666634029898848,0.28792464865925027,-0.11996250059351105,0.8819122670691315,0.11453614061518068,0.7724686738338981,0.6683479664407527,0.09063028115550023,0.3677401104572989,0.7227083936479304,0.09794695326455476,-0.029599970021405575,0.7602435390999934,0.11822297110500404,-0.1288366024074464,0.6224581108999387,0.05727272688032574,-0.09457917723642768,0.6316406182248292,0.11399662730387126,-0.10379440309471741,0.8526956770131296,0.22632810282344773,1.3373073070276795,0.6599014690507636,0.23061664737986148,1.5897975756442837,0.6267386559234709,0.23238276743946795,1.470603948610798,0.5569922579983793,0.3865518480614929,1.2220658972943286,0.6897025058315402,0.5030959908143913,0.9684236218851436,0.6987077338017972,0.4376408931492405,0.7787121750308407,0.5600113294186859,0.336860014127941,0.7011902198237893,0.539840312426358,0.3526979731934586,0.6913526991985458,0.5296881383901887,0.39424201966096284,0.681867967320824,0.5188303030467696,0.06214780209899173,1.237375545942544,0.6482124702834225,-0.02447425459161702,0.9464202554210543,0.6737569478050685,-0.047451540118246385,0.7168089330199405,0.6794420640558605,-0.02966744166000421,0.6198509746605265,0.659369862935208,-0.04345062227148868,0.5727622750221683,0.6506014012724958,-0.06908994766445216,0.5756127674296013,0.7049519807269458,0.9
0.32194534786776546,0.764608902064947,0.6910681719132323,0.32616947990253886,0.3475011416600098,0.73980244305125,0.3289385206544729,-0.03422071979112315,0.7899824134529853,0.2799352017758977,-0.1044161851288845,0.615135304509664,0.3516198555800718,-0.10863862725754475,0.6676464147646763,0.28798061570287437,-0.11969362013321945,0.8813974532300456,0.11494193105322133,0.7696172935226917,0.6671356636832143,0.09043777850654242,0.36680433117829536,0.7232492152677532,0.09812642737008226,-0.029579376377399602,0.7603482818721331,0.11675901783351003,-0.12944710275142685,0.6230764837331837,0.05726954529076801,-0.09452235691827886,0.631517206823441,0.11384773397023294,-0.1035129210251694,0.8531658466637561,0.2263344745202029,1.337736101473069,0.6598947799211402,0.23170748814230968,1.5900460366963896,0.6259388524496032,0.23284054993747716,1.4705265026991614,0.559146844042445,0.38652372872437196,1.2224806860175608,0.6896135474524743,0.5043120025729184,0.9730134606842687,0.6973151635138847,0.4296638723745684,0.8032315875829829,0.5392848472951156,0.32249670149272014,0.7371727725477893,0.5160658300078221,0.3392714203024493,0.7284672181718418,0.5032576011138784,0.3745740314045496,0.7116144716712562,0.4940851301073282,0.06206442568549394,1.2370272337579444,0.6486090207664911,-0.02434785181565269,0.9478356678355886,0.6743449411786165,-0.04745039423236693,0.7171384771909606,0.6791568922751374,-0.029749989270674265,0.6224581393417089,0.6594119180720397,-0.04360024109034788,0.5733898211875328,0.6532112362453215,-0.0673920134379195,0.5745190192099521,0.7071760728451639,0.9166666666666666
0.32221227763207966,0.7612659194760765,0.6919818032969207,0.3261155902794144,0.3479960586422002,0.7395886020287195,0.32883186232760986,-0.034707711336505756,0.7901725424034345,0.27986517220258755,-0.10415928509263146,0.6152579179344116,0.35127756949204525,-0.10921484957552721,0.6674564641819336,0.28795179394428316,-0.11958944351055133,0.881156450598007,0.11546237888970902,0.7675911595159185,0.6661921245722517,0.09030369350244513,0.36609856750936604,0.7238710705021949,0.09828048860465856,-0.029494168309937105,0.7604169051110239,0.11543908069697928,-0.13012630816760343,0.6242259706647293,0.05723747759196449,-0.09439478548015871,0.6314123462549972,0.11374585836513734,-0.10338684546050411,0.8536385492789736,0.2263087977461739,1.3383976706695653,0.6598874730564213,0.23277582503630923,1.5901105177321107,0.6241347267936193,0.23333458943095814,1.4704409771986302,0.5614681145462133,0.38647556167742725,1.2229432289965847,0.689451980751571,0.5049699067940793,0.9766860963108009,0.6959703680391127,0.4208542594098823,0.830539449328485,0.5188215356580275,0.3074980917863313,0.7804980326012056,0.4916346083660225,0.32324152666184874,0.7718769689810091,0.4763561004383152,0.3535269460103872,0.7455653466106212,0.4717268258523868,0.06194729627876596,1.2364153141817769,0.6492376556905426,-0.02362342490060751,0.948914688872829,0.6749154481473059,-0.04671225639075005,0.7169899278295733,0.6775570966315134,-0.030074966269168217,0.6243754659491854,0.6598483686399225,-0.043549264619999764,0.5739515981412593,0.655248693447412,-0.06462933541830164,0.5738556145375814,0.7072557745353101,0.9333333333333332
0.3224029312559975,0.7589558866766798,0.6928769569660674,0.326074395082881,0.3485932557157286,0.7395180899576775,0.32872633023336073,-0.03521484922103453,0.7903626425071216,0.2798094288151888,-0.10392338267200255,0.6153495678190943,0.3507020102485966,-0.10930328884872685,0.6665383694951459,0.287842973197403,-0.11965075650693499,0.881171253279122,0.1161070703050139,0.7664857547656957,0.6655289557677715,0.09023888073017329,0.3657194429922577,0.7245165558525363,0.09839248645250383,-0.029290876232225996,0.7603928555230208,0.11452220788851576,-0.13020255269973832,0.6248017729450033,0.05719453729358809,-0.09420927274641254,0.6312992360432466,0.11371218399898148,-0.1034287351846031,0.8540080421815722,0.22622906466648696,1.3391352695528291,0.659839329999225,0.23366678828476656,1.5900877420587392,0.6215160035364731,0.23379713204275915,1.4703547383543794,0.5636367261821494,0.38641698668828073,1.2234429384914964,0.689233446493802,0.505098974101876,0.9790419851306267,0.694271307846908,0.41101496176169017,0.8600436944028567,0.4997669415873369,0.29374394919441715,0.8294788561215255,0.4673723165810212,0.3054558305479006,0.8192530559413331,0.4516624903512939,0.3320601465982911,0.7829055978434489,0.45291533323942756,0.061891837245205,1.2356392504515896,0.649817752456828,-0.022475367558908492,0.949218166668203,0.67582443119429,-0.045487985243081695,0.7167669427991595,0.6751547021530984,-0.030460471654097,0.6259228678354918,0.660513882638991,-0.04324102494452854,0.5747865251428428,0.6571607986342903,-0.061268811997344644,0.5738926040236942,0.7051233969843658,0.95
0.3225320359771122,0.7577473630272059,0.6935578922294771,0.32604045939239945,0.34933491495835634,0.7395896272286288,0.32870091819493175,-0.03561216714851492,0.7902977093252456,0.27976190297919096,-0.1037395954267615,0.6154179667631914,0.350015365267091,-0.1090044091248934,0.6655199672473183,0.28766418421850243,-0.119887244730384,0.8814132495521949,0.1169109189219022,0.7663261270438566,0.6650131590962824,0.09021716650175673,0.36572626508735373,0.7251646363719142,0.09844409450176834,-0.029031639055542013,0.7602833470787173,0.11421900362542894,-0.1291990610828272,0.6240894403563807,0.057165814055029615,-0.09397247903031532,0.6311434011724506,0.11370792868574472,-0.10359028821405777,0.8541419125570184,0.22607851265349654,1.3398054496004728,0.6597860646237713,0.23436421480285094,1.590104029358825,0.6184852004219287,0.23416109019369652,1.4702753304472653,0.5653280242646305,0.3863429462800279,1.2240433424565529,0.6889612137129653,0.5047212508114598,0.9800468329299661,0.6912723716858353,0.400361724709915,0.8910695241426567,0.48309900760990776,0.2825693271722969,0.8818052861244283,0.4444605913937285,0.28762647643015626,0.8680450094199401,0.4315376171133204,0.31117940704788916,0.8224550251026629,0.4384833987746132,0.06188730280418065,1.2347898346574693,0.6502280061195774,-0.020990619640206806,0.9487357330527043,0.6774839914842621,-0.04405093156898367,0.7168339773557812,0.6726187097429095,-0.0307232006074172,0.627251146470962,0.6612994930027791,-0.042542320571509674,0.5759104070114878,0.6590127220454762,-0.05757433058923491,0.5746645730895015,0.7009020435481376,0.9666666666666668
0.32266842666754886,0.7575520903860655,0.6938599957673942,0.32601413235130894,0.35019841196265655,0.7397916538728291,0.32879019489780226,-0.035845993966613074,0.7898652197141826,0.2797271580089893,-0.10364789540355134,0.6154716249278555,0.3494291392850446,-0.10839880345689548,0.6647845363249862,0.28741945597252894,-0.12031100544558829,0.8818845535202546,0.11789403489752487,0.766973930296327,0.6644325865127536,0.09019228798051752,0.3660715996039404,0.7258256725140497,0.09843175917697054,-0.028782269033377605,0.7601574638488651,0.11452579390494831,-0.12703189613155602,0.6220274117079865,0.057165714379067124,-0.09368844642273645,0.6309333796032002,0.11365645470086505,-0.10379755554524411,0.8540285900270504,0.22589151872318022,1.3404182764032304,0.6599812445707298,0.23501095756069795,1.5902110263141311,0.6157231771113303,0.23437860715853082,1.4702128034732755,0.5662932905400169,0.386241482878302,1.2248859897737479,0.6886021201038923,0.5038656136587985,0.979958275051828,0.6861040591350037,0.3894607717776868,0.9228311971799961,0.46941041366289415,0.27425050327819783,0.9353223613212864,0.4243871793768045,0.2718319617789492,0.9167094451728803,0.4167867928226307,0.2921914274920557,0.8630335655103283,0.4287552398849981,0.061877851047499606,1.2339535202724086,0.6503782105639496,-0.01906303029130859,0.9477606895491182,0.6803116281899817,-0.04247644012965226,0.7172864833337582,0.6704579623193305,-0.03055057155054868,0.6283753220891191,0.6618259500136197,-0.04139436850923596,0.5770066816476113,0.6605076154500171,-0.05367312018232567,0.5760957453625261,0.6951400429158829,0.9833333333333332
0.32286587461755717,0.7581183887785711,0.6937134343257517,0.32599384146225246,0.3511259946341843,0.7400795711255415,0.3289557388141847,-0.03595739087495527,0.7891950287939399,0.2797173800307334,-0.10368460480327071,0.6155115086712928,0.34908595894599215,-0.10750598632984683,0.6644108516302679,0.287097633213701,-0.12092611354267752,0.8826327302826771,0.11898992414302698,0.7681640774866447,0.6637192471375829,0.09011095136792455,0.3666105357357431,0.7264869923743624,0.09836624390908959,-0.028553563937154594,0.7600867675626869,0.1152801418090468,-0.1239270538265845,0.6189081321674793,0.057193329175579594,-0.09337499328198837,0.6306901803589735,0.11349474762220041,-0.10399533609320583,0.8537926840401278,0.22580333217843368,1.3411205603063074,0.6607633080428275,0.235786665501376,1.5903468503861102,0.6140760385160446,0.23444919768819153,1.470174488376752,0.5665098943590983,0.3861030888032758,1.2261238597850381,0.6881014437471408,0.502362135688984,0.9793577309262115,0.6781212080951886,0.378912675101723,0.9543290548537473,0.45855445104406267,0.2683395927647158,0.987482648242189,0.408762142582762,0.2598588114209778,0.9646104842702246,0.4066366769918919,0.27658404718505225,0.903744784426878,0.42358156046323914,0.06181839554765971,1.2332402455733122,0.6502342901393603,-0.016651893205049936,0.9465058566483603,0.6845852095902167,-0.04069444887542514,0.7179590660371382,0.668936207235545,-0.02922892135687779,0.6295291777586025,0.6608791261929376,-0.03984303184571225,0.5778427693316504,0.6611311586822236,-0.04984450533906857,0.5779650934058914,0.6888004039236618,1.0
0.3231516711253781,0.7591929759184799,0.6931312877017621,0.3259776668123286,0.35209484381493616,0.7403797307406922,0.32911164718645,-0.03604266299063044,0.7885759639322955,0.2797365726109377,-0.10383876441968029,0.6155355065332756,0.349049760685173,-0.10639040606208885,0.6643613783628386,0.2866779011182274,-0.12173415714369783,0.8837160252304554,0.12004413973248838,0.76966642709724,0.6630284478311258,0.08994697003858032,0.3672134482886884,0.7270914638987525,0.0982577830386425,-0.028385639054491416,0.7601071449171436,0.11626650104456529,-0.1203130341402551,0.615094970789312,0.05723479612480957,-0.09307875125403572,0.6304589385594216,0.1132197760701554,-0.10418289352689866,0.8535429898948034,0.22602762591648126,1.3420733702081915,0.6621217400862851,0.23675382242116527,1.5903917116767075,0.6141290765446219,0.23443239582567738,1.470156577918395,0.5662633335367604,0.3859274209234955,1.227846546798625,0.6874444602103513,0.4998750339952283,0.9790870555789657,0.6668930194223418,0.3692226293537139,0.9844280273469909,0.4498442471742252,0.26411968357555116,1.0348214232912731,0.39920317422988516,0.25260003139882037,1.0105176609017024,0.4003308300290346,0.26557269861394006,0.9436643799853901,0.42313091231726196,0.06173465063958361,1.232799055720515,0.6499937434724399,-0.014010765745145565,0.9450325557441984,0.6902233381828882,-0.03870322195584328,0.7186110561094087,0.6681896179219687,-0.025821737439746976,0.6311588446422193,0.6566950512174026,-0.0378694815416107,0.5786359959018562,0.6600879713652918,-0.046558122323439054,0.5799125826942206,0.6829285147027915,1.0166666666666666
0.3235438406667572,0.7606893461729664,0.6921982465469693,0.3259687525431636,0.3531197443566926,0.7406297531754168,0.3291856230124438,-0.03620123727613701,0.7882461128908891,0.27977473032378636,-0.10404002261069349,0.6155449850746642,0.3493364005256871,-0.10526506349924611,0.6645856484815276,0.2861502207828812,-0.12273975584628324,0.8851411135694764,0.12091643718569972,0.7713738523203659,0.6625767297021445,0.0897198877315317,0.3678617354569805,0.7275913930798268,0.09810811930299679,-0.028410142328105972,0.7602188145118551,0.1172516258231518,-0.11683606141391206,0.6110981364058428,0.05727396082803453,-0.09285426791772164,0.6302823090551871,0.11289024323778467,-0.10444528466974697,0.8533160855587698,0.22669989899207937,1.3433446746601536,0.6635866892569933,0.2378670541960593,1.590253702571146,0.6158565306818092,0.23440781461476043,1.4701473435352965,0.5659589290021472,0.38572636937562,1.2300588747440864,0.6866897095896071,0.4962071934616764,0.9799361747647746,0.6527435673974032,0.3608919119629253,1.0121023925973216,0.44295094488748454,0.2609724135230645,1.074566994572108,0.3967908374877199,0.24970973358568588,1.0523753586740714,0.39785918370254725,0.25937249364889636,0.981636961539884,0.428322409954343,0.06176530726733255,1.23276383126386,0.6500975260636035,-0.011564745669841999,0.9434834640077799,0.6967169210388328,-0.03658309278094719,0.7190930262663032,0.6682255517859192,-0.01984378785712292,0.6334944889120714,0.6481712001459891,-0.03531008952231022,0.5799637497890242,0.6563453203701942,-0.044145117106700785,0.5816583688709878,0.6781853832418524,1.0333333333333334
0.3240450047421722,0.7627014352179292,0.691031844327999,0.32597164516616056,0.3541796973099945,0.7408068253115817,0.3291538945687384,-0.03648521032869556,0.7882729691109663,0.27982065625493496,-0.10421224296800255,0.6155395073616302,0.3498856576432818,-0.10441478151338847,0.6649709218836094,0.2855444640396929,-0.12389958075982133,0.8868029328716639,0.12156600046031708,0.7732835921265785,0.6625165111471946,0.08944919102352207,0.3685987639193468,0.7279888203045384,0.09792079985151468,-0.028739896954026567,0.7603881249499913,0.1180232128876995,-0.11434576233237678,0.6078747201055401,0.05730364687352249,-0.09274236092895478,0.6301757013807685,0.11258713046152063,-0.1048665616026983,0.8531459801471317,0.22769782488803747,1.3448905025508973,0.664639016078529,0.23908811825203113,1.5899112673649003,0.6186702267552733,0.23441471671045583,1.4701397396431903,0.5658230967624454,0.3855216298957414,1.2326502139819888,0.6859350660942033,0.491412953703752,0.9822872827953145,0.6371714127651952,0.3543070980958647,1.0367262240189068,0.4384368549102081,0.25880188158806444,1.106567994198049,0.40172650069525917,0.24990987147934596,1.0889329068569094,0.3988018638436287,0.25672026461729847,1.0165112464629513,0.43966819037914584,0.06209461105169552,1.233151324744979,0.6509545009893883,-0.009608105071271392,0.9422244512092336,0.703397899470927,-0.03434759114831521,0.7193896126351644,0.6688004447061486,-0.011644702786226806,0.6363845709257276,0.6356116137534052,-0.03192134040434122,0.582310512188807,0.6489728449102701,-0.04248661686911756,0.583152688609195,0.6746113581634007,1.05
0.3246298430677457,0.7653879882434175,0.6897094648473778,0.32598206108086386,0.3552213279750005,0.7409160382170787,0.3290257263508386,-0.03687765152079579,0.788616013132395,0.27987112654990953,-0.10433839981824061,0.6155069331212139,0.35051760379906005,-0.10398198244672992,0.665334615442431,0.28494197348127875,-0.12506616201687737,0.8884796544932309,0.12202168000238624,0.7754908090541524,0.6629356790968891,0.08913080142483984,0.3694509505865409,0.7282953163325943,0.0977240961237834,-0.029292437136146154,0.7605550091298017,0.11843699104451955,-0.1136286150349383,0.6066370918066694,0.05732457690017531,-0.09277634276582036,0.6301299193350597,0.11237417703612682,-0.10536087470851342,0.8530557358458519,0.22868721935768763,1.3465473551822986,0.6650344626581892,0.24039038924040446,1.5894020663201014,0.6218048800619658,0.23444379609614477,1.4701353682077642,0.565852076397052,0.3853428464262007,1.2352595108488424,0.6852967572377757,0.4857227190592197,0.9860165381771592,0.622176557698237,0.34936699199731847,1.058223889669937,0.43720516874256055,0.2581106160925897,1.1327452558257787,0.4135364418171098,0.2515720656965887,1.120620824640528,0.40175936425511094,0.25558876522470675,1.0474680743468012,0.45571468424452327,0.06281081896165164,1.233851648952212,0.6526879661639728,-0.00815672742866017,0.941639722599159,0.709730841950388,-0.03195864410780229,0.7195499941891461,0.6694811526574529,-0.0021768110565886538,0.6395059511095869,0.6205095599922732,-0.027456481678737363,0.5857363674157455,0.6377434201716995,-0.041180874668268974,0.5845117296162223,0.6717955187116413,1.0666666666666669
0.32526222413863853,0.7688096498055773,0.6882308406084797,0.32598472932617645,0.3562230096131629,0.7409752100361572,0.3288174892099262,-0.03732351013537029,0.7892253230621896,0.279924841131027,-0.10445264668152224,0.6154297973256464,0.35099581410955566,-0.10386488146827846,0.6655401670112372,0.2844300314364014,-0.1260610537708856,0.8899527672766709,0.1222903715362067,0.7781313132505169,0.6638348232128264,0.08878706370504996,0.3704260375142555,0.7284936198747352,0.09757146247144179,-0.02978902803313252,0.7606691284866269,0.11846919892494857,-0.11493249103851746,0.6079260968546409,0.05733703623010483,-0.09295305891652413,0.6301313722290793,0.1122841624331916,-0.10568608111306305,0.8530115416630137,0.22935851112381495,1.3479810621248145,0.6647540243421062,0.24166528233086307,1.5888001061884618,0.6246810019130997,0.23447236197419435,1.4701369697886546,0.5659647087098048,0.38521787195133916,1.237291096907704,0.6848931062150877,0.47954417389463744,0.9907176582049678,0.6091074683944329,0.3452843582293765,1.0768397199742643,0.43972430978526067,0.25948060822520225,1.1551758395911211,0.4308194937677512,0.2530192729114236,1.1484723469207763,0.4056815825952358,0.25432488510981127,1.0743128643326654,0.4732536592831198,0.06384828657437923,1.2347192813694468,0.6551359602254652,-0.007049876600973849,0.9417731600730624,0.7152616340598886,-0.029483238772796343,0.7195826011542408,0.6698983442878366,0.007465733252087121,0.642522662426194,0.6049677091693371,-0.021774223475378742,0.5899602595302543,0.6236247024934214,-0.039952893662741074,0.585792680643737,0.6692811354854743,1.0833333333333333
0.3259178729198484,0.7728194185469822,0.6865610802344309,0.3259657100437019,0.35717917987734665,0.7410193598395611,0.3285407614274342,-0.03777598593252823,0.7900762442141717,0.27997711633085465,-0.1045776849140467,0.6153063458963963,0.35119436614266025,-0.10388384645523828,0.665579894512969,0.28403869918196584,-0.12680052115905785,0.8911438353272265,0.122311004864648,0.7812039490828977,0.6651038145027864,0.0884777468616012,0.3715241301904413,0.7285612900853871,0.09749866445937516,-0.02999772104430906,0.7607309784738063,0.11825213574044255,-0.11775476961571918,0.6110968406247838,0.057332585695498865,-0.09317577237989644,0.6301935060086794,0.11232201228675624,-0.10568359640211412,0.8529698163183749,0.22955950369189096,1.3487762126458789,0.6638629896521955,0.24271381760223737,1.5882042161070458,0.6269438551079751,0.2344875419987078,1.4701412893539054,0.5661018972847255,0.3851475568874837,1.2382911803606649,0.6847773722405102,0.47338320438109016,0.9959032353551934,0.598378937394755,0.34092849048780444,1.0927662890021625,0.4458450052698271,0.2629479449441064,1.1749553705172433,0.451078498468687,0.25294377830432935,1.1726509458846683,0.4110354683891138,0.2517914375107319,1.0974568265826778,0.4890249473311997,0.06505067070392007,1.235629233879399,0.6579661691638105,-0.006150099044716818,0.9423073644904921,0.7195461864208315,-0.02709252336448208,0.7194781621750503,0.6697636802936705,0.016365437186365565,0.6451294904775983,0.5911292256036804,-0.014970451856016843,0.5945320943669493,0.6084944765445669,-0.03870661985237219,0.5867650306377474,0.6668336676286746,1.1
0.3265825927904841,0.777066593711665,0.6847004672929242,0.3259261247141284,0.358045677209605,0.7410915074787688,0.3281963849794777,-0.038216371550239825,0.7911771820397463,0.2800232750697513,-0.10470623512403801,0.6151601658314325,0.35117353098181253,-0.10395870405589253,0.6655268167288372,0.2837435411899409,-0.12727733383950932,0.892086992720611,0.12198510927055617,0.7844404298338946,0.6666019027142054,0.08823790558457707,0.3727234133924725,0.7284987727076042,0.09749315970288334,-0.029922106257081332,0.7607822459750009,0.1179897609258618,-0.12120957317630764,0.6149768299896797,0.05729165362712228,-0.0932864109641177,0.6303700162727539,0.112472061640162,-0.10542504093292485,0.8529387631838299,0.22926376564468676,1.348678342913042,0.6625077400598467,0.24335254164589626,1.5877253884614426,0.628372081666137,0.23448796413426365,1.4701398099382783,0.5662335905818985,0.3850959029469015,1.2382912636977423,0.6849094023241259,0.46759282051997886,1.0009817991195895,0.5899975835672825,0.3355367587568882,1.1060636442555234,0.45498305340183887,0.2676283876272699,1.1919979279990185,0.4720922588984656,0.2509199053834959,1.1922618106569403,0.41936115238075067,0.2472384763429093,1.1172875577546266,0.5009686124602404,0.06625030705732896,1.2364733372658927,0.6607525944513296,-0.0054017995280856105,0.9429328210501063,0.7223497561064367,-0.024850428334162532,0.7193417427479424,0.6686029322141998,0.023845226853766513,0.6471106911716245,0.58068634794999,-0.007407374780209872,0.5988755317841828,0.5941423371144949,-0.03734402791069162,0.5869807250435148,0.6644520519557927,1.1166666666666667
0.3272430349299928,0.7810729651396728,0.6826764535720368,0.32588094163033016,0.35873593482439176,0.7412100763032768,0.327771272688064,-0.03865672821849067,0.7925746409543013,0.2800631946889811,-0.10483734645621791,0.6150274983764517,0.3510913615047331,-0.10408570069543702,0.66545775400589,0.283515426271244,-0.12747733052976765,0.8928145758330569,0.12125172543587871,0.7873468349980489,0.6682412051457749,0.08804756822990152,0.3739550765421776,0.7283266528646867,0.0975202088112419,-0.029693617353685864,0.7608546161961935,0.1177981576753771,-0.1245338266997999,0.6187052928182453,0.05719759031273769,-0.09317197015773512,0.6307069203740412,0.11271052923405436,-0.10509039077482421,0.8529608575626297,0.22853700433938895,1.347717781321216,0.6610272998276754,0.2435410881012509,1.5874411210608221,0.6289602241316505,0.2344790471848497,1.470126151120183,0.5663456083213445,0.38501857677016804,1.237715214182099,0.6851889690648074,0.4622711819194152,1.0053208206571618,0.5839323881133286,0.3291746709210809,1.1166892790624805,0.46631100452541374,0.27181503557737197,1.2055988014350696,0.4933259872703534,0.2473009640571137,1.206459162013796,0.4320000638832701,0.24085289762041412,1.1335793260400693,0.5084846773859961,0.06729404756954188,1.2371531486171337,0.6630458972058417,-0.004708317396410908,0.9435799652902509,0.7238046482124648,-0.022522903879113508,0.719390854452421,0.6657011251301366,0.029453258387358947,0.6483940641650681,0.5744360191196678,0.0003405062643138593,0.6024099396837057,0.5816246156347703,-0.035749211702660384,0.5861475151974463,0.6622082926118704,1.1333333333333333
0.32788784784308783,0.7843652972197115,0.6804712353500529,0.325846949339075,0.35915293473137366,0.7413534805484594,0.3272540676182862,-0.039132000393750394,0.7942987520012313,0.2801029207809273,-0.10499719608398203,0.6149394801523762,0.3511089584925029,-0.1043250436247016,0.6654259357542746,0.28335296023029893,-0.12741935616842184,0.8933114419711241,0.12016903389421162,0.7893863008556959,0.6699570827432029,0.08786058828898863,0.37509045154509113,0.7280769224778931,0.09755959649932354,-0.029393896573463224,0.7609482983567251,0.11766567982372178,-0.1272510827623794,0.6218474054301097,0.057053995856551826,-0.0928186780448761,0.6311900223808321,0.113022720186186,-0.1048107681262976,0.8530651264452777,0.22755697999804114,1.3461723898084796,0.6599476312244549,0.24343601085433406,1.5873198218386309,0.6290032284611725,0.2344679294493742,1.470101780469321,0.566433110042176,0.3848968882518946,1.236994371255148,0.6854693576931932,0.45742627497752664,1.008554554163841,0.5800071309224487,0.3224445073153711,1.1244318272427303,0.4787833876966902,0.2737230647474902,1.2152562191551337,0.5151638807092511,0.24268815898762428,1.2154454798574152,0.4490430287844879,0.2339040441213725,1.1457566571430957,0.5121916561804787,0.06804519097267432,1.2375925216187464,0.6645001435750438,-0.003914391576433755,0.9442712030430045,0.724289180960928,-0.01964294592956114,0.7198268672579446,0.6604306319676737,0.03320505055431079,0.6490889566640476,0.5718816756929586,0.007595962933493558,0.6047156752914274,0.5714815588496786,-0.033910102664837974,0.5843870177849299,0.6600743109973632,1.15
0.32850792575779936,0.7866579394603183,0.678042330178737,0.3258341357908651,0.3592299212233715,0.7414781119087137,0.32667042733368495,-0.03966543650268796,0.7962478449891663,0.280149820377908,-0.10520886941056379,0.6149120328016685,0.35133608322386267,-0.104782635001369,0.6654533996839606,0.2832799145315561,-0.12723199748555877,0.8935398208391165,0.11892497295309173,0.7902360298296388,0.6716298987684842,0.08763354883325668,0.3759840091894064,0.727783432486803,0.09760800181493365,-0.02903852925477983,0.7610534520777381,0.11754684295987078,-0.1290909877782238,0.6241368469034067,0.056882459424387286,-0.09229166476704279,0.6317492755923423,0.11341138741652093,-0.10466842852369566,0.8532474557180693,0.22660914324559933,1.3444763588420918,0.6596369704048896,0.24328620638017917,1.5872127574717447,0.6288605948375796,0.23446012262816132,1.4700736163988846,0.5664960002605925,0.3847447677601743,1.2363055223844348,0.6856175991149519,0.45317465607081575,1.0108111851408372,0.5775890188270125,0.3158811468263116,1.1290724562982162,0.4910458958343177,0.2722506444023179,1.220771112314236,0.5370023583709449,0.23764874961692314,1.2200271780176617,0.4690305628597909,0.227826674274819,1.1535702499425244,0.5136411261638592,0.06842027455305717,1.2377730311480017,0.6650420911915111,-0.002987853000095889,0.9449156378662111,0.7242624926818743,-0.015851436462139996,0.7208046477206693,0.6526289517533299,0.03584186119836991,0.6494772165238576,0.5713345284208605,0.013784062527915223,0.6056264877320764,0.5640914691718435,-0.032039465629679,0.5821779102341859,0.6579227530419844,1.1666666666666667
0.3290849725122619,0.7879653863711782,0.6754745416542018,0.32584575523295567,0.35896901390211433,0.7415442855293083,0.32608686073367105,-0.04022625199316708,0.7981848666670502,0.28020212064191585,-0.10544729946524843,0.6149402229584754,0.35175594953795053,-0.10545003935101105,0.6655336549614376,0.2833118436669543,-0.12709943005562746,0.8934986035913229,0.1177155547711567,0.7899180106932047,0.6730927803529518,0.08734665341996005,0.37656493437320726,0.7274766645319669,0.09766075962945515,-0.028644546066522183,0.7611734168499924,0.11743782700717492,-0.12996978849945245,0.6253965695117287,0.05670938672614854,-0.09168025025048934,0.6322857312923724,0.113879904024864,-0.10473850935490381,0.853485217953196,0.22598408326920366,1.3430669001626463,0.6599512290368893,0.2432582252848283,1.5869675359988618,0.6286310424259204,0.23445819807242196,1.4700479583809656,0.5665349585143382,0.3845951051657628,1.2356651750016043,0.6856327552569542,0.4498165519577395,1.0125206958319235,0.5757618601646041,0.30984541476027594,1.1308293095424504,0.5015763183232114,0.2672792932889767,1.222052282488582,0.5566231521453137,0.23274475823955992,1.2205745321862047,0.4892659731871418,0.2233372348557772,1.157492296354708,0.5148520052955535,0.0684556557011709,1.2377616636546798,0.6649517444280286,-0.002080649095156248,0.9453116436495329,0.7242589567503712,-0.011163779865967782,0.7224889341054314,0.6427019480010839,0.03838748653104835,0.6498384350766869,0.5709592659146293,0.018642792369196897,0.6053202293190171,0.5595557574690457,-0.030516031469066746,0.5801714995173366,0.6556193126613429,1.1833333333333331
0.32958351911434636,0.7885140029884591,0.6730562627952341,0.3258828264960481,0.3584506116134522,0.7415341170394584,0.32556520669156486,-0.04072911882363732,0.7998995521726481,0.2802467513385758,-0.10564603564572557,0.6150004494000492,0.3522302961952052,-0.10618424997722113,0.6656576672631316,0.2834275644346837,-0.12714324072048644,0.8932813724786317,0.11661352418721586,0.7886674341158426,0.6742844370340146,0.08702280130759983,0.3768748168875422,0.72718277245383,0.09770096833023081,-0.02825977419592582,0.761325690860815,0.11736454378410685,-0.13008856806408955,0.6256986711055019,0.05655797225085859,-0.09105629667895965,0.6327106388486057,0.11440028165149536,-0.10504551791330077,0.8537652778407955,0.22579392565880624,1.3422274102730807,0.6604255299518093,0.2433625762910576,1.5865335559108873,0.6282554963543696,0.23446052523909133,1.4700284037315017,0.566554275313949,0.38448090131454526,1.2351156639151777,0.6856307104199151,0.4476936201841496,1.0139349077087523,0.5740330597962691,0.30471929833819167,1.1305376847985662,0.509149978718906,0.25972002832875385,1.2195700219787147,0.5712184952422339,0.2285405490743423,1.217316755463812,0.5063572683237216,0.2203376622661633,1.1586738028453312,0.5170541840770577,0.06831199248824787,1.2376750652187698,0.6646734718715179,-0.001355911253586313,0.9453083526517735,0.7248033677600674,-0.0058991157958879145,0.7250122095366045,0.6314953442060094,0.04131269003770856,0.6502241328346509,0.5698773920175314,0.022326846231165265,0.6043272686835099,0.5573938936898593,-0.029481344202152752,0.5790702634860263,0.6528133553527085,1.2
0.3299616577947511,0.7885030026822719,0.6711563471549076,0.3259469143401836,0.3577832948489594,0.74145577687075,0.3251320540379393,-0.04108431022002987,0.8013118616710214,0.2802709163170568,-0.10575064450781821,0.6150628015676978,0.3526244820414115,-0.10689005732382756,0.6658332506259009,0.2835858752860459,-0.1273618310659592,0.8930649048086392,0.11558742177504576,0.7867458778382526,0.6753129346341891,0.08671326287319218,0.3769827511261489,0.7269068054961968,0.09770965495917086,-0.027931456514517228,0.7615190257649647,0.11733204944964998,-0.12986952780213357,0.6254369629834775,0.05644483098419237,-0.09050960996080895,0.6329854374907904,0.11489895100627796,-0.1055243870664108,0.8540821946164546,0.22589113017029522,1.3420161125099952,0.6607457928004052,0.24347173138505313,1.585951163891477,0.6279100591988559,0.23446145705646532,1.470017465123788,0.566564417124114,0.3844242432344392,1.234634736841347,0.6856999456557231,0.44689901683608535,1.0148767957954108,0.5725681125582188,0.30087267227570114,1.1292548403288458,0.5132353357928606,0.2512416505714562,1.214762712367643,0.5787966681623993,0.22538844835511113,1.2113588329394644,0.5172271862864622,0.2183398788975452,1.1584264656053034,0.5195979413973341,0.06816380057753496,1.2375993461454837,0.6644908435300261,-0.0008521984683772638,0.9449359293876911,0.7261702424591725,-0.0005023558584873297,0.7283360059825374,0.620120135212961,0.0443808171774295,0.6504734084481876,0.5681536409859604,0.0253434990959032,0.6033413120658833,0.5565344726817181,-0.028451978958983864,0.5795648650324104,0.6485242017465327,1.2166666666666666
0.33019041390351844,0.7879442906649848,0.6700349799570973,0.326038616460848,0.3570326301866674,0.7413310071160262,0.3247908537783113,-0.04126933110282925,0.8024166559013941,0.2802719616510286,-0.10574533740204871,0.6151035591418953,0.35288216915501197,-0.10756664985861508,0.6660681478260102,0.28375915403607893,-0.12764099301480075,0.8929949359678668,0.11460342117298924,0.7843867065873337,0.6762697031937188,0.08645902618133343,0.3768822827562206,0.7266323793661816,0.09768344791115967,-0.02768031471715933,0.7617339357585603,0.11732356871280578,-0.12959342029144863,0.6249904004004991,0.056379914326488534,-0.09020310520186149,0.6331097552147555,0.11528109931618387,-0.10608054147693545,0.8544116136509746,0.2260360402320763,1.3422527642075945,0.6608757961864897,0.2433947862382483,1.5852964004940493,0.6280483727407384,0.23445517811992028,1.4700172971125411,0.5665757021282202,0.3844334736132753,1.2340017982377247,0.6858454207242394,0.44723486846468197,1.0150005479235187,0.571694917131101,0.29847848226843937,1.1277336572223866,0.5140414021340183,0.24358350934250095,1.2094444923869951,0.5790639319982454,0.22323144431643366,1.204549263155342,0.5205788028868321,0.21694478153534474,1.1577161414383967,0.5206980364692063,0.068087167739107,1.2375568265913115,0.6644347486938729,-0.0005098135758955728,0.9443566790201628,0.7283044303531037,0.004545832445622648,0.7321385562348283,0.6097202736008138,0.04722266728058089,0.6504200152644464,0.5661017198425489,0.028281703276833832,0.6029093281483282,0.5557930372291129,-0.026562314167701585,0.5821088896337789,0.6414380950970627,1.2333333333333334
0.3302717089108391,0.786762302174678,0.6697048819924628,0.32615459984080614,0.356213551394807,0.7411845913135574,0.32453837725871165,-0.04136597209496612,0.8032126066873797,0.2802543800592171,-0.10563292440967935,0.6151139996570673,0.3529880322318313,-0.10819295478447565,0.6663494877406563,0.2839339740680296,-0.1278481190818714,0.8930787850065899,0.11366695065702491,0.7818129596579991,0.6771281243851673,0.08627349976451902,0.37651806160454027,0.7263528828750391,0.09763504345998159,-0.027521424233071135,0.761935097838225,0.11735096212578634,-0.12921473886915238,0.6244463840065011,0.05636605754899482,-0.09029532654584813,0.6330995902027462,0.11548564054569256,-0.1066577686741313,0.8547142482916708,0.2261088275317773,1.342605303787047,0.6608982613735971,0.2430060010737086,1.5846583828227732,0.6290222791244483,0.23443928530332,1.4700287222128274,0.5665917832543359,0.38449734937925306,1.2330199428988116,0.6860230305454788,0.44844373690623673,1.014213146974863,0.5715151825409068,0.29739009807976263,1.126290982268124,0.512433295668582,0.23775945841771007,1.204819797798096,0.5733872571221605,0.2217621519916129,1.1983876496570796,0.5175599164198851,0.2159903012465152,1.1571474946815812,0.5191674574998077,0.0680670861554914,1.2375351108877972,0.6644343566395493,-0.00022961938698182622,0.9437214340846196,0.7309709270953684,0.008795936390730601,0.7358100108436335,0.6012226518135435,0.049834104454211686,0.6500420142098868,0.563842986895683,0.03145244207446973,0.603199152556842,0.554532195354179,-0.02320184220220863,0.5865751975641728,0.6309219365281433,1.25
0.3302505944959551,0.7850670016394129,0.669902085624917,0.3262884094019945,0.35533387535474714,0.741048474048467,0.3243692770291639,-0.04150087295617434,0.8036924387252895,0.28022234830003845,-0.10541916886737364,0.6151024148501832,0.3529261246239896,-0.10867835945667585,0.6666492836599163,0.28409566353024135,-0.12794104351941446,0.8932224229604565,0.11280053258884906,0.7792827252276401,0.6778567726464436,0.08615208539603231,0.3759065850359395,0.7260790805874573,0.09758158496049514,-0.027474056658713372,0.7620945543431203,0.11744344886726413,-0.12874520733642889,0.6240090945356236,0.05639427041704924,-0.0907912870705014,0.6330018475321822,0.11552317449692279,-0.10724159777204575,0.8549689961658123,0.22611997973951553,1.3428239991190485,0.6608956516836684,0.2423126644686523,1.5841319972462116,0.6308310132393203,0.23441507042597604,1.4700502175320453,0.5666107295309295,0.38458329290683124,1.231840845007459,0.6861549980929545,0.45022461824225907,1.0127400394262651,0.572012008313434,0.2972318753358918,1.1249953441300644,0.5097417903485721,0.23373051333367117,1.2011444445841941,0.564087423664043,0.22073865793983236,1.193401074972167,0.5108276043343031,0.21540162844848681,1.1571190503085844,0.5150392481163115,0.06806917388919209,1.2375199340859075,0.6644400642346987,7.650286562889789e-05,0.9431154048403793,0.733905708337107,0.011916746998384749,0.7387053653819545,0.5951290688418218,0.05254660855443981,0.6495195628258487,0.561214580946318,0.03474077277226399,0.6040486564546095,0.5528172097658275,-0.01830823666257473,0.5922787635790567,0.617556648294914,1.2666666666666666
0.33018958634754003,0.7832542877324273,0.6702691237504081,0.32643180784361275,0.3544232104673228,0.7409590522159297,0.3242806071726112,-0.041739535562475116,0.8038497774727782,0.2801783946977875,-0.10512685800704927,0.6150822927124994,0.35270022070961066,-0.10892995657263825,0.6669300056162456,0.28423270340270573,-0.12796157611546596,0.8933410881664182,0.11202501121426785,0.7770829620781936,0.6784735617978398,0.08608444123033322,0.37517499944226385,0.7258200278916411,0.09754045670559952,-0.027530670453032396,0.762193947905534,0.11753324793170342,-0.12857162969703742,0.6242109744339821,0.056446036766215846,-0.09154410879144204,0.6328801471233014,0.115466160021115,-0.10784313063194144,0.8551886039166898,0.2261083940438344,1.3428869134140247,0.6609050148941695,0.24141206869380855,1.5837946379593995,0.6332153117209595,0.23438680736631762,1.4700778462524366,0.566628462650419,0.3846544176329141,1.2309053673285153,0.6861646359260103,0.4520264819759031,1.0108910855270903,0.5732145775981604,0.29768288467673404,1.1238600627262132,0.5072186915909167,0.2308991585275188,1.198112572668081,0.5539589541775016,0.2200618510404209,1.1895386602838591,0.5031468241596435,0.21513083710237002,1.1577707715391166,0.5091587084185258,0.06807663932479487,1.2375081068525915,0.6644380566163652,0.0004319755857428867,0.9425803312248612,0.736832803813501,0.013807366922473117,0.7405307922739133,0.5913753318065671,0.05564029937581169,0.6491905031700852,0.5578529451013057,0.037804454074060384,0.6052348802043547,0.5509335100818658,-0.012280734487983367,0.5983833890383131,0.602828572293719,1.2833333333333334
0.33010814613801015,0.7817325094331129,0.6706248670729839,0.32657250507177493,0.3535385108252642,0.7409346791553996,0.3242786050085704,-0.042044657999595364,0.8036765781260491,0.28012752069209623,-0.1048050652860764,0.6150606129924486,0.3523877779141372,-0.1089582537818128,0.6671421474709307,0.2843472010010367,-0.12795849366492976,0.8934033432396339,0.11137376256375434,0.7754076544782064,0.6789977774081303,0.08606087633470212,0.3744578378283392,0.7255796568548117,0.09752699265389914,-0.027632778603224717,0.7622184039222585,0.11745507412320637,-0.1290507771567841,0.6251408311471588,0.056505124897933995,-0.09238979546214693,0.6327689559346386,0.11540922649263656,-0.10849142393574755,0.8554084951052583,0.2260866095609892,1.3428902776750986,0.6608895381779556,0.240431667091699,1.583662286999431,0.6358247896262198,0.23436036157016157,1.4701062705176438,0.5666404963853051,0.3846918426547986,1.2305524226250777,0.686019304083922,0.45314345291576985,1.0089437192673003,0.5751299414836228,0.29859494643833034,1.122956225511344,0.5055216484728617,0.2289198341645015,1.1954298357834203,0.5459804887272472,0.21967076380737727,1.1868634308201174,0.49668748526871764,0.21519528220497622,1.1588450726016402,0.5029686864444067,0.06808727719085914,1.2375076317952645,0.6644323375208517,0.0007951556992894316,0.9421227092048522,0.7393621157305518,0.014663446666164565,0.7413996225180339,0.5894470849113009,0.05905439176748545,0.6493401656310507,0.553506250097949,0.040378523781236915,0.6066024044052839,0.548976071774785,-0.0057836695553720036,0.6041381273049812,0.5885484575650017,1.3
0.32998568103785614,0.7806163351919718,0.6709805254830141,0.3266983897421122,0.352746607699508,0.740962675356367,0.3243790059795231,-0.04231629434820458,0.8031614261365975,0.28008010947033135,-0.10451098141721443,0.6150418348041736,0.3521420587742584,-0.10890510452138938,0.6672410970518512,0.28444905175929663,-0.1279579121113798,0.8934149378580644,0.11090384970952341,0.7742893807709977,0.6794152858319407,0.08607639839862036,0.37379871561639466,0.7253653188113376,0.09754082241139034,-0.02771091946753211,0.7621631723054748,0.11720119560114817,-0.12997271848378317,0.6260332825402517,0.05656098815247785,-0.09322443135989061,0.6326659564710517,0.11541539441452967,-0.10921234102838474,0.8556594508207723,0.22604112642558827,1.342900399439175,0.6607499324289342,0.23950898441618113,1.583665318214682,0.6382861677551117,0.2343407727598258,1.4701299790679536,0.566642863889403,0.38469933978672066,1.2307269582952356,0.6857279611756815,0.4531780807605462,1.0071870633363798,0.5776534771589774,0.29982221249790963,1.1224357157364064,0.504758337402811,0.22793035765318476,1.193158562452156,0.5424173682378859,0.219507752324069,1.185639743499083,0.49279248406438203,0.21559273420399322,1.1597578343862953,0.49831325344027383,0.06810182282232868,1.2375312823561366,0.6644331488800503,0.0010774010281971828,0.9417388823600604,0.7409113770637498,0.014866966581430106,0.7415610205500404,0.5887245526790232,0.06246343086110984,0.6499779177034537,0.5484947536797445,0.042391034196813025,0.6078927967412322,0.5469885950506368,0.0004820194905903767,0.6088304416775362,0.5764084438704884,1.3166666666666669
0.3298377513268519,0.7798049928692461,0.6713394255713503,0.3268073354070341,0.35209536765484506,0.7410177942671503,0.32459910199283293,-0.04246234925691128,0.8022882959973853,0.28004782270044115,-0.10428499256511035,0.6150316016632194,0.35208235723861514,-0.10890368535188841,0.6672071816295356,0.2845416584294218,-0.1279753229793355,0.893395439389591,0.11067106191006465,0.7736722979737134,0.6796818771917867,0.0861288469404577,0.37317785884776666,0.7251912221993901,0.09755735774318999,-0.0277811336762792,0.7620440207704646,0.1170334484767038,-0.13070016282547306,0.6260301360022703,0.056604629685934646,-0.09397958247969726,0.6325505937778296,0.1154880503933054,-0.10998706590836843,0.8559408221853693,0.22596580571386318,1.3429270911496642,0.66045420428532,0.23878551331524783,1.583700807335792,0.64022961767379,0.23433055873224487,1.4701437381247615,0.5666348967404351,0.38469144731573857,1.2310680873417947,0.6853556357228802,0.45231495388151044,1.0059056113096827,0.5805786013276497,0.3011299965872928,1.1224035997483026,0.5048450694258578,0.22810715417082741,1.1916024047223865,0.5437876586155251,0.21956255576941863,1.185812542580046,0.49191692187791397,0.21623900442734628,1.1599250703325517,0.49667008900125176,0.06811823407896589,1.2375884077616581,0.6644493868504199,0.0011446642569483967,0.9414391684285985,0.7409673932446832,0.014767171304890258,0.7412264082776234,0.588721326826215,0.06552648189232504,0.6508422373201143,0.5437732671254066,0.04384556714326726,0.6086226796929283,0.5452363499520017,0.005851861738077474,0.6118225648164869,0.5677955831144731,1.3333333333333333
0.329722772007179,0.7792793102516453,0.6716233671025933,0.3269029314441441,0.35159764141820365,0.7410878590748345,0.3249513919114811,-0.04243679394408413,0.8010342053956915,0.2800350857208946,-0.10413712962261028,0.6150261650314837,0.35217976062216594,-0.10893345252876349,0.6670253804815379,0.28461718610170206,-0.12801436028052846,0.8933606247866136,0.11070141258557678,0.7735053646149737,0.6797573166996078,0.08621481498787456,0.3725926819097156,0.7250774212912616,0.09754925542356589,-0.02795638116117828,0.7619113842746454,0.11718882753463623,-0.13072396250245155,0.6248502885454872,0.056629928917734676,-0.09457548979978005,0.6324006603650444,0.11560275208049384,-0.11074474829435965,0.8562250423226273,0.22590795978655004,1.3429428198342888,0.6602310379104568,0.238373198380869,1.5837145953906024,0.6413713700086054,0.2343285758056847,1.4701426235900754,0.5666265830780939,0.38467813797516304,1.2312678139767117,0.6850294427213661,0.4510512398483309,1.0052884050526172,0.5835380465932449,0.30231821806008724,1.1227594562232999,0.5057097034136557,0.22928551385944385,1.190871487513164,0.5488168356149269,0.21987863445807576,1.1867202209792835,0.49383850587134015,0.2170479119810465,1.159142691508494,0.49826267849433437,0.06813287224286313,1.2376769779270178,0.6644826293031064,0.0008665624118158407,0.9412084102557113,0.7395670469303689,0.014586914953154636,0.7405815393406667,0.5890710128748771,0.06791293349175584,0.651564391292109,0.5404291291720882,0.04467380984980351,0.6083429765013639,0.5441387223791034,0.009678072645517162,0.6127637703589792,0.5636640468183066,1.35
0.32967719611174995,0.7791730594884968,0.6717185657068541,0.32698216356152726,0.3512222829438122,0.7411765764132977,0.3254401374057517,-0.04222332808142172,0.799385992080387,0.28003742972868195,-0.10405413882224986,0.6150082034052496,0.35230716099235615,-0.10891079183733247,0.6666675401610772,0.28467726880829175,-0.12804207667382222,0.8933200866525699,0.11098056468059972,0.7737554600378727,0.6796266871558023,0.08633380776709444,0.3720654133103247,0.725035915271661,0.09751936395560902,-0.028316476154113257,0.7618670724046476,0.11764180547389559,-0.12991698173467275,0.6226574137906293,0.05663383691200107,-0.09493040199724148,0.6322238345236723,0.11574341258422077,-0.11141397581718865,0.8564841371665236,0.22596165359122652,1.3429040297654198,0.6605227225984491,0.23828466794220943,1.5837107032804887,0.6416806328935079,0.23432997428256694,1.4701231903310505,0.5666403557816373,0.384659181670732,1.2313044254833592,0.6848523137059714,0.44971933509246326,1.0053592064235102,0.5858881911469213,0.30329037639340617,1.1232663198962702,0.507231169774023,0.23103614208657686,1.1907640075006118,0.5552910085274846,0.22048869911397523,1.1875351602836788,0.4978881133035229,0.21795882336734934,1.1577666821510328,0.5018967367090778,0.06814304694978811,1.237777666546272,0.664525320185145,0.00017963539906665,0.9409991852134317,0.7372601295184308,0.01445548552611738,0.739770754265958,0.5894852568872692,0.06915413680058664,0.6517505279830561,0.5392694737851631,0.044770264875270624,0.6070339569357249,0.5440253846534457,0.011556239044949276,0.611768808003148,0.5641139091364471,1.3666666666666667
0.3297198395621151,0.7795510838498295,0.6714853450308602,0.32703812237518154,0.3509031624828462,0.7412870976647765,0.32604939077001444,-0.04180837516400367,0.7973975292677667,0.28004942718211623,-0.1040290210703087,0.614966080225617,0.3523884022188172,-0.10885993803266725,0.6661803027264985,0.28475608006797765,-0.12798919053686908,0.8932896683056818,0.11144712371611412,0.7743360814163944,0.6793026235802934,0.08649211284574618,0.37158247546760753,0.7250543030831853,0.09750213715027006,-0.0288331173200002,0.7620193486642098,0.11822158178928208,-0.12836812768824551,0.6197053721272227,0.05661461743483605,-0.09503430429251034,0.6320613866746241,0.11588812306580488,-0.11196029069827809,0.856696267602953,0.22619673073130492,1.3427834698273162,0.6616442282739126,0.23839714205799606,1.5837052230682565,0.6414685503443287,0.2343293413944033,1.470086068892608,0.5666954861359598,0.38463233198312763,1.2313460990883829,0.6848245885146362,0.4483475458673839,1.0059665783382976,0.586891369365808,0.3040170266812011,1.1237813550118583,0.5090603614717677,0.23296014781800442,1.1911086269237168,0.5612745772273129,0.22136000060981859,1.1878147577011484,0.503093936141535,0.21888516193084429,1.156453740551439,0.5058776037571384,0.06814733899899078,1.2378598574318216,0.664565237482516,-0.000926785518326849,0.9408140937315872,0.7345012928372663,0.014416682160882262,0.7388381990515505,0.5898348134592566,0.06879276207898202,0.651082202181761,0.5407024026386227,0.04415176374927488,0.6051442525055746,0.5449763746859264,0.011587306574611104,0.6093812703463826,0.5680601392714266,1.3833333333333333
0.32989687700722437,0.7802604082619752,0.6708079141974517,0.32707086984955575,0.35057067298789735,0.7414136092724309,0.3267258109638889,-0.0412040358759173,0.7952461795079218,0.2800709365094436,-0.10408063395718295,0.6149133703117449,0.35245318778742185,-0.10891053116462099,0.6658357536836274,0.284883445604499,-0.1278223034444188,0.8932871840860567,0.11200458677394816,0.7750661093408581,0.6788714567702194,0.08669353749501081,0.3710765066641156,0.7251104863572246,0.097529619268356,-0.029415240844684054,0.7623660199440971,0.1187931615897346,-0.1261858428552081,0.6162094803508171,0.056577012419358495,-0.09498718048895843,0.631940189953337,0.11598911110004828,-0.11235478057167565,0.8568381155540458,0.22661175013828555,1.3425880116725777,0.6635671451921978,0.23853739989151135,1.583703053627235,0.6411748691143238,0.23432498251672923,1.4700380237648796,0.5667884056681136,0.3846015111856206,1.231519213752034,0.6848789337018075,0.4468876379487051,1.0068481084085945,0.5862196054680116,0.3045199042700004,1.1243199523355931,0.5106112061221248,0.23486637971131352,1.1919280731477724,0.5660542079238603,0.22233787586531134,1.1876093086244537,0.508457982002314,0.21973216816064603,1.1556438376021698,0.509240303002785,0.06814567850930528,1.2379010559081722,0.664594764863159,-0.002461979117883886,0.9407507442093967,0.7312943382974816,0.014439354329070918,0.7377804654153912,0.5901480839908396,0.06680200333277017,0.6495509808422881,0.5445932462304572,0.0430025304053205,0.6032128146810071,0.5468491499174021,0.010224954055626092,0.6062838218867537,0.5738011162888017,1.4
0.33024770369070156,0.7810614273267443,0.669725723101798,0.3270872205902645,0.3501680674759961,0.7415512289979427,0.3273849254278457,-0.04051685267724134,0.7931886917123027,0.2801051507780001,-0.10423626164228815,0.6148821867847273,0.35256894203174394,-0.10920433716470425,0.6661012620816095,0.2850337556985158,-0.127608788421361,0.8933016724150902,0.11256161351378317,0.775729137115096,0.6785254415329539,0.08692404462955854,0.37048564303398945,0.7252023105238635,0.09759480613333772,-0.029958604938625927,0.7627389867499658,0.11928801080783019,-0.1235836318857729,0.612559556843106,0.05653391264397335,-0.09492160237568696,0.6318575136594763,0.11599673311051728,-0.11252684145195099,0.8568871134323423,0.2271510837280595,1.3423480831451362,0.6660167635076077,0.23861182061696987,1.5837038135439625,0.6410363825046008,0.23432004760492425,1.4699910029192496,0.5668932721598081,0.3845761931009706,1.2317968367597627,0.6849506754021658,0.44537631562945623,1.0077265135596225,0.5841920023713851,0.30484904733335044,1.124899684935491,0.5114148653757153,0.23667386714910243,1.1932210143391029,0.5698510154259917,0.22300986509359877,1.187363619731335,0.5131453291464968,0.2204502559814825,1.1553648393270284,0.511992488353209,0.06814005468252997,1.237895134341092,0.66461875653576,-0.004409636126580506,0.9409325684958697,0.7274843659564503,0.014457651854160064,0.7366535618482593,0.5904695808216811,0.06373248964532015,0.6475056116333971,0.5501863251594529,0.04157158180393067,0.6015066594988047,0.5494474218059171,0.007966017165212426,0.6030022628479812,0.5799374397758718,1.4166666666666667
0.3307325224942517,0.7817899885138098,0.6685101125123016,0.3270928905040941,0.3496742001033643,0.7416950924029667,0.32794875118547884,-0.03993198299959723,0.791434820418908,0.28015406853038505,-0.10450419982648354,0.6148980933508668,0.3527582251844005,-0.10982793304521134,0.6673518121658113,0.2851603746096195,-0.12746810502404726,0.8932895578634725,0.11307179132632328,0.7761945013684577,0.6784146596631568,0.08715346396267128,0.3698043555794182,0.725335325151981,0.09763989529503993,-0.03040638007682668,0.7628729389346892,0.11964869122630951,-0.12111237031543368,0.6095893856165183,0.05649789500840704,-0.0948969515328411,0.6318050098712933,0.11589256154244819,-0.11238755028784901,0.8568171517639639,0.2277380306365802,1.3421001205166694,0.6686387725681381,0.23862546498274487,1.5837082337900774,0.641037410800968,0.2343204994768523,1.4699574839697147,0.5669817358771752,0.3845650781594467,1.2320649641024233,0.6850006718292325,0.44387209303696484,1.0084115858909621,0.5814454252541745,0.3050454400674975,1.1254101193271189,0.5114954474768392,0.2382929366382164,1.1948194088823931,0.572901322151888,0.22278587745686695,1.1876929292035752,0.5165864921274732,0.22103654466116068,1.155452536999181,0.5144587376445291,0.06813355761008316,1.2378432880506098,0.6646520205959164,-0.006651207250202378,0.9413956207838239,0.7232471886293647,0.014380465157238766,0.7355950706036573,0.5907820549822439,0.060470164645745915,0.6454319156242156,0.5561784025903855,0.04010692947986782,0.600046763204964,0.5525599686683109,0.0053140241156529365,0.5999181794002992,0.585487462308184,1.4333333333333331
0.3312329331418277,0.7823971515508992,0.6675437052417225,0.3270926182849139,0.34917960243658,0.7418116983314799,0.3283708633378408,-0.0395788550742595,0.7901035002431094,0.28021610106547173,-0.10486437083851198,0.6149613939288383,0.3530108719510029,-0.11072652597998717,0.6695521171293652,0.2852479779740423,-0.12747080791309628,0.8932221710832692,0.11353743360462291,0.7765329237500448,0.678427300488797,0.08736472382155502,0.3690804342973358,0.725469665182333,0.09759039660356518,-0.030773185723614344,0.7625404965020739,0.11980406339658171,-0.11948718370847522,0.608118602776794,0.056477629330477556,-0.09489021349426097,0.6317690967873636,0.1156915355439842,-0.1118982004979724,0.8565913876430663,0.22829051609330075,1.3418791142270923,0.6710697237929663,0.23861323180546218,1.5837179445010627,0.6410855657751788,0.23433181994782462,1.4699449258962263,0.56703615458813,0.38456844917556887,1.2322354425500777,0.6850122964244413,0.4424003327169742,1.0089038122596845,0.5785088239541153,0.30516052719900133,1.125674060235141,0.5112429530468816,0.23970194559781893,1.196494856935058,0.575392299452437,0.2213484141573982,1.1889902789092544,0.5187815156211469,0.22151950049180252,1.1557501148331268,0.5168474564819474,0.06812786641593867,1.237752853679725,0.664702873187339,-0.008990171769213337,0.9420519572101623,0.7190710633592683,0.014110069919280202,0.7348029485849752,0.5910446521960916,0.05793739521593075,0.6438549227835471,0.5609289930304157,0.03888783165280943,0.5989174384740771,0.5558413062853514,0.002836276782433877,0.5974910662106852,0.589552936396522,1.45
0.3316253868136726,0.7829302647098286,0.6670972079155106,0.32709819108276517,0.3488973840620255,0.7418326960450965,0.3286224595650197,-0.03946570925874178,0.7892973577323118,0.2802855424075564,-0.10526459670988997,0.6150509865784359,0.35337688847425075,-0.1116317625544012,0.67213092338051,0.28529460614702506,-0.1275915458761035,0.8931294745767936,0.11396441565393302,0.7769531525365179,0.678273815708738,0.0875761110455166,0.3683847532302595,0.7255205235944407,0.09741451833950573,-0.031083821760884214,0.7617130492988062,0.11977479586804009,-0.11898701828605518,0.608080650899027,0.05648202052003846,-0.09486080571776423,0.6317310723616778,0.1154251373436875,-0.11110694443877293,0.8561934358296962,0.2287277113349646,1.341717778067925,0.6729594655430058,0.2385969575975886,1.5837334632040454,0.6411229276124922,0.2343526978747031,1.4699533154086757,0.5670460500014123,0.38457889765723907,1.232278943108626,0.684992626055887,0.441017590545162,1.0093802366451443,0.57574707279613,0.30531994987238315,1.1255814370652908,0.5109953677664383,0.24100399465109207,1.1980221435677725,0.577922952925875,0.21898082053725165,1.1911990595496766,0.5204530893928129,0.22197720347645358,1.1560374949605365,0.5193952060950799,0.06812239309056317,1.237644150262546,0.6647616832686234,-0.01126809061860383,0.9427798740959131,0.7151880463049227,0.013647243122001749,0.7345215715069106,0.5912307203428401,0.056920531212127826,0.6433851963259145,0.5629301781276375,0.038362544886972445,0.5984880005140018,0.5585958097529237,0.0010627970181087062,0.5962603528488543,0.5914786086708403,1.4666666666666666
0.33184988133048376,0.7833941992425802,0.6672370812088103,0.3271264415833983,0.34899824934624024,0.741710147603912,0.32868150708620375,-0.03953811924965697,0.7891252729806388,0.28035434810762483,-0.10562494791941383,0.6151442079964202,0.3539784296133789,-0.11216179776081935,0.6742122329118151,0.28527648236854514,-0.12774674553537177,0.8931031255146245,0.11432758038073051,0.7775042236084472,0.6778640594534395,0.08781996465561061,0.3677504994493181,0.7254600651328926,0.09713262633688838,-0.03135793611343113,0.7606107554178583,0.11979883710676548,-0.1192296359381229,0.608675194813408,0.05651762690148311,-0.09479819039136242,0.6316838375752641,0.1151223716793868,-0.11016483783611233,0.8556800975004398,0.2289875741835498,1.3416407956753196,0.674045534916366,0.2385845042147437,1.5837530855797544,0.6411339238079075,0.23436578447359685,1.4699776157814075,0.567003441002998,0.38459242381518044,1.2321943306721779,0.6849757437234852,0.4398829374391988,1.0100077096398947,0.5735224709838052,0.3056970196649693,1.125132876098272,0.5108921633114417,0.24230007069864612,1.1990567309991025,0.5813794705544316,0.21648766122526458,1.1938212184754322,0.5227780761276195,0.22255790411981435,1.1558861927615232,0.5225252034520365,0.06811499387908534,1.2375431803456702,0.6648114035602759,-0.013423825568378782,0.9435534986261264,0.7112196912172977,0.013206047067901117,0.7349896198994714,0.5913230755290276,0.05795801984983727,0.6445851936036471,0.5613218459204565,0.03930743269565104,0.5994378408230234,0.5595082535062261,0.0003361095591399923,0.5966043572950458,0.5912033088822527,1.4833333333333334
0.33191830793087895,0.7836133955703899,0.6678788008684446,0.32718385705357883,0.34946007748536756,0.7414681203301335,0.32855529677865114,-0.03973445074510211,0.7895943174965364,0.28041450996102063,-0.10586996546026749,0.6152285520448835,0.35489190845372587,-0.1120399464815295,0.6750906779161737,0.2851565305464793,-0.12788411722664117,0.8932387586924833,0.11459704267330892,0.7778905820893899,0.677491403293849,0.08809281512386775,0.3671225056238125,0.725384523080702,0.09677402528200252,-0.031638253387857335,0.75952570598144,0.12015921904181365,-0.11963798927230591,0.6093040011251424,0.05658106377157924,-0.09471768149176865,0.6316336274263923,0.11479688748410226,-0.10929579717580426,0.855169489921677,0.22906342087264372,1.3416491590439643,0.6743160460981887,0.23857817412935883,1.5837733470470052,0.6411270270312852,0.23433781780068352,1.4700134214967033,0.5669108676354182,0.38461347925467493,1.231978884088398,0.6850107950609867,0.43921167815020545,1.010780747522939,0.5722285885236141,0.30634170718801995,1.124431696840137,0.5109822248237823,0.24354493744522976,1.1991749312594293,0.5863792951469211,0.21485933057860734,1.196042014096113,0.5268785966870836,0.22343510064726674,1.154817060050618,0.5265463127735126,0.06809700583905048,1.2374566961909914,0.6648382330679453,-0.015459645891126549,0.9444463810057075,0.7065526995409253,0.01318830928073627,0.7363241532506424,0.5913896450119979,0.06118022361731005,0.6477252907164786,0.556048825532302,0.042559286465219934,0.6026752057100093,0.5569431962422609,0.0007374361879016729,0.5986462545616207,0.5890519764284736,1.5
0.33185035119887574,0.7833169349386997,0.6689118073500158,0.3272587509022693,0.35010743438345626,0.7411749065297115,0.3282913482430159,-0.040005983001474815,0.7905502126302456,0.2804575316022384,-0.10596323955799983,0.615293477194207,0.35606924384565647,-0.11120020640495812,0.6745001009625927,0.2849336554062049,-0.12801178874268976,0.8935189003154527,0.11474299381356762,0.777690739829486,0.6775916305146692,0.08833237650677916,0.3663970745907278,0.7254221623532375,0.09635737501339582,-0.03195093326892426,0.7586104156536865,0.12087890978745391,-0.11993103565378135,0.6098445601447471,0.0566587826373957,-0.09463079786152893,0.6315879701112856,0.11444891064710548,-0.1086636810867043,0.8547468984570179,0.229023724159162,1.341710832180679,0.6740950559417132,0.23857903353457785,1.583790877588509,0.6411166749085624,0.23425688863597463,1.4700596537829198,0.5667982918295162,0.3846465211029836,1.2316440095651753,0.685139211155003,0.4390984032571891,1.0115563612608158,0.5720901536827233,0.3070807030376073,1.1236807399509845,0.5112906203604859,0.24458570859555068,1.1983097618068903,0.5928358743667244,0.2148684468939417,1.1971674316599206,0.5331861079192142,0.22465661076301724,1.1527514900101665,0.5311768394870592,0.06804383208100057,1.2373475357097696,0.6648202133763863,-0.017364328908123176,0.9454569873509407,0.7010245621657508,0.014058736630840075,0.7384059571041509,0.5916189065888815,0.06618706205800662,0.6526593082781661,0.5476950749349876,0.04827853171250996,0.6090055787722012,0.5500566536784394,0.002239477958986277,0.6023118487510252,0.585127141310963,1.5166666666666666
0.3316129438752066,0.7822982950250565,0.6703045412000922,0.3273322928100553,0.3507204608318627,0.7408741269364849,0.32794962863328203,-0.040322338262297544,0.791775097702762,0.280474991849489,-0.10591226063084522,0.6153221250782785,0.3573729682797392,-0.10974799829646564,0.6725680804752983,0.28467001093055466,-0.12815671044258245,0.8937861905944195,0.11469073278004713,0.7766851657997756,0.6783655495930179,0.08846660195019435,0.36551378944119733,0.7255968342988166,0.0959010930180845,-0.032262790356334364,0.7578599790206575,0.12176733329149897,-0.12012359104671928,0.6103086496683623,0.05673227750237021,-0.0945374587994318,0.6315505407819316,0.114077483865107,-0.10826893192180939,0.8544015658616678,0.22896282591057107,1.341780243023051,0.6738149955566289,0.23858674394007212,1.5838043689093055,0.641111819779673,0.23419469387160707,1.470113959202064,0.5667261278301954,0.38468850931079834,1.2312732257144094,0.6853927182999499,0.4393618008582372,1.0121930256010052,0.5728948323627325,0.307620916328909,1.1231720181921905,0.5117533041373122,0.24535786406857615,1.197087193800576,0.5997128176020255,0.21681156924237593,1.1971636416357163,0.5409143421435824,0.22595118078368182,1.1502469073954638,0.5354395712914359,0.06793129923689671,1.2371594533985928,0.6647147639024026,-0.019094486512443574,0.9463818121841475,0.6951265144365,0.01627775376962552,0.7409242521567891,0.5919220136118435,0.07229587027420217,0.6588703282664874,0.5371300673601148,0.05568939244590042,0.618591911508252,0.5394883288805996,0.005098068980115276,0.6074496116152227,0.578843157641387,1.5333333333333334
0.33117510266093886,0.7805054922872976,0.6719908863558592,0.32739314483411464,0.3511052991257029,0.7405651723873824,0.3275860714511559,-0.04065659942551812,0.7930660688446962,0.28046494556669216,-0.10575853145500529,0.6153045158127303,0.3586226827686773,-0.10793585823430013,0.6697535635362032,0.2844490988656139,-0.12835562946376586,0.8938788691669518,0.11436899234822456,0.7748950000801552,0.6796506738554028,0.08848361722082304,0.3645166139847101,0.7258115944541402,0.09541805065824137,-0.03251363015116494,0.7572232805770638,0.12260378896981178,-0.12032314325061323,0.6106550880628182,0.05678491898465166,-0.09444816185131993,0.6315235857650608,0.1136874010723564,-0.10801855298309018,0.8540653863310637,0.22892244366276487,1.3418279442930614,0.6736632780118508,0.23859868016999702,1.5838138546385412,0.6411141612397429,0.23429980026374408,1.4701682083885892,0.5667556217010302,0.38473272371428957,1.2310327234942149,0.6857909590549759,0.4396144873992138,1.012640448288152,0.5739058197423955,0.30766311086206793,1.1232306137168153,0.5121169116600375,0.24609434170364602,1.196603446588528,0.6050134176770399,0.22038686019391454,1.1966792920690235,0.5481530797447056,0.2266982693928886,1.148136408033089,0.5381757494698602,0.06779054453039848,1.2369365509736268,0.6644787172601412,-0.02065959056308818,0.9469851581902758,0.6895511413064036,0.020316460351744274,0.7436539946125305,0.5912784893107432,0.07919342542523236,0.66583782773465,0.5249105431143115,0.06384002824402853,0.6307608145177085,0.5265112981905438,0.009905888556398814,0.6140287119179659,0.5691185403945223,1.55
0.33060267272136046,0.7781024247676378,0.6736913577713058,0.3274387798245977,0.3511593489888607,0.7402345541015365,0.3272568678451485,-0.0409770623046319,0.7942285835579523,0.28043522394984866,-0.10556062923051927,0.6152549863984578,0.35961916407538874,-0.10624212787756049,0.6668168311584476,0.2843253594202606,-0.12865215668341579,0.8937147589561338,0.11385217693576878,0.7724604915344434,0.6810887776596133,0.08843854880136445,0.3635508905892088,0.7259407741826015,0.09489831928957013,-0.03266194444349341,0.7566750414663019,0.12313451601009659,-0.12062766963688985,0.6108088342094474,0.05680739853751986,-0.09439096889689307,0.6315092322308704,0.11328362540631343,-0.10785272934778073,0.8536770160938084,0.22888152260873154,1.3418399673851813,0.6735363417611466,0.23861106783748615,1.5838155692122429,0.6411207022838192,0.23469403214686718,1.4702139762262956,0.5669068867470177,0.3847775358906578,1.2311224033967085,0.6862999205284744,0.43949326888612006,1.0129941848839061,0.5738994127177806,0.30692690258273475,1.1240752794488333,0.5119983161126455,0.24730580020378967,1.1980123572433974,0.6058703754967169,0.22452101292470766,1.1966886545014945,0.5526906270716272,0.22609178210490785,1.147019582927734,0.5387474229788854,0.06772883345096659,1.236934724180235,0.6641187104548302,-0.022144258043108732,0.9473202157008525,0.6846747485711168,0.02659080608866538,0.7467830501030651,0.5877316698479453,0.08726726966238339,0.6735838592999054,0.5110545689656978,0.07248211577738417,0.6444802424930552,0.5116701312789733,0.017173615032493462,0.6222766905427755,0.555021473597945,1.5666666666666669
0.33002402396180675,0.7754168802870056,0.6750443186276263,0.32747021002195764,0.35091633743809936,0.7398754218499823,0.3269963329928538,-0.041261892625287275,0.7951310176689051,0.2803960583262548,-0.10536680434621679,0.6152059398762448,0.3601656796856807,-0.10529274869764725,0.6645939289866805,0.284333199976336,-0.12903325651729156,0.8932177688655363,0.11337801278155366,0.7696128713498609,0.6823501925944232,0.0884260841794101,0.3627758695859258,0.7259213904546358,0.09432169430666242,-0.03269207997443477,0.7562143633383928,0.12314229636577387,-0.12105905264120422,0.6107277583452031,0.056796194994088445,-0.09438620829177329,0.6315103606005016,0.11286280961062434,-0.10776462112686434,0.8532151020167029,0.22882064913815026,1.3417959541340816,0.6733163482208602,0.23862096661121146,1.5837956537970654,0.6411239420547639,0.23537501927205912,1.4702545008581747,0.5671384451645151,0.3848262330899952,1.2317543018772126,0.6868059378018173,0.4387557405559497,1.013516368899979,0.5714405982120788,0.30520570357863336,1.1257641456471228,0.5110390825224258,0.2492623838122427,1.2022480319674906,0.5990649548137512,0.22740762573014156,1.1982836913665922,0.5528010024998893,0.2233803428633502,1.1473112892394302,0.5371271869982137,0.0678869233655946,1.2375171983116782,0.6638026623010094,-0.023572047864048352,0.9478765134920213,0.6804476564745587,0.03516283457790887,0.7511309581864717,0.5794471334490761,0.09709602685265514,0.6828440104580371,0.49552716056362867,0.08205045018253412,0.6591632674786394,0.4947699610326731,0.027158589231898934,0.6329551524337411,0.5357597215013152,1.5833333333333333
0.3295152187850272,0.7727733852370584,0.6758930213356785,0.3274908795787269,0.3505116770524492,0.7394901292276596,0.32679486897023313,-0.041499973457328906,0.7957697655249208,0.2803533588181636,-0.10520220830882976,0.6151834051698427,0.3600869597480425,-0.1054569797901973,0.6636183253868958,0.28451579786337894,-0.12937437033047866,0.8922888326407665,0.11318492941035661,0.7666491609260776,0.6832567569906587,0.08854920702260438,0.36224494169295257,0.7257697827858164,0.09370977754309101,-0.03260537632267729,0.755837891219393,0.1226177363168161,-0.1215772834751327,0.6104661599280983,0.056752718096193686,-0.09442928409325914,0.6315291803074825,0.11241488946079621,-0.10772307923741445,0.8527186751963219,0.22878164069700446,1.3416829321841515,0.673142915753832,0.23862732812316395,1.583732285741345,0.6411121693350215,0.2361952461777605,1.4703143898674593,0.567350813820406,0.3848737548092603,1.2330578787334088,0.687164983567352,0.43721986057009016,1.0145184282982516,0.5656636069909223,0.30245448589006496,1.1283882629736304,0.5088845176010534,0.2513545453035464,1.2096903444168554,0.5826010273616775,0.22724607693585064,1.202463748343745,0.5476010819035612,0.21821074712356048,1.1495909596278344,0.5334562909714173,0.06844645285913785,1.238864057533916,0.6640518562254742,-0.024852326392191898,0.9494267239830633,0.6766149148743491,0.04545504247110273,0.7581641660824553,0.565861004956736,0.10878768163127712,0.6948814549960691,0.47833649430739195,0.09302667820163442,0.6752311252525758,0.47571739379298006,0.039896791143062806,0.647608298172462,0.5104353512394969,1.6
0.32906177340189524,0.7703747481087855,0.6763325964664388,0.3275031558500056,0.35010068702939734,0.7390940035676906,0.3266267646902706,-0.04168860248644686,0.7962066146797043,0.2803116668056831,-0.10507429406641652,0.6151870919845218,0.3593134595439292,-0.10655791650434923,0.6638738641139325,0.2848913435494561,-0.1295084532531659,0.8909370623598118,0.11335135698406495,0.7638158478158065,0.6837783125452896,0.08884946779163372,0.3618797591874783,0.7255362522028764,0.09314937220707058,-0.03242112039101265,0.7555244985260821,0.12176873405188951,-0.12211105571749403,0.6101407371533174,0.05668876771399217,-0.09449712647866479,0.6315590193866214,0.11194051000780945,-0.10763345565256432,0.8522698482327171,0.22884874470424227,1.3415626373753478,0.6733766497801208,0.2386322731919065,1.5836242515435672,0.6410803665217306,0.236928885666234,1.4704262235156949,0.5674205765065785,0.3848962544565059,1.2349270198755806,0.6872769539230114,0.43477897276855715,1.016206055311984,0.556842966323982,0.2988184874475359,1.1322583828532573,0.5051357999892836,0.2522553820084659,1.2199690751437404,0.5570198927586714,0.22322890935424333,1.2097382146289903,0.5373833979139948,0.21093284783283558,1.154575171719831,0.5277257253322996,0.06965177700328541,1.240827017870201,0.6656441569678986,-0.025958127057939522,0.9526390666002582,0.6729985200997936,0.0564032405979034,0.7695778596243923,0.5477634273461939,0.12201007641166314,0.7114271924735491,0.45904228578219114,0.10560900493634626,0.6941373831105653,0.45446404643076194,0.05495690178668502,0.6680400449863,0.4787867021900708,1.6166666666666667
0.32860709285564516,0.768270444563339,0.6765357042550734,0.32750261178164575,0.3498052726176242,0.738708344636434,0.3264848922559665,-0.04186491627750992,0.7964774018200074,0.2802782945189096,-0.10497341594841392,0.6151919707613941,0.35799603829734683,-0.1080489753513774,0.6648420022669469,0.28539309271558383,-0.1293742889961754,0.8893571358719266,0.11377678149222786,0.7612343301125454,0.6839383754813116,0.08925352152552418,0.36157509600062665,0.7252644777250409,0.09273450037959845,-0.03218281626356409,0.7552559956153644,0.12085955195501075,-0.12243174907181215,0.609816863742954,0.05662681532141065,-0.09455948371504767,0.6315813627909632,0.11147402610371389,-0.10744310135862115,0.8519299468062472,0.22906863934254917,1.3415908352642671,0.6742659674610803,0.23864414199061557,1.583533960779722,0.6410571652406607,0.23738486871532455,1.4705717803577592,0.5673104699897663,0.38486268679851865,1.2371530132554118,0.6871292091148542,0.4315035112196659,1.0186980420374687,0.5460606990404044,0.29459836628663594,1.137832071845216,0.49957813868796863,0.25074028493443623,1.2321102655942093,0.5251740642910208,0.21576959053046108,1.219908244679818,0.5237164962107752,0.2026554639513084,1.162705650917125,0.5197243306560453,0.07165159815279809,1.243094677446856,0.668925467013043,-0.02699075902951419,0.9577785500807692,0.6694450662475038,0.06700410628305797,0.7866780443187921,0.5265061763782344,0.1364053347997447,0.7344579250451362,0.4369290505238729,0.11985114035164501,0.7178157725676192,0.4305823838754998,0.07134627046604063,0.695359118385494,0.44206578734837676,1.6333333333333333
0.3281000675123,0.7663861890599436,0.6766118863837621,0.32748147712797393,0.3496869490524266,0.7383481233954304,0.32637713031178706,-0.04209608303421471,0.7965868798625209,0.2802610642593007,-0.10487818459862912,0.6151720479403179,0.3564511073487374,-0.10941659772903659,0.6658964906005913,0.28590237159127674,-0.1290596362930527,0.8877963642183813,0.11428209108335681,0.7589420666631371,0.683741198303319,0.08961168796090961,0.3613015166974968,0.7249888875842476,0.09250124077106102,-0.03194067622246992,0.7550482185909613,0.12005115612433159,-0.12213324725440358,0.6094705885344217,0.056588484691954974,-0.09459091083959284,0.6315765919826781,0.11107861506582191,-0.10724801526388679,0.851696670920282,0.22941316489797564,1.3418825914183128,0.6757242884786215,0.23867711420486293,1.5835736331491617,0.6411246991993843,0.23744664752540512,1.4706398742749616,0.5672094248627486,0.38476200056795284,1.2396692128553888,0.6867984977323867,0.42766137705148266,1.0221077363579634,0.5346438344542952,0.2901359482335892,1.145557473438505,0.4924651718506245,0.24604695883412175,1.244736775503795,0.49168064728218974,0.20597139245456345,1.2321518647771312,0.5088968864530782,0.19503952084977233,1.1738682185754397,0.5089869525231474,0.07428232681227132,1.2453920990354075,0.673351381784202,-0.027870998222314366,0.9647353923312493,0.6653393261481491,0.07676429745923025,0.8100722303322119,0.5033536154634113,0.15153044224936246,0.7653541995739959,0.4119872717200856,0.13566708190154875,0.7478483623628502,0.4039116276743009,0.08795699308108368,0.729528441423733,0.4029123131880782,1.65
0.32750917020231207,0.7646306921038006,0.6765883899959766,0.327437269670651,0.34973398788598425,0.738015837799052,0.3263124630337047,-0.042392289036568664,0.7965360337850708,0.2802644034594512,-0.10478092536763661,0.6151187790273983,0.354964315763572,-0.11041310052820623,0.6667311319456078,0.28633568201593806,-0.12871735795188388,0.8864237059313004,0.11472523496720059,0.756975283243879,0.6831908551546655,0.08979801633273041,0.3610914601935134,0.7247449263044567,0.09243440736021624,-0.03171612103622108,0.7549379268229353,0.11938387249538825,-0.12093562066746968,0.6090431936924813,0.05658347590021288,-0.09458532001656553,0.6315352457271093,0.11080888296007459,-0.10721162678118373,0.8515275411630248,0.22983112167672998,1.3423426708593456,0.6774985594411919,0.23872607723347838,1.5838224589840728,0.6413747492239751,0.2370290870544775,1.4704883658827013,0.5674812241881233,0.3846111018488274,1.242384202466964,0.6863967473185475,0.42362766379490313,1.0264486394131351,0.5239533572586753,0.2856589941801565,1.1557093618691436,0.4845048693566027,0.23777294593388398,1.2564100998608219,0.4623994916261509,0.19504610140385853,1.2452160408853372,0.495262122949355,0.18973334301500555,1.187547416813925,0.4947851671067689,0.07711293750334841,1.2474086201237222,0.6781618303024088,-0.02806145021135189,0.9731104138776683,0.6594955775475575,0.08568872657648663,0.8393973300230582,0.47945397642401166,0.1663674949464281,0.8039899030703048,0.3854482391695355,0.15234601725607022,0.78486117623851,0.37553328617183457,0.10411127577339316,0.7694432100771464,0.3646556052921148,1.6666666666666667
0.3268292814559349,0.7630160206122771,0.676449272757104,0.3273743465484137,0.34989011347959753,0.7376999552850748,0.32630091142003576,-0.04266933622594621,0.7963265280643606,0.28029043681896,-0.10470999789451557,0.6150344173110517,0.3537012523288432,-0.11100727606388314,0.6673510165766561,0.2866529584621734,-0.1285032233398146,0.8853634724378477,0.11507259694660599,0.7554180011289956,0.6823479994480047,0.08980497153243491,0.36097965669775073,0.7245376530071572,0.0925070016648183,-0.031500891543938425,0.7549487806191295,0.11888299184365475,-0.11896683737281516,0.6084945672183333,0.05661103143807829,-0.09456484027946307,0.631458686647877,0.11068744748598804,-0.10742173195498969,0.851404491369415,0.23031812284408862,1.342687047464434,0.6795068876046436,0.23872592056002145,1.5842744451003703,0.6417579844908592,0.23610427407719786,1.4700448118229854,0.5683951128075257,0.38443124854853006,1.2449208768656557,0.6860091559835613,0.41977210038424195,1.031465129634163,0.5151758521930762,0.2813063929886315,1.1680220072510408,0.47655778795697323,0.22608674515846366,1.2661812692911414,0.4426117901079457,0.18406945221422652,1.257816971862003,0.48458233207925483,0.1876227057817205,1.2030757510907117,0.47648901457303905,0.07974135644050986,1.2486145973260552,0.6833468189123311,-0.026786971198653538,0.9821799478598865,0.6510839798808519,0.09393812149984962,0.8729173203673919,0.45602096253163216,0.17932755971597072,0.8483132135283061,0.359295501167468,0.16818669393333519,0.8280429573742657,0.3475840691666808,0.1197245992766368,0.8132047328056892,0.33069385694269926,1.6833333333333331
0.32608945401015377,0.7616718736755113,0.6761755540570973,0.32729771982754624,0.3501190617438806,0.7373845763404221,0.3263550652387482,-0.042813199136123664,0.7959574200704017,0.2803424511818281,-0.10471578621331587,0.6149222995259008,0.3527617513512329,-0.11120348918307983,0.6677442975491864,0.2868232547715999,-0.12854251295587965,0.8847254499361328,0.11539781040784741,0.7543622746397994,0.6813426204791034,0.08974753793351559,0.3609896799928883,0.7242979352608077,0.0926948707080928,-0.031297116630156496,0.7550943994770015,0.11859838827769224,-0.11673527087979695,0.6078512265046411,0.05666845602828432,-0.09457101474354972,0.6313570973499073,0.110713363093274,-0.10786292634225433,0.8513625314446345,0.2309062217506998,1.34262125648105,0.68188116911316,0.23857244331133337,1.5848616449835644,0.6419563234278629,0.23480277204035133,1.4693285582728586,0.5699591773399175,0.3842286939164895,1.2468411858932857,0.685687427480889,0.41640550846014357,1.0366592701193305,0.5090137049480875,0.2773065525720079,1.1813926587287569,0.4691502202674479,0.2121513432961164,1.2738293595250767,0.4344676815259849,0.1740754032948657,1.2692005317979427,0.4770658557609959,0.18854051897075824,1.2196081476063034,0.45408211295319983,0.08203211647817865,1.2484796496777002,0.6894483000482639,-0.023546769629976524,0.9910734589233808,0.6406243215729552,0.10156338403897992,0.9078218057978404,0.4342125980826719,0.1890016472637424,0.8947125773126573,0.33552769548203054,0.18121735068808087,0.874833548160994,0.32214703741564865,0.13504350548791205,0.8583813322885573,0.30404086618977894,1.7
0.32535014882352997,0.760781945842421,0.6757543019909421,0.32720753984158657,0.35043859511976894,0.7370704915389545,0.32648418898177745,-0.0427552068358574,0.7954268893346674,0.2804203107541424,-0.10481784313344833,0.614790476793407,0.3522403297597563,-0.11093050823547947,0.6676644062373694,0.286849613673296,-0.12883337733049116,0.8845016879073273,0.11580206794614156,0.7538513053562854,0.6803081885030071,0.08975778045358779,0.36115223784639283,0.7239359787165333,0.09297658651701723,-0.03114360032964314,0.7553979355586024,0.11846449472515747,-0.11491572377449483,0.6072312728564091,0.05675583079297139,-0.09462271892621675,0.6312579295073031,0.11087599632883977,-0.10845633479830401,0.8514443211094502,0.23158386134711995,1.3420045573392305,0.6846560649880576,0.23821022228398048,1.5854956979353674,0.6415404170622212,0.23339546264038774,1.4684298764754244,0.571985965519065,0.3840075270897163,1.2480831467422133,0.6854724119678923,0.4137297719722693,1.0415454287433132,0.5054218493975667,0.2739408319671418,1.1942170715822695,0.4620014449005837,0.19824130468860435,1.2797322289649342,0.43558544344211314,0.16623060352292213,1.279329219971728,0.47051166494162333,0.19160263037546504,1.2360071967027526,0.4284153666204171,0.08406862050136463,1.2471378457236861,0.6964389707784967,-0.018405464366768955,0.999261843075173,0.6296259148432102,0.10860332194701242,0.941451652289345,0.41478316328498777,0.19486773925757928,0.9393975267603015,0.3157462917282087,0.19057246559287994,0.9216867282602796,0.3002380019976547,0.15021325574363623,0.9021918091380167,0.28672475093414274,1.7166666666666666
0.3246815848519512,0.7605609574553566,0.6751689155882883,0.32710012097504826,0.3508713859223176,0.7367895528493126,0.32668938442264656,-0.042491593404678354,0.7947286553154911,0.28049730014706864,-0.10494389643003074,0.6146499860147059,0.35221919650405076,-0.11015102315774243,0.6667461968786872,0.2868014560772519,-0.12920200633194484,0.8844981813254369,0.1163528064149205,0.7539384566576048,0.6792669807294778,0.08989879691969817,0.3615203528389548,0.7234402999492279,0.09334391400302518,-0.0310865688712417,0.7558831288922571,0.11828143155917974,-0.11404243333165803,0.6068011309812722,0.05686872303523055,-0.09465964209716543,0.6312153662834854,0.1111613243993264,-0.1090920463728792,0.8516523493995912,0.23227070254601928,1.3409636622484258,0.687584230762188,0.2376738894593455,1.5860873036176628,0.6403078152408623,0.23213648764776762,1.4675180333774174,0.5742019903395524,0.38379148509226024,1.2491028456077347,0.6853977714911289,0.41159477494967034,1.0459487382914516,0.5033662046628484,0.2712273514856387,1.2052073068468356,0.45412776342904,0.18720898749859588,1.2848197846582663,0.43957289045257897,0.1616863774072015,1.2885444250397053,0.4609787921649837,0.19550211561754363,1.2510092166115223,0.40129222577047974,0.08593325957744312,1.2456084243854342,0.7032757837326069,-0.011917141715301548,1.0068314191894743,0.6193100240558622,0.115397952776433,0.9723349004976417,0.3978773795491323,0.19736756128766067,0.979752827877844,0.30101803320224685,0.1969555418008963,0.9655542733877176,0.2816425845960653,0.1651830673636479,0.9421416596308709,0.2785182617335654,1.7333333333333334
0.32412802271552815,0.7612045779158064,0.6744057761993629,0.32697225829406706,0.3513833387984699,0.7365920237480951,0.3269679940674492,-0.042046244636895186,0.7938455588979898,0.28050917502630346,-0.10493941123251287,0.6145061654851605,0.3526955059988608,-0.10897037311072132,0.6648340521443769,0.28678382280977277,-0.12942264582612317,0.8844454483969806,0.11709484895403173,0.7547524106447581,0.6781012478262893,0.09017484559769666,0.3621433938786348,0.7228800552728002,0.09380957475295629,-0.031119031553851637,0.7565687523436143,0.118003938625339,-0.11427446689402546,0.6067106187110715,0.05698683458374483,-0.09456229958811423,0.6312903577779513,0.11155118697408348,-0.10966995422462622,0.8519608278904902,0.23289188960178836,1.3398544583798593,0.6903414127703045,0.23704762317536884,1.5865514283627362,0.6383772913605326,0.23114930357627014,1.4668217657368783,0.5762929288890257,0.38361587570760647,1.2506317141442638,0.6854551120605534,0.40921573073256756,1.0501080772184508,0.5011061141246165,0.26857752650032574,1.2139689238535045,0.4448372032809103,0.18077150102200606,1.2902376351535814,0.4397828942295354,0.16059613458286356,1.2970274104269806,0.44616683339030727,0.19826747588068097,1.263581033525173,0.37607110880679334,0.08764002045650102,1.2450664705655003,0.7088283520154027,-0.004826727919494089,1.0142933461939512,0.6099021878273455,0.12259259385036342,1.000246847065224,0.3830106477981759,0.19762866406617133,1.0145438326619565,0.2915472975318444,0.2018868918872747,1.0046280648008301,0.26578391396737017,0.17994478965081692,0.9771141637157196,0.2759641466339072,1.75
0.3237092155557283,0.7627513419896175,0.6734507868641404,0.32682638386995805,0.3519093968776764,0.7365127169264157,0.3273192390761564,-0.04142867536817972,0.792761909717273,0.2804075427847772,-0.1047033424806264,0.6143644981779101,0.35353309951367673,-0.10749662734576389,0.6621278243557263,0.2869001759626347,-0.12935729907583346,0.8841414327027741,0.11805871556030392,0.7564159778737323,0.6766672388434014,0.09056974651487382,0.3630004454566822,0.7223373778421877,0.09438884452861059,-0.0311773779780901,0.7574680910557581,0.11786318586849878,-0.11546926072433238,0.6070418965282035,0.05708244467076193,-0.09425179388361271,0.6315044527364132,0.11201088259470503,-0.11013436734759592,0.8523480761132546,0.23343845065490842,1.3390237594903693,0.6927967807579193,0.23641338206444357,1.5868227327912974,0.6360082619185599,0.2304311687131868,1.4665375870148376,0.5779342992836929,0.38349673421678077,1.253171070624389,0.6855665551158087,0.4054308784603547,1.054485392623974,0.49718942801794946,0.26473999148048266,1.220909441983727,0.4349796842201213,0.1775422446081082,1.296374425771595,0.43558326944207726,0.16099626296709713,1.3043669734840928,0.42976480257708904,0.1971836769225374,1.273041074504293,0.3585642638669869,0.08926403260023624,1.2460662130962168,0.713016723341781,0.0022788488092659338,1.022275860669903,0.6008756961318031,0.13067063129210527,1.0255361686115785,0.36928579038495746,0.19728537462272433,1.0435762782439086,0.28591442816582835,0.2068374314270907,1.0382490781590308,0.2522685315100127,0.19431848592265127,1.007509991131328,0.27393680430911127,1.7666666666666666
0.3234717264945783,0.7650325323464972,0.6722560993940234,0.3266769675640025,0.3523970049364493,0.7365539660172037,0.3277378915119445,-0.04064679019863272,0.7915086047238,0.2802041592014304,-0.10428093877164962,0.6142353806005193,0.3545330993398531,-0.10576102540562159,0.6590250673818524,0.2872203432947448,-0.1290235493804044,0.8835133960188044,0.11923979005486707,0.7589016894485835,0.6749094433098377,0.09106071325643904,0.3639796762343443,0.7218781764297975,0.09506597168970521,-0.031207065457361474,0.7585277209971258,0.11811690686668803,-0.11730473836176797,0.6077541423770239,0.05713762177975949,-0.09373646678202893,0.6318262480376238,0.11248279998418562,-0.11046739741371026,0.8528000060674321,0.23392103925449947,1.3386259753685938,0.6949453010490003,0.2358330492603959,1.5868952882251897,0.6334655535440581,0.2299386198673538,1.4667347922005978,0.5788820496578622,0.3834168792988014,1.2566898513259945,0.6856367229188579,0.3994786758554178,1.0595392032455926,0.49109334884816647,0.2583376726381716,1.2267715945734714,0.42728681675663915,0.17363409067862154,1.3024259638209883,0.4340850394019209,0.15969497028221918,1.3097501451175286,0.42064283977231937,0.190058438808733,1.2790557177087625,0.35559783133168443,0.09092729834048668,1.2485333422569325,0.7165861063645177,0.00914591569425444,1.0312498408373307,0.5914579327900373,0.13958773955734283,1.0482960524861171,0.35598515151791454,0.19821945131620194,1.0675471546281097,0.28131599309742644,0.21282696017922426,1.0666414978171574,0.2405164082335079,0.20750028611853316,1.0340875616851688,0.26870678488792654,1.7833333333333334
0.3234810073681564,0.7677832041362341,0.6707675845448294,0.3265481386640402,0.3527758161045389,0.7367010410653203,0.32819753898533194,-0.03977217276159223,0.7902208963060204,0.2799254889863877,-0.10376574522345347,0.614121058209099,0.35555094394791664,-0.10384695036436432,0.6559207856246555,0.28771115232151706,-0.1285962423261248,0.8826550208662333,0.12058463646976378,0.7619534231996735,0.6728949375186604,0.091621743447136,0.36494327379775654,0.7215473626335837,0.09577972059440129,-0.03119041435013696,0.7595776410186121,0.11884089974763257,-0.11924529962423475,0.6086798419247069,0.05714350081552931,-0.09308297863859279,0.6322086574748281,0.11291836996378973,-0.110679205961716,0.8532971126978846,0.234294766157711,1.3386684359211336,0.6966471114657632,0.23537209579243687,1.586846414718014,0.6310895259211885,0.22966290650784274,1.467315085451958,0.5791237633451796,0.3833460542818542,1.2608635045358412,0.6856438060005071,0.39138243264367933,1.0656422720889798,0.4830717563455588,0.24868666941330128,1.2323731129906408,0.42539697992085523,0.16549454178261702,1.3070670683983703,0.4448858028796441,0.15459629465927582,1.3127053080898499,0.42621738235792045,0.17691316187911443,1.2817240951766495,0.37119101847253133,0.09255723440928496,1.25217764642012,0.7197313261919054,0.01585014507694535,1.041239080991976,0.5807293053623005,0.14898890039882598,1.06811654218532,0.34299708888547353,0.20188289069445967,1.08783464415989,0.2753454389097709,0.22018313323316363,1.0905687015878207,0.23002924607216307,0.2183820714785171,1.0571391773356897,0.2591374898665535,1.8
0.3237275484858642,0.7707281247209659,0.6690757896444912,0.3264577128051013,0.3529693100683835,0.7369326577671251,0.3286423889644453,-0.03896637207457475,0.7891271201347065,0.27959925332959734,-0.10320591908343295,0.6140151857638839,0.35651752966328154,-0.10194050403106755,0.6531432448436597,0.2882336106479932,-0.12828510333492363,0.8817934044243914,0.1220019701469134,0.7651876092906823,0.6707681472272206,0.09223265316705392,0.36580443973101534,0.7213222189304928,0.09644302819662257,-0.031147211828392113,0.7604061757499682,0.1199239544567185,-0.12068733933523364,0.6096032485064367,0.057096402250781365,-0.0923909715275242,0.6326150482748721,0.11331462277869105,-0.11081991535064231,0.8538044524288111,0.2344785885724093,1.3391329157046323,0.6976286264318134,0.23512966002979996,1.586783590222194,0.6294274155642496,0.2295980878898759,1.4680584360773952,0.5789406814703241,0.3832775852352944,1.2653034833307422,0.685653419603079,0.38158995632464093,1.072917419333962,0.4739657673583486,0.23622906723228454,1.2384213842467708,0.43215872765931174,0.15144813081592903,1.309171615686214,0.47466660879985756,0.14543199114933558,1.3134188065594767,0.4480795471024077,0.1600029162122764,1.2815408305563754,0.4042599478483891,0.09382005300046883,1.256696004327881,0.721583805548291,0.022824850571193628,1.0516447939019298,0.5676069392132376,0.15859050840206557,1.084633464330733,0.3305700322451448,0.20853560649964525,1.1061124939158549,0.2671745028323511,0.22833931867852342,1.111036192584052,0.22126076969156602,0.22637258587530823,1.0767367407117998,0.24596486299225967,1.8166666666666669
0.32409595766147636,0.7735799407393512,0.6675123430820764,0.32640723312769804,0.35301304610413226,0.7372050198643524,0.329002973208591,-0.038373098424916194,0.788419711277266,0.27930906488710916,-0.10261675070955545,0.6139218996806517,0.3573534804374292,-0.10028007156586824,0.6510112266669975,0.2886485048561062,-0.12818123161202002,0.8811514080081613,0.12340302383191573,0.7683719181515654,0.6686127385067304,0.09289018712218748,0.3665450105727781,0.7211070549850548,0.0969818330211405,-0.03115663230829971,0.7608856654051855,0.1211210325970368,-0.1213028838432518,0.6103110244904939,0.057004869714805395,-0.09177837890436757,0.6330092962452644,0.11369565234416823,-0.11097210026717691,0.8542684437861335,0.23445214917128737,1.3399758010628477,0.6977540368593707,0.23519300387491102,1.5867609107749017,0.6290744463032247,0.2296689288626625,1.4687461389910865,0.5787148229694907,0.38324347755357513,1.269417439185623,0.6857148694717705,0.3706163061038091,1.0810204173997051,0.4651340189467668,0.22248672853824744,1.2446693973229768,0.44741650231296237,0.1320811703058541,1.3084566654062741,0.5221690462042439,0.1330450820409454,1.312483763897509,0.4829746672748615,0.14287969455430882,1.279410505586548,0.44790990358463845,0.09438126314342005,1.2616390958506827,0.7214096748287178,0.030749106161094147,1.0613564991175342,0.5514761775252608,0.16810040053176045,1.0980268155888098,0.3189323757546851,0.2170465062951486,1.1239044295616785,0.25715442212482936,0.23600076305892467,1.1291876608260758,0.21512520692231887,0.23183225164897703,1.0932223277468234,0.2310602764591794,1.8333333333333333
0.32445532975153013,0.7761314901968747,0.6664641496282392,0.3263909553268778,0.3530863435072825,0.7374516234074446,0.32922203077490086,-0.03799727982854541,0.7881447774820723,0.2791658771868516,-0.10201198085145435,0.6138653843967425,0.3578754410863441,-0.09916474714660913,0.6498916181201461,0.2888714460880062,-0.12824482172807872,0.8808506231275178,0.12472740120158171,0.7715230460403956,0.6664123546255343,0.09360182897813887,0.36717168872237316,0.7208272158982012,0.09737472648363227,-0.031312250510049044,0.7610533632727217,0.12214050285907793,-0.12116544160779504,0.6106008890351869,0.05688983104412043,-0.0913557480149695,0.6333515436620277,0.11407202546545951,-0.11121231817305918,0.8546468662434917,0.23430753081298314,1.3410534172560478,0.6972034361376307,0.23554466158882464,1.5867686876408937,0.6302111661062173,0.22976012802255358,1.4692474603913404,0.5786479298436069,0.3832911839550206,1.2724580779893517,0.6857523814120765,0.3591242080007328,1.0891870302005553,0.45816770749525965,0.20974712743091087,1.2489319538443724,0.4659827548888801,0.1113535678326168,1.3063816387307514,0.571790261747576,0.11916471684829198,1.3107491400559756,0.5248822441874171,0.1298488401176737,1.2767901364392193,0.48953430319672014,0.09412136566772751,1.2663135816034858,0.7196335904790653,0.040032087655164514,1.0692194999686333,0.5330326243595971,0.17695952300327833,1.1089519417164795,0.3086486470527366,0.22551937616487588,1.142027873162346,0.24648103797622484,0.24180775217233816,1.1460249589356326,0.21158933598881877,0.23591065093646865,1.107313466907628,0.21711470990771847,1.85
0.32475323125974953,0.7783519502263937,0.6660855265940999,0.3264039871582592,0.35334138497698925,0.7376301631712698,0.3292685613765772,-0.03774152059414637,0.78823079228101,0.2792178442603033,-0.10147161429342723,0.6138749993008392,0.3578485576573628,-0.09891255293514123,0.6500467594643202,0.2888563706007646,-0.1283930017248014,0.8809214463741851,0.12592223319590437,0.7746135549598588,0.6642656322709877,0.09435414064350708,0.36765791223623157,0.7205010309773188,0.09766008180716834,-0.03164553108791558,0.7611099688412499,0.12275617362027554,-0.12058507435149733,0.6103522179327077,0.05677169565122599,-0.09118040752499902,0.6336167966233512,0.11443621471656736,-0.11157916687525002,0.85495650735934,0.23416181261389163,1.3421340052216373,0.6964060106196097,0.23607332278952486,1.5867819178546667,0.6324120244926132,0.22980727392424177,1.4695143008950389,0.5787214227751954,0.3834313453380179,1.27393602505654,0.685661593657788,0.34810587322237396,1.0964370216280015,0.45436133621195496,0.20042093285678847,1.248137619712806,0.4788887866212772,0.09627005689593629,1.3059627575354824,0.597364387337369,0.1062515949020653,1.3092827464564383,0.5662500614720084,0.1248792592899706,1.275492011525632,0.5150040751515674,0.09307197979405418,1.2700970139138033,0.7171453895514333,0.05032439502465374,1.0746287004233395,0.5141418469721913,0.18459695899162,1.1183579068887224,0.3014134136099372,0.2324368556244057,1.160390394504005,0.2376802317932688,0.2452162057336599,1.1620741925026843,0.20973866271103797,0.23995519340231666,1.1198085184042985,0.20710466567658403,1.8666666666666667
0.3250159805690897,0.7802118470036716,0.666265509166795,0.3264341769558559,0.35373308851987517,0.7377658326638641,0.3291435917950772,-0.037509062745956556,0.7885357120210489,0.27942844820925994,-0.10113978814258669,0.6139556809255519,0.35721174164179936,-0.09965467855444674,0.6513589451034585,0.28860841508683005,-0.12858651967467052,0.881331379353341,0.12693686049960792,0.7773260794644735,0.6625229616798636,0.09510074296565733,0.36793886546814675,0.7202098735441329,0.0978888418867278,-0.032117580764794054,0.7612742624963155,0.12283062206767792,-0.11991968673610834,0.6096654206584132,0.05666449404197968,-0.09119832664014002,0.6338055385969655,0.11477871061327088,-0.11206502004344979,0.8552588224114501,0.23400664951595002,1.3430296905759123,0.6959138312221549,0.23667278557287824,1.586790008356038,0.6350202928403407,0.22981442417072928,1.4695669322234892,0.5788480521846839,0.3835858326458099,1.273864189741694,0.6856005681773432,0.33881401159833546,1.1017186687823761,0.45391260568360836,0.1960772076550867,1.2412110549291857,0.47890063276467154,0.09251944720938764,1.3095200808851166,0.5817948210374171,0.09650867470202452,1.3090391261364391,0.5992262164317234,0.13017423224955182,1.277057445634165,0.5151006104951371,0.091292735710873,1.2728812638419844,0.7141796436776846,0.06060316661786193,1.0777402090667079,0.4968880923715468,0.19103311689577793,1.1273437438633171,0.2996744586708097,0.23757975562057304,1.178483450203689,0.23403634636148846,0.24699468917743228,1.1776487546378713,0.20921010273222224,0.24482662704051444,1.1315389331670034,0.2029867800856528,1.8833333333333333
0.3252797079645026,0.7815137882410433,0.6668107330898788,0.3264577539185425,0.3540666010202679,0.7379286207044308,0.3288849393277858,-0.037257407451785615,0.7888558652241667,0.2797073912864173,-0.10107782187322026,0.6140778420914595,0.35616953271052887,-0.10123157289708909,0.6533932755441335,0.28820303443803313,-0.12885182861550837,0.8819706692281308,0.12774259254497558,0.7792633612570768,0.6615360446607713,0.0957951610789787,0.36797194483122186,0.7200099643000057,0.09807898208816193,-0.03262941695042969,0.7616022174732789,0.12228603480808406,-0.1194986619726833,0.6089667738690788,0.05658179417666419,-0.09126931943645289,0.6339285750144596,0.11509191586098225,-0.11261538432082474,0.855579275298806,0.23370287439323195,1.3437379092016315,0.6962880342948486,0.2372753400122186,1.5867940924889257,0.6375722781963478,0.2298048447722141,1.4694964780170099,0.5789679126796039,0.38361211787157046,1.2726463622989979,0.6860420509029566,0.3322887626564424,1.104143211119251,0.45540944730309774,0.19685895432015493,1.2300902071265976,0.4647389079762746,0.0988578457267745,1.3162096969431412,0.5330087971188642,0.09046832893395818,1.3101475477008482,0.6178447819476085,0.1457040267313554,1.2820034845475443,0.48776262577685886,0.08894464545151216,1.2749610438286347,0.7104774655336612,0.0696617920173672,1.079106927592911,0.482999589724839,0.19700588195415797,1.1368340906228904,0.3047171928565999,0.2420997975324476,1.1958955465107595,0.2373992723095436,0.24883552760790942,1.1931885555682478,0.210886883783035,0.2506652647214855,1.1439610450096291,0.20440957951434827,1.9
0.32553995036386474,0.7820463864545896,0.6676102023468329,0.32645485458358325,0.35415412541690167,0.7381681095817488,0.3285574294754435,-0.03702527079294361,0.7890251046246424,0.2799553603589129,-0.10121751931864713,0.6142048193366488,0.35499690825728814,-0.10336443717153156,0.6557743343022527,0.28775950543110207,-0.12919706973123657,0.8826439527909038,0.12831725971573302,0.7803065441676786,0.661319425314425,0.09641845040616183,0.3677879735019568,0.7198669241474842,0.09822067150846191,-0.03304937029500209,0.7619918419290729,0.12116238123747058,-0.11958599458643611,0.6088654873344486,0.05653737075345333,-0.09132351281624937,0.6339850433204444,0.11536364444833097,-0.11313328724240496,0.8558589124609524,0.23312564099400518,1.3443923815105874,0.697882280481166,0.23781787852077507,1.5867969180348713,0.6398041530444949,0.22979115208905282,1.4694152516795538,0.5790521889315862,0.38340970178988965,1.2708202641313786,0.6873820292029682,0.32884048171478425,1.1033608085720554,0.456461862013822,0.20161825370454206,1.2178625203901952,0.4400163287116702,0.10649104209639418,1.322061617288337,0.47833296393406877,0.08605524731385827,1.3114256693662507,0.62145658580964,0.1689242290626119,1.2894376488513222,0.43676028804944655,0.08645492540832556,1.2765359723398586,0.7062793166293454,0.07662524782841847,1.0792723178872272,0.4736845508513611,0.20339135331623356,1.1473411775900826,0.3152427651849104,0.24780391246652403,1.2124029316571092,0.246870479300054,0.25235377765642236,1.2090233723107973,0.21605804792370611,0.2571625168123811,1.159125969960039,0.20897578225639396,1.9166666666666667
0.32577359007349327,0.7817668709942464,0.6686352675400883,0.32642505808450367,0.35388960513934353,0.7384771527573547,0.32822187567032673,-0.03690544647878434,0.7890236163909616,0.2801229598867421,-0.1015148154852299,0.6143266222651603,0.35387243121106315,-0.10582163374280891,0.6583197453538013,0.2873742554298194,-0.12956562330500548,0.8831644861295785,0.1286562359925216,0.7806171679777004,0.6615396164818999,0.09697869098357437,0.36748628856316057,0.7196751056458691,0.09829784840428792,-0.03329693038094851,0.7623270606241278,0.1196637576472312,-0.12030840325806252,0.6097702689750225,0.05654086179099733,-0.09144595616173692,0.633952089723301,0.11557590087512874,-0.1135106710898854,0.8559986188320284,0.23224518016696777,1.3450389681131858,0.700611538940663,0.23822644184360406,1.5868010904602288,0.6414789914846504,0.22977840298002228,1.4693797403788182,0.5790874671912787,0.38298699913531153,1.2687740591644217,0.689610301288119,0.32812936234621504,1.0997869349258298,0.45501726597980685,0.2081622923697474,1.2068510390682978,0.41073190202317034,0.10472785813973781,1.3224139789909668,0.44672446575682556,0.07961355555084514,1.3109705689970155,0.6157615472161999,0.1947054004933127,1.297507204220716,0.3709062335328709,0.08444399027520944,1.2775882435128343,0.7027245983713697,0.08129701640335149,1.078802036018331,0.4692800873953127,0.21055193207992523,1.1589977372039457,0.3281669595138663,0.2561597326431754,1.2278825121612884,0.25977522489050653,0.25824184359195884,1.2252023908711718,0.22508260027786253,0.2637199754071071,1.178270230056212,0.21402526403423194,1.933333333333333
0.32600374692322037,0.7808157381210007,0.6697616554049777,0.32638289154419853,0.3532622287880874,0.7388107598852296,0.327908684239457,-0.03692979173902977,0.7889111596904035,0.2802128162912399,-0.1020208101562166,0.6144539328596456,0.3529105804218332,-0.10838033656366225,0.6608438970811689,0.2870707188916594,-0.12992704954361964,0.883463622667181,0.12886067694019743,0.7803949970757008,0.6617853948210806,0.09749876502857342,0.3672008447856311,0.7193477463933237,0.09829461239579308,-0.03339033391368944,0.7625460249080438,0.11806695863891753,-0.12161682815811087,0.6116829987409927,0.05659419226657951,-0.09175356587557493,0.6338021172765931,0.11571004861688516,-0.1136761812903827,0.8559336876020628,0.23111833032091608,1.3455300173774314,0.7038716342168353,0.23843955862787686,1.5868159268320878,0.6423919208166918,0.2297712069153785,1.469382364947366,0.5790710579982974,0.3824301678718879,1.2665981640046193,0.6924108747941611,0.3296265143668991,1.0944537684573243,0.4502188570164035,0.21372958608728265,1.1981647783846632,0.3843273258398102,0.0872285494070431,1.3143058397007956,0.4564284026610582,0.06882845117198282,1.3075217700172483,0.6078890530358689,0.21691895876068817,1.3042472780482184,0.3032409579004047,0.08339545621847685,1.2780907597617928,0.7011938205888014,0.08409824990828454,1.0783666480350322,0.46901757052596627,0.21820111953904864,1.1714960155175391,0.34067151119354666,0.2675383900211628,1.2421954502933095,0.2735897786445037,0.26617489826751584,1.2416928423977251,0.23707008289047804,0.26943349385416104,1.2007258483646954,0.2181600493853882,1.95
0.32631352276513365,0.7794570018773509,0.6707159523267604,0.3263431995358887,0.3523616979418619,0.7391224968978911,0.3276202838541031,-0.03700738444944206,0.7887370753014227,0.28022680598801397,-0.10275712127144258,0.6145836606463464,0.35222691909639214,-0.11071135251000747,0.663018665689277,0.2868246582438791,-0.13032916443112108,0.883559805396424,0.1291440532396346,0.7797892274850867,0.6617885098241438,0.09799743788374482,0.3670526358068627,0.7188837649091862,0.09820039976189555,-0.03339247239123366,0.7626116290400141,0.11659449645423889,-0.12334232652450353,0.6143268627449469,0.056688205112629564,-0.0922633080893279,0.6335334714166088,0.11574938756342543,-0.11359809155880046,0.8556544465697831,0.2299246715963431,1.3457103913317778,0.7067531459635729,0.23845532500395866,1.586859162573199,0.6425453635614624,0.22977291695285448,1.4693982514054096,0.579011867633408,0.3818245323734209,1.2642190596174046,0.6953900105081486,0.3327519744220506,1.0885566248751661,0.4425532103404548,0.21601202539629794,1.1921309095210966,0.3684140620316143,0.0553971422372154,1.2977174111515157,0.5102100903851541,0.05430207710374456,1.3011894674859756,0.6010225796189839,0.23014597991891989,1.3078824265605604,0.2492521643997443,0.08345132750418263,1.2781168191392869,0.7022708676097278,0.0856799169711229,1.0784381784849069,0.4713014260072273,0.225705694265339,1.1839814865127611,0.3512264246644387,0.2810021384795312,1.2551931193139294,0.2867910723741726,0.2753073450855589,1.2584199229470932,0.2506019210091348,0.2733417070448132,1.224437378579792,0.22130478055457015,1.9666666666666663
0.32676508495356965,0.7779515299562154,0.6712948385179861,0.32631452473022515,0.3513399619982618,0.739382241929553,0.3273498376645934,-0.03703794040755409,0.7885844020680776,0.2801833515098795,-0.10363415112869333,0.6146925346399434,0.35192703824355975,-0.11239579885092509,0.6644818545845963,0.28661582597517044,-0.1307862368128033,0.8835024708779615,0.12967575101468584,0.7789425093854274,0.6614457539875978,0.09848133493827804,0.3670979185314219,0.7183523735801336,0.09802984337428468,-0.033338686489336716,0.7625070564266251,0.11531577999376567,-0.1252621870760314,0.6173108320845788,0.056806877965791994,-0.09289777216229196,0.633166861113273,0.11568393627053537,-0.1132400067529043,0.8552004029915563,0.22896370865683405,1.3456924206441123,0.7084899659775572,0.23835506009823482,1.5869317770895248,0.6422470469719284,0.22978199067455052,1.469414356576847,0.5789279714001876,0.38119002019150594,1.2616792865331945,0.6981364540514681,0.33676651459154416,1.0830181079277628,0.43361612448807624,0.21408256871899126,1.188658890893753,0.36790289775064333,0.017962609058512654,1.2756419637088257,0.5951542264640775,0.038461446682098194,1.2930765345361024,0.5949327313515187,0.2304304377587419,1.3068723914213691,0.22314189934121276,0.08449533971492029,1.2778269066459094,0.7053981088940027,0.08664207974580024,1.0789724202651971,0.47427301515981946,0.23236047742881613,1.19542299005325,0.3591255282669163,0.2945912961992406,1.2668476764179053,0.29829640304218474,0.28458678691612294,1.2750377727532578,0.26425020480693995,0.2748757605509328,1.247054304118723,0.22383960957468624,1.9833333333333327
0.3273324118869845,0.7764544423469061,0.6714907061101736,0.32629891636516245,0.35033638210423096,0.7395839319968184,0.327094887619016,-0.03702670337997485,0.7885578945420091,0.2801509821402161,-0.10448088803595275,0.6147625069336604,0.3520203380275661,-0.11314497151537128,0.6651070887409076,0.2864249794371086,-0.13119859743427265,0.8834290914142088,0.1304545240619098,0.7779974779949022,0.6607780249335173,0.09893364350321773,0.36730907016337466,0.7178467344496385,0.09783813993528304,-0.033220366782854255,0.7622670739811791,0.11414280165394565,-0.12711558921868976,0.6201837849729483,0.056933233644605966,-0.09354470791100171,0.632726250064508,0.11552672942434654,-0.11254981093709669,0.8546643819992681,0.22851158971021424,1.3458084571097164,0.7087051312924053,0.23825076074210894,1.5869775920973404,0.6419073639618368,0.22979259032984353,1.4694294185249206,0.5788423973237342,0.3804957992203065,1.2593205427227916,0.7002136026029198,0.340863125214596,1.0784172808659793,0.42557078440618196,0.2086612079938848,1.1869252854886365,0.3817728512981903,-0.015164981645261453,1.2527375184023957,0.6886487401247697,0.024194556277914232,1.2846980637690462,0.5887342908690862,0.21692396675230707,1.3006662852153403,0.23064732190021614,0.08625281265772472,1.2773991305226706,0.7094295814142597,0.08743525078258105,1.079569641274037,0.47637595666423704,0.23747286415924784,1.2052652570952678,0.3639219096381078,0.30595624374801,1.2771961044620526,0.3070949924175008,0.29280409265612867,1.2907669248495524,0.2764703709441513,0.27423909072837327,1.2664481399138958,0.22593025458122795,2.0
0.32793789912245624,0.7750152496518954,0.6713711043840371,0.3262894557487866,0.3494411769897243,0.7397435770513651,0.3268621472508734,-0.03703403845273852,0.7886747526819219,0.28018203529049857,-0.10512396384159038,0.6147968254378244,0.3523313435149419,-0.11302369420604275,0.6651458953834646,0.2862040211401463,-0.13149281652008143,0.88358934777173,0.131328607005852,0.7770742166520787,0.6599306012913584,0.09928282675473898,0.3676006134978178,0.7174462154082257,0.09768986168247211,-0.03301930291797395,0.7619612283647281,0.1130416530403932,-0.12861826724818134,0.6224826065279991,0.05704665518783612,-0.09409827792132701,0.632252658013182,0.11533057057080144,-0.11153188645728786,0.8541489853914158,0.2286927933904035,1.3462800243626498,0.7073601964096126,0.2382050632788502,1.5868958092515115,0.6417303599290121,0.22979848710741846,1.4694446800572492,0.5787770955260945,0.37973308951112006,1.2576961693656843,0.70126304171702,0.344370387395029,1.0751446883015194,0.4203247442887865,0.20161363939633126,1.185227105010516,0.4025751853567042,-0.03722769979338908,1.2341430912808438,0.7640221498605835,0.01420862636551171,1.277490572236736,0.5816638487137485,0.19328054910279518,1.2905514818983004,0.26439718037333154,0.08825023815330142,1.2769649256699294,0.7131806165041353,0.08825276773658358,1.0799125113477317,0.47666200817125737,0.2405652530497016,1.2136287353037565,0.36562756415431763,0.31328890478477844,1.2861556381526376,0.31288697115236297,0.2989142837009359,1.3045632601270354,0.28568205030770216,0.2724693196871991,1.280902788348006,0.22752350270943086,2.0166666666666666
0.3285026025629306,0.7736262407434075,0.6710075181127686,0.32627334198305097,0.34870161631988883,0.739878774132563,0.32666532254776925,-0.037085729487868715,0.7888683351022336,0.2802593772612463,-0.10551076981999906,0.6148064791180747,0.3525716417896346,-0.11239730591475962,0.664963542722806,0.2858994345474743,-0.1317391492094976,0.8841926956476341,0.1320712667467765,0.7762439494488894,0.6591321713016883,0.09942236058608447,0.3678866328925806,0.7171682653354376,0.09760476367654715,-0.0327471028840956,0.7616404291001211,0.11219948580978407,-0.12953809712366463,0.6238529040239414,0.057125047490225,-0.09447605887848916,0.63181619534027,0.1151718059651673,-0.11033431114334676,0.8536874979351937,0.22946323420948045,1.3470628033806964,0.7047763703249477,0.2382170960927042,1.5866177439772675,0.641682368214046,0.22979564111201328,1.4694592992737678,0.5787440496864809,0.3789147358445498,1.2572435037194465,0.7012245185624806,0.34690368027973006,1.0733499992551307,0.4186953887003436,0.1949189660538551,1.182326168920967,0.4210914661349837,-0.04039081417150709,1.225292933046382,0.7933653796109752,0.0101308061101078,1.2721734705087022,0.5734933681618901,0.1663439037000435,1.2793976960767375,0.30844433677129535,0.08986907504701411,1.2765952239613896,0.7156255149641546,0.08900442500050593,1.079988424282601,0.4747385362474655,0.24175358187678353,1.220840860915422,0.36508911497224994,0.316236122721407,1.2935040180516646,0.3165664828736059,0.30251980548322827,1.3155777663796364,0.2910994337666782,0.27084327114784484,1.2895390601011436,0.2285788059219737,2.033333333333333
0.3289483669990939,0.772306006129571,0.6705266398706582,0.3262430131513463,0.3481219482610483,0.7399931953350652,0.32651785993851934,-0.037169602934881835,0.789078533581165,0.2803388696619005,-0.1057167400371902,0.6147896186504982,0.3525716295119743,-0.11162650550090944,0.6646596231086223,0.2855030448178827,-0.13204534701896475,0.8852604028222295,0.13247237614244534,0.775520332109963,0.6585857600328242,0.09930102390323037,0.36813248345283767,0.7169516169283627,0.09755690127049321,-0.03243822120991095,0.7613185569470137,0.11184991712081671,-0.12984263645632443,0.6242646279673206,0.057159615467243116,-0.09462917688055882,0.6314817410855633,0.11509097795820443,-0.10919541885612885,0.8532405717731468,0.230640533756915,1.3479479106446701,0.7017014082018562,0.23825981273940383,1.5861540376586811,0.6416681739114731,0.22978239449185375,1.4694752924082273,0.5787404724180287,0.37801214620239515,1.2580319040218575,0.7004592344560925,0.34850737265379883,1.072760339979436,0.420035319727234,0.18971914103053117,1.178798126831901,0.4328272804529384,-0.017202450502750637,1.2294119664813192,0.7626206620916822,0.011602819296544782,1.2684841834985925,0.5650648272568822,0.1432540833757279,1.270264421560872,0.34747169657129184,0.0906434814936147,1.2762861923464497,0.7161866256266214,0.08950570133271851,1.0799704495264897,0.4708105117353203,0.24175160750820546,1.2267781567914138,0.3635444046570747,0.316029390814877,1.2989606419996775,0.3193271710593934,0.30400818722099593,1.3234811207728716,0.2934270667760535,0.2699305379055877,1.2928437906885661,0.22910927673603584,2.05
0.32921747070752894,0.7711291075252842,0.6700906757947048,0.3261994510612216,0.3476820575001654,0.7400781671439013,0.3264267475380954,-0.037269284387149215,0.7892827693776565,0.2803942240128955,-0.10582155427730609,0.6147418668240809,0.3523968890669462,-0.11088574277292974,0.6641709124472178,0.2850409073595312,-0.132467763521379,0.886686778555666,0.13244185698394326,0.774876478806534,0.6584119074646665,0.09898708713624496,0.3683514534392339,0.7167073509817858,0.09751791218863404,-0.03211642590674528,0.7609888889151519,0.11203282014257165,-0.12978570957722815,0.6241505481647774,0.057161337643006314,-0.09457681486729558,0.6312721403425374,0.11505807402950342,-0.10827322547800561,0.8527770477811792,0.23195256495333405,1.3486971615366343,0.6990587663071626,0.23830666225186659,1.585571339340802,0.6416326881013921,0.22975957003312025,1.4695047621416821,0.578754624080261,0.3770069211723682,1.2597858169941396,0.6995350420707206,0.3495919672462351,1.0727654281962093,0.42283933005580576,0.18631242645480744,1.1761256432287899,0.4388987853888229,0.026690238452640177,1.2432141943790085,0.6906012874209243,0.016469205295468203,1.2655267821397367,0.5577056891745836,0.12919363987197094,1.2648942272727792,0.3717603687096963,0.0905310244852003,1.2759717183496453,0.7149516155091379,0.08969543298990862,1.0799827981796766,0.465807129665339,0.24130066675922743,1.230751750680894,0.36171944758602037,0.3145142105734249,1.3023078011325229,0.3213971971418609,0.30420784354000996,1.3282970004507666,0.2943201855423939,0.269398335421969,1.2926386160163361,0.22915200233963634,2.066666666666667
0.32930711232112614,0.7701346087082543,0.6698088151952843,0.3261452549838926,0.34738048538017696,0.7401186859118155,0.3263924982943614,-0.03737422646875095,0.789480828708714,0.28041947078554214,-0.10586836543500927,0.6146809167662619,0.3522356396028503,-0.1102861806031328,0.6637226823345294,0.28453718602516237,-0.13302860383028686,0.8883546588855168,0.13204034266013406,0.7742352707942898,0.6586587070070119,0.09863909394701663,0.36856789460772277,0.7163619356319688,0.09747845597113494,-0.0317864064337349,0.7606443905798863,0.1126140839794621,-0.12973808513567306,0.6241474374870271,0.05714662468082291,-0.09443159754960417,0.6311792908532361,0.11501442421335584,-0.1075834963788687,0.8523296235259143,0.2330641382192732,1.3491489699047579,0.6974838756798905,0.23833991427650977,1.5849538672137293,0.6415618337447804,0.22973189882960232,1.469567288043374,0.5787750499356991,0.37603588716766956,1.2620325220503457,0.6988644109505553,0.35058620076872155,1.0727851445323027,0.4258879827877549,0.1849513374238076,1.1751595530462258,0.44099587297585197,0.07089548140198167,1.257859461084796,0.619103666532838,0.022159190680053405,1.2624307193403592,0.552037426664565,0.12656047470835247,1.2635138620718316,0.376054763332479,0.08987876842087572,1.2756174834116145,0.7124758925674516,0.08966866092147446,1.0800197702786065,0.4609786114947658,0.2407348453467894,1.232104574066443,0.3596963736679336,0.31293115144571615,1.3035343816895242,0.3222508591048307,0.3037826322783661,1.33001756776761,0.2950367516280745,0.26879519510687305,1.291001998609231,0.2287825506124872,2.083333333333333
0.3292582385804796,0.7692790842692327,0.6696996630273068,0.3260799596199262,0.3472480760852667,0.7401021347181361,0.3264151937014926,-0.03746787127984508,0.7896793454450108,0.2804223229090259,-0.1059092910490865,0.6146432032695639,0.35225066826293716,-0.10999973181626722,0.6638828258407561,0.28403629839640937,-0.13366464168060269,0.8901029419386532,0.13140302149995028,0.7734635852980256,0.6592891947611961,0.09839517828254497,0.3687995040455108,0.7158771825345397,0.09744082645570164,-0.03144665964586013,0.7602939663323618,0.11345717668609359,-0.12985892635631724,0.6245492087792592,0.057123206403120325,-0.09433510551286838,0.631194162314004,0.11492730887116957,-0.10708376963369554,0.8519597685831821,0.23360802772285755,1.3492600428818453,0.6970721244689353,0.23835283907502042,1.584386395984979,0.6414673484083908,0.229708032151867,1.4696611599402805,0.5787954966951787,0.3753861909447901,1.2642272042268259,0.698615867140161,0.3516626465535942,1.0725882559670357,0.42877205488203196,0.18596137221616138,1.1759698608488576,0.43866922531578056,0.09583173887243221,1.265433293309989,0.5815958869656643,0.026986808315080095,1.259017971478922,0.5476753334847849,0.1350656536900664,1.2657292489217864,0.3582815094071987,0.089148090590702,1.2752764023921725,0.7095072243359548,0.08957282826998536,1.0800299992492473,0.4572950639047764,0.24015622467438769,1.2307545937140147,0.3575242983662461,0.3115947955088316,1.3028067108334749,0.3217492515390504,0.30292182242775006,1.3286083206620685,0.29574330932545084,0.26817428334101556,1.2889784531073687,0.22820443675408408,2.1
0.3291147264796265,0.7685258470955619,0.669707346164762,0.32600323541033194,0.3473151629929885,0.7400346030866453,0.3265039882248959,-0.037515866116374294,0.7898773774187824,0.2804184431980551,-0.10601151214212391,0.6146601869148127,0.3525170639900568,-0.11015454428589085,0.6651040819066147,0.28363318702798546,-0.13417612485988967,0.8916630756854402,0.1306523355241482,0.7724917566880415,0.6601482399721985,0.09828478575988317,0.36905733170910315,0.7152945952384966,0.0974090868606427,-0.03109950260504296,0.7599635143929395,0.11449514010901626,-0.12997803718120182,0.6250184394550076,0.05709291326461835,-0.0943514929227512,0.6313160964742484,0.11479562284094999,-0.10674548537210254,0.8516955473192915,0.2333500930584645,1.3490358448119117,0.6974612775265014,0.2383515488009843,1.5839478452456248,0.6413786494178269,0.22969575077008192,1.4697213567359542,0.578817425690715,0.3753001185561109,1.2658781339554737,0.6988246857799943,0.35276029698238076,1.0722882915461474,0.4316161328757533,0.18915168013756256,1.1781315526995149,0.4315874973267375,0.09434035067706058,1.2630716197922252,0.5877162125691713,0.030035920698615333,1.2558878152323276,0.5442828166778998,0.15188843566633115,1.2708508928668671,0.32178669448752956,0.08863140421244965,1.2750223043464008,0.7068203697523526,0.08950555087874346,1.0799867825895517,0.4552626076973911,0.23972939555079398,1.2270606392052419,0.3555838697159155,0.310541287743598,1.300335150732893,0.32045205097583995,0.30171052091409734,1.3243524727850091,0.2960444601253356,0.2679161030220146,1.2865829645360507,0.2278067042453348,2.1166666666666667
0.3288961169721,0.7678989734111255,0.6697616664582154,0.32592309110468154,0.3475578330535909,0.7399500675519479,0.32668098411958446,-0.037480505759739546,0.79004494572591,0.28042042034097536,-0.10620719204959363,0.6147419987506766,0.3530216821820811,-0.11069281363188008,0.6673869334555104,0.2834285920680677,-0.1343584514463642,0.8927633204100894,0.12986522981609588,0.7714359419514356,0.6610157231089704,0.09825792379098498,0.3693419413159004,0.7147286248567335,0.09738551292508092,-0.030758625189096084,0.7596834841249209,0.11564678249946578,-0.12981462118519524,0.6248655331321479,0.057058925485415427,-0.0944501763181818,0.6315326150082169,0.11462914866384219,-0.1065596709429677,0.851529305255835,0.23237603335067514,1.3484931405693443,0.6981748201572233,0.23835886561798977,1.5836948115965364,0.6413342242627782,0.2296956324336914,1.4696356017290422,0.578846088432381,0.3758046637634813,1.2667030855985282,0.6993997568688459,0.35378067655404855,1.0720849744614696,0.43465447138209945,0.19381505287547057,1.1808681823305063,0.4214017009649635,0.07105232046922724,1.252312914791308,0.6282337746527838,0.03060022141044169,1.2538840650042182,0.5424704066149948,0.1719984823588599,1.2775190495998043,0.2769265894706765,0.08834141408138961,1.2748856842362986,0.7049759901515633,0.08948364438712222,1.0798979128620227,0.45484144302914337,0.23966996143907343,1.2214847174244352,0.3543931406340096,0.3100345123567376,1.2963028631857827,0.3190321534524637,0.3005405482056527,1.3178976750968991,0.2958067832595024,0.26825107141305066,1.283813548624217,0.227872406297367,2.1333333333333333
0.3285913142709273,0.7673979860989353,0.6698589253490032,0.32585800902258927,0.3478839956637038,0.739887215804927,0.3269636546724701,-0.03736658425708597,0.7901044091599498,0.2804287143558445,-0.10644452248913173,0.6148751449388574,0.3536643700701855,-0.11142262816154187,0.6703123793106441,0.28346451673122935,-0.1341743146547046,0.8933034136553677,0.12905368722979813,0.7704613995660701,0.6618095160843576,0.09826173317236242,0.3696303242732503,0.7142832539134631,0.09737161885900503,-0.030456619829101195,0.7594863433873663,0.11673678476980057,-0.1292014901293894,0.6236033886940996,0.05702560588714101,-0.09457043973188459,0.6317908273467956,0.11443133428413432,-0.10652511895074226,0.8514496752155318,0.23100396793034775,1.3477400119075518,0.6989069873351055,0.2384091024268778,1.5836277779512122,0.6413645119585016,0.2297005859387079,1.469329336594254,0.5788807565309688,0.3767079816562065,1.2667457161613667,0.7001047635398123,0.35473944129144697,1.0720643366537437,0.4380385733652441,0.19920556551967078,1.1834471356450866,0.41064639132910763,0.03584783975741425,1.2366793832381668,0.6863256717371893,0.028652690828033355,1.2536019069554383,0.5432011909093827,0.18973968953948514,1.2838605691335803,0.23723621361588498,0.08809987257868411,1.2748508379087364,0.7040921052425132,0.08948105804618482,1.0797983293406195,0.45537506679774953,0.24012213939393512,1.2146196885136502,0.3542688390008276,0.31029464528402123,1.2908052928173173,0.3178534703896665,0.29985127108100024,1.3099729446928874,0.2953253739133909,0.26904514392697065,1.280958575552127,0.2281180625412998,2.15
0.3281830215210359,0.7669458154668879,0.6700221636871676,0.3258272358650721,0.3481782889820604,0.7398584603585506,0.32733403592767635,-0.037244947887712015,0.7899718645807039,0.28043426228016616,-0.10661313587639658,0.6150309045456231,0.3542542098861628,-0.11217615135636008,0.6732348874408683,0.28372768127378956,-0.13374253785540297,0.8933777187435212,0.12817685578083654,0.7695501135599722,0.6626868239802757,0.09826886001733426,0.3698717530636211,0.7139970498747992,0.0973701345751388,-0.0302348859363879,0.7593999914631984,0.11758471733909381,-0.12807361118210542,0.6212006797239611,0.056994787508955674,-0.09467478846844835,0.6320159386529401,0.11419237131156351,-0.10665026099965919,0.8514464188597091,0.22950633564222953,1.346985749141476,0.699394693697853,0.2385115941470255,1.583674057310814,0.6414596847765526,0.2297020182879263,1.4688162936959057,0.5789150660185977,0.37773619890907834,1.2663245522108901,0.7006836106441295,0.35571176022080664,1.0722046199448787,0.4417363974461669,0.20471135061029705,1.1854823248962147,0.40098492825889476,-0.004120217176411776,1.2192290721462784,0.7497626728448644,0.025114529820252703,1.2550534751346123,0.5467269213786339,0.20130827686996142,1.2883127826802354,0.2123947589126271,0.08771471819355164,1.274877539634186,0.7037725388782786,0.08947595006793528,1.0797252203038816,0.4560137607579767,0.24109263434891343,1.2072785450730648,0.35518491786727463,0.3112043806854957,1.2838946795429038,0.3170410057923516,0.2997303145905933,1.301270806967,0.29493968682294913,0.269938089994336,1.278011557054423,0.22772947015617287,2.1666666666666665
0.32768643651348406,0.7664581386295032,0.6701712339952085,0.32584036268414507,0.3483339137801623,0.7398580778626622,0.32773766110522784,-0.037208523753194486,0.7896708457486447,0.2804284299973985,-0.10663034018010285,0.6151778774288708,0.35459314133730113,-0.1128478319165626,0.6755501627406402,0.28416937150136784,-0.1332245677782628,0.8931886533473754,0.1272132254697731,0.7685048690770144,0.6638166179123683,0.09827478705500116,0.37000823724186155,0.7138475029344549,0.09738514398005783,-0.030109663956430263,0.759421687260004,0.11818161609602498,-0.12641763427167893,0.6179157562188212,0.05696488487386951,-0.09475999173892678,0.6321677141748009,0.11390271706738969,-0.10696435631334544,0.8514961204285046,0.22801413251620295,1.3464231872009373,0.6992510690069682,0.23859997627639562,1.5837355231539085,0.6415412266355389,0.22969560438212572,1.468171057220632,0.5789465540213607,0.37867474046886107,1.2658214303958573,0.7010070927617504,0.35667096621954464,1.0724459963590032,0.4454077985243394,0.209782956037897,1.186794300298434,0.39288776886107657,-0.04467695166006738,1.2021851445794849,0.8115267150252055,0.020968658512158338,1.257395919132169,0.5525490719142172,0.20607661443431932,1.2902623521289793,0.2041450211281602,0.08712513111246212,1.274947734603101,0.7032953148326656,0.08946407004732561,1.0796980905866012,0.45633060150492244,0.24243360889321353,1.2003248086030902,0.3568916039025978,0.3125269769644834,1.275794040622393,0.31663866116413636,0.30000273135120253,1.292527165847182,0.29483433401957143,0.27072177072901116,1.2744572038752728,0.2263058574023851,2.183333333333333
0.3271389380595055,0.7658703234906918,0.670184073116426,0.32589453126044043,0.3482610046469733,0.7398832300488278,0.3281200447038592,-0.0372925676683377,0.7893710257885782,0.28040846914840345,-0.10648620870105555,0.6152893711089701,0.3545848136343155,-0.11331223707838264,0.6768162179331607,0.2846909635411518,-0.13274149030057839,0.8929614514486556,0.12619913942846545,0.7671281943128689,0.6651666472866178,0.09829213255394051,0.37001210153927194,0.7137656259283951,0.09741962220815283,-0.03005627367249024,0.7595086520505447,0.1186497781276844,-0.12436431594191001,0.614169270867219,0.05693496242836642,-0.0948433755681368,0.6322553187575952,0.11358446934134978,-0.10750745666588213,0.8515631204732688,0.22663450724905482,1.3461468361899913,0.6981790589295017,0.23854739094217597,1.5837605408326714,0.6414903647139281,0.22968217463498514,1.4674870538765532,0.5789774364792655,0.3793927927754335,1.265483965945196,0.7010767608222256,0.3574691978475862,1.0726939888708247,0.44844213490418516,0.214042592247664,1.187140840673267,0.38625888270849573,-0.07753975194855078,1.1883567161110686,0.8596195214140827,0.016525625189948243,1.2591324692677948,0.5602158485314098,0.2060243592924061,1.2901632023502314,0.20746347828145148,0.08642141962710859,1.2750856683886715,0.702094282893854,0.08945228662325364,1.079731464538812,0.4563653316614793,0.243903720609903,1.1944311684210178,0.3591597507243559,0.3141423858830764,1.2670106059195998,0.31667428714585905,0.30045537436370356,1.284536886054898,0.295190974854204,0.2716881857973918,1.2695885578744717,0.2250755982661226,2.2
0.3265599505254783,0.7650932279807978,0.6701056522169759,0.32597776300321957,0.3479274270479744,0.7399241350666492,0.3284457916444618,-0.037444438275153924,0.789264113708208,0.28037614514353865,-0.10622327979290151,0.6153456030439974,0.3542384813677202,-0.11341302698398632,0.6766984257161278,0.28516366893432993,-0.13233559158335328,0.892831444043942,0.12519396047257483,0.7653496989274695,0.6666183880181646,0.09833591495528028,0.36989966303638533,0.7136598289712786,0.09747040515154212,-0.030050934920146627,0.7596054904000075,0.11899784065633594,-0.1223166045857889,0.6106806033124762,0.05690826910110816,-0.0949439325111833,0.632296698467905,0.11329573274893615,-0.10827760834018281,0.8516216006050684,0.22551527645481295,1.3461454219153817,0.6962031686589112,0.23826014498432557,1.5837508093527894,0.6412282706048504,0.2296653495791568,1.466860378378495,0.5790069566653169,0.37980218170283275,1.2653831369547621,0.7009627121977795,0.3579671279985648,1.0728217768169372,0.4502390327101624,0.21745616793956232,1.186209970975057,0.38087658048077155,-0.09353876362404132,1.1799098897644498,0.8820626907165539,0.011554161769428367,1.258851573287293,0.5697667414528744,0.20392414506869427,1.2890794952301732,0.2152815313441524,0.08571404128506863,1.2753097041237733,0.7000881512216358,0.08945202056935965,1.0798318813260877,0.456260463602721,0.2452701458619839,1.189940584999255,0.3618314805754848,0.3159321252291094,1.2581469743256244,0.31717488027043345,0.30090395102528056,1.2779744937772837,0.2961349132992941,0.27345140743696716,1.2627714548407627,0.2266054797386467,2.216666666666667
0.3259566226787047,0.7640424282886995,0.6701424273073305,0.32607744179139675,0.34737683401647107,0.7399547331793107,0.3286833017452085,-0.03760266979318304,0.7894392066268029,0.28033603545856756,-0.1059157396116379,0.6153408998498808,0.3536593084256345,-0.11309340111476722,0.6751574341725928,0.2854917711578401,-0.13199190230140717,0.8927794372051836,0.12424059928988028,0.7632282089505364,0.668110882449761,0.09840339295058646,0.36967925412949443,0.7134751020838502,0.09752703647830745,-0.03011381348329517,0.7596930356795764,0.11904861527798871,-0.12087488072031974,0.6084380865585166,0.05688914264329289,-0.09506909541843182,0.6322833014832085,0.11308844009799016,-0.1091957070551191,0.8516928991496859,0.22475773334894855,1.3463243258638478,0.6936127216320443,0.23774195167269332,1.5837150997128704,0.6407681986771063,0.22964869657262016,1.4663831701089296,0.5790280527533674,0.37987115469984856,1.2654841354868211,0.700788335309027,0.3581372549344114,1.072728083220708,0.4506029419657641,0.22015347097626714,1.1838106038055596,0.37661399452508904,-0.09399259830361635,1.1754716184209186,0.8828741915884382,0.0059327646554297245,1.2558784074326736,0.5808581760996867,0.2014381671954445,1.2878781290550876,0.2231673438502275,0.08503410209376985,1.275585834732408,0.6975535496224483,0.08947202118896583,1.0799366983830194,0.45605853111876193,0.24633031639788724,1.1868425000314737,0.36460211972016804,0.31752870296814145,1.2495967018972434,0.31805065070077365,0.30130009741650954,1.272929076740001,0.2974663152921836,0.2763876724671434,1.2536850037844114,0.23292459005367733,2.2333333333333334
0.32534594350599044,0.7627359277919611,0.6704562898635533,0.3261867588871097,0.34668345314987903,0.739955273512101,0.32879843357939886,-0.03778170519846663,0.7898865513150152,0.2802954224778441,-0.10565508163249042,0.61529083233236,0.35304835178587735,-0.11248451772591311,0.6726989906620316,0.2856480693353432,-0.13168390094219162,0.8927226644124198,0.12336521700987074,0.7608981364509273,0.6695388771317677,0.09846565927120737,0.369317579169043,0.7132173677155093,0.09757880142866372,-0.030285058869521056,0.7598032563921886,0.11860536792403514,-0.12052389719128595,0.6082387352082987,0.05687784862595615,-0.09521457067693585,0.6321989240542805,0.11297235854238173,-0.11017455504548766,0.8518852630506882,0.2243122891658341,1.346566133980835,0.6908043968065378,0.23707712536972445,1.5836446433132876,0.640214755178134,0.22963399398995304,1.4661195554477089,0.5790316594510687,0.3796939114630608,1.265687765896918,0.7006667574314032,0.3580631677233602,1.0724027197229293,0.4499027734843619,0.22197385191055774,1.179914784647145,0.37380638394037025,-0.089140468870128,1.171455564454503,0.8778015712870451,0.0002477366168492233,1.2504217609101413,0.5914636455224118,0.19841574287891933,1.2867441208395503,0.2307621479350439,0.08440206444740006,1.2758406635725015,0.6948882428780645,0.0895076510951631,1.0798800120082936,0.4557142382046667,0.2468344537887141,1.184839295565818,0.366940537771669,0.31830771450728057,1.2414529800333367,0.3190642296263585,0.30181051448823587,1.2685480123442254,0.2986977824621071,0.2804588192198584,1.2424851410775317,0.24442180273269223,2.25
0.32473407523401276,0.761269234217744,0.6711230698886419,0.32630134518076537,0.34593775739224386,0.7399332915604269,0.3287596689029774,-0.03803656983086849,0.7905540673274125,0.28026228671752795,-0.10551486533761481,0.6152235520778919,0.352609635537218,-0.11180963850483237,0.6701847165964709,0.2856779376611574,-0.13139530923336742,0.8926334878872988,0.12260610206971549,0.758537497794266,0.6706783050847135,0.09848957888335114,0.36881049248274045,0.7129083365264016,0.09761981944978976,-0.03057517448662332,0.759966128607099,0.1176376809242281,-0.12136472610002427,0.6101982908047044,0.056868930447744374,-0.09535368376504764,0.6320791646870767,0.11291160516311927,-0.11122381484535403,0.8523592240234381,0.2240226602313365,1.3467869895206785,0.6881912187335428,0.23638487493453833,1.5835406599384563,0.6397339042579782,0.2296209011499418,1.466058245598025,0.5790152206561403,0.37950174670862946,1.2658108123318879,0.7005225804847953,0.35788971236941264,1.0719325368642125,0.44878290934368137,0.22213374809335285,1.174473395186946,0.3736991561913303,-0.08615547473048007,1.166286262479829,0.8753550444068261,-0.004499272255615766,1.2433115547703673,0.5985980964118217,0.19338554973871752,1.285016560922278,0.2406390029068671,0.08385573721513148,1.2760032280291251,0.692496340591061,0.08953612426727556,1.079467302044402,0.455258339143614,0.2465136995318457,1.1834482863053732,0.3683953754318162,0.3177939823526082,1.2336891431703971,0.3201353993317192,0.3026566230264745,1.263514827170874,0.29935552140741345,0.2853052735402162,1.2299405226457858,0.2598561328081902,2.2666666666666666
0.3240912351500364,0.7596270669038195,0.6722929709259933,0.3264151171759277,0.34524970570704366,0.739917079514994,0.32854197832469634,-0.03839954420895568,0.7913780066071637,0.2802411617296027,-0.10552104067447744,0.6151628083302071,0.3524636694295432,-0.111241305453984,0.6684026394169578,0.2856725785076482,-0.13113260545802158,0.8925395938857983,0.12200879465844876,0.7563177086942247,0.6713745415294387,0.09847987183094381,0.36822535329986966,0.7125667828642795,0.0976458743024621,-0.030938041843349293,0.7601639454943475,0.116371341613405,-0.12307706218083268,0.6135977743981065,0.05685236259097413,-0.09540166878745387,0.632029991778983,0.11284744819535827,-0.11240929208792724,0.8531680085217834,0.22378447119056916,1.3469388950653447,0.6861592109633583,0.2357708285325629,1.583462792670339,0.6394430662047798,0.22960776590634308,1.4660922668165286,0.5789871110622958,0.3795431799497211,1.2656213596868429,0.7000430902984993,0.3577779438414781,1.071392257357556,0.44777041743552254,0.21947318263206267,1.1673493220904074,0.3781891527456995,-0.08447526282419662,1.1616262495841947,0.8703686433956463,-0.007600172675971932,1.235665432003917,0.6002834988617215,0.18466355990732236,1.2812053692530605,0.25609581321349295,0.0833064887290216,1.2760385440335202,0.6906241745565617,0.0895278906627543,1.0785810626574908,0.4550170539133558,0.24532416068050655,1.1821122118122462,0.3688678006139997,0.3162030637135958,1.2263590463693357,0.3214075285057958,0.3039182389792276,1.2570287398370186,0.2990834848800319,0.29009132574988133,1.2177185312809284,0.27610124518680634,2.283333333333333
0.32337034537672343,0.7576163999282992,0.6742079146322026,0.32652630220775586,0.3446806346304191,0.7399440082851758,0.32815044116135,-0.0388928759574632,0.7923015193836425,0.2802313950752675,-0.1056361081371492,0.6151177386304049,0.3526425202618977,-0.11085756765229608,0.6677024680410182,0.28569168748014745,-0.1309291691554621,0.8924550383154511,0.12155819416047073,0.7543005948654954,0.6716921716335829,0.09848684704271138,0.3676091821173696,0.7122318023113683,0.09764969137451177,-0.031279703924069424,0.7603486110529498,0.11521428102784143,-0.12506159518154586,0.617172793992399,0.05681717260750327,-0.0952290776375501,0.6321439178389466,0.11275386198168934,-0.11367971083962974,0.8541212090238239,0.22361122272535583,1.3470022394107013,0.6849913537778377,0.2352781689003991,1.5835195819584438,0.6392348628295459,0.22959436115898513,1.4661026259205103,0.5789567480555475,0.3799373742057356,1.2649818397692174,0.698917069776315,0.35784820313948096,1.0707256624549533,0.4472079747400517,0.21325104897821848,1.15852548761647,0.38866654393386985,-0.07995691787109004,1.160170238322775,0.8520688693358152,-0.008452637273679151,1.2286531568785797,0.5956579979148593,0.17160351445472458,1.27366164219915,0.27878709523316747,0.08247886575684374,1.2759879230178992,0.6891415261816537,0.08946925304912147,1.0772279730016265,0.45554050699900384,0.2436033676013731,1.1803082998491645,0.3684491929180436,0.3144905976610034,1.2195596294334148,0.3225293585067366,0.305549927704895,1.249128282915406,0.29737130176200977,0.2935669240990377,1.2079664148330658,0.28863593155096245,2.3
0.3225317510321162,0.7550752416599836,0.6769739422129781,0.32664691411578234,0.34418591544496924,0.7400656541031965,0.3276327309876903,-0.03955862399651734,0.7932877708534009,0.2802308456069831,-0.10575433128665315,0.6150907606157755,0.3530499176611469,-0.11067627420318418,0.6678167311389896,0.2857100994183246,-0.13084917010078057,0.8923426016107732,0.12115385835145968,0.7523981474496245,0.6717957971933043,0.09856378106526886,0.3669111819922612,0.7119562722588667,0.09762337133234832,-0.03153284545026096,0.7604859549426828,0.11455019439339686,-0.12666459542368755,0.6197583039030558,0.05675727020555728,-0.09476004420077841,0.6323921229838401,0.11266372475700552,-0.11481333878283047,0.8548564709828256,0.22354663217400145,1.346999251945426,0.6847085424689396,0.2348810708376391,1.5837894269997075,0.6387822130039197,0.22958536544078267,1.4660868907444364,0.5789198712758733,0.3806456433313927,1.2639571273723145,0.697085925722611,0.35813216332951325,1.0697678444623135,0.4476371090424969,0.20359286277775132,1.1482806369304033,0.4050594449284598,-0.0696632046190281,1.1632596585815078,0.8139720534460287,-0.006092098226340357,1.2231976889072183,0.583905005377013,0.15504754661357206,1.2616512929745718,0.308027990706365,0.08110663963723211,1.2759993614575065,0.6875638124489322,0.08938386975595913,1.075525000416709,0.4572714369341965,0.24182319344613631,1.1775543128225174,0.36716571556483024,0.3135954882422582,1.2131924340326083,0.32176926688316293,0.30733624860735553,1.2401820616531725,0.2931015043399115,0.29470477465885636,1.2017512750061552,0.2935493892346896,2.316666666666667
0.3215522651620192,0.7520954968936326,0.6803345277988655,0.32679927148053234,0.34366042622859555,0.7403290365625679,0.3270374102210943,-0.0404249152627547,0.7943093820024119,0.2802437647791379,-0.10576276892662373,0.6151146307990341,0.35346410637602044,-0.11069533429513334,0.6681378229755968,0.2856604195475867,-0.13098574872110325,0.8921464280344985,0.12068809980220116,0.7505101975668449,0.671775741885164,0.09873272124079102,0.3660380548719042,0.7117741948511911,0.09756639479310573,-0.031741634450700454,0.7605745156362618,0.1145826325894625,-0.12739865847669993,0.6207836053283436,0.05667429360510977,-0.09405542534758995,0.6326395815741442,0.11262411731805896,-0.11558469975017448,0.8550799534031781,0.22357052924400822,1.3469924804232327,0.6849762087077034,0.23451751761355102,1.5842687849313448,0.6377959675304106,0.2295890104985845,1.4661584987505678,0.5788624612323006,0.3815425278659441,1.2627644478637592,0.6947599992537782,0.3585916154335159,1.0682930959763033,0.4500954330936673,0.19132953477681924,1.13709797237497,0.4258039570006733,-0.05365148643150745,1.1702060979315208,0.7583627281703569,0.00021444857012881745,1.2196014865913134,0.5646312779826995,0.13682072360791794,1.2458870331365182,0.34139490828568414,0.07918014529969222,1.2762600963994197,0.6853982038363344,0.08934453370969438,1.0736271594430447,0.46028776078321854,0.2401728393925913,1.1733000039017036,0.3651425161337202,0.31349868168890693,1.2069279326378781,0.3165606863346566,0.3086791804578963,1.23047808737392,0.2848126072504437,0.29325047421470407,1.1981288462292463,0.2892118094465508,2.333333333333333
0.3204772702731187,0.7489592526134017,0.6836829173509087,0.3269955789533008,0.3430224854600761,0.7406989842122341,0.3263741635469921,-0.04144797021675775,0.7953479380863183,0.2802831818673621,-0.10563178760136811,0.6152709547622456,0.3537038339069768,-0.11088018347499734,0.6682469418679047,0.28550299123161227,-0.13140498411749807,0.8918511382000591,0.1201130392415261,0.7486994473330237,0.6716002379242205,0.09898948515836857,0.36495200146904355,0.7116949529136253,0.09748961347920951,-0.03203626108824924,0.7606279243435269,0.11534468910768308,-0.1270900873784636,0.6202705937688134,0.05657859542099533,-0.09329161181942495,0.6327706320911436,0.11266796565405839,-0.11592817955366547,0.8547387300745805,0.22361453703065545,1.3470467054297428,0.685319147274316,0.23410649439873574,1.5848900007727633,0.6362215357095071,0.22960979891187067,1.4664205719731274,0.5787806894069716,0.3824817806537725,1.2616609463008615,0.6922914150182707,0.3591545724672469,1.0659846599574934,0.45555261028910243,0.1780047951791408,1.1255412076988491,0.44837669470803465,-0.034242948399463145,1.1791110320723601,0.6945270045825438,0.010012373757452099,1.2173489529566153,0.5393545074233632,0.11901816432879916,1.2282194380763671,0.374924345888772,0.07698915203428376,1.2768601621994677,0.6825116512650616,0.08945836201252878,1.071657316093448,0.4641206099405336,0.2385063053183735,1.1670979614201222,0.36282054141239717,0.3131669538221412,1.2007747871959573,0.3075884530071592,0.3086784541222298,1.2206447058146552,0.27318712546239304,0.289666259315659,1.1952215422257488,0.2765722375285883,2.35
0.3194626756690784,0.7458319893843257,0.686438635456061,0.3272155888035845,0.3422521881424568,0.7410320059452502,0.32563129397031043,-0.04256636589320653,0.7964355297890354,0.28034705438952356,-0.10539119530393469,0.615566236680024,0.35373386101852944,-0.11113534232747169,0.6680374091363254,0.28522913251298776,-0.13207756193958864,0.8914917872863496,0.1194290052282651,0.7471399580624831,0.6711919452566756,0.09932168277509809,0.36367684315964205,0.7117333104019563,0.09741549581790046,-0.03252468674184013,0.7606790556700062,0.11673260660652901,-0.1258818327927097,0.6185777648091082,0.05649723760977546,-0.09266397880449645,0.6327522910076164,0.11283415864463989,-0.11590672620422035,0.8539655061072859,0.22363772311616265,1.3471845550344328,0.6854799619805105,0.23357372330125015,1.5855579350866829,0.6342401328154086,0.22964101462738376,1.46688947169268,0.5786959550594695,0.3833186958573515,1.2609147395186677,0.6900696324197838,0.3597120418823163,1.0625507112963684,0.46410764032252266,0.16601327217876988,1.1144024702853046,0.4695553745889687,-0.014552006966451082,1.1878766796425169,0.6344236630982164,0.0216111118755627,1.215246062185844,0.5118140626226231,0.10354655149104426,1.2107286417735512,0.403425980556894,0.07493631494444154,1.2777533697517225,0.6791994352968131,0.08980163346797913,1.0697287837661342,0.46790272299876123,0.23665634508835603,1.159202323264032,0.360360044693081,0.31148408830691465,1.19579523385815,0.3033096011392543,0.3066276231615289,1.2123568770724145,0.2641080554279258,0.2846474395951402,1.191765274524372,0.2583996558149231,2.3666666666666667
0.3186707306643835,0.7426020462849077,0.6884791955447032,0.3273983419414731,0.3413737729910262,0.7411772440880091,0.324808884239895,-0.04380862464295343,0.7976405053390914,0.28038058209338756,-0.105033313543704,0.6157202688272726,0.35359605781514336,-0.11135604297592148,0.667502314139309,0.2848319204448913,-0.13289701861846837,0.8911237465862737,0.11865775968014644,0.7459057621462041,0.6705502454905647,0.0997207902273921,0.36221968386296577,0.7119297982225699,0.09736572014177057,-0.03323136195099444,0.7607969497394353,0.11843848186728281,-0.12408721654898897,0.6161286829373701,0.0564724300994439,-0.0923080245054118,0.6325865439660568,0.11316780966673622,-0.11558106611671047,0.8529241097982526,0.22365236849562636,1.347378128012823,0.6855156105877589,0.23290574286632207,1.5861715543123773,0.6321932871725973,0.22965909853739697,1.4675153363699827,0.5786625230067487,0.38391907582269313,1.2607958821848475,0.6884558350530404,0.36018056606555826,1.0580513538749694,0.4751379651387406,0.15787894888968398,1.1047771511689373,0.4857101880943796,0.0027370878531336844,1.1946725142815895,0.5883296894315543,0.03264367147891205,1.2119634591101416,0.48640095313670906,0.09196194998865412,1.194658862062396,0.4218985635279042,0.07331585984309714,1.2788329472829336,0.6759411294666351,0.09030339389759925,1.0679553372829351,0.47119356434567106,0.23464126475418448,1.1507346396550495,0.3569431363872597,0.30830445167811094,1.1932425718896629,0.3150534694368202,0.30283161697764166,1.2072377101149856,0.2663516123187699,0.2788489838185314,1.1871727646532333,0.23809933463393027,2.3833333333333333
0.31815093209212314,0.739107095892198,0.6900224623990008,0.32746332614601137,0.34042576546658987,0.7410654155946241,0.32392582839609607,-0.04523139630267502,0.7989421113592012,0.2802893178358236,-0.10451034659788176,0.6152372775341283,0.35336097405719413,-0.111519115314669,0.6667095777873752,0.2843237805541381,-0.13377987867907348,0.8908149762138576,0.11784849664469407,0.7449214636964892,0.6697689431845717,0.10018281777660458,0.3605727565762792,0.7123113615648142,0.0973405381197109,-0.0341138308760163,0.7610313217689664,0.12001296569375366,-0.1220107145954265,0.6132149901501236,0.056530857587726316,-0.09228852116803718,0.6322854152079662,0.1136888948728856,-0.1149553961158406,0.8517218321684468,0.22369240374306235,1.3475615527773346,0.6856333668801485,0.23218888894330653,1.586637692881671,0.6304064892442907,0.22962652334041977,1.4682028499128734,0.5787591137143837,0.38419340545833836,1.2614128028649318,0.6876752435584929,0.36068758290431885,1.0530349877084828,0.487846849105595,0.15476578126111012,1.0974821213337482,0.494573855417362,0.016281200865994046,1.1980985119126553,0.560994192261494,0.04096489786006226,1.2067799635710466,0.46587302152412124,0.08510444820691301,1.1799187602783094,0.42801599288403835,0.07225980958052948,1.2799663716067513,0.6731547783421792,0.09061723301874154,1.0663271657556541,0.47473544461190165,0.23258628962152728,1.1429366980591291,0.35141755573311306,0.30494732363617405,1.1919625444208717,0.34531756153842114,0.2992949691428164,1.2038848160867905,0.2843329418941304,0.27329976657069033,1.1805781644939015,0.2194840191234149,2.4
0.31788459912182815,0.7354212927705657,0.6911723011407421,0.3273555416724216,0.3394575214571627,0.7406918791825247,0.32301257140308987,-0.0467868348731392,0.8001990023928596,0.2800097617688644,-0.10378474431637527,0.6138092845978388,0.35310986605870864,-0.1116710006125815,0.6658661977767721,0.28375678466855375,-0.13472079131973524,0.8906564734268261,0.11706835862007157,0.744073402761624,0.6689363751109803,0.10069757217321901,0.35880298418994916,0.7128245720302813,0.09732747606452082,-0.035118420930896274,0.7613467783835394,0.12114869668191788,-0.11988377318343196,0.6100373757157272,0.05665106559663764,-0.09262708841602024,0.6319292657810108,0.11436990929927388,-0.11404645595435399,0.8503869653622846,0.22376928695600645,1.3476513668581693,0.6859499495576036,0.23162125483080354,1.5868946146130818,0.6289527044915963,0.22953271697830707,1.4688002794504864,0.5790030198890068,0.3841614802392871,1.2624816015539257,0.6876762451334448,0.3616505360005732,1.048229490113564,0.5011299711895361,0.15581682502301794,1.09234362855783,0.4970484291755405,0.026223464520375966,1.197497177392788,0.5504732588664603,0.04581434920199759,1.1999469200342203,0.4501151374664483,0.08261473238001198,1.1655727712821584,0.4242433805750597,0.07175405010600447,1.2809643408401366,0.6711323387703781,0.09013703340942303,1.064649117991317,0.4800851105106523,0.2305486540097334,1.1363015346677843,0.3435380194207407,0.30343082079228545,1.1879797149611175,0.38535175753104506,0.2987736736823378,1.197690888916413,0.3145695025482052,0.26962858283708535,1.1705233091731513,0.2069373159528948,2.4166666666666665
0.3178510734953815,0.7318039393373857,0.6918395933428417,0.32706789220622096,0.3385176777242698,0.74006893954021,0.3220977901468241,-0.04839131127341505,0.8013068804504367,0.27955385700219093,-0.1028386874463374,0.6115390816516537,0.3528671303538169,-0.11183572774737341,0.6652083942444214,0.28318724498040604,-0.13574331327661038,0.8907190407031966,0.1163345720021357,0.743232929361704,0.6680993659915692,0.10124392751275993,0.3570279445430953,0.7133441183925411,0.0973226929932908,-0.036222913129803136,0.7616687321257621,0.1218606912309684,-0.11789573488472348,0.6068535181964514,0.0567673508822681,-0.09329782168574804,0.6317033027409293,0.11513567334097621,-0.11299646327207777,0.8489000675964464,0.2238319759675838,1.347602683928769,0.6862628695111909,0.23144833938298298,1.5869493954540088,0.6276451798537612,0.22946288601973966,1.469131838076681,0.5792153800637534,0.3839803601080035,1.2633208951530153,0.6881012226361557,0.3635759277275098,1.044053565424063,0.5132587818611305,0.15899788670098616,1.0885986047478284,0.49602254837027315,0.033597829750426356,1.1935294497823805,0.550249513995482,0.047886811063180254,1.1924575005678404,0.43716928270850713,0.08318052079892432,1.1509092378633623,0.41677181178343087,0.07156619903228714,1.2816127165745208,0.6700175686386176,0.08829212593886829,1.0626780679490961,0.48853855463904405,0.2285733373445002,1.1301292433288284,0.334412143919305,0.3047583050715522,1.17799619054847,0.42273001319390535,0.30239720241684587,1.1849774673914002,0.34809162309513464,0.26916860712404467,1.155704755101778,0.20360607151789778,2.433333333333333
0.318025305973305,0.7284514055290136,0.6918990975859718,0.32662183878952344,0.33759626995255954,0.7392044225046317,0.32118817585310455,-0.05007781401475597,0.802310443187847,0.2789910157999093,-0.10169246683537186,0.6087852903829347,0.352600663157307,-0.11198478716584853,0.6647736701054474,0.2826487445613946,-0.13685248916250478,0.8909495150253285,0.11559076381696522,0.7422379426995923,0.6673348616260697,0.10180332585954709,0.35528733457512934,0.7137691358889249,0.09731933353548997,-0.03742244109739583,0.7619698620639428,0.12239022380544232,-0.11615615042931515,0.6038898909120085,0.05683594146264271,-0.09414545054993395,0.631750917156287,0.11588136691730365,-0.11205715253721626,0.8472510608507476,0.2237813729073489,1.3474370226508088,0.6861031206128,0.23180763265966514,1.5868914522285003,0.6262635277270148,0.22958597261245467,1.469090066557604,0.579064052422625,0.3838364987825911,1.263145783235595,0.6884423403585561,0.3668112269903121,1.0404479899099175,0.5221854831405754,0.16232902171037206,1.0859469783362985,0.493716862939127,0.03983695728008657,1.1882813981193878,0.5523514667876647,0.04825397280583796,1.1853501534144457,0.42538246055042206,0.0852957116208423,1.135983135810354,0.4112565751506698,0.07128103476856792,1.2817108635614816,0.6697030189056691,0.0848659310475457,1.0602878523788235,0.5005039949595403,0.22699827268062248,1.1225913704090176,0.3261645265883395,0.30842541787259303,1.161847971696595,0.4473212394878915,0.3089209057116655,1.16548467704432,0.37467474322844474,0.27205571459748723,1.135614631723236,0.20914815873997974,2.45
0.3183951410006531,0.725387110980514,0.6912024344177975,0.32604284444988674,0.33663428472348833,0.7381064097679163,0.32027341426748485,-0.051930419840933356,0.8033161886897532,0.27841032081039474,-0.10042696685295659,0.6059483752697153,0.35229133965281434,-0.11203612226358332,0.6642625864526763,0.2821687742726552,-0.1380247688280533,0.8911491294487415,0.11479590852515997,0.7409935095566473,0.6667567916055784,0.10236746226447578,0.35352461049155065,0.7140875836857998,0.09728830219838985,-0.03870117621055656,0.7622613146493661,0.12299516439855968,-0.11464139381487408,0.6011751191989636,0.056930220004641985,-0.09482119223206631,0.6318907456381133,0.11650840550511365,-0.11141447486393599,0.8454640330906267,0.22355695677331314,1.3471921509658933,0.6851275429603356,0.23264233067978707,1.5868354374522256,0.6246757540834404,0.23002129620450623,1.4687048359773462,0.5782630043859003,0.3837765712409995,1.261436491100615,0.6882308738225185,0.3714677289532653,1.0371723217221733,0.5263931202527392,0.1646857657855044,1.0845226242616781,0.4907583864421889,0.04631914727952271,1.1839169350099303,0.5504559428248532,0.047924897039549434,1.17878923849222,0.4145412106055464,0.08778810010704499,1.1211569649593103,0.4097754642490675,0.07053802837793736,1.2809901755951767,0.669771154159299,0.07999082850832619,1.0575546626398271,0.5153424223845913,0.22643227523258308,1.1114359136596579,0.3210248839901153,0.31349579831111274,1.1409838257859966,0.45300538600078233,0.3163262088559804,1.140478333101658,0.38699189532089956,0.2775703393888493,1.1100920391294593,0.22082869290953583,2.466666666666667
0.3189700537056178,0.7225398531681577,0.6896343629870394,0.32535389170812146,0.3356722662167315,0.7368072950821551,0.3193757581404331,-0.05386972623646577,0.804306663150681,0.27789707938860553,-0.0991652021587971,0.6033984133693568,0.35193140341587953,-0.11185473824808717,0.663283660406215,0.2817811882735855,-0.13919832908192764,0.8911101508647672,0.11400866863117247,0.7395647768021107,0.6664358708582023,0.10291655253089567,0.3516942545069305,0.714346268006118,0.09719764150047795,-0.04003991616136808,0.7625358903697182,0.12381253990645606,-0.11331197333952746,0.5987076375161579,0.05722419817863583,-0.09492470801596367,0.6316088977701089,0.11696635880373002,-0.11109206376448344,0.8436065424623574,0.2231966533807464,1.346881844798141,0.6833819199015085,0.23376800280344934,1.5868406773382242,0.6228110225505643,0.23072860453793115,1.4681347839437422,0.5766098444235179,0.3836957646382867,1.2581429084341114,0.6871754471881006,0.3774454114937864,1.033998942162416,0.526023312923845,0.16617189628750195,1.0838611733900232,0.48675968988382085,0.05360998275971485,1.1807014500202102,0.5422656842964023,0.048104409464043596,1.1718430857049569,0.40564639202486813,0.09007229772556308,1.1066484145766458,0.41151729762256495,0.06917380190949383,1.2791075597770003,0.669710192768419,0.07398998220672992,1.0545967979516238,0.5313902153263284,0.22711319108976216,1.0949485236550682,0.32022795117300623,0.3190062882488058,1.1163924372435252,0.43751434218450846,0.32298230073796175,1.1106444405337366,0.3825256477877601,0.2848484577753323,1.0786644204187095,0.2366051836195317,2.4833333333333334
0.3197443486012523,0.7198783623805846,0.6872395080082948,0.32457770847954104,0.33490393560980447,0.7353752481056488,0.31857617606763483,-0.055609752042306906,0.8050793554830972,0.2775187212943961,-0.09805235803817203,0.6014864422068247,0.351503810952545,-0.11132570211187286,0.6617632325158138,0.28151856003344283,-0.14029445534117319,0.8907443843676682,0.11335815393221454,0.7380816778875796,0.6663901473927697,0.10340204065331428,0.34982118835178916,0.7145987561028835,0.09705361830578978,-0.04142568789836973,0.7627614036735979,0.12483074497044586,-0.11224109793498556,0.5967239557395293,0.05784040135936783,-0.09428052843243902,0.6304755447471737,0.11726526981468295,-0.11103237664172369,0.8418003424653562,0.2227854835337404,1.3464894693488436,0.6811765886379992,0.23494296557150432,1.58690174572259,0.6206080489670898,0.23153985425932233,1.4675786043769137,0.5739591913800037,0.3834812390949022,1.2536720302598108,0.6852846966926643,0.38449575423406085,1.0304817189998874,0.5233753933973414,0.16807302695921678,1.082514989370762,0.481112860914529,0.061162998646397404,1.1766954066339377,0.5293895141360679,0.04990677882309841,1.1632157826367764,0.40037983637015195,0.09222194005045364,1.0927244466369768,0.41468617654767104,0.0671901609618038,1.275837464927173,0.6692496418731392,0.06738409950307611,1.0510787354677096,0.5464289099476656,0.22829434266668436,1.072568365240584,0.3239757339427789,0.32342212909624457,1.088483300443094,0.4028703267632809,0.3275021004989393,1.0764224834343203,0.36286842867096986,0.2926049194280229,1.0412674273063238,0.2557520816079874,2.5
0.32066429229288423,0.7174606165399277,0.6842126996697918,0.3237390460077403,0.33448549957101653,0.7338891131016045,0.3179686225203858,-0.056859188787180936,0.8053964288787595,0.2773060752849771,-0.09720260540214012,0.6004969690882414,0.3510150063330062,-0.110367545089946,0.6598768138798963,0.28140154644585375,-0.14125090754417055,0.8900715250505631,0.11291567744970513,0.7365736621315293,0.6666576215654351,0.1037651153071116,0.34797328906200653,0.7148763212126179,0.09690585564649029,-0.042843040863178805,0.7629043537368183,0.1259491206755552,-0.11152053158808878,0.5955550419992857,0.058761161405130866,-0.09301687562896295,0.6284726077170906,0.11743285817317037,-0.1111822746860181,0.8401829279540274,0.22233730150314424,1.3459684720429315,0.6787943063787385,0.23586630855700297,1.5869951544968754,0.618001858885775,0.23226951001760687,1.4671699858786513,0.570378384810061,0.3831048588607358,1.2487317928597759,0.6828352446296219,0.39227785413746424,1.0258947616839902,0.5218095199445109,0.1723405317452097,1.0789388845859293,0.47353912196538206,0.06793595010285663,1.1693408820209605,0.5151229175449968,0.05378404865024883,1.1516561274309816,0.4005132966878729,0.09470203413391781,1.0797419090557272,0.4174484993792323,0.06474305836240757,1.2712314440272354,0.6684243559141635,0.060881688553291576,1.0460005007909912,0.55837490578079,0.22849786551809842,1.0450488536300822,0.3322556058109403,0.3248455920210012,1.0578939264691203,0.3584694872803046,0.32870303104773135,1.0394121561297611,0.33411483175633605,0.29839245354977,0.9997370499659135,0.27665110822515404,2.5166666666666666
0.3216203995345214,0.7153939164063845,0.680840707453371,0.32286569873888743,0.33436302025629183,0.7324044086849582,0.31760663298341785,-0.05754895672708249,0.8051372520472702,0.2772347393705761,-0.0966096383819711,0.600447552087714,0.3505049579764984,-0.10887291827630496,0.6576177488702359,0.2814378885310655,-0.14202361039326442,0.889147978370192,0.11259601981673777,0.7349609624850932,0.6673403099907325,0.10395812363857664,0.34623129696700833,0.7151687606794457,0.09680965556109344,-0.04426666055866399,0.7629613574551076,0.12703303783269362,-0.11111305877761589,0.5952209591976906,0.05988617374713835,-0.09139055077439781,0.6258837862465595,0.11748483489938262,-0.11149378436838095,0.8388017481371502,0.22175335590673645,1.3452723176465042,0.6763025748048539,0.23623637423063193,1.5871038613038577,0.615041021608591,0.2327828582593732,1.466951548934485,0.5662596260855078,0.38260676254774123,1.2440947215043112,0.6801688324707489,0.40042596317818724,1.019718543375614,0.5240738301787843,0.18051791986121676,1.0724677246562475,0.46409117350636087,0.07338508828984569,1.156868158443646,0.5020613747914978,0.05956998515270652,1.1359214605270502,0.4064057114375739,0.0979339513253826,1.0674701853867161,0.4184339719671989,0.0621453242853475,1.265630353912881,0.667400760595134,0.055055439317516594,1.0382896889757773,0.5659238921834984,0.22647167715059724,1.0142515835146573,0.34461211992399055,0.32203905599625215,1.0257816892833689,0.32103623920478574,0.32591765295958336,1.0024422214052928,0.3073992712949979,0.2991167553362218,0.9577911472427084,0.2954962930619356,2.533333333333333
0.3224491153761964,0.7138126401584726,0.6774975208815552,0.3219859509058046,0.3343579926360462,0.730942616782339,0.31749113826406916,-0.057859821686123886,0.8042994855446596,0.27722596890962015,-0.0962526845364878,0.6009329323556556,0.35003050896388266,-0.10680394135050635,0.6547635037618991,0.28162964822623904,-0.1425774315862807,0.8880261252371051,0.11222082862906543,0.7331619543645791,0.6685567848384717,0.1039540326841403,0.34467143935836275,0.7154262099826648,0.09680056947157929,-0.04565139425917894,0.7629777622201509,0.12790432620469525,-0.1108263586667913,0.5953005433259302,0.06110387483161604,-0.08962212055506943,0.6230373814909668,0.11745724984746274,-0.11191219668447971,0.8375619605054055,0.22092835385575516,1.3443966220167647,0.6736520362376823,0.23590226378816925,1.5871943380361362,0.6119645145499579,0.23299843254800162,1.4669052398719802,0.5621970115423722,0.38205772356673307,1.2403066879268656,0.6775588174460783,0.4087595575502476,1.0121462755357697,0.5314959080243554,0.19262059472195142,1.0631413968074646,0.4531283209803163,0.07814693704751918,1.1387147081269808,0.49051862517984135,0.06690245663288072,1.1155647649898832,0.4155965123688645,0.1021910056763084,1.054544662394276,0.4169588444105845,0.059783160689682716,1.259582896279448,0.6663263188423073,0.049950812627869934,1.0276351173126905,0.5692183335963285,0.2218014667667927,0.9825335659501486,0.3594614695919415,0.31526477060129804,0.9927931025766193,0.304365411094785,0.31943896741402916,0.9672625168085228,0.29391382356527573,0.2928837809364181,0.91898174970825,0.3087010000692888,2.55
0.3229552790646768,0.7128456666965493,0.6745524777906851,0.32112518127123096,0.3343626876332993,0.729505763872903,0.31758880689232893,-0.05800090644706542,0.8029525451458754,0.27719149864712633,-0.09630384791865827,0.6013746697213183,0.3496857918011447,-0.10434319968955613,0.6512964973892711,0.28197308951821515,-0.14289982621056924,0.8867447995822937,0.11168163791923752,0.7311613168928974,0.6703158894825472,0.10376605647674242,0.34333503398119747,0.7155873378341159,0.09690247416619566,-0.046933189884033416,0.7630141569007373,0.12841477087847122,-0.11040326753434308,0.5952752939059045,0.062298270784306095,-0.08787982791149365,0.6202284679730602,0.11741221977314613,-0.11239258120455303,0.8363219023764891,0.21986763528520992,1.3433669740848604,0.6709188380699469,0.23495801447899278,1.5871962712637053,0.6090399548251505,0.23288748738022502,1.4669664752156892,0.5587640385811457,0.3815545774995756,1.237489049136545,0.6752741617710121,0.4174431441444707,1.0040384945050305,0.5437894078668914,0.20714802309536012,1.0508535328029471,0.4419668100888321,0.08383985731694402,1.1155748592009518,0.47893284584748735,0.07567767836792358,1.0918866181502784,0.4239217050124233,0.10785594874064139,1.039137657119122,0.4129956533901577,0.05796493655151931,1.2536594393344807,0.6652677698683009,0.04510296775555625,1.0147475759767168,0.5698983519051453,0.21464128268835103,0.9520243137129467,0.37482391938030424,0.3062717450202355,0.9579916817190034,0.30919984906921616,0.3107172657228452,0.9326368771725676,0.2976378258588367,0.2800671564054532,0.8847218489216362,0.31651601498624127,2.566666666666667
0.3230052243724655,0.7124894673673647,0.6721796816042894,0.32030630068924243,0.33438709719535886,0.7281017684277566,0.3178660149118114,-0.05799981522427333,0.8012436727919456,0.27710108655020094,-0.09699971563015697,0.6014644188391687,0.3496078987018415,-0.10184020788854167,0.6475754867014738,0.2824491141422764,-0.14303714968543962,0.8853346617240254,0.11100631650959723,0.729001031124128,0.6724773425465781,0.10345312558909128,0.34219434997975623,0.7156205451704237,0.09712737495717748,-0.04806594650868681,0.7630997488204245,0.12859090637996984,-0.10974143328420671,0.5949652024408421,0.06330933277236735,-0.0863742314387285,0.6178279874151941,0.11739704395291725,-0.1128798898982403,0.835006497187537,0.21866959794868407,1.3421805042930526,0.6682768911109298,0.23367087869362535,1.5870579158239406,0.606450600631983,0.23251308287617045,1.4670617884883093,0.5563003931665094,0.3812366262545477,1.2354288203390518,0.6737370537348963,0.4267069944643459,0.9964798658090076,0.5591154018190023,0.22238839069966798,1.035252307636287,0.4329980741230953,0.09198460241401907,1.0892100721137863,0.46664847500117007,0.08631967574643792,1.067361958252509,0.428710526786197,0.11557801559133729,1.0203499502187365,0.4078719069360872,0.05678658928239509,1.248266543434327,0.6642442879933992,0.03994793011422381,1.000962456253679,0.5701078902261026,0.20507479039350765,0.9241883090948787,0.3895578697561166,0.2967432612702449,0.9205559556819958,0.32697033641518114,0.3011318860903093,0.8965582424767589,0.31458875618966764,0.2625282527388139,0.8544240261325572,0.3227351532573841,2.583333333333333
0.32263893420919776,0.7125197430999756,0.6703006693023796,0.31955108859345316,0.3344660534583696,0.7267602202652079,0.31829669498677315,-0.05776778570176401,0.799401750009601,0.27699784795798255,-0.09834019761007311,0.6012205326735337,0.3498900937086602,-0.09962779444527765,0.6440156971332044,0.28302370289713047,-0.14308445128197608,0.8838319019598886,0.11027794410284068,0.7266959682994829,0.6748910372056065,0.1030845528941529,0.34115057893485234,0.7155540612701508,0.09744444438010418,-0.04905318651507948,0.7632264100661725,0.12860083760292176,-0.10904135464006197,0.5945516812784153,0.06390086298074657,-0.08544181339381736,0.6163815953213228,0.11743144992979386,-0.11323955522191673,0.833613100071668,0.21743744932185533,1.3408068343061847,0.6657567512766256,0.23229100580578316,1.5868159279476133,0.604408800764918,0.23205441664188703,1.4672021213514412,0.5548116081032738,0.38125292639321107,1.233827205923584,0.6734511054618506,0.4363980335755706,0.9903579713286956,0.5747503437380603,0.23745268995757446,1.016676433734615,0.4284512104462219,0.10320134544569315,1.0621331552400144,0.4558071423229396,0.0992693483018331,1.0440454356206428,0.43060816361155885,0.12583919319234455,0.9988149098125949,0.4047586653156284,0.05614135259655177,1.2436452805977136,0.6633338147252815,0.034127536929658746,0.9876420348991248,0.5716066476113542,0.19299606593761587,0.8996666475286338,0.40357111997569767,0.2865872602987877,0.8825789264537752,0.349397961763393,0.290400293877517,0.8598498350412752,0.33742183628198685,0.24253804620628955,0.8271260881179597,0.3307291564865906,2.6
0.32203185451265054,0.7126516937578973,0.6687463549942918,0.31888015367980854,0.33460631170655986,0.7255273361717228,0.3188372872904037,-0.05728613910168598,0.7976688187256199,0.2769452888845427,-0.1000376606967123,0.6007599875855637,0.35050141728310036,-0.09791024656733918,0.6407812963621187,0.28366761476245056,-0.14309292351126615,0.8822906158190692,0.10954613161656866,0.7241904288839084,0.6774396432222959,0.10270156152328189,0.34009791498284275,0.7154506879868034,0.09777063771930815,-0.04992622151269298,0.763370248373821,0.12856670108795426,-0.10866319655047546,0.5942966065081648,0.06386221631079962,-0.08540088761399672,0.6163781852476456,0.11750971366985512,-0.11329595275526243,0.8321870330608769,0.21626262505229826,1.3392155005062467,0.6632941153102284,0.23095553623992526,1.58656375686653,0.6030731453918655,0.2317212542000237,1.4674715280494781,0.5541105720440629,0.3816574822446813,1.2324147916918753,0.6746055462564419,0.44598892786727307,0.9861680707333056,0.588218087344462,0.25206098264817284,0.9966800098512019,0.4295049615122964,0.11767495786992255,1.0371906058990699,0.4495716688793744,0.11422864833838514,1.022516144893653,0.43225356829732275,0.13829798831640938,0.9758120250771101,0.4070206928580335,0.05588055921922022,1.239926833688343,0.6626843240145415,0.027408735972815755,0.9758681066457786,0.575766451115755,0.17869060566784684,0.8785149836880711,0.41718249002784563,0.2746112529381265,0.8483417641381118,0.3721843655478051,0.2772499511602758,0.8257648885556538,0.3598125872825336,0.22256337414654476,0.8025491467840961,0.34115335955869264,2.6166666666666667
0.32130825527728907,0.712818418570701,0.6674795574615918,0.3183120630200295,0.33483124077549,0.7244446657445619,0.3194237784252076,-0.05665329197213466,0.7962066564880077,0.2769777640053613,-0.10168796130076879,0.6002197480220859,0.35132694572651124,-0.09672893620163918,0.6378876879473107,0.2843718273716056,-0.1430088192864876,0.8807766294656512,0.10882683932222578,0.7215113719961184,0.6798723946773927,0.10231575418448116,0.3390331449730295,0.7153439526644502,0.09802265324117479,-0.050685978570640305,0.7635004275398608,0.12851004232660357,-0.10884506777921621,0.5943595350765328,0.06319963721922194,-0.08625559401116767,0.6178021969181668,0.1175869369004017,-0.11303029936829206,0.8308608748848781,0.21527222868403598,1.3373748683334732,0.6610360176831924,0.22977131995619737,1.5863758154571437,0.6022842707059282,0.2316091367587231,1.4678452696442599,0.5539997313233672,0.3823514963342144,1.2309375406863265,0.6768590947497674,0.4549833402871757,0.9840507917104121,0.5984091515711901,0.26615467471554677,0.9771799979829104,0.43638466473504234,0.1357679657440099,1.0165174072591203,0.4492285630342666,0.13031915019291526,1.002124916164953,0.43590556948299714,0.1519559953647916,0.9519706100915886,0.41591149736195565,0.05590356503910753,1.2370872188670978,0.6623723190486284,0.019570147511569446,0.9665531875611946,0.5834218797787833,0.16319922376344864,0.8608226181215595,0.4303006602184324,0.26044261273687486,0.8213352179196758,0.39403933745148295,0.2614360888535108,0.7973587113543346,0.37894385780669637,0.20493754355878685,0.7809353986965096,0.35361817529410017,2.6333333333333333
0.3204364630990012,0.7131944776818402,0.666691966060349,0.3178576372233966,0.33522333678064264,0.7235355605282151,0.3199900311078967,-0.05596911452028146,0.7950678508472665,0.27710336006358915,-0.10301642357450895,0.5997587230879612,0.35224785345334,-0.0959765915562821,0.635446843794125,0.28513614036113266,-0.1427412378954206,0.8793386280813746,0.10814824580456064,0.7189236872660163,0.6818148146564409,0.10194294299620409,0.33809691727821073,0.7152332041963659,0.09817629732029724,-0.05125491130132033,0.7635724395629607,0.12845824496055694,-0.10954996542963186,0.5947526944572984,0.062133580742077706,-0.08769106735244639,0.6201394769645544,0.11758782201052709,-0.11264738464316672,0.8298497172664496,0.2146254559201542,1.335301577764712,0.659387024347888,0.2288549516711359,1.5862887068416698,0.6016481774522916,0.23166161398163315,1.468123250387929,0.5542408652006011,0.3831605734115717,1.2292308967281105,0.6796375326440268,0.4632135270768252,0.9837358480575856,0.606301150449,0.2801659329274194,0.9593982361038415,0.4482703647152555,0.1574068919900118,1.0003709489699804,0.45361376280722465,0.1468320578694092,0.9823377931863249,0.44231285174291635,0.16602325633475834,0.927350691832174,0.4300504893594375,0.05608817576173688,1.2349906901892505,0.6623175865865962,0.01061832108058373,0.9604233373130429,0.5943748744491646,0.14777928228443957,0.8470547873308969,0.4422191611352585,0.24488537811950745,0.8031407288332986,0.41441314044825095,0.2442155608035727,0.7766104728876005,0.3947483552698708,0.19073690716395042,0.7625254219624757,0.36901500160536804,2.65
0.3193048329964243,0.7139192445942039,0.6667058572602957,0.3175097623221479,0.33587697519472215,0.7228191303207875,0.32047626933241974,-0.055238618571697276,0.7942324000542081,0.2773170547963365,-0.10395573584902147,0.5994508851714244,0.3531823388866938,-0.09551052929737625,0.6336675195356036,0.2859437474663411,-0.14227581621030416,0.8779846653645522,0.1075533779059123,0.7167712013100375,0.6830847833368552,0.10163235100183857,0.33746965747289415,0.7151419793708071,0.098271341573478,-0.051501918653107936,0.7635531506908085,0.12847344005742128,-0.11052204350728463,0.5953360750318873,0.06090340549370327,-0.0893679192332715,0.6228454247861137,0.11746125846069566,-0.11235381985284366,0.8292717971565702,0.21441741217254673,1.333096206335873,0.658707390784807,0.22823798458814282,1.5863251643686493,0.6007976838408423,0.23176514637663637,1.468108150842466,0.5545535183751495,0.38394525490506815,1.2273981508019352,0.6824988006977013,0.47079617904647986,0.9844565830113151,0.6144791383147896,0.2951806005751516,0.943901202129638,0.46305526208708847,0.18116328295055756,0.9872390844952675,0.46062658370504184,0.16349080761829904,0.9634968842533358,0.4508925240455517,0.18038511970422258,0.9025325736313197,0.44640636537600514,0.05627393588837526,1.2335488169050013,0.6623686829900601,0.0009919729799641869,0.9575704235039643,0.607689468129051,0.13305475430850155,0.8376231553080433,0.4527048741116818,0.22892850999453168,0.7936472133382492,0.43221425603356683,0.22718181219066558,0.7644436849386654,0.4074421551864955,0.17907723485916902,0.7474856085254951,0.3886995030488879,2.6666666666666665
0.317846579130373,0.7148755438546057,0.6677648951596751,0.3172454320896367,0.33680562188777735,0.7223261233862939,0.3208432127453195,-0.05446277809898897,0.7936528030342126,0.2775860473125622,-0.1044029851513183,0.5992004668295272,0.35408315339242824,-0.09531059413968118,0.6327739538662316,0.2867444122579574,-0.14170530479876026,0.8766935244725044,0.10703041848604403,0.7151742493475698,0.683870903807456,0.10143918666784454,0.33722683595763675,0.7151225211050681,0.09837027712912697,-0.05135180647779174,0.7634713281044724,0.1285671320541871,-0.11145908489241083,0.5958778734375212,0.05967173846270862,-0.09106560376119206,0.6255732391866684,0.1172383296223747,-0.11214778534007701,0.8289872360494934,0.21456489588698802,1.3309125356821467,0.6589406790799627,0.2278206245208241,1.5865072203761925,0.5994573135014714,0.23184689138572429,1.467754695709172,0.5547834440528674,0.3846238224395535,1.2258247215980462,0.6851215040103658,0.4778674207416912,0.9853691678160739,0.6253241703770723,0.31227406086911164,0.9311272673016064,0.47791870234788036,0.20451653847842952,0.9750617937756882,0.468560640152643,0.18006944381940965,0.9458351321962397,0.4603017495211508,0.1953260100498703,0.8788666492242421,0.4616508607143822,0.0563605573525352,1.2327514822905707,0.6624229097812825,-0.008685130213006922,0.9573021276214287,0.6224128391608246,0.11889882442343144,0.8321875158936348,0.4630258532272469,0.21294259256664608,0.7910162515200607,0.44679115447620255,0.21108426373718092,0.7604039273946522,0.41726887858151007,0.16802378263391343,0.7361356283791229,0.41171650713274854,2.683333333333333
0.3161078318984135,0.7158017056429342,0.6698305279284621,0.31705700066936,0.33791533322269107,0.7220872158164763,0.3210847253771843,-0.053761629363247895,0.7932863822639227,0.2778575668606132,-0.1041471170487627,0.598897340848563,0.3548617438670123,-0.0955533192845852,0.6330491526849579,0.28746138691253137,-0.1411790865118053,0.8754491691874529,0.10647651350342527,0.7139953981449609,0.6844818670050548,0.10136500433254299,0.33731265691314544,0.7151848168220895,0.09852107685000032,-0.050869648425314384,0.7634126322112283,0.12864722651909807,-0.11216116915807806,0.596170378617607,0.0585705565964916,-0.09260207670426161,0.6280452591908903,0.11702596436857714,-0.11185840178064954,0.8287091003966802,0.21481476692814783,1.3289515088512551,0.6594629944818717,0.2274640165851748,1.5868163109677256,0.597410570974453,0.23189063831750767,1.4671271452137113,0.5549468998456721,0.3851406695252687,1.2248853372356825,0.687165179269832,0.48441959214444386,0.9861835463283356,0.6393835953058398,0.33148023566824864,0.9212378242132808,0.4905867520919623,0.22519557842616023,0.962270266494857,0.4760499039349114,0.19616626589575786,0.9286028149579882,0.4687268596367284,0.21107702323963362,0.8576692843957622,0.4733480241050462,0.056345546725014656,1.2325789090143908,0.6624482312030493,-0.017960349203974983,0.9587025000627951,0.6375880377168319,0.10515117604637665,0.8296650196957633,0.47494776117833337,0.19663642827123962,0.7923061432063795,0.45880593876552833,0.19555244155684848,0.7626923254171047,0.425581306708068,0.1563072511298485,0.7288723020145915,0.4345392222626857,2.7
0.31425330166021215,0.7166233188996389,0.6724845661566564,0.3169881928847106,0.3390685461188413,0.7220994863164669,0.32121057139666276,-0.05331665821893522,0.7931144029753923,0.2781072453406234,-0.10326175392359545,0.5987182923504514,0.35534641684190793,-0.09649475597981091,0.6348360239847773,0.2880293190970133,-0.14083392179671383,0.8742686116013629,0.10578544411153232,0.7131235159667229,0.6849821048284581,0.10135435459454803,0.3376318679281883,0.7152633852568946,0.09874857738522552,-0.05023223234248621,0.763446952472993,0.12857443134388266,-0.11253952169055206,0.5961362862196276,0.05773322399746045,-0.09378095075269108,0.629960264256451,0.11692517304391563,-0.11133622818819584,0.8282667311284635,0.21491325800778094,1.3274482859543557,0.6594390431412689,0.2271051486412563,1.587120176963542,0.5945333472378115,0.23190414567746526,1.4662883606636192,0.5551055789182338,0.38545761272288803,1.2246591456551779,0.6883451195182201,0.4903884370745115,0.9872356895086527,0.6553014996457707,0.35146050028033615,0.9136468400691086,0.5000931458930362,0.24229632684949043,0.9483676502982422,0.48171129608149704,0.21170952137015261,0.9111815112556506,0.47400399661107584,0.22762892968505857,0.839574645273314,0.4804786799600924,0.05627726297284219,1.2329424393736503,0.6624326864792717,-0.026513712921807268,0.9612805554848061,0.6519259339806635,0.092103197969295,0.8289915807295977,0.48895814625993594,0.17973234244553632,0.7950060743820357,0.46911593498861504,0.17983608977576634,0.7688396501207827,0.43413436405614503,0.14399093369311633,0.7257131831853175,0.45384565368963403,2.716666666666667
0.31251685977559557,0.7175810029195165,0.675072023808251,0.317106208399926,0.3401584200367483,0.7222827243531966,0.32122398596508667,-0.05322690012364391,0.7931449929838325,0.278357149413487,-0.10226398867675267,0.5991294908239936,0.35541420381186795,-0.09823790414913904,0.6383570561415727,0.2884301284242761,-0.1407212845228589,0.8732117898621714,0.10494282595954577,0.712725788503411,0.6851487464406789,0.10135638835768325,0.33812668668683454,0.7152733938321638,0.09905077996840285,-0.04962465622209333,0.7635756255249426,0.12829165249314234,-0.11256480327697824,0.5958769344709361,0.05725993471831084,-0.0944528278257202,0.6310787986827584,0.1169738465327718,-0.11059193979040793,0.8277376456864078,0.21475919726691123,1.3265723806784422,0.6584174480814322,0.22676128429407402,1.5872018255677178,0.590952558463949,0.23189690661213913,1.4652667024129047,0.5552787133080087,0.38557865412418063,1.2250007040134034,0.6886320476759651,0.49574947824328314,0.989013734843984,0.6709576448251737,0.37025870025703134,0.9072082497287638,0.5065596963704725,0.25620974977510746,0.9341002327604107,0.48486244240950627,0.22756301746311813,0.8944889951088684,0.4742045349329428,0.24475242069917097,0.8246494317048512,0.48338981878637277,0.056217398035918326,1.233653358157386,0.6623575233292556,-0.033941992571338966,0.9650596243709573,0.6639820182225102,0.08011339157539525,0.8296418257951819,0.5040564478588134,0.1625500101777579,0.7979975154867329,0.47752027506561734,0.163715076120458,0.7764803073754271,0.4435534388383341,0.131728414673867,0.7259907699907414,0.46846939873236526,2.7333333333333334
0.31111660602678215,0.7189418142309953,0.6770896133494633,0.3174119320838886,0.3411451165738411,0.7224826908198786,0.3211227451463818,-0.053447766779945116,0.7934022587843659,0.2786402752016083,-0.10167022547879857,0.600483144232205,0.3551203727822333,-0.10064424123988885,0.6434726807930642,0.2886773441083931,-0.14079365645616077,0.8723631842884905,0.10400267622854632,0.71313782683758,0.6847254563340384,0.10137178920086562,0.3387795340929566,0.7151843693788646,0.09940209759155623,-0.04915528366118535,0.7637591878277618,0.12786865163808375,-0.11231084524765167,0.595598105930608,0.0571432298567508,-0.09462889515476902,0.6313998814201439,0.11718273036857611,-0.10976590066538203,0.8273459776379318,0.2143967487952381,1.3263156124629814,0.6564994384525614,0.22643248233572683,1.5869312193984306,0.5871542964810378,0.23187838443548592,1.4641160309788896,0.5554339702794553,0.38556992629237263,1.2257695881231718,0.6883195221590768,0.5004117836340811,0.9917604572988103,0.6844637629896708,0.3864106091588235,0.9008675794770085,0.5106958928633527,0.2679638856988251,0.9208655163769626,0.4862779493861362,0.24512729692423996,0.8803421074120451,0.4689622922542678,0.2621667016589091,0.812737638939331,0.48347917841182375,0.05620087904550426,1.2344360436113853,0.6622162491511856,-0.03985017360862257,0.970079381689733,0.6728184327500601,0.0690795541711976,0.8313766844108534,0.5188140425481758,0.14579233048625856,0.8011847171730742,0.48341944069361953,0.1476177711525052,0.7836798296335906,0.4533810824109735,0.12007575500390778,0.7286603920078526,0.4787929067320166,2.75
0.3101791409617216,0.7207129221944757,0.6784837716005874,0.3178078961798371,0.3420451900180026,0.7225784001908122,0.3209068980629415,-0.053844261213629396,0.7939063922758037,0.2789618468889403,-0.10161443075293626,0.6027264544302545,0.35461680504844806,-0.10340460119008489,0.6496273896583376,0.2887716038825037,-0.14098739359617793,0.8718014900251811,0.10302954293080029,0.7145357455736965,0.6836217258495741,0.10143647605662323,0.3395851028776844,0.7150391712048971,0.09977728359925005,-0.048843439137562936,0.7639724472197199,0.12738243712732544,-0.11190271456725072,0.5953914413135261,0.05723055038089374,-0.09452418157137965,0.6312460606074144,0.11756939760042243,-0.10897541774926854,0.8272572430551861,0.21392338468824124,1.3265022395400972,0.6540632412879702,0.22606038560322178,1.586361553187459,0.5837723224382185,0.2318594649538897,1.4629610983731194,0.5555163817236715,0.385522546596226,1.2268729696187304,0.6878204621026507,0.5041400274032667,0.9953738909918727,0.6945089856122371,0.3994738590171695,0.8940104989679591,0.5136195154255297,0.2790177901069503,0.909796382927957,0.48690225349762156,0.26506733831496465,0.8697452900795024,0.46017356300138096,0.27965748050878364,0.8034894480444547,0.48211670802859286,0.056177415946053494,1.2350435023850699,0.6620265474213776,-0.044176548155534186,0.9758682773021423,0.6785887297011441,0.058558462538434705,0.833844101216305,0.5321322147162505,0.1301817017608708,0.8045395229469798,0.48709157182693186,0.1322121790975282,0.7889604931100597,0.4630150340528113,0.10963940780291925,0.7329310530390216,0.4854529890792297,2.7666666666666666
0.30972302011382824,0.7227825796197923,0.6794434289101454,0.31817280070627313,0.3428633998137653,0.722574520692701,0.32057903204604654,-0.05430243836408512,0.7946633377870506,0.2792885533928541,-0.10191076897217849,0.6055299368401084,0.3540101585119464,-0.10613403874229213,0.655995541671317,0.28870317781375604,-0.14127304777345764,0.8715961292918114,0.1021042730023225,0.7168025579816077,0.6818525393714364,0.10156463457171135,0.3405517849422524,0.7148954862736399,0.10014780034001192,-0.048650913598498144,0.7641958013027284,0.12679465802748946,-0.11129494696075953,0.5950384826675296,0.05731907223631642,-0.09441536437623362,0.6310558853476064,0.11811978087863322,-0.10821359965207702,0.827477538829216,0.21342764101874925,1.3268897754713302,0.6515122891238485,0.22563725573476234,1.5856346954412406,0.5812058528877939,0.23184799169012732,1.4619040639916168,0.5554877483919738,0.38548836909338535,1.2281593519789453,0.6873917195406889,0.5067161076879122,0.9993946863961601,0.7006903376520826,0.4098204035176765,0.8864470733135337,0.5168910505841398,0.2910729643790198,0.901230807234556,0.48591978809362146,0.2865029769356398,0.8623534587334487,0.45046825443670546,0.29703974471746714,0.7962066136659817,0.47972715303352265,0.05602285343873624,1.2353902387005555,0.6618104603522281,-0.047254150386686275,0.9815132356205465,0.6823760838728885,0.04836019052150836,0.8366801053117506,0.5431279174879309,0.1165447481557839,0.8076190249037045,0.48951280918272166,0.11822761433891511,0.7916363904689576,0.4718061602548814,0.1011618812609209,0.7384292509341392,0.48910962235071537,2.783333333333333
0.3097150050357442,0.7252235890270895,0.679944076100534,0.3184467239370151,0.3435456902663631,0.7225435003397207,0.3201467492159523,-0.054805336805019644,0.795662011128303,0.2795745765046289,-0.10230438500503843,0.6085332437483448,0.3533583571145644,-0.10846793788347037,0.6616328211374227,0.28849273253512764,-0.14158493264767358,0.8717974632789688,0.10134294562213485,0.7197215787445934,0.6793796735581205,0.10171670991502221,0.34174600799112365,0.71474386523507,0.10045178209801323,-0.048519688431428024,0.7643747755506932,0.12601716377950678,-0.11024668899368911,0.594119748311084,0.05730516931585593,-0.09443535366690017,0.6310517940284236,0.1187516546063379,-0.10743363625152713,0.8278894733603158,0.2129767890318896,1.3272643178113426,0.649210684238213,0.22528929860646074,1.58487372646988,0.5795710877005849,0.2318421604559739,1.4608735149869638,0.5553330409588407,0.38547260894069124,1.229363202886137,0.687102990917231,0.5081428573536722,1.003094124308419,0.7039172249836478,0.4182601125004522,0.8783883977091762,0.522202195315089,0.30513523469778675,0.8946964750407618,0.4813674427271722,0.30750525255116595,0.8571797098848243,0.44110360913529156,0.31426595003995444,0.7899082869594779,0.4765942454370067,0.05564399193252216,1.235565555300322,0.6615712877435355,-0.04948956012126833,0.9862669908660988,0.68525254717766,0.038869393213949735,0.8398155439381367,0.5509087492305574,0.10581331068199094,0.8098812091049971,0.4912310655556862,0.10652251840860763,0.7923321551369479,0.4786744647331974,0.09480822032172467,0.7446879788558624,0.49106543766675015,2.8
0.3101138541303718,0.7283171065926621,0.6797568008934007,0.3186447916307787,0.3440410927954574,0.7225179868546141,0.31962595273222116,-0.05542324860000836,0.7968697125635117,0.2798049274018926,-0.10265316035528728,0.6113893366179521,0.3527422353391485,-0.11012705321582567,0.6656451152514464,0.2881846365389703,-0.14176253646762946,0.8723814141228424,0.10084715691692007,0.723263003656996,0.6761602383748511,0.1018279625807773,0.3432621279389809,0.7145148585686978,0.10061380577285717,-0.04841359981953554,0.7644483714803899,0.12508306452692258,-0.10856289689517917,0.5923627589289137,0.05720974449710564,-0.09454783692195814,0.6311843958523893,0.11934554118504509,-0.10671388635534182,0.8283495532436691,0.21262777841470762,1.3275168363039018,0.6474816591715629,0.22517930293731547,1.5841730138118049,0.5789833647044271,0.2318305228673907,1.4596941752775325,0.5550333342547138,0.3854670687727242,1.2302073395949527,0.6869603113190845,0.508691366504017,1.0057072631732902,0.7060605306215622,0.4258483575197437,0.8704446687976771,0.5304046138860672,0.3207123195451455,0.8894140032735738,0.472321036238176,0.3263490502802636,0.8531873371141682,0.4319537293280391,0.3314575927837623,0.7837939111579254,0.4737573076651346,0.055044803022070335,1.235716589954692,0.6612880524323264,-0.0510872959966264,0.9899639870978246,0.6876104168115772,0.030711935933115893,0.8433408059645393,0.5549109636515082,0.09859548552718136,0.8111477466962536,0.4920115644059081,0.09789259185860716,0.7925919431646571,0.4824536250520185,0.089446340369527,0.750633588157422,0.49321892526128414,2.816666666666667
0.31085243337357593,0.7322752156833872,0.6788195744131132,0.31880938838254147,0.34437640308166073,0.7224708226299479,0.31903381120273433,-0.05625604936802936,0.7982596835833361,0.27999494753721127,-0.10288630297605746,0.6136956898220612,0.35228764627511266,-0.11100376129591193,0.667515945768787,0.2878056356428052,-0.14167905010356266,0.8731939609893685,0.10061711299658442,0.727609299256091,0.6723610227677369,0.1018499727727735,0.3450864964848462,0.7141515085299122,0.10059197102958192,-0.04833846458620908,0.7644066557186519,0.12417454783554421,-0.1063157696934397,0.5898337267563464,0.05709693218600756,-0.09466866477234283,0.6313242213169674,0.11980883262746532,-0.10627181153543033,0.8287961273037854,0.21242387823694542,1.3276580586477646,0.6465380892259147,0.2253771922400981,1.5836178524648112,0.5796004212753119,0.23181068314163572,1.4583358553780028,0.5546167704623209,0.3854635197441437,1.2305922799814766,0.6869453420452585,0.5087365031182727,1.006736083607202,0.7087154125287036,0.4336067694045467,0.8634089338522392,0.5408089683319923,0.33620025326831804,0.8846778449074676,0.4597665127316549,0.3422128759549866,0.8491994841350932,0.4230083817511546,0.3485449045770779,0.7776289171153016,0.4722905587780919,0.0542849356531513,1.2359018798095867,0.6609299331782199,-0.052149074643752735,0.9927891370447042,0.6894556846530835,0.02418996006616147,0.8468806637529802,0.555292055683746,0.0947110649541974,0.8115058846299557,0.49157765900156924,0.09251059250979515,0.7933913762305689,0.48288249602615274,0.08321402510425699,0.7545876551725471,0.4968789120001318,2.833333333333333
0.3118434517605836,0.7369626617056527,0.6773024515389109,0.3189646500426665,0.34463129942901255,0.7223625994943232,0.31838783524973635,-0.057348035983037726,0.7998356293304528,0.2801389676122493,-0.10292561850569026,0.6150903427190185,0.35210056331655204,-0.11129547375159188,0.6674648047543684,0.287370761663289,-0.14141347507057037,0.8739774869765821,0.10055687749104372,0.7328418487104035,0.6683775389598932,0.1017517125329235,0.34705791308776135,0.7136227153501487,0.10037727909628846,-0.04831859571163054,0.7642721654371922,0.12350244164556012,-0.10390033260003678,0.586879381685768,0.057014315150614996,-0.09474240077706164,0.6313987247398385,0.12010570550289265,-0.10629526970553291,0.8292673326137672,0.21236674897226007,1.3277648018597743,0.6463294599393391,0.2258330405730969,1.5832752543956308,0.5813387743316263,0.23181921603360162,1.456975663835762,0.5543097793845246,0.38545254548739827,1.2306451613046585,0.6870003799682562,0.508478944203316,1.0062382989872,0.7122359918467357,0.44201577129366987,0.8577550419625146,0.5518655066798929,0.34983284435782813,0.879458876362904,0.44598228796347517,0.3548573718054985,0.8436116431301525,0.41537460972400936,0.3650051693684336,0.7715279212933502,0.47261268266557765,0.053426463532995835,1.23603264193792,0.6604792131136498,-0.05289054790962311,0.994730316383718,0.690928266115939,0.01912038519577698,0.8492344434318129,0.5528039111185532,0.09314181961125445,0.810862168122575,0.49034281807197,0.08962786586267288,0.7940652942630478,0.4810905458713657,0.07493028675080994,0.7547705294814221,0.5021268140060963,2.85
0.3130098004722364,0.7419597467087222,0.6754188882245057,0.3191124168169792,0.3449115586532926,0.7221879579593151,0.317730434031856,-0.058593750079716844,0.8015551594127578,0.2801951559351692,-0.10283990565945292,0.6155865044089868,0.35215666327593154,-0.1114263190376024,0.666402573993192,0.2869176829069538,-0.14116170144620557,0.8745284038224846,0.100577022355001,0.738688067439322,0.6646156889416273,0.10149953737073794,0.34899412966012333,0.7129094249726574,0.0999707333218236,-0.04837307218585209,0.7640423935922571,0.12318105914752042,-0.1018852499229036,0.5839636063212865,0.056979665103432414,-0.09473607352041241,0.631405265618898,0.12024569286496073,-0.10682361074637706,0.8298282449324341,0.2124139128357099,1.32788523054494,0.6464818107782491,0.2264122357307831,1.5831535332977986,0.5837134604999634,0.23192434932630182,1.4558140726085718,0.5545155428782519,0.3854299588493496,1.2305586914106132,0.6870538704808582,0.5078636351088651,1.0048347210805988,0.7159548570221559,0.4507124524620663,0.85329106847012,0.5623632483595535,0.36037512223239054,0.8721633803094613,0.43358126392574575,0.3642777068937777,0.8347481652613911,0.4111184882930242,0.3800686706370522,0.7655173799313114,0.4750912893503236,0.052564510019353444,1.2359443892018345,0.6599574934696386,-0.0535546879470522,0.995358451414967,0.6922703968221238,0.01517338267369547,0.8489286463885807,0.5484617674281704,0.0925769326772916,0.8088397823241364,0.4891890727476462,0.08807806602873139,0.7927639045916175,0.4787645610410354,0.0647386005239327,0.7501674149177584,0.5084542099536756,2.8666666666666667
0.3142706160486772,0.7469073871717289,0.673380930404946,0.31924763994250416,0.34537212543525025,0.7219784817105191,0.3171434298790205,-0.05975045958707678,0.8032404979533359,0.28015478209324185,-0.10294525812027115,0.6157754580457268,0.35228717451900315,-0.11167729910920089,0.6653759644500947,0.28650368964006934,-0.1410116102234132,0.8748398542109284,0.10064891549553248,0.7446213347134194,0.661368041888504,0.101067700383505,0.35080306856179594,0.7120493536833732,0.09939133506434025,-0.04852128775958363,0.7636851029562036,0.1231716289641113,-0.100714351796562,0.5815053277521526,0.05698776442611325,-0.09462319362843581,0.6313758837683631,0.12027182756658338,-0.10780116419980387,0.8305221022953965,0.21253043229620272,1.3279157160090374,0.6465241957872909,0.226964489933421,1.5831831440991069,0.586043194652627,0.23217105725180434,1.4548981727069705,0.5555221621228691,0.3854078981984904,1.2304468459810507,0.6870656252953827,0.5067969572790483,1.0033217259098268,0.719114943979938,0.4587353852037078,0.8494669784704879,0.571575820993966,0.36745933672676334,0.8614137924143452,0.42476834066988356,0.3710412491576689,0.822054401108634,0.4119569848636948,0.3931060845792407,0.75954025225332,0.48035160872943583,0.051895172242950885,1.2355309290104473,0.6594694491803571,-0.05416251425188089,0.9942041826692707,0.6934971320241321,0.01218883805837299,0.8451520750278758,0.5434464894320352,0.09213005895298731,0.8050605952875018,0.4886662796951437,0.08705662482387914,0.787780818399597,0.47688719306465477,0.05370454475587608,0.7411312501440398,0.5152880687937054,2.8833333333333333
0.3155296470291082,0.7516610408979303,0.6713883710371893,0.31936561961600607,0.34613604976181883,0.7217634132218878,0.3167074243511237,-0.060608749377867074,0.8046564480012902,0.2800930971183251,-0.10354793312775343,0.6162852173656744,0.3523153255823397,-0.11197679976872467,0.665020364479933,0.2861711337148707,-0.140904597700323,0.8750322860374504,0.10076270513914137,0.7500782579795949,0.6588585551684564,0.10047124359518445,0.3524667069420883,0.7111523648037068,0.09869586942935857,-0.048788950992812635,0.7631726315902797,0.12336194887635069,-0.10052024149964145,0.579877592559497,0.05702332845179467,-0.09443602178311274,0.631333989640984,0.12023964714601497,-0.10913259126402412,0.8313488571708045,0.21270131102948908,1.3276190264168355,0.6462768324707654,0.22738939770452826,1.5832764408660416,0.5877944278348856,0.23254810427713857,1.4541221288521105,0.557298044475361,0.3854177773073867,1.230353491115924,0.6870372492505821,0.5053831661942509,1.0022406354396889,0.7214525693289464,0.46506009192883413,0.8460028281775636,0.5786240561088293,0.37148334540972805,0.8469748171077953,0.42083456290595445,0.3764539131769149,0.806899110137829,0.41760528517418616,0.4038492886822509,0.7537644406840087,0.4882636085547244,0.05167299910311222,1.234815262891441,0.6591988031567328,-0.05450662761151902,0.9912934123799724,0.6943068603186248,0.01015327461167097,0.8380689587073663,0.5390206910355982,0.09156249957960977,0.7993353219552407,0.4887562767570697,0.08632826402066215,0.7784471303455401,0.4756102566753324,0.04309158341216661,0.7290927723302401,0.521919909161445,2.9
0.31670874166517665,0.7561316363143038,0.6694974411071488,0.31946174396444266,0.347135404414541,0.7215491034558134,0.3164532539354468,-0.0611547047470459,0.8056697397430943,0.28010818670259585,-0.1046301484393453,0.6168347889627933,0.352202887288956,-0.11207267428561406,0.6653679378022166,0.28592701581192254,-0.1407490848703031,0.8751924565815864,0.10088909988381693,0.754615001920443,0.6572045638163877,0.09976165087258729,0.3539654197090905,0.7103129295302143,0.09796605601524772,-0.04920347919805042,0.7625237153816132,0.12366881994695754,-0.10123510084941365,0.5794333107085887,0.057065389433512984,-0.09434672636775934,0.6312722592161161,0.12017087002887658,-0.1106822617934681,0.8322260201853244,0.2128479310733945,1.3268511890479258,0.646044189071692,0.22764598380898377,1.5833876874331665,0.5887266949491505,0.2330082246238817,1.4533618710449685,0.5595671413811121,0.3854942364558327,1.2302951329027485,0.6869713246886591,0.5039238907224164,1.0017559457993614,0.7230172425674539,0.4689979645156136,0.8430698351989994,0.5824616561922153,0.37328993342961175,0.8299618695112585,0.421667808912739,0.3816956108850138,0.7918638422851423,0.4256553454940294,0.4123172650912027,0.7486465711149339,0.4970755851402281,0.052035355926866485,1.2339135963312267,0.6592938120411838,-0.05437583578199541,0.9871999952234872,0.694363984265387,0.009093289044253718,0.8284458047442972,0.5362084251109174,0.09106630750402553,0.791807144032292,0.4892489757009165,0.08594103796504636,0.7651596765505063,0.47499139329706674,0.033791832127806454,0.715789962632754,0.5276655371497955,2.9166666666666665
0.3177668014919642,0.760190997140229,0.6676060509023511,0.3195326600092321,0.34813830239620874,0.7213434390221001,0.3163723670980861,-0.061527685869194215,0.8062735981666384,0.2802412367576258,-0.10585968180696716,0.61628520314305,0.3520888839554613,-0.11174617357004323,0.6658935319909565,0.2857649435742764,-0.1405020672867062,0.8753328567793557,0.10101147314830146,0.7580313542632556,0.6563006604620292,0.09899511464299275,0.3552393218306482,0.7095469186128303,0.09727154865646655,-0.04976440564090408,0.7618369659705054,0.12400820465507992,-0.1027547032950503,0.5802023811996404,0.05707981853115718,-0.0945965958719867,0.6311776575675682,0.12005945788616983,-0.11230468279916435,0.8329846870583193,0.21280440127985664,1.325698465729373,0.6463913173589584,0.22774311032465216,1.583454989563281,0.5888943204530133,0.2334950137201213,1.4525831667360058,0.5619744155181835,0.3856300559137048,1.2302708813410457,0.6868813893636119,0.5027184854440505,1.001809570217453,0.723793883643506,0.47038383055400435,0.8409234477935634,0.5827452024247048,0.3738382289479101,0.8124900187247522,0.425466490185196,0.3868077006412717,0.7792619141485724,0.4332770698021616,0.41853882511347285,0.7447078956412992,0.5039552096290779,0.05287125884513939,1.2329650524607998,0.6597499373471449,-0.05370632493111946,0.982654542626211,0.693606528503683,0.009027055805810147,0.8172805486209834,0.5355125418651052,0.09101597821958171,0.7832226242782225,0.48986847541960804,0.08598518763666325,0.7491545377191812,0.4752295545202033,0.026322360863178726,0.7027628696187432,0.532322195785827,2.933333333333333
0.3186518654509975,0.7637064710822463,0.6656785539113088,0.31958094662485,0.3489629122417548,0.721169818133897,0.3164467199225981,-0.061819801871145566,0.8064955408252388,0.28049030301998956,-0.10680484140003342,0.6137590231949631,0.35220321798207344,-0.1109044471642445,0.6658016135533227,0.28570846572613146,-0.14017947231506783,0.8754240769028412,0.10115335491109417,0.7603411365665675,0.65591104298573,0.09823318040853174,0.35620378585724094,0.708841011652903,0.09665386494511678,-0.05040029213386649,0.7612496740962946,0.12424389314836934,-0.10488530825803642,0.5816148143054161,0.05702421626900358,-0.09529893383120919,0.631056901519684,0.11993213405812986,-0.11386508480660965,0.8334694059588901,0.21243838277220434,1.3243674616254233,0.6476898736873578,0.22774256676714555,1.583337753377898,0.5886354071498869,0.2339485967941623,1.4518315934065968,0.5641785708071234,0.38572688967533086,1.2302579415210328,0.686939453416493,0.5018550487234092,1.0023050398552185,0.7237901143035984,0.4696347133704587,0.8395982801891241,0.580421831977742,0.37372499035895196,0.797114238418072,0.42948338564420796,0.39083504945948,0.7703125568371224,0.4386436900440348,0.42251189366021513,0.742241060793899,0.5067978792944313,0.053873076359266525,1.2320894658180237,0.6604135002963993,-0.05258508041461775,0.9782776047778492,0.6922143584618928,0.009912258199283826,0.8058509886490591,0.5368353653237152,0.09173626467286225,0.7748995735062385,0.4901914708937144,0.08652340168939948,0.7326662955070006,0.4761965277402477,0.021347386824957203,0.6912781527450376,0.536096932740111,2.95
0.31926818495633946,0.7664418528870443,0.6639095252035228,0.319617332339891,0.349584142935717,0.721047846834854,0.3166472069335431,-0.061963971982800306,0.8063599207713541,0.28086368663774824,-0.10707800808920924,0.6092879898749112,0.35271749476818703,-0.10960286668891381,0.6644904130338838,0.28582247351287166,-0.13983497358625907,0.8753948182522623,0.10134116133959456,0.7615880147993852,0.6559192121950566,0.09755618735851704,0.35677849189123,0.7082199747356175,0.09613458682057428,-0.051008836621693296,0.7608533579171335,0.12423848209752787,-0.10718984983373608,0.5828511036470151,0.056881645822677906,-0.09634908342723777,0.6309159099327808,0.11984035903109891,-0.11522759226254305,0.8336436110947935,0.21174635957463,1.3230467678002493,0.6498982884922504,0.2277259086259319,1.582918384225197,0.5883795985584035,0.23430649076487298,1.451153803863332,0.5658748936669951,0.38562681672012156,1.230205318851698,0.6875057894199379,0.5011604524306028,1.003137701585925,0.7233817663245748,0.4675907325271563,0.8390601637697964,0.5772330492366536,0.3729378972873846,0.7863782077660975,0.43162419080868514,0.39277256369585356,0.7653367796319973,0.4409593030386299,0.42451984932574766,0.7410771413391561,0.5059308901459343,0.054712177521838094,1.2313773247157895,0.6610843279732295,-0.05126599483993255,0.9746129691793255,0.6904064698933051,0.011632945845365679,0.7959324285731414,0.5395031818860381,0.09329339210779759,0.7682582742607583,0.48983030413236195,0.08754164788006569,0.7190998031907545,0.47720475958280717,0.019887453465425586,0.6824849224638431,0.5387401077015592,2.966666666666667
0.3195591785699528,0.7679879001237744,0.6625889491327596,0.3196528751030645,0.3500441597910134,0.7209816096852875,0.316921264681115,-0.061846225105077535,0.8059560873068924,0.281376642541347,-0.10641015468579243,0.6035039039383036,0.3536605803549012,-0.10798049198567591,0.661814170442841,0.28616901883183776,-0.13952784039988525,0.8751704248325932,0.10157010061508957,0.7617391141130498,0.6563730760484693,0.09703856298839757,0.35691258399735815,0.7077515071690677,0.09571374055766035,-0.05154783912951072,0.7606806618388934,0.12394613307446717,-0.10895652667006939,0.5833636322262522,0.05669075403856576,-0.09747014864512459,0.6307480812204922,0.1198021944283515,-0.11627234720490329,0.8335602368067321,0.21082342880813548,1.3219094949583625,0.6526872618225343,0.22773513406985074,1.5822299601315233,0.5883428862028582,0.2345187364089978,1.450572929807441,0.566838699930194,0.3852265043760961,1.2300560301059795,0.6888569610723567,0.5003575351485707,1.004142090450258,0.723297152954078,0.465133925890145,0.8395661598481604,0.5746575763405898,0.3713008886372641,0.782397055987771,0.43131245352485376,0.39216727753538283,0.7644521425070758,0.4400401664867074,0.42513256414718736,0.74068042150291,0.5036738058697167,0.055174686583255396,1.2309027788338947,0.6616100762313909,-0.050145519582832136,0.9721540289984087,0.6883711405862882,0.014032494244313657,0.7896001400267754,0.5424241060025674,0.0954870591732864,0.7644608567151999,0.48870799161900924,0.08892707642526917,0.7121015225231697,0.477538858193653,0.02276825076043437,0.6774486027638922,0.5389725339028686,2.9833333333333334
0.3195700273112717,0.7680115645136534,0.6618818850935234,0.3196866056752021,0.35035083308162607,0.7209699953656957,0.3171995670887635,-0.06146338186392804,0.8054803652998442,0.28201581730227526,-0.10473312499448854,0.5972098267845216,0.35491234824766027,-0.10624352768924028,0.6580963782746909,0.28673018944729667,-0.13927357789388276,0.8747880204267562,0.10182337569969435,0.7607742143656085,0.6572694288378322,0.09671457245319673,0.35662740258786235,0.7075086502648152,0.09536076997161155,-0.05199773058362657,0.7607165380104802,0.12345056538103197,-0.10950025832812373,0.5829458606223361,0.0565273089143698,-0.09832435682947277,0.6305597733290368,0.11979756782485433,-0.1169543105669095,0.8332821805399077,0.2097976685635034,1.3211821704328375,0.6556172688183757,0.2277634331018934,1.581415954227774,0.5884751192858129,0.2345796974883788,1.450130867655726,0.5670555671834611,0.384540350397225,1.2297817528570243,0.6909608204901847,0.49923669537274584,1.0051294428039472,0.7241759117803721,0.46277261715213946,0.8417619218552952,0.5732019476683868,0.36899728454195174,0.7861509312314321,0.42913628634079004,0.3891466941052929,0.768001369549835,0.4361818875629529,0.42474512779357654,0.7406957460534875,0.5021021193798894,0.05517290655686115,1.2307330470795115,0.6618981473318297,-0.04958565107565753,0.9711167376454689,0.6863255728190286,0.016905479824494148,0.7884282673364931,0.5445017561723378,0.09803729431900593,0.7643715053235609,0.48709927793651314,0.09056321947370377,0.7136156456049193,0.47707491264150953,0.029954817923139507,0.6769206304169354,0.5353376692853996,3.0
0.31933760531577154,0.7665732737287704,0.6618161139407472,0.3197044074168832,0.3504827598719021,0.721009588076363,0.31743107613721294,-0.06089290231736315,0.8051259330795373,0.28273145559505086,-0.10226221339173043,0.5913073082994897,0.35620574200437144,-0.10475243186641064,0.6541263070506853,0.28738536211983523,-0.13901996040282738,0.8744167801022226,0.1021160984989088,0.7588504105643606,0.6583864547998618,0.09658061639700831,0.35605536584306097,0.7075210728885638,0.0950347107307374,-0.05225441487182987,0.7608508054208935,0.12294965239252793,-0.1086953496830067,0.5816995203959782,0.05644983661341989,-0.0986627425641654,0.6303878737914863,0.11980104980350223,-0.11734467042185463,0.8328819148905057,0.20880370058785153,1.3210974199312522,0.6582273916186904,0.22779008181466429,1.580619058469432,0.5886462905909029,0.2345464165259994,1.449884555133284,0.5668062740693455,0.38366296470477823,1.2294151041669192,0.6935320635024351,0.4976924003772881,1.00596147661477,0.7261900563805674,0.46046986458443373,0.846331859860933,0.5725225446696963,0.36644134477105217,0.7970919209631975,0.4261534604474171,0.3843178692550645,0.7762114730053311,0.43017299608510917,0.42334645626717604,0.7416129810697057,0.5015127955328468,0.05470908892016244,1.2308960558715982,0.6618905676772345,-0.04976361141094761,0.9711455095650822,0.6845653448965185,0.019945341712096165,0.7927085990504511,0.5452371472942922,0.10074578613471574,0.7686100184882859,0.4855205411975446,0.09247430421594942,0.722820714742916,0.47619109379608615,0.04047650269012251,0.6813105443834784,0.5275852033566504,3.0166666666666666
0.31879664728434176,0.7640883860422436,0.6624097806271261,0.3196882981739661,0.35044290967748504,0.7210838902884935,0.31761262892961356,-0.06017017158404367,0.8049421648370775,0.28343228769899703,-0.09951767733006056,0.5868584567456151,0.35719009938132285,-0.10395979138138588,0.6509905008472637,0.2879894200078247,-0.1387133696097976,0.8742214226860311,0.10250036196410685,0.7563194575772406,0.6594399460297521,0.09661777361297304,0.3553823142293989,0.707757799099262,0.09472791186694783,-0.05217034439007483,0.760899315822922,0.1226423908461371,-0.1071142476028119,0.5801948523978272,0.056469997956838006,-0.09840199903184438,0.630288239964206,0.11979967883270151,-0.11757896931937258,0.8324780886264457,0.2079843414405691,1.3216923792510975,0.6601041421825133,0.22780360910149178,1.5799462421612935,0.58877746088888,0.2345009602291963,1.4498405253622744,0.5664880676662244,0.3827149958977162,1.229080051670736,0.69617456930507,0.49575997991866083,1.0065826001633913,0.729087851747235,0.4579388242393614,0.853537538782416,0.5721767533872868,0.36391847329488525,0.8137399830572201,0.4232874891444929,0.3786856454232972,0.7885466764253546,0.42323272540945267,0.42067760263802256,0.7448946253488594,0.5006173880103777,0.053889355312320183,1.2313486226100596,0.6615987795969601,-0.05066674486120807,0.971533802459049,0.6833893178973852,0.022801551869794115,0.8015074984652685,0.5449884581155412,0.10346720325683446,0.7775190448969321,0.4847449700361314,0.09489425904280052,0.7371902495677756,0.47526706506007743,0.05289478300459977,0.6908841401390227,0.5168639933470773,3.033333333333333
0.31789097966759705,0.7609653453054328,0.6637023370262745,0.31962132455029735,0.3502603177280832,0.7211703811372355,0.31776844929375686,-0.05927759081852624,0.8048576506725245,0.28395923451964966,-0.09720022629008117,0.584829713118021,0.3575822193709804,-0.10415054727399062,0.649629020071504,0.2884469004849941,-0.13838656770596872,0.8742631419296174,0.1030118332011724,0.7535252324587877,0.6604086426441105,0.09680339513756042,0.35469711697490586,0.7081729615689085,0.09448121854130613,-0.051679838297961356,0.7607567109566593,0.12252442112239914,-0.10552628881212271,0.5793764117816992,0.05656920438429372,-0.09760555629190928,0.6303027385904464,0.11979719186017211,-0.11772652767139484,0.83220348983137,0.20746896905051299,1.3226986651350234,0.660988080899105,0.22780487330495341,1.5794850837759002,0.5888460361624053,0.23448449162474705,1.4499211338325395,0.5663292080241773,0.3818235165223321,1.228946792302596,0.6984883756717162,0.4936822737421692,1.0070857191989866,0.7324363095313355,0.4550938227038055,0.8630542520302411,0.5720906342589784,0.36159760507138694,0.8344545238664602,0.42096706138624085,0.3733953354600841,0.8037190723920948,0.4167180909865577,0.41646491083301107,0.7522057183543527,0.4976161296667483,0.052950590806518004,1.2320066394815705,0.6611541081465439,-0.052102529620341245,0.9719291080330021,0.6828697907279694,0.025289451753745675,0.8133966137135289,0.5445126475335592,0.10601379068405944,0.7909586124953797,0.48560138564372013,0.09823554621593406,0.754519351458499,0.474428130647362,0.06575368399009014,0.7054297176724104,0.5049788584086176,3.05
0.31670003620095794,0.7573463362128743,0.6656830152979281,0.3194906760949917,0.3499525907732365,0.7212647928212034,0.3179107225706361,-0.05822895665339878,0.8047953662596502,0.28411870370070685,-0.09588825765864734,0.5854789761666634,0.3572860961579867,-0.10529754886074079,0.6504352716117138,0.2887154641550432,-0.13813923941492043,0.8745332142236397,0.10362854122925433,0.7505979456639047,0.6615625223038238,0.09710292421563517,0.3539355941940941,0.7087397855903393,0.09435040727659377,-0.050832509352673985,0.7604674608286304,0.12238773208915658,-0.10440753260465466,0.580036073623511,0.05672214196037395,-0.09648364846953157,0.6304272522202887,0.11981796901455291,-0.11774368886630324,0.8321155080920649,0.2072957207304627,1.3237369388863833,0.6609289959398492,0.22780171782512626,1.5792997174781715,0.5888530332776984,0.23447649512482038,1.4500150442170343,0.5663637801550796,0.3811131935343835,1.229109895613488,0.7001531187394192,0.49183917472151595,1.0077098607335158,0.7356890014859836,0.4521466844828701,0.8741035401944464,0.572282177199749,0.359693637748113,0.8575101538783519,0.41921989286332434,0.3692668652804799,0.8204693642430447,0.4115840211926194,0.4106554365737526,0.7643253723878564,0.4911790733333814,0.05219396514540887,1.2327832442581428,0.6607351609676667,-0.05369686701058239,0.9726264385433098,0.6826709634156795,0.02753627605685477,0.8268963439022469,0.5443587501789575,0.10830461550789715,0.808207369599502,0.48820351861283906,0.10301588872650655,0.7738450486437315,0.4733680375386018,0.07768379511878395,0.7236232542421546,0.49379927043796684,3.066666666666667
0.31539620527261913,0.7531955023627448,0.6682578558142698,0.3193038694249588,0.3495267214238175,0.721382731460031,0.3180329796901979,-0.05712783473934929,0.8047163396014281,0.28381187791483087,-0.09576141079981149,0.5881419609337307,0.3564265634695202,-0.10713801921370326,0.6530875177238485,0.28879285299257046,-0.13804604979482443,0.8750116000751716,0.10429210722197244,0.7474835722694735,0.6631515987623401,0.09746198782638746,0.35299351557926406,0.7094157519804183,0.09436166836805077,-0.049749137577959235,0.760125859603112,0.12206038943325372,-0.1040246554992429,0.582433485086149,0.056894979240656465,-0.0953803470931652,0.630618644749382,0.11989231373978816,-0.11756127292536725,0.8321789452701365,0.20735292312730508,1.324602696929944,0.6603440365471351,0.22780040000182333,1.5793821939939658,0.5888044111088431,0.23442717723398857,1.4500567987160824,0.5665904850448106,0.38067384363544077,1.2295402554168018,0.700972820877227,0.4905116997906277,1.0086292543005866,0.7383237255639944,0.44939698774355186,0.8857160168076039,0.5725193757836389,0.3584012978493595,0.88103916324108,0.4179429657270134,0.36644893017904023,0.8381772302775455,0.40798039827720134,0.40355214049841726,0.7806644014652848,0.4810027093059742,0.051839038026106635,1.2335906561583259,0.6603983191421893,-0.05501678229863155,0.9741803502496753,0.6822907182938217,0.02988586959258284,0.8404220268813394,0.5447129178646167,0.11057758034252853,0.8282728668082078,0.49144627505077343,0.10962512969546008,0.7947426852233022,0.4711723545101869,0.08752421685321701,0.7431815032140245,0.4847744942427664,3.083333333333333
0.3141512458570436,0.7485553676126256,0.6712448955113854,0.31910831942870266,0.3489951782822057,0.7215361360685133,0.31812693786898366,-0.05611960413110492,0.8046006031195875,0.2831141136222846,-0.09663834253286496,0.5918841816340061,0.35530046949191985,-0.10928236112136883,0.6566627616479694,0.2887056450541015,-0.13811036833126625,0.875677259426728,0.10495589477737242,0.7441487320767451,0.6651656065332084,0.09783143847040324,0.3518330792575585,0.710127152205635,0.09450084369693965,-0.04855077662267793,0.7597685240710857,0.12152732855266594,-0.104666012043582,0.5863260967005466,0.05703642575041923,-0.09461568329559347,0.6308363645513179,0.12002975410617643,-0.11715128321935991,0.8323399616091796,0.2074601951065898,1.3252922013915147,0.6597623727306329,0.22780172842245364,1.5796072045831324,0.5887166110234141,0.23432133387202092,1.4500481810935713,0.5669704377947528,0.38050596887149124,1.230176838837203,0.7009540562542266,0.48963064551100255,1.0098152842476458,0.7403065252672548,0.4470291714416549,0.8969985924359283,0.5725037168071232,0.35767756181854393,0.9033896138656419,0.4169758492974037,0.3645995482064758,0.8565139774018355,0.4055107023420915,0.3957312434361798,0.7996326457729551,0.4678904563269812,0.051920355207689964,1.2343361659094556,0.660023013145686,-0.055785559145298785,0.9769686115010153,0.6816345506347141,0.03265436746703504,0.8524299093333043,0.5454611984176998,0.11319809565728611,0.8501982514005142,0.49346607818566435,0.1178867666069782,0.8164549058130507,0.4667056553683605,0.09477245716236114,0.7618853912183746,0.4784505189050515,3.1
0.31309306080889787,0.7436757545725795,0.674368798871703,0.318974817716423,0.3483571109887178,0.7217201804359541,0.3181912276464505,-0.05527355375361086,0.8044409750338992,0.2822162064823965,-0.09818048459019141,0.5961661944350365,0.35422871444533943,-0.11127597366024292,0.6601171478649442,0.2884845085190522,-0.13827358712806648,0.8765023204286906,0.10559882155066108,0.7407320622894763,0.6673671042742287,0.0982011234882105,0.35047629700217375,0.7108196315804474,0.0947303914194221,-0.04729578937096275,0.7593574859305826,0.12085105692046372,-0.10643046035869654,0.591118757865669,0.05709740256128021,-0.09430504301831238,0.6310533013227125,0.12022499464006078,-0.11653724048696366,0.8325843038423456,0.20751551442394672,1.3258322007645145,0.6594633050683618,0.2278024693042833,1.579797651062056,0.5886190352743865,0.23424567727428902,1.4500293446075472,0.5672647949551336,0.3805030293670226,1.231025387273214,0.7004071278733102,0.48873333814200315,1.0111963696369948,0.7423713355504542,0.4450587924520134,0.9073355095580674,0.5722829723761088,0.3571948402467702,0.9234382746399714,0.416115417731456,0.3634384913049228,0.8747835367959917,0.40392734499559324,0.38799544294008126,0.8192781562802931,0.45352814859661394,0.052289822017942175,1.2349312644461954,0.6595087481420019,-0.056015009438208294,0.9810485298519317,0.6811944132797645,0.035936170139703384,0.8620447629825121,0.5461235820487107,0.11624330550915837,0.8728922407334667,0.4925867936212169,0.12686729829216448,0.8380829876118973,0.45933732041026243,0.09989926980333842,0.7786009582993741,0.4742378163495715,3.1166666666666667
0.31227236543972436,0.7389178400786737,0.6773445690026499,0.31893399111142823,0.3475942880623708,0.7219247387139294,0.3182268797301842,-0.05453018696527051,0.8042531191787538,0.28131972197828525,-0.1000147579941387,0.6007190080870183,0.3534158052113518,-0.11268099537278622,0.6627744372442439,0.2881467009579278,-0.1384576243463085,0.877465558926202,0.10620281043327771,0.7375057680493365,0.6694920373361155,0.0985939574113068,0.34896589008606205,0.7114954844218887,0.09500502891223925,-0.04598182384855144,0.7588195044839888,0.1200828853449614,-0.10890373606554622,0.596050946590831,0.057071718525177575,-0.09435025269505404,0.6312340736703453,0.12048201262628731,-0.11579471574223829,0.8329342972920344,0.20752460862704164,1.3261829330535737,0.6594373173180251,0.22779435525470043,1.5798793813619383,0.588516312652449,0.23436470710308333,1.450045873404006,0.5670625382670392,0.3805303195296147,1.2321057184469502,0.6997999995416381,0.48723428956216813,1.0127684045542331,0.7457081169588641,0.443513247170253,0.9165331926268092,0.5723701835662516,0.35658881306710166,0.9405422568585509,0.41525190669108736,0.3630066295141592,0.8921372377796593,0.4033300652543017,0.381511173159797,0.8376527203312567,0.4402124867577225,0.052714335370664556,1.2353487516918258,0.6589357183766362,-0.05597367168521808,0.9861498606369833,0.681530934478738,0.039526269081724234,0.8696313704366417,0.5457949006169937,0.11938820188918395,0.8948593791499957,0.4880170270490825,0.1351764592700279,0.8591482508443892,0.44923153796649695,0.10397272205055033,0.7935327465621295,0.47061179544237763,3.1333333333333333
0.31166132505460303,0.7345715219662944,0.6800177870835022,0.3189402593967575,0.3467083079846754,0.7221552543048558,0.3182363844763277,-0.05377725120908436,0.8040589874345577,0.28057235277544035,-0.10180869637613937,0.6051518279968382,0.3529345010175976,-0.11321412913860263,0.6643971971824353,0.2877002831201891,-0.13863898875347658,0.8785636839495217,0.10674282428533174,0.7347063555004121,0.6714118279069102,0.09903184596267348,0.34735984368907746,0.7121961407543068,0.0952890865455728,-0.044599564781890505,0.7580762311364777,0.11927560107966162,-0.11131949494636634,0.6003739884810697,0.057009712963134486,-0.0945379054911923,0.6313437142846046,0.12081097344763544,-0.11501555746673874,0.8334091746486098,0.2075275464515415,1.3262658299774723,0.6595877279385817,0.22776419547352275,1.5799037600273191,0.5883585300075638,0.2347936789539512,1.4501212655009028,0.5660793933870276,0.38052900019390806,1.2333221461537245,0.6994189256629113,0.4847891868041963,1.014430921916685,0.7513017267830351,0.4426928577979409,0.9248404536926049,0.5733614491436518,0.3557984319050457,0.9543637296874454,0.41449335637014073,0.3634655865775323,0.9082696434668691,0.4036826645443571,0.3776252929115495,0.8531678034110745,0.430201366428357,0.052995281734876956,1.2357088718410305,0.6583565762057109,-0.05596546318686307,0.9916936473913813,0.6827952300190812,0.04295708660168068,0.8766110056597118,0.5435218049528467,0.12218562084974774,0.9143812259409824,0.47991300790631153,0.14144765508690477,0.8792443527899174,0.4372878435870736,0.1078223474069713,0.8076132992012967,0.4659784617961249,3.15
0.3112146776714146,0.7307666214039509,0.6824030384619153,0.31892644340222764,0.3457259207846144,0.722434453613922,0.31822782751609546,-0.052971985971224905,0.8038596233312754,0.28006705074487037,-0.103284771567932,0.608959590383101,0.3527537431100578,-0.1128885974317203,0.6650864450938939,0.2871479761152211,-0.13886701011102126,0.8797811434289331,0.1072021212375075,0.7324317867592419,0.6731123351020314,0.09950693735135932,0.3457357932525732,0.7129576340799567,0.09556813349784764,-0.04317561453050728,0.7570743324481224,0.11854946315258488,-0.11310976887222982,0.6034974947634709,0.05697887706055434,-0.0946662521401661,0.6313708859081311,0.12120556253149051,-0.11424194431654011,0.8339829953834299,0.20754716346800753,1.3260441926034363,0.6598398348153773,0.22771304934132677,1.5798958191191923,0.5881379577885223,0.23552072161066953,1.450248495033811,0.5643485629177869,0.38051989220392646,1.2344762078802443,0.6992753413421339,0.481440971265475,1.0158468968623409,0.7593456081388107,0.4430448034845248,0.9327632868994997,0.5753318663221669,0.3552187881687271,0.9648471631122191,0.41411384608176105,0.36489777236601617,0.9233508382270514,0.4045456123535667,0.3771942103858929,0.8652912248220931,0.42465475513208945,0.053019139097829425,1.2362540612774529,0.6575977795892995,-0.056087712817425764,0.9968535538491053,0.6848349491082055,0.04563805752020592,0.8844242758836062,0.5390123177150294,0.12435727079061148,0.9300247267158259,0.46908402462600984,0.1447454494684909,0.8972125389747363,0.4249733537311611,0.1115027650135843,0.821717958739873,0.45958482729819417,3.1666666666666665
0.31090748804429863,0.7275175520634664,0.6846183674710148,0.31887251368619923,0.3446637384137883,0.7227731467292009,0.31821123387359074,-0.052189733571290184,0.8036456445573656,0.27986538289220075,-0.10423027125795409,0.6118123574374389,0.3527440494045722,-0.11202937987709995,0.6652509024506169,0.2864855322850492,-0.13917745940853066,0.8810500473702019,0.10758345449486031,0.7306963340995388,0.6745884509412949,0.09997922409981685,0.3441697958297656,0.7137634570294212,0.09583177118167176,-0.041775348523256,0.7558608249771345,0.11808221054892173,-0.11426855611998801,0.6052403026616551,0.05701042606897669,-0.0946617336385765,0.6313273855570105,0.12163052761576004,-0.11344825116400539,0.834574839451169,0.20758467028782185,1.3255656543579633,0.6601405012523585,0.22768668008399937,1.5798009635762944,0.5880566536352843,0.2364439325203413,1.4504040371186464,0.5621295925280296,0.3805333508985978,1.2354205059136376,0.6992692012920304,0.4775448089926746,1.0165515951483994,0.7691236664366431,0.4447290251147076,0.9407429847349748,0.5777697536673772,0.35553762698986613,0.9724823547366807,0.4142575476995576,0.36736569051679746,0.937314423630142,0.40526492708385037,0.38023563319783227,0.875055563138253,0.4229487786378064,0.05275250350374239,1.2371373239144958,0.6564579891099295,-0.056240332523444736,1.0007545996992853,0.6873022882264846,0.04699654364342115,0.8934630004042496,0.5328595513782404,0.12578433052547267,0.9410951387074408,0.456922468533426,0.14480659438483412,0.9113405282107658,0.4138160806808209,0.11443760251588583,0.8362485438452024,0.451569614304558,3.183333333333333
0.3107058047868348,0.7248265980770136,0.686861357413124,0.3187991693079026,0.3435462307028607,0.7231437975443505,0.3181933494739534,-0.05156010451960251,0.8034186449137728,0.2799638331721009,-0.10464657746490148,0.613724244108389,0.3527486867389807,-0.1110700822755787,0.6653855310289418,0.2857221733915398,-0.1395258521427136,0.8822863711827984,0.10790050225174044,0.7295458010774429,0.675836209138577,0.10040327829608701,0.3427154451084498,0.7145383267166553,0.09605075959878354,-0.04047622614560846,0.7546023351499036,0.11798516603393408,-0.11519343941124194,0.6059976008363929,0.0570902725520927,-0.09457712124701158,0.6312421323595275,0.12203256850172338,-0.11261515520114049,0.835088048605948,0.20763201806824677,1.3249174884992936,0.6604576298086573,0.2277657103814309,1.5795973251292246,0.5884808096156169,0.23743342995830286,1.4505624234169314,0.559754662792583,0.38056559760628617,1.2361698975097015,0.6993126184208843,0.473643559177091,1.0162430901830657,0.77940025573544,0.447534485068709,0.948853894398349,0.5801636232799121,0.3574132733983122,0.978388636917825,0.4146211034154906,0.3710549214589962,0.9495610339167259,0.40503201265618144,0.38622008944359154,0.8844929907804416,0.42298774775314424,0.052231694167153744,1.2382043849712738,0.6549427934173175,-0.056288394276168885,1.0028754357784813,0.6893995354406751,0.046648148528164485,0.9029095276804582,0.5260196765014049,0.1263159971451549,0.9477458560325706,0.4453690114249241,0.1420646958264956,0.9205623833556142,0.4048115106749497,0.11594043127128817,0.8507181698779469,0.44261233868870875,3.2
0.310555427243346,0.7227241446241949,0.6893880074426382,0.31872684021020126,0.34246760192380415,0.7234912426267982,0.31817805441104485,-0.05115993310777371,0.8031962152758848,0.28023598994828025,-0.10481920619091067,0.6148986121983521,0.3526956410042177,-0.11029845145817835,0.6657193190717761,0.28490297370403733,-0.13984487738622547,0.883474529771451,0.10815571865254253,0.7290793116237635,0.6769140688137941,0.10074109486246015,0.34141961157224265,0.7152019024427004,0.09618554984921593,-0.039337017269071656,0.7534747813402247,0.11818196473538763,-0.11623318945153427,0.6064247906625642,0.05718885020418224,-0.09449590739056055,0.6311551013959038,0.12237099001349716,-0.11179483994101941,0.8354771099900159,0.20768140692770065,1.3241782733586707,0.660778501540628,0.22800748465231976,1.579319158570459,0.5896540937389596,0.23835622268528192,1.4507001916837436,0.557562423866188,0.3805858820958421,1.2368392885470585,0.6993691368635923,0.4703259624917507,1.014993616694499,0.7888366182448869,0.4511787666259527,0.9566910456950833,0.5823058874632485,0.3612881500616639,0.983743850575062,0.4145083398523727,0.37621313592766126,0.9594577679673938,0.4029756568159532,0.39438064511300047,0.8952047582055171,0.4225122181138402,0.051553151228974775,1.2390560823483074,0.6532188644655158,-0.05614376558030561,1.0032614665515305,0.6899565603987633,0.044651587617717564,0.9114161157854338,0.5191171805988546,0.12579276877372395,0.9506908129254344,0.4361677424295043,0.1374993171557215,0.9252667209754726,0.3981056930136188,0.11562864123178951,0.8633839101472045,0.4335852498690118,3.216666666666667
0.3104280244020491,0.7211688001833064,0.6923226280387468,0.3186613030944605,0.3415670743959266,0.7237679344171635,0.31816631154826563,-0.05098232555245408,0.8030204324708037,0.2804882673856225,-0.10502339516667264,0.615468737483652,0.35260889690712427,-0.10980555554480154,0.6661628407598985,0.2840857459271127,-0.14016913765032868,0.8846714836355166,0.10831709981676392,0.7292829422227568,0.6779417317726137,0.1009478957892689,0.34032872887363674,0.7157021422067599,0.096211872020627,-0.03838648073704398,0.7525625221320739,0.11846547082444472,-0.11741592195798245,0.6068552105800842,0.05728490274528501,-0.09446273460177836,0.6310981568067812,0.12263884941070823,-0.11107560891810583,0.8357778718740194,0.20772713371067836,1.3234203370901165,0.6610911925279543,0.22840788755434707,1.57895861482379,0.5915311998866253,0.23908145500779465,1.4507949020670294,0.5558792245231524,0.38056620958858367,1.2374383022789346,0.6994496482694711,0.4680428229281552,1.0131030636859824,0.7961917333212896,0.4554569885745957,0.963503596742465,0.5840492905807799,0.3673196134204743,0.9891392830420571,0.4131818797334737,0.38284449317460717,0.9670928096409458,0.3985676561713528,0.4037698225327719,0.9073983991414523,0.4203673313367309,0.05085648486309499,1.2393436333407453,0.6514572553449167,-0.05578404450140937,1.002241232304924,0.6881047545740132,0.04154521347421679,0.917767843079121,0.5122100019514425,0.12439842778161823,0.9508483401707071,0.4298271725268723,0.13237980287508785,0.9269270769173676,0.39280468235934607,0.11352581722830524,0.8718110777151951,0.42498862280728544,3.2333333333333334
0.310342964225994,0.7199800255681836,0.6954792266638306,0.3186003759486686,0.34091912527931245,0.7239587108526442,0.31815679211042625,-0.05099127559848746,0.802944486150011,0.28059117882509055,-0.10518102330659974,0.6154420325154006,0.35253501937543663,-0.10958422003670532,0.6665316846525972,0.28331221034511167,-0.1406377489145549,0.8859336622156455,0.1083206429723335,0.7298462980733943,0.6790587773480131,0.10098208157538335,0.3394522120656699,0.7160016163690034,0.09613327359999727,-0.03763584522675062,0.7518648147142883,0.11868394403305019,-0.11854689524945781,0.6072257017316905,0.05736814246067001,-0.09447543418265691,0.631075361253796,0.1228496701574686,-0.1105135132890185,0.8360539139401693,0.20776576321354873,1.3227143978283853,0.6613726634009652,0.22891264320015633,1.5784569007821427,0.5938573737660445,0.23950623213074307,1.450827414892287,0.5549530012648678,0.38050126299647136,1.2377928089417933,0.6995640968906627,0.4669346439149801,1.0107859834151482,0.8006622017033859,0.46009239537275554,0.9685248395796957,0.5852345025408574,0.37518466555531826,0.9945090180116887,0.41020331539441635,0.3904657391699816,0.9733618242380907,0.3919184312495438,0.41330455375861863,0.9200606838817247,0.416617464731238,0.05028161829554678,1.238952109652762,0.6497542302615538,-0.05526569499313538,1.0001543473852752,0.6838438663789987,0.038010718479699855,0.9211400440853302,0.5051587996936675,0.1227362891779166,0.9491090803651823,0.42566979218177786,0.12787706689674574,0.9270255875748526,0.387240453508083,0.1099705366119417,0.874217524359235,0.4167965531286433,3.25
0.31032864800295407,0.7190081294253539,0.6984845038781323,0.31854164334077917,0.3404949734640975,0.7240750399405737,0.31814959684305844,-0.05115774116930073,0.8029813692781864,0.2805140995572892,-0.1049614285764159,0.6147743345924533,0.35249438562875934,-0.10957664013552385,0.6667241976916861,0.28262201486746236,-0.14130932051338374,0.8872702436331972,0.10810951003304771,0.7303072846626171,0.6804026906225403,0.10084395554673915,0.3387574677253869,0.7160969275079742,0.09598376542566747,-0.0371015620235738,0.7513562419044898,0.11880883399867279,-0.11942538220707193,0.6074622498799772,0.057433289640095544,-0.0945165061344525,0.6310632942191339,0.123014660815667,-0.11011380302790955,0.8363259795026793,0.2077976612977261,1.3221150241525377,0.6615931118847945,0.22943969667567504,1.577823971838988,0.5962699152201664,0.23961834102572538,1.4507901829167915,0.5547986525977313,0.3804072624361805,1.2377761263880447,0.6996919613245911,0.46678300229916525,1.0081557851514298,0.8023273582649242,0.46457123421364604,0.9714121219766557,0.5859271440611041,0.38393749012539413,0.9994208001498042,0.40573783487549964,0.39823639866406685,0.979124131367783,0.38375233545017284,0.42194428195445544,0.9317201610777321,0.4119301602656583,0.049914398836681445,1.2379593634543888,0.6481912801484085,-0.05470648631978212,0.9974223828002662,0.6780611737304636,0.03455736936228623,0.9213240545948226,0.4979348580072519,0.12134951755167225,0.9462159191579745,0.4227526978544571,0.12462838454313496,0.9263757336308253,0.3800523574165276,0.10554415405704906,0.8705482443491989,0.40887409085457016,3.2666666666666666
0.31040150632295177,0.7182842777101244,0.7010184790623333,0.31848638519603023,0.34023899519256884,0.7241309843204076,0.318148624152739,-0.05144413772189241,0.8030747562575297,0.2802814221199561,-0.10416182288289974,0.6134400171485793,0.3524822003819059,-0.10967518628305714,0.6667679567078921,0.2820597675734809,-0.14206955291913204,0.8886386519544911,0.10768396002451429,0.7304040262790928,0.6820633433388202,0.10058738490191604,0.33822546707917905,0.7160474730674342,0.09582533544774188,-0.036824081161203434,0.7510397799865949,0.11886275560136644,-0.11993349703071896,0.6075960750720195,0.057477485683915114,-0.0945851560528101,0.631031071290703,0.12313614279820669,-0.1098407066536314,0.836575282075054,0.20782517114499888,1.3216603473510746,0.6617222443241546,0.2298934952665771,1.577246060311387,0.5983409254781342,0.23953372935091843,1.4506948054572262,0.5551098728190913,0.3803126832526187,1.2375163777090439,0.6998130103892244,0.46713965643671457,1.0054487399295293,0.8021657976497265,0.4682311489170302,0.9725442272320884,0.5864181913858375,0.3922861945864585,1.0034068548663828,0.400709125069141,0.4053654120134541,0.9845270422366289,0.3751974298263575,0.4289516701964403,0.9411233200403031,0.4071975738398955,0.049764733199251655,1.2365396964758062,0.6469809931376036,-0.054245986010647104,0.9945802161880968,0.6720524140278201,0.0314887843092462,0.9189785231178419,0.49046865101795933,0.12038099926821,0.9428154172912545,0.4203163858288258,0.12262345891530055,0.925305296823953,0.3711058293032242,0.10099801678666342,0.8626694571484306,0.4011712942279835,3.283333333333333
0.3105891654219132,0.7178586033036816,0.7028687086322216,0.3184401642264461,0.34011990247918644,0.7241345426737608,0.31815860263229584,-0.05179550662024798,0.8031343222040648,0.27995509319537315,-0.1028588516003262,0.611497583359321,0.35249599956310684,-0.10978790183522177,0.6667894342488512,0.2816534648067161,-0.1427926130690753,0.8899588946655348,0.10712815113864775,0.7301691666358269,0.6839878761716621,0.10027649144823392,0.33786745090137243,0.715926083474238,0.09573984436523857,-0.03686832807887669,0.7509820883244221,0.11886765774230657,-0.12006561298028273,0.6076486442530107,0.057498048096669974,-0.09468240284584882,0.6309734294219013,0.1232041298174617,-0.10963269515295213,0.8367918797993966,0.20784462578191332,1.3214020953641814,0.6617412586850738,0.23019681725526314,1.5770227367605878,0.5997154130004332,0.23941954986260694,1.4505802965986967,0.5554611206299765,0.38025591905854705,1.2372257282951393,0.6999510257257617,0.4675041986039172,1.0030428394177113,0.8015974679702597,0.4705943111267522,0.9728365858922482,0.586980559218956,0.3991078550649098,1.0062867552845465,0.3965388305553368,0.4113426452712967,0.9893507709818175,0.36745846072509847,0.43402851777055923,0.9476215569462362,0.40330766537883034,0.04977935408813869,1.2349375675145355,0.6463832890389425,-0.05399294244107536,0.9920873356792518,0.6668582597483405,0.02898484142198894,0.9154746100079737,0.482641465775768,0.1197678962850557,0.9395734928117065,0.41775896009700214,0.12148600917034719,0.9241540345251575,0.3612058957504265,0.09707059147122955,0.8535014219764617,0.39383383544058603,3.3
0.3109300872338584,0.7176266714360733,0.7038878771543087,0.31841088498642545,0.3400925445448435,0.7241000296381641,0.31817820872636815,-0.052154697364527464,0.803113652708063,0.2796204633207086,-0.10129208038052655,0.609107897306086,0.3525547417218522,-0.10991859715018827,0.6669378640554232,0.2814183827397442,-0.1434702299806555,0.8911437364972777,0.10657249665872374,0.7297724319626684,0.6858811377185366,0.09993699681735138,0.33767864744453935,0.7157503912079018,0.09581596220939553,-0.03728133218459695,0.7513269661630594,0.1188458391707433,-0.11995433964588542,0.6076408032813643,0.05748649902477858,-0.09475502287699693,0.6309391960413091,0.12319807024740648,-0.1094531122852739,0.8369966542613948,0.20784130626641165,1.3214185285528852,0.661670234558108,0.23034543571906668,1.5773420175665955,0.6003707051083649,0.23936914808118942,1.450527050677976,0.5556264940774638,0.38028220917679045,1.2369523239956977,0.7001683519272601,0.4674595122801649,1.0012370724467348,0.8018286051544912,0.4716254003548327,0.97310728102361,0.5879053404251366,0.4037998991454632,1.0082823596545911,0.3945331873792268,0.41584946559201336,0.9935591505731314,0.3614789863036403,0.4371567951363933,0.9513334829785155,0.4007095090186388,0.04986960706467805,1.233479896104831,0.6463680075971443,-0.05395586161605782,0.9901384857224457,0.6630445073605358,0.027174124514221416,0.9123405902275238,0.4746573256224349,0.11955426899031354,0.9371397211311363,0.4147240158129156,0.12083320682736425,0.9234210585767212,0.35129067488204024,0.09431847799790438,0.8456637989854963,0.3874718682750765,3.316666666666667
0.3114214808158376,0.7174366311620896,0.7040793384654447,0.31840481624827843,0.34009679148100513,0.7240483738994501,0.3181978038635641,-0.052460651045015086,0.8030502930471067,0.2793307286024812,-0.09973170891223448,0.6065231378736796,0.35266778106868973,-0.11009885940692685,0.6672415925835994,0.28138711517514725,-0.1441081953763526,0.892125308308427,0.10609428760434732,0.7293761754076908,0.6872820150894157,0.09956484923988003,0.3376328515726205,0.7154951160717948,0.09611218818372753,-0.03801340190908151,0.7522178630169961,0.11882161593810875,-0.11978787678415247,0.6076190767324013,0.0574309759343335,-0.094693142316394,0.6310102162315694,0.12311922923789106,-0.1093111799879361,0.8372259507899124,0.20779878604649749,1.3217945039643189,0.6615649599715384,0.2304275591790555,1.578149425010297,0.6007105733174913,0.23938024194470747,1.4506388966927235,0.5556288012104891,0.380403451493443,1.236649858999552,0.7004978385749121,0.4668259741104308,1.0001415362870172,0.8033355533772404,0.4716061861814494,0.9736411042888607,0.5896196877963109,0.4063461992125545,1.0097315922566859,0.39532121660803166,0.4187010512260078,0.9972717937861734,0.35771890270680734,0.4384138519197954,0.9530279045334531,0.39928490091070273,0.04995383210789765,1.232536322266014,0.6465986479325402,-0.05403501371726436,0.9886362800950905,0.6609349259605714,0.026142474551954002,0.9106787519965778,0.4671854681336791,0.11986698983071112,0.9359454518516271,0.4112389479251603,0.12049784747632508,0.9234834004813799,0.34224407657022415,0.09303285008101767,0.8406719852801856,0.38290427780555114,3.333333333333333
0.311975248077578,0.7172172609224947,0.7037120556703909,0.31842128981418766,0.34012212311212814,0.7239919276121394,0.31820498076170217,-0.05264954037401148,0.8030138086114813,0.27907414891252597,-0.09839874567259778,0.6040816804272371,0.35277576188978704,-0.1102254553130392,0.6674465231236852,0.28160537605508995,-0.14458705509327593,0.8928601186035747,0.10566425353946056,0.7290426115204193,0.6878875433652486,0.09916112456790567,0.3377264776783488,0.7151480070421039,0.09661086034664886,-0.038907301803180486,0.7536391480534782,0.11881279080289932,-0.11967043101821986,0.6076100284177111,0.057329389787844756,-0.09441369058452684,0.631236414550626,0.12302870405335735,-0.10920259394579859,0.8374988987868812,0.20771363364981082,1.3226330993018258,0.6614578964636386,0.23056950755441416,1.5792611620433763,0.6013118546004006,0.23941993080815946,1.4509781961128505,0.5555684874453157,0.38053071759655543,1.2363875392963009,0.7008814320890986,0.46573726166842994,0.999797479441073,0.80588190985846,0.4707951248713612,0.9743627424161175,0.5923967011000493,0.40715101319886493,1.0107477758579715,0.39867175649393904,0.4199923554095565,1.0005039331840375,0.3560463863705149,0.4381077536643215,0.9536919032878661,0.3987542980611483,0.04999472191367719,1.2323652396666414,0.6467949703969346,-0.05410730365129329,0.9874027503823865,0.660576197407224,0.025832174728076505,0.9107733448947211,0.46110160082039425,0.12065704472214506,0.9360619297541314,0.40767442091731554,0.12049850133881333,0.9243101020094447,0.33510468853824926,0.0931657888859821,0.83889443569295,0.380489593269157,3.35
0.3124551038746852,0.7169304147596308,0.7031979121522034,0.3184495441189771,0.34020351124225934,0.7239333268385452,0.3181929288362665,-0.05267391622166501,0.8030416637587674,0.2788263905452899,-0.09746002219053511,0.6021577166757955,0.35275943286173883,-0.11006396965021022,0.6670969588616663,0.28207968775992714,-0.14470697199073404,0.8933400246463786,0.10521878838558237,0.7287162757202255,0.6877694493309991,0.09873684340817948,0.3379878048837669,0.7147267564809574,0.09722602847779227,-0.03980990647550263,0.7553794995412446,0.11882876341194662,-0.11960730512517255,0.6075997073130515,0.05719371780611114,-0.09392147918192259,0.6316056705988112,0.12301929274826749,-0.10909155414905808,0.8377902455007997,0.20759652177200466,1.3240677928029527,0.6613299248854738,0.23085253726116522,1.5805182304406014,0.6025389544260915,0.23946757513794803,1.4515261659437388,0.5555126287329191,0.38048880648821437,1.2363770996200372,0.701203370029158,0.4645019701012938,1.000283706041203,0.8089230883490387,0.46933343683243484,0.9751488929572291,0.5960539174409154,0.4068294869497754,1.0112398501773576,0.403644929062655,0.4202158220411396,1.002987567891611,0.35592801455001943,0.4369109239625302,0.9540561972142447,0.3990038165270466,0.049997286679371866,1.232919855563782,0.6468881599461968,-0.05411116407792585,0.9864906350640795,0.6614601673699816,0.02607725515635472,0.9120927735336714,0.4571922543830415,0.12167040040276451,0.937254021272135,0.404500257892628,0.120851632545697,0.9254581041564462,0.3309499782617515,0.09440844970091816,0.8397912027651173,0.37992030815782796,3.3666666666666667
0.3127651615146806,0.7165565459093614,0.7028032730647051,0.3184713289954117,0.3403398866692795,0.7238734594689558,0.3181651746116127,-0.052504718400888634,0.8031376580352837,0.27860408213679627,-0.09703514649302913,0.6010314382384029,0.3525296935682947,-0.10944387186229056,0.665882810084742,0.28272542039436166,-0.14438238565716097,0.8936454850341744,0.10475016506495981,0.728348020345359,0.6872243751256715,0.09830158875209942,0.33844668668408895,0.7142626659610739,0.09786054960256273,-0.04064621611545138,0.757173759215634,0.11887299333262555,-0.11959436558898033,0.6075689308012887,0.05704270145591626,-0.0932870116771491,0.6320680000583299,0.12311658981692931,-0.10898262150337854,0.8380669634371076,0.20746428759024188,1.3261524850350856,0.6611656524021722,0.23127140781338074,1.581766201589236,0.6043585433816451,0.23951351343085558,1.4522040206026252,0.5554871846936873,0.38014333475931017,1.2367917173778027,0.7013814500787798,0.4633964459685107,1.0016087791011876,0.8119368720790999,0.4674447880127538,0.9758675381184999,0.6000632341694438,0.40608531608035014,1.0112026509839556,0.40877054896183673,0.4201034391744125,1.0042202184053455,0.35696397221898934,0.4355817649658904,0.9543852937274322,0.4001409473178209,0.04998099335278251,1.2338793157221297,0.6468946788871236,-0.054098851154341855,0.9861339698743815,0.6626726099551052,0.026870495988024923,0.9138132851252199,0.4557222351631046,0.12273836513317515,0.9390972018968232,0.4020421831189599,0.121526624748161,0.9263172416830873,0.3304738889778902,0.09650462853068406,0.8422339894174513,0.3803782907973466,3.3833333333333333
0.3128864777173655,0.7161710062774944,0.7025291821866592,0.31847036507754084,0.340465583423393,0.7238122553165186,0.3181298418927354,-0.05215637508619121,0.8032914735362706,0.27842819649599215,-0.0970901405426139,0.6007104854319716,0.35208597021659505,-0.10838553813897545,0.6638425109482773,0.2833745152754001,-0.14374482581706796,0.8939477178747957,0.10428065102985178,0.7280312218482519,0.686524342309026,0.09786132641291403,0.33910166222001903,0.7137908163143885,0.09843551838692476,-0.04135274039515581,0.7588014074829046,0.11893892703871836,-0.11963861987595471,0.6075344561484655,0.056897594319227335,-0.09259941456940635,0.6325600879672479,0.12322206566135599,-0.1089372170460724,0.8383628713262666,0.20733759293554702,1.3286932937241633,0.6610017814656749,0.2317585930593818,1.5827900540776185,0.6064656530355502,0.23954370333937958,1.452909192495583,0.5554880293387997,0.3794923858997583,1.237570146024557,0.701394583597189,0.4625625351885319,1.003524613445335,0.81452408448501,0.4655406028108572,0.9763260256817473,0.6038506195146612,0.40549082516462287,1.010914432934435,0.4122405400874009,0.42023085711670183,1.0038682214615542,0.35905351401262464,0.43458222990047324,0.9545948516461001,0.40234768194377213,0.04996181327331121,1.234922348124068,0.6468250994858418,-0.05423807320321826,0.9863567264614354,0.6633608896162088,0.02843611306655368,0.9154401174232133,0.4560037062833491,0.12401219646417677,0.941091570188606,0.40035646018230653,0.12261254834414387,0.9264409805711733,0.3336470944830384,0.09941440083770388,0.8449218623673054,0.38088823149697526,3.4
0.31284734206874387,0.7159147283186963,0.7022468710822903,0.31844311054666563,0.3405271583478138,0.7237515451804859,0.31808958700262435,-0.051714423522928266,0.803485994983027,0.2782628365639025,-0.09735794383110177,0.6008751289822478,0.3514941719489734,-0.10705523380217828,0.6612569184569939,0.28387723543071613,-0.14300155640901863,0.8943712198556046,0.10377990999509815,0.7279125872118202,0.6858331243463389,0.09741974362470113,0.33989028974375024,0.7133380812631613,0.09888441788752218,-0.041837576199594204,0.7600816004346767,0.11900319579283081,-0.11966708344881187,0.6075454360699296,0.056780134980651716,-0.09194661614099213,0.6330098819774245,0.1232040539670221,-0.10895055843403104,0.8387271682574952,0.2072392242656235,1.3312409236349836,0.6608954573490659,0.23222957123891969,1.583394347558249,0.6084988944522846,0.23953565249356087,1.4535405420916951,0.5554693205147558,0.37863723720114884,1.2384637956360198,0.7012337527762456,0.4620004241138466,1.0055062257212746,0.8163695463776278,0.4640653616989965,0.9763367008775145,0.6070374960640506,0.4051805602838165,1.0107105825229419,0.4125812468372714,0.4207846272117029,1.0020233576992463,0.3621036938974907,0.4340601862706,0.9545004826168126,0.4055130578479436,0.04994993220396748,1.2358815917043118,0.6466915002293562,-0.054710355600155046,0.9868776140951456,0.6630080473654905,0.030967093706598586,0.9169004746209976,0.45675597367335574,0.12582432977420233,0.9427768171090224,0.39923710771223836,0.12446609715995458,0.9256902880522495,0.33970744007595166,0.10309071130696554,0.8467590672952157,0.3811156924520288,3.4166666666666665
0.31270000622213723,0.7158708233064105,0.7018686649247523,0.31839726469049046,0.34054508244564385,0.7237011620683991,0.3180401770347569,-0.05128213533491226,0.8037061906338945,0.2780465161224791,-0.09751467777755764,0.6011273309196322,0.3508404647163092,-0.10565016424514986,0.6584938130264754,0.2842036289166833,-0.142255365828861,0.894886925554058,0.10316635736458862,0.7279851126555097,0.6852170826806175,0.09697509919690739,0.3406908231660922,0.7129051589064157,0.09916991163330824,-0.042058939796777245,0.760916614461306,0.11903169762062124,-0.1195098410404565,0.6076267134834057,0.05670773900151606,-0.09141424073742577,0.6333409356667928,0.1230319020432287,-0.10888990316551551,0.8391155069262528,0.20718775897653458,1.3332915611588911,0.6608554029971258,0.23260476328859306,1.5835474627081556,0.6101263877650329,0.23948385376108552,1.454022267284518,0.5553406825008663,0.37770982113315654,1.2393175799499885,0.7008748515477906,0.46161955621692713,1.006979098402564,0.8172587221302193,0.46329654986087754,0.9758451651303258,0.6094843694856185,0.40493306023471454,1.0104650845723018,0.40968359060226944,0.4217400664344253,0.9989312739601719,0.3660649708644852,0.43408953959903396,0.9539424883724481,0.4090831946139095,0.04995330913734334,1.236669208804377,0.6465508729468142,-0.0555737643384807,0.9873693181492211,0.6615295955549859,0.034461416321136217,0.9181973604581711,0.4569986852923775,0.12834976969434736,0.9437547600982151,0.398382576291162,0.12755743846120968,0.9241037956365316,0.3475347904682402,0.10727728717919038,0.8471494113790926,0.3816256418581272,3.433333333333333
0.3125170712874001,0.7160162597071337,0.7013868763793524,0.3183395954709706,0.34056483282345074,0.7236747757463394,0.3179765510897897,-0.0509134078048611,0.8039452961010949,0.27777732754437606,-0.09744722683930827,0.6012994063091704,0.35019982681071327,-0.10429761649577197,0.6559668818353838,0.28441511554128973,-0.14149827135353868,0.8953823897623393,0.10240704200319325,0.7280899844064435,0.6846673596719768,0.09651605738397988,0.34139214701467124,0.7124709345170088,0.09930953853922371,-0.04206246264980974,0.7613227544156876,0.11900284404414074,-0.11904918399333352,0.6077402982982949,0.056686362200603094,-0.09107416893868452,0.6334979154833045,0.12276914953526348,-0.10865115558554905,0.8394408469932112,0.2071971474308774,1.3345360761512342,0.6607976040940082,0.2328239040350082,1.5834163405663912,0.6110894536146568,0.23943745153325185,1.454322289862685,0.5550712664354951,0.3768350585397521,1.240184849076307,0.7003248857012984,0.4612969302980041,1.007610602177214,0.81725237260843,0.46323412914971374,0.9749626349242421,0.6110867296469102,0.404589628916946,1.0094491066543325,0.40511671013921713,0.42315493858744013,0.9947413765996098,0.37111225444204987,0.4347159483500066,0.952769809355484,0.41235862955295366,0.04997992616523805,1.2371918539875222,0.6465221174224429,-0.05671129528860923,0.9875977358907985,0.6592721182480605,0.03884641874498353,0.9191481941556551,0.45646964194000916,0.13152764018278762,0.9436574153113636,0.39752595938730406,0.13204729077654942,0.9217806922083088,0.3560543815546227,0.11162888101802204,0.8461383217993717,0.38292595839623855,3.45
0.3123631095397487,0.7162574087433188,0.7008174305860986,0.31827083938047585,0.34059801175860716,0.7236788712593197,0.3178983397142799,-0.0506178298546241,0.8041964833878651,0.2775215940376447,-0.09724826944791762,0.6014268970776929,0.3496252557913678,-0.10303535704451997,0.6541029141114041,0.28457020039254455,-0.14068742811321536,0.8957713552180162,0.101576901013953,0.7280794345878101,0.6841422593578426,0.09603201152225078,0.34196484501353697,0.7120194232180321,0.09934866676038363,-0.04191216724105165,0.7613208295191343,0.1189176751074316,-0.11826876991738704,0.6078300437880007,0.056701631432654775,-0.09094376705346002,0.6334908105562906,0.12247978856569632,-0.10827176624575138,0.8396686466965917,0.207278883198035,1.3349565400539447,0.6605849575392626,0.2328788901832832,1.5832255802672572,0.6113403998094504,0.23948825775939223,1.4544518368631356,0.5548692498476997,0.37612779766490756,1.2411410188986867,0.699679862463798,0.4608768211604066,1.0073918453944377,0.816792676123326,0.46355712405991867,0.9738776031349453,0.6117155881395441,0.4041369953147408,1.00687978310871,0.4011752681710233,0.42524272954105624,0.9896674231491055,0.3774139940363771,0.435824285361349,0.950819489197234,0.4148412804672831,0.05002715621755738,1.2373763149568406,0.646662697973984,-0.057897164834292345,0.9873537180691855,0.6568114936334434,0.044127181363247676,0.9193917608732194,0.4555297954975441,0.1352823138592693,0.9422141541516558,0.3965744210461938,0.13757858743485551,0.918966322429897,0.3642305539119982,0.11588189894815899,0.8441645392470063,0.38481671612558044,3.466666666666667
0.31225870263370525,0.7164704651766316,0.7001576904741253,0.31818903317527814,0.34062709192142493,0.723711672420947,0.3178117580157892,-0.05040677824931307,0.8044372396147802,0.27733978967817685,-0.09703402988458447,0.6015319040876423,0.34915039881432675,-0.1018662626797423,0.6531844832158848,0.2846834758973299,-0.1397928735439066,0.8960212349373599,0.1007925629238843,0.727895583776871,0.6835959072866055,0.09554204340813612,0.3424410998213204,0.7115638538624829,0.09931273028800729,-0.04163314538498457,0.7608720667021766,0.11879109242862695,-0.11716646716475175,0.6078905228290742,0.05672006109661788,-0.09094631019122644,0.6334082346106421,0.12219183760188258,-0.10782588699164516,0.8398024929671501,0.20741172002266361,1.3346961366426717,0.6601934939162692,0.23283385262919115,1.5830787483383502,0.6111403559577222,0.23969884102726077,1.454455548777898,0.5551642810706068,0.375677330536041,1.2421511631437796,0.6990902203000976,0.4601876353342035,1.0065484978221977,0.8164396535609053,0.4637548154367847,0.9727153712357148,0.6115641593687039,0.4035362739198065,1.0025728842280572,0.39947835833338946,0.4282364642032921,0.9841389692762286,0.38470637399215946,0.4372277798306108,0.9479511068785965,0.41643288235224607,0.050057840104975285,1.2372730659258975,0.6467545365994796,-0.0588787479089989,0.9863529642117508,0.6546071714256338,0.05032338759246107,0.9186098280303356,0.4548656056579127,0.13968227314518897,0.9393507058495254,0.3959643704304062,0.14357134877507605,0.9160447384348516,0.3709676853908796,0.11983462888312868,0.8416471815474267,0.38691012911078826,3.4833333333333334
0.3121859014831745,0.7165492621239338,0.6993999472161881,0.31809139177396517,0.3406220901226371,0.7237713143274405,0.3177276041115436,-0.0503167790066219,0.8046255801865363,0.277219999465868,-0.09684727450964202,0.6015539174711756,0.34879434275057813,-0.10080169248153045,0.6531290898006907,0.28473903524752653,-0.13882640477823735,0.8961499604935168,0.10012563831921366,0.7275564708973563,0.6829831119841747,0.09510305621763347,0.34285190634057583,0.7111460775122271,0.09921151323619648,-0.04121522305670751,0.7600000327830213,0.11864778146529564,-0.11582272063475914,0.6079702170731884,0.05671010184931472,-0.09094771484297755,0.6333546258474602,0.12191424704203147,-0.10734443818765022,0.8398526938098545,0.20748866971619306,1.3338930758165561,0.659881208117705,0.2327784663195517,1.5829644157215175,0.6108782867975968,0.24005059816460605,1.4543902591810767,0.556314332176574,0.3754937272216906,1.2431306026181463,0.6986531489014893,0.4591504137387983,1.0054587704256022,0.8164493306829969,0.46341938397675814,0.9714540144937804,0.6111679665037242,0.40284582357303467,0.9970649829306613,0.40032352563532236,0.43223346575300253,0.9786476831700207,0.39208855746074656,0.43884537744051905,0.9441112233108355,0.4174618744453889,0.050005558464737275,1.2370905959303033,0.6463549044439704,-0.059353233387899565,0.9842890527621829,0.652771851086407,0.05724626372263162,0.9167998040236727,0.45498512320128176,0.14485797841765374,0.9351778481241098,0.39669623328330716,0.14962163490794447,0.9131912801844196,0.3754159533088116,0.12327235058031887,0.8389032480384585,0.3890450882205392,3.5
0.3121191119890915,0.7164661334797313,0.6985593751205023,0.3179761002210703,0.34055612750571607,0.7238588257909654,0.31765442715980574,-0.05037566869934987,0.8047263820831994,0.27711073755097154,-0.09664598063940255,0.6014027769348861,0.3485770580796659,-0.09989663181256023,0.6535022254835064,0.2847147751560379,-0.13786399189687096,0.8962379610137039,0.0995915332301831,0.7271234912161456,0.6822721353004316,0.09477459720385248,0.3432024332323911,0.7108102369572608,0.09906118377333925,-0.04064115048993536,0.7588582370774976,0.11850031856888378,-0.11447985653636726,0.6081085962426321,0.056664813105954254,-0.09086682861629022,0.6333575934481853,0.12165399947509423,-0.1068599987787869,0.8398358720002116,0.20734329030550036,1.3327012143872823,0.660099985527138,0.23275404531184357,1.5829015644564843,0.610770119873645,0.24046176042127926,1.4542928945281497,0.5583164297743983,0.37547716306986895,1.243993012600194,0.698373319221185,0.4578526795748169,1.0045300661443561,0.8166939538572948,0.4623971144628661,0.9700170563773091,0.6107689731015449,0.4023674083422005,0.9913558336806899,0.4029347628796743,0.4371042946120396,0.9734737400940775,0.3983448453151299,0.4406298172663441,0.9393708017755186,0.41841541890196754,0.04982499305365333,1.2370271062505513,0.6451753583036073,-0.05896899563136528,0.9810898571661175,0.6512024339912775,0.06443186857647928,0.9142789836282638,0.4558870503773926,0.15084499021954165,0.9299643889744822,0.39964779845358633,0.15559155700190289,0.9100768237503127,0.3774221883397928,0.12602109355318106,0.836260284486818,0.39101426579651655,3.5166666666666666
0.31204599577647285,0.7162819513886192,0.6976740458596724,0.3178475165939894,0.3404369596414605,0.7239738901143603,0.31759189078291294,-0.0505609427811254,0.8047455549932406,0.2770303824261704,-0.09639723259228597,0.6010763690827886,0.34853884343659963,-0.09929796367636975,0.6539504351821704,0.2846003139960206,-0.13702890575835777,0.8963956370126802,0.0991852376936898,0.7266581334281752,0.6814627623583877,0.09458806284500665,0.34347824771556446,0.7105812773139271,0.0988695898736201,-0.03991465271841317,0.7575952516690552,0.11831770603187278,-0.11339889755722898,0.6082785356625999,0.0566044246576376,-0.09075037070746951,0.6333401664113615,0.12142208982810163,-0.10641153726719216,0.8397664819340469,0.2068676705270407,1.3313924404146984,0.6611706486106973,0.23274509567786245,1.582987399385528,0.6108089250376322,0.24086043826391268,1.4541632684363528,0.5607145859057547,0.37549102560888437,1.2446196501382019,0.6982268492337842,0.45649167316540995,1.0039742031192702,0.8169282863338989,0.4607280778316434,0.9684124448270012,0.6100558209795811,0.402453346730846,0.9866265962663447,0.4059440764876061,0.442422685367337,0.9685961022136806,0.40265295772389725,0.4424252112707864,0.9338699858374996,0.41969273665317813,0.04952531868739949,1.2370661400597827,0.6432967330294478,-0.057531956637769596,0.9770764535378358,0.6498426317951739,0.07136372671243887,0.9114289415376042,0.4572513460774795,0.15753563176013718,0.9241371280679385,0.4050242822655684,0.1615388985701485,0.9060835470762456,0.3777794371008806,0.1281276614353507,0.8340430869635567,0.3923772334843275,3.533333333333333
0.31197208491630424,0.7160822359683301,0.6967795866104007,0.31771842399059924,0.3403196876760204,0.7241137226422909,0.31753347800721177,-0.05082867449125282,0.8047242640886437,0.2770834011227014,-0.09618771796906571,0.6008267725251857,0.34873167254435156,-0.09923871336429604,0.6545642019409381,0.28440720048932017,-0.13641399608500188,0.8966334830749277,0.09891183859541776,0.7261921733388425,0.6805845863294211,0.09455290237203925,0.343656965789608,0.7104670953451411,0.09862772819550363,-0.03906493517111935,0.7562583978819182,0.11805494810875511,-0.11270168816936056,0.608354587852744,0.056562319527268035,-0.09071150438773586,0.6331885702099195,0.12124206235994031,-0.105993653268889,0.8396467616969582,0.20607728554709256,1.3302937389027394,0.6630956454052699,0.2327260757281773,1.5833054202231553,0.610918593453905,0.2412585103287979,1.4539791940010636,0.5627814469118482,0.37547110731598443,1.2448640522062122,0.6982186149254002,0.4552422058213307,1.0036942512886653,0.8170342170504433,0.4585829365070019,0.9667189721383084,0.6086668345720431,0.40326272975797595,0.983880600376726,0.4079245762697258,0.44743300516421536,0.9640293903573983,0.40488193711317394,0.44396031768720073,0.9277342826693112,0.42164915234075384,0.049155006156357775,1.2370240969059765,0.641022988530136,-0.055215722807661315,0.9727635961245349,0.6486364991321283,0.07770808014902132,0.9085816956570907,0.4587528865244545,0.16468304271424325,0.9182164039007087,0.41250699679812936,0.1676530578259604,0.9008179242209184,0.37812282251195817,0.13003986031369275,0.8324466202875742,0.39280732433764154,3.55
0.3119098892171837,0.7159218052584208,0.6958956524648052,0.3176042473849197,0.3402749833928081,0.724275368394509,0.31747345294368234,-0.05116387314089217,0.8047061162715405,0.277353892957579,-0.09616984490675547,0.6011071820220506,0.34918346281506946,-0.09993326342934304,0.6556467745341881,0.28415842871508484,-0.1360151528850333,0.8967858030898243,0.09879049433306022,0.7257331234725803,0.6796757851067161,0.09467243296347277,0.34372054645633554,0.7104677140137486,0.09833854419464486,-0.038123427510449365,0.7549019827855188,0.11773539377347628,-0.1123703380667758,0.608141250447636,0.056565044799225854,-0.0907998521557041,0.6328517148350714,0.12116019929626322,-0.10554149620294759,0.8394659285524335,0.20506561613819208,1.3296029787082162,0.6656574890162598,0.23269139705227282,1.5838504705280412,0.6110523155285463,0.24172565241080163,1.453771757049587,0.5639004326054512,0.37543606999410106,1.2446326036690345,0.6983672899885117,0.4541238120707398,1.00342451047373,0.8170447109252368,0.45623831592249386,0.9650147444477526,0.6066106214653342,0.4046812919164615,0.98356188321404,0.4079490147931952,0.45116328053477917,0.9602413396519813,0.40525661969232163,0.4449088942562196,0.9211738406164923,0.4245276993189251,0.048774269928634206,1.2367655860592,0.6386892289705286,-0.05248189144578537,0.9685579440791048,0.6473577977911684,0.08330710073455679,0.906082417585792,0.46016951695336944,0.17188164327249095,0.9127523553244603,0.42142562889847823,0.17415467511722954,0.8944198635562136,0.38015195228809784,0.1325579174651134,0.8313631331551177,0.3927438317027667,3.566666666666667
0.31186270243232445,0.7158389653033538,0.6950563124545132,0.31751378684628423,0.34034637655532196,0.7244549833843485,0.3174079034764703,-0.05156210159350043,0.804720755429634,0.2778400773609494,-0.09642899464240441,0.602235081329614,0.34986734312917067,-0.10143131361501802,0.6573017771252253,0.28389249298323505,-0.13571828744198755,0.8966459786851763,0.09884023523237123,0.7252830215389481,0.6787661578068676,0.09494194844883061,0.34367133709808545,0.7105748345139098,0.09803241968115463,-0.037113118659070715,0.7537033907930847,0.11748047633999335,-0.11235172263197821,0.6075461837273839,0.05661840336712204,-0.0909807257309288,0.6323704442538598,0.12121356018271687,-0.10498234832750927,0.8392097860946189,0.2039411325567671,1.329327075075771,0.6685669862259087,0.23265144278793792,1.5845457601487487,0.6111967597635313,0.24228089716668438,1.4536825278733805,0.5637947913414524,0.3754211920080529,1.2439702565757242,0.6986583683165926,0.4529911192636715,1.0029284834262795,0.8170230610063601,0.4540236319265515,0.9633721945116065,0.6041923902441853,0.40640161806551584,0.9854225202829621,0.405912197210904,0.45276142224068233,0.9579133464268501,0.40421742111617676,0.44499603337210036,0.9146550275851919,0.4282414740066829,0.04843924778605469,1.236292001445484,0.6366087140905993,-0.04981432000892794,0.9647284870554705,0.645769163584238,0.08803373463285487,0.9042300862347152,0.46144131347919526,0.1786125343440279,0.9082598991100846,0.4307015904319078,0.18119545270995252,0.8875320331189644,0.38459863515371395,0.13646080260308063,0.8303925845066269,0.3936230469176612,3.583333333333333
0.31182203108865225,0.7158613020681037,0.6943685289408573,0.31744297747494676,0.34052754676950603,0.7246521493158891,0.317335581153285,-0.051975396742916555,0.8047847737481688,0.2784858729002558,-0.09693685554095754,0.6041739996646717,0.3506935470126077,-0.10353621244723947,0.6593818509229985,0.2836966237742968,-0.1353204637577877,0.8961357000543181,0.09906240807558958,0.7248473200134045,0.6778734688257511,0.09533035115332074,0.34355073379472334,0.7107674172232548,0.09773919189733854,-0.03607128142879108,0.7528868388967322,0.11742498686589137,-0.1126432280007291,0.6066107734438584,0.05670766852589841,-0.0911891043492311,0.6318358141296386,0.12135381699331418,-0.10433545933798521,0.8389116942147077,0.20283661912847206,1.3293997567501161,0.6714275166796388,0.23261722898749715,1.585289510507473,0.611350115561941,0.24288915267401712,1.4538723655445085,0.5625042356029468,0.3754358971782392,1.2430743669812574,0.6990247037870394,0.45171188444774824,1.002132746924059,0.816991277408311,0.45224568813122146,0.9618587837035437,0.6017802620831242,0.4081526475926033,0.9886372968761741,0.40256214400322055,0.45186547815072775,0.9572655173134161,0.40262783183481343,0.44413076226782133,0.9087653129809329,0.43251615023794243,0.04819548211793338,1.2356813345819035,0.6350739762628275,-0.04754490992418447,0.9615150521583664,0.6439530749538365,0.09180166586983528,0.9031203406995246,0.4626992257778707,0.18442982607812974,0.905069411711381,0.4390043621039387,0.18875183754116343,0.8810741762646563,0.390961662981372,0.14212265354305822,0.8291530124685038,0.397144107507635,3.6
0.3117857203654582,0.7159429278744375,0.6940030739690041,0.31737956351364693,0.34077711009834827,0.7248721759531405,0.31726398753316487,-0.05230485261392315,0.8049018978439929,0.279219604017532,-0.0975928085141684,0.6066273247969756,0.35152272426924747,-0.10584051062291283,0.6616510562023956,0.2836675836600149,-0.13464019706626676,0.8952952634515572,0.09942600388215121,0.7244360425056746,0.6770041480760517,0.09577447940467336,0.34343050079515736,0.7110101958921461,0.09746151014712282,-0.03506714143934091,0.7525516497316533,0.1175791475929798,-0.11325711458599136,0.6053255365859808,0.05680420455777315,-0.09134108399668561,0.6313567875950559,0.12144483832737682,-0.10371316814432757,0.8386620755317116,0.201972521189533,1.3297987922274102,0.6735881853446899,0.23259276762632392,1.5859781056528603,0.6115063572275068,0.2435813589679368,1.4543819471795787,0.5603754006826694,0.37546693002095044,1.2422021422013851,0.6993750028648781,0.4503387452799471,1.0011656270455749,0.8169498105583254,0.4510985915107909,0.9605260076602563,0.5996991374895276,0.4097723381939947,0.9921386596655997,0.3991696709006205,0.44874988825642814,0.9578979918844936,0.4015654182608236,0.4424414903045425,0.9038959589509602,0.4372421690185991,0.048073118329040224,1.2350332340617893,0.634290211581184,-0.045842308950128245,0.9591121245721528,0.6423414592048893,0.0947139027768909,0.9026091223320537,0.4641798328216744,0.18916155174945787,0.903280772887293,0.44512533067667515,0.1965404582087226,0.8760215974697921,0.3980658113234148,0.1493983068823325,0.8275117088193209,0.40416951421757635,3.616666666666666
0.31177113059297573,0.7159704854563769,0.6940416075885488,0.317317683361779,0.34106036851665783,0.725106090226028,0.3172082765342953,-0.05247363184949329,0.8050573376609105,0.2799542550543548,-0.09827536337152362,0.6092198164375048,0.35220133544405297,-0.10786800132934127,0.6638538479123779,0.28380768061747746,-0.1337006830834659,0.8942078487635824,0.09987396163795659,0.7240668813049367,0.6761598732144009,0.09621512527284745,0.3433665559197971,0.7112548509965917,0.09719089114593178,-0.03418523912492906,0.7526041096884326,0.11777207164156073,-0.11413846294820959,0.6038597270458211,0.05687652580125063,-0.09135589497525413,0.6310385762672778,0.12138580106739953,-0.10318293768427068,0.838469116263362,0.20162232276659675,1.3304977327967438,0.6742903541912277,0.2325783231530118,1.5865125753360214,0.6116526723854512,0.2444638643436891,1.4551209304241597,0.55805601035404,0.37549702403541585,1.2415471721850073,0.6996385725725163,0.4490736378257474,1.0002397481405025,0.8168986407009431,0.45058008095689583,0.9594338465779537,0.5982244648583258,0.4109836482534679,0.9951082261371976,0.3968148460604862,0.444231868287586,0.9592455662552519,0.40172371430050596,0.4402112114531608,0.9001654134773307,0.44252285354118676,0.048072795367403,1.2344626711622213,0.634218809337268,-0.04477907030737455,0.9575868681340164,0.6413839661931856,0.09707454275176403,0.9024102917852581,0.4661154694634319,0.19292133120350569,0.9028985008107016,0.4483722271288312,0.2041328758016186,0.8732888561620732,0.4047123859377389,0.15768588315825507,0.825468096819124,0.4144460192410305,3.633333333333333
0.3117949986377185,0.7158961143348155,0.6943529428917646,0.3172644710853519,0.34135601802334054,0.7253185204399444,0.317177049177376,-0.052511152511426545,0.8052194741152535,0.28058873829552766,-0.09886611472195568,0.6115815492306913,0.35261784077660874,-0.10925878240080275,0.665689258576295,0.28401625339944647,-0.1327648497129541,0.8929851374684008,0.10036249872383354,0.7237713668907657,0.6753570003437631,0.0966400482353857,0.3433767890693281,0.7114667579477898,0.09693882607199633,-0.033491018256624414,0.7528557816413779,0.11776074170481295,-0.11521707641953917,0.602913125771445,0.05690349363670714,-0.09119373142257356,0.6309501583198841,0.1211922957073345,-0.10274088584291227,0.8382513979751518,0.2019238293160468,1.3313621330547003,0.6731918018277443,0.23257447141564475,1.586818104305374,0.6117745669962218,0.24556823322873766,1.4559775266415296,0.556243872076075,0.3755146310689427,1.2411956489098348,0.699784207308346,0.4480945359934423,0.9995197110351395,0.8168473065484596,0.45049262363652176,0.958629833027607,0.5975397657835819,0.4114299083122501,0.9971905548937593,0.3958991741635359,0.43934956585424956,0.9609529022891722,0.4030672035546248,0.43774785615860246,0.8975640811457676,0.448500540720543,0.04815304253529888,1.2340872867812718,0.6345054290578154,-0.04434477487671404,0.9568418210609584,0.6411730323941274,0.09921702603098011,0.9022343848720608,0.46859470429265615,0.1959391167897317,0.9038468685004474,0.4488994964181205,0.21117837745886975,0.8734990184617752,0.40996761333033876,0.16611511878893254,0.8229960244044688,0.42709923333509137,3.65
0.3118458696857244,0.7157710028534371,0.694692765306954,0.31723690124170845,0.3416264000345584,0.7254776611471153,0.31716395962345234,-0.05253136126387371,0.8053556658376736,0.28104145479088616,-0.09926079805359071,0.6133651056495953,0.35275955523381,-0.10991013591223137,0.6668615702126127,0.284188447811596,-0.13212854742259883,0.8917461113950174,0.10088198143077894,0.7235911962796204,0.6746302522281059,0.09707592730313606,0.34345126293335987,0.711670833648798,0.09673717486201092,-0.03301705309369542,0.7531874388705996,0.11738680456543749,-0.1165355642000899,0.6033192543718267,0.05687872183600729,-0.09085300755899396,0.6310993090663871,0.12092495170370775,-0.10241832281428231,0.8380659061507286,0.20275168537726754,1.332209391939504,0.6706802515991077,0.23257944998480679,1.5868903920807118,0.6118616670318688,0.24677739287397268,1.456898676713676,0.5553241377824679,0.3755154603665639,1.2411304662891989,0.6998212427398856,0.4474243094514027,0.9990966692049924,0.8168331706239602,0.450544423047065,0.9580430664254216,0.5976060805371728,0.4111095213613172,0.9982960967625987,0.3964031015243011,0.4349672051257375,0.9628144016536435,0.40501226045327654,0.43520634986261875,0.8960905420958055,0.45513249272302014,0.04825312741431531,1.233963932564064,0.6347137530248425,-0.044373764670864464,0.9566667671584572,0.6413802398775512,0.10133909764982041,0.9019407910999887,0.47135416608369995,0.19844304818797137,0.9058527300275034,0.4476072307961889,0.21744630201508988,0.8765437208702824,0.41317451282322243,0.1738724658851129,0.8201615101514673,0.440848996197789,3.6666666666666665
0.3118822199597105,0.7156081325136506,0.6948500885207969,0.31726310788550405,0.3418094570792818,0.7255996568943168,0.3171548604322636,-0.05263535502783871,0.8054482867681094,0.28130025227419186,-0.09938983156452448,0.614312948122786,0.35272085225583616,-0.10999315348707954,0.6672674963774828,0.28428067600336193,-0.13192806805388455,0.8905756135174369,0.1014172898545853,0.7235526862160979,0.6739874503861651,0.09754101951354835,0.3435341839281536,0.7119459878802628,0.09661800912807027,-0.032777496733096934,0.7536057988644886,0.11660043265065959,-0.118174875592144,0.605412130084812,0.05680938857273664,-0.09037255198386096,0.6314180935266143,0.12060573079239938,-0.10226836193318573,0.8380555768310326,0.2038281259363038,1.332965199475769,0.667566361848523,0.23258490901389317,1.5868218610592602,0.6119119267190192,0.24792432345250842,1.4578621157250782,0.5552240449482189,0.37550298486672107,1.2412368198784403,0.6997965413998335,0.4469442660732978,0.9989812583693841,0.81691910147147,0.45047708870634084,0.9574940668641855,0.5980830000170154,0.41046716778698616,0.998492830515809,0.39822235292642705,0.43161231287147706,0.9645225669185667,0.4070493459058049,0.43258114065415404,0.895782260581798,0.46198938060627637,0.0483361669273618,1.2340307118227383,0.6346643457584378,-0.04457539020592488,0.9568269397506736,0.6415901383580788,0.10348452652750503,0.9016061336596787,0.47379663859989496,0.2006731279615504,0.9085260943453569,0.4455406780507757,0.22276866247294708,0.8814515120437179,0.41406810344946166,0.18042148794222812,0.8172931072674501,0.4539639056811138,3.683333333333333
0.3118564018013224,0.7153128681389893,0.6946448527338538,0.3173733687916763,0.34183204280235796,0.7257639256131493,0.31713528166852084,-0.052863684535316036,0.8055017359451712,0.2814353977244357,-0.09925377003895876,0.6144219484959859,0.3526270302185689,-0.10979878684597222,0.667136263676679,0.2842971404604451,-0.13214036219924094,0.8895194946209252,0.1019225108459329,0.7236298668851913,0.6733509532141797,0.0980156210066944,0.3435266145863242,0.7123467177192727,0.09661084980274015,-0.03275543237166899,0.7541708322552045,0.11543572403210003,-0.11998521249856564,0.6088916573279032,0.056714578318244196,-0.08984569840084679,0.6317788270380279,0.12023089859104377,-0.10228392204551592,0.8381503870111632,0.20491743588446698,1.333720645473524,0.6645409115462192,0.23257987590857454,1.5867401483897203,0.6119316113982165,0.2489215784297482,1.4588361990326184,0.5555184459672055,0.37548311588028915,1.2413695080680915,0.6997677746150017,0.4465272771191704,0.9990757844958301,0.8171111501475168,0.45016899586551506,0.956873179245419,0.5985285344488873,0.409923073242049,0.9980968506181367,0.4010779849942063,0.4294418176623147,0.965648387616656,0.40917139551950443,0.42989396224713744,0.896578148220096,0.4684473822434133,0.048396993148340235,1.234157620695471,0.6344549934947188,-0.04472163833114008,0.9571059131814813,0.6416323173351401,0.10560758654875378,0.9014082033791391,0.4753800667412608,0.20279213019580639,0.9115466500756977,0.44349021370508646,0.22705636561652953,0.886910597782661,0.4130714112062549,0.1854800975235671,0.8149252149672032,0.46463889674777137,3.7
0.31175904357227163,0.7147935364800998,0.6938946319366179,0.31756429738151193,0.34164266161623336,0.7260531857116133,0.3170942110547051,-0.05321617191567639,0.8055432236044383,0.28152694508760806,-0.09893902430792667,0.6140487520861257,0.35254847880532525,-0.10955209508671714,0.6668737628217243,0.28425649442089745,-0.13263911128863082,0.8885944948206067,0.10236657850975037,0.7237032871013765,0.6725784039610863,0.09847009864537498,0.34335232369795016,0.7128287368731271,0.09673668861958312,-0.032875171651399165,0.7548986934680632,0.11408252090189425,-0.12145494796320588,0.6129612546878512,0.05661533919471105,-0.08936432226055613,0.6320672012164932,0.11980668661666252,-0.10241785984871805,0.8380933194701081,0.20587705763097547,1.3346553606834264,0.6619805561450587,0.23256060793298733,1.586713933802839,0.6119321842542957,0.24975318964620305,1.459797311643289,0.5557352076310508,0.3754568828428081,1.2414523028913482,0.6997678511550333,0.44610393925220393,0.9992095124671045,0.8172055794875547,0.4496450906412329,0.9562414942900523,0.5987154524955656,0.4094100766275074,0.997499101783885,0.4045835444676055,0.42812146759617814,0.9659221804012683,0.41154058889961787,0.42725722564744945,0.8981186923782449,0.47412975667614765,0.04844051467846726,1.2342562454727335,0.6342365561341532,-0.04475107806550181,0.9573572003871897,0.6415547350984389,0.10762648686774214,0.9014572128364976,0.47598198311654605,0.204692692805593,0.9146343353545482,0.4419857042499846,0.2302565026901603,0.8919394576456786,0.41122384665329476,0.18899632958537835,0.8135294441408338,0.47176752922554244,3.716666666666667
0.31163286998164424,0.7141297103632235,0.6924966890513043,0.3177749403572552,0.3412740414949824,0.726434692289776,0.3170342938031175,-0.05367676561770865,0.8056223967294077,0.28157586300641785,-0.09859833580652637,0.6137066850024729,0.35249725097701756,-0.10936088829200302,0.666739307001574,0.28417016898035447,-0.13322578192936543,0.8877860777019561,0.1027691692087547,0.7235676933494435,0.6716004291786976,0.09890832316153973,0.3429807268030829,0.7132696864025846,0.09696275212067434,-0.033045796969901245,0.7556768249922633,0.1129126866858608,-0.12198523036054519,0.6166107470298391,0.05652491121269236,-0.08897435424167682,0.6322431302009947,0.1193509694934288,-0.10262214289006513,0.837686325445286,0.2065993140295191,1.3358903580963593,0.6601094802620114,0.23253462666523367,1.5867456943200324,0.6119306915457179,0.250321583028035,1.4607701457697702,0.5557141135378131,0.37542651377096176,1.2414880649028885,0.6998013386412707,0.4456005248399575,0.9992468216083592,0.8167830834444032,0.448962463321389,0.9557534491379619,0.5986567024063856,0.40836245541730615,0.9968040485345687,0.4084511245631387,0.42689403614659793,0.9653833164356384,0.4140938294775335,0.42478983292922146,0.8997376015250476,0.4789038339792142,0.04847072801736205,1.2343119440963564,0.6340839809410279,-0.0446988648174535,0.957545160041837,0.6414541414807859,0.10941621212816735,0.9017276360674062,0.47591536267894624,0.20601151174544785,0.9174480086997363,0.4411646656256618,0.23224509913845237,0.8961445335197816,0.40944067994331135,0.19118035418673746,0.8131810518818057,0.47553286225535507,3.733333333333333
0.31150480375743306,0.7136334693580408,0.6905831184231372,0.31791761655332856,0.34085292564645164,0.7267357280346217,0.31697600176168916,-0.054203141203188185,0.805812725526456,0.2815276880399223,-0.0984269615913119,0.6136861801306243,0.3524655037923563,-0.10924547162580817,0.6667473208459563,0.28402851078391617,-0.1337137503505365,0.8870633093130753,0.10315975554094488,0.7230909006260369,0.6705477234402971,0.09934345972684543,0.34240598467686334,0.7135561645228549,0.09718165052108106,-0.0332297573033824,0.7562658221405205,0.11234441976702894,-0.12136927946115897,0.6190036871518544,0.056459031231856915,-0.08875665210546976,0.6323069394466309,0.11888088081141765,-0.10283023863443796,0.8368897060845927,0.2069972046867525,1.3373989745704036,0.6591036051917151,0.23251389237880937,1.5868287795733975,0.6119476250307195,0.25042485156385946,1.4618214106893204,0.5556055383136828,0.3754132551929925,1.2414947736533006,0.699854816877771,0.44498841677567064,0.9991558372822971,0.815474061054775,0.4481124240845635,0.9554451626055608,0.5984054237422514,0.4061623321916552,0.9957226547027889,0.4124137263189239,0.42501033884685224,0.964189053526454,0.4167660825965359,0.42258632279859476,0.9006449790503306,0.48257292394206364,0.04849061770201275,1.2343445442728367,0.6340061412506262,-0.044616082478590384,0.9576748865096717,0.641425594709427,0.1107348640549229,0.9020632469980948,0.4756510092680748,0.20640622172267525,0.9196678437384678,0.44063604378097143,0.23288242778635335,0.899506599837765,0.4079213042639192,0.19237594358474208,0.8135240215454043,0.47710898773216337,3.75
0.31132090455417727,0.7137331273985051,0.6885386569709465,0.31793287460251685,0.3405089295175465,0.7267681970964204,0.31693672786722993,-0.05471017045949114,0.8061788585722809,0.2813665797379067,-0.09860554447483064,0.6139363959444286,0.35244400664426423,-0.10918150218370021,0.6668092040748564,0.2838017451523227,-0.13405302215795037,0.8864220137470085,0.1035103652853063,0.7224231562572533,0.6696961031502092,0.09974155419345267,0.34167055697112964,0.713620811002338,0.09728170348695657,-0.03343729082110447,0.7564682016440394,0.11267973271783592,-0.11985352255428777,0.619507526260604,0.05644336162552814,-0.08884400681611239,0.6322530792820257,0.11839407166692174,-0.10296432419757047,0.8358015796373118,0.20707214162796342,1.3390347015910837,0.658932114889657,0.23250227140599902,1.586958040299456,0.6119888153310984,0.24997933793137642,1.4629781427317505,0.5555393621070696,0.37546543441908453,1.241471072883508,0.6998801874072837,0.4444175751189573,0.9989737485596687,0.8132670353366009,0.4470428092155626,0.95500216818907,0.597952750658074,0.4026367214648582,0.9937809062408112,0.41614061356353516,0.42214778383901236,0.9625223612843057,0.4196349827286159,0.42068644747020745,0.9000550741463444,0.48497677133978745,0.048503395628665485,1.2343827630801707,0.6339784297014027,-0.04454573088656426,0.9576983646112295,0.6415069984868216,0.11127425423609133,0.9022353206853133,0.4755334810829528,0.20588269946202428,0.9210963091735531,0.4398893157284816,0.2322505509889553,0.901828010053912,0.40650362188609496,0.19285395975186592,0.8141436724097061,0.47755669680563906,3.7666666666666666
0.3109889170000107,0.7147563254877558,0.6867864694325995,0.3178104088505199,0.3402966200570336,0.7264374305698142,0.31690712683877686,-0.05512265115016442,0.8066813679864308,0.28113534351538294,-0.0992047391781708,0.6142624603415037,0.3524278460303766,-0.10915057318394307,0.6668561150564463,0.2834645430642806,-0.13437896878890176,0.8859123319717364,0.10371781236608628,0.7219624462717497,0.6692578466421012,0.10001688950597776,0.3408678775155567,0.7134167667946948,0.09722454744972528,-0.033684625856480466,0.7562823819282556,0.11397502774417739,-0.1177809092861722,0.6176379197121972,0.05649330752201438,-0.08929542853207448,0.6320920703981978,0.11785046606792234,-0.1030029385572663,0.8346031946173058,0.20697229390302604,1.3405407679907053,0.6592013966345394,0.23248644678632627,1.5870834941712926,0.6120145819944596,0.24913510552196888,1.4641232681919658,0.5556274115288466,0.375622691053893,1.2414240020321918,0.6997750232959974,0.44415131264855595,0.9987221972065403,0.8106159344973434,0.44573761283766256,0.9538338955773558,0.5972635580264646,0.3981461118666153,0.9906941854124628,0.41930339354285007,0.41850430365709457,0.9606737720528038,0.42263218002189584,0.4190379571032627,0.8972902070869626,0.4863209215861162,0.04851334918736677,1.2344619827019983,0.63396281417775,-0.04447831883186919,0.957550242791999,0.6415472767815878,0.11089904621396332,0.9020599746342532,0.47568711567675537,0.20486851836816078,0.9215514057293038,0.4389469171285313,0.23076757278648258,0.902393872568543,0.40540877942694314,0.1927480379019471,0.8147970012179906,0.4771375568126615,3.783333333333333
0.3104565973506459,0.716750116955288,0.6855810756314085,0.3175709401036038,0.34021965721356184,0.7257430795881779,0.3168566453440716,-0.05544425217968252,0.8071447013294298,0.28088478068217854,-0.10015422362514222,0.6145219381124742,0.35242074675919677,-0.10916316312514042,0.6668709969689265,0.2830280639814964,-0.1349091617273554,0.8856299329820632,0.10365378598885752,0.7220389323129023,0.6692336798945622,0.10007073296841291,0.3401008670402186,0.7128924074597625,0.09703573889406153,-0.03399646758012123,0.7558441696961596,0.11596809202583011,-0.11544342099560108,0.6135467776888416,0.056600973837240776,-0.09005514091736282,0.6318592736121468,0.11720212449788597,-0.1030048845321519,0.8334454061357421,0.20691684346543354,1.3415274582053665,0.6593936029378085,0.23243549946584502,1.587098033917064,0.6119246539775134,0.24811425021577554,1.4649513323949488,0.5561745737138671,0.37582557170433306,1.2414150446937642,0.6994510393783624,0.4444076432617601,0.9983725034428297,0.8082402002924958,0.4442786788981793,0.9514621110080836,0.5963401020591327,0.39321723203875936,0.9865186743593605,0.4215950719174878,0.4145256081749287,0.9587296374274767,0.42537467177028054,0.41757199722059946,0.8920983155476332,0.487085060900088,0.04852082219328841,1.2346004577669543,0.6339351916079834,-0.04429279997321449,0.9572319973393435,0.6412134599935028,0.10980606370781996,0.9014308500618605,0.47595664278995226,0.2039306902716641,0.9206429641076607,0.43833311629859306,0.2289799090272601,0.9003553336343839,0.4053402554732052,0.19215605104102546,0.8151669873806999,0.4757025533238822,3.8
0.30971704143676193,0.7194559792545178,0.6849977550362614,0.31723923153569583,0.34028614887689645,0.7247394136627265,0.31675714514383185,-0.055725377375917595,0.8073813337977405,0.2806472351385777,-0.10130113358141603,0.6146612497971944,0.35243764840005576,-0.10925558061305007,0.6668895777353034,0.28253289879398175,-0.13578272139471084,0.8856976693028521,0.10325448926204747,0.7226716110075632,0.66944193195311,0.09983318702626007,0.339458462714491,0.7119984767097638,0.09676258493552564,-0.03444145805016012,0.7552726793377604,0.11821855272364286,-0.11316903603853498,0.6082482157921603,0.05674877249461867,-0.09101534363364576,0.6315791551801582,0.11647242662511503,-0.10301991140905528,0.8323274492184444,0.20701610766287443,1.3416216735713444,0.6593439817701241,0.23232225150146818,1.5868902280000239,0.6116046197107275,0.24707400584029723,1.4650969044001705,0.557368768341624,0.3758721944169725,1.2415478684091683,0.6989997962803507,0.4452976443357266,0.9979123501961469,0.8067551112110439,0.4428230916921986,0.947752118379164,0.5952501755308028,0.3881520556876799,0.9812955893128965,0.42267994323043345,0.41040027947785906,0.9560306749838117,0.42727011626279465,0.41625317971517034,0.8849651247596934,0.4876285159160901,0.04851734948546924,1.2347491263914965,0.6339166461506778,-0.043823869393228035,0.9567846486454165,0.6401925478572074,0.10842526510436304,0.9001370532915046,0.47587416277762407,0.2034846462010505,0.9176852465510708,0.4383748130965619,0.2272864602421178,0.8952273782115006,0.40694495361878413,0.19133221851209428,0.8145022298736001,0.4733752553931906,3.816666666666667
0.30878736574195487,0.7224662243607375,0.6849824198584528,0.3168287609862225,0.34049825176657794,0.7234995896501183,0.3165996691604254,-0.056002513493262726,0.8073040647476188,0.2804507408870638,-0.1024822231354429,0.6146815534682811,0.35250108916381195,-0.10947450878050662,0.6669866689818542,0.28200404604190127,-0.13700830043282267,0.8862001495324006,0.10259323201628402,0.7236571260411542,0.6696436558092881,0.09928208316979321,0.33898378710958843,0.7107316118975966,0.09646348237684688,-0.03509859472195148,0.7545836338358579,0.12038202286639615,-0.11130614360845993,0.6029637393597592,0.056919246067932375,-0.09205375456745249,0.6312620558530692,0.11576087275577666,-0.10304132904128285,0.8311383376963437,0.20716774869765098,1.3407166674018105,0.6593553790055735,0.23216657589341705,1.586383337510458,0.6110735340617633,0.24619125195287012,1.4643582940670137,0.558865944224059,0.3755134752223182,1.2419095988122222,0.6987917467424506,0.4467866649349408,0.9974336938857233,0.8065291907229988,0.44152810037769996,0.9428858441463528,0.5941018373239508,0.38306908836916054,0.9745935540158278,0.4222808176117484,0.4058555246219017,0.9512691288149975,0.42778850923315714,0.415037113680226,0.8768967492113566,0.4879774662477363,0.04849124520527644,1.2347731022624142,0.6339901635606948,-0.04304565207965826,0.9562408493036175,0.6383464253723885,0.10716462958033782,0.8976065413960398,0.4749620097733246,0.20376072259546638,0.9118642028048153,0.43887148182629787,0.22581827520477354,0.8868308511003471,0.4103963022746125,0.1907083414096096,0.8115433186848238,0.47072507738963965,3.8333333333333335
0.3077268104422916,0.7254407539519022,0.6853301249461357,0.31634530317023823,0.3408177418547095,0.722087624628636,0.31639886391545863,-0.05629066010168557,0.8069037307719288,0.2803345749192595,-0.10356183403575339,0.6146383066779125,0.35260986706690434,-0.10979232257104458,0.6671839979617015,0.28145600706092033,-0.13846594084816738,0.8870608386861025,0.10184161884612278,0.7248056197477387,0.6696850530686627,0.09844599779874684,0.3386376358750974,0.7091749990983772,0.09619206725439113,-0.03593977761024013,0.7536913698262226,0.12230215269744442,-0.11012414026627576,0.5985611098758583,0.05708509667135564,-0.09306497083229336,0.6309615477528315,0.1151488363992485,-0.10308058010950844,0.8298207988056099,0.20712457605029483,1.3389745643165167,0.659780898933616,0.23204853216650512,1.5855096380673035,0.6106647155830294,0.24576233900603595,1.4627729436629884,0.5599414458085896,0.37457136792490564,1.242524646088345,0.6993959915431468,0.4486604698131871,0.9970943817080229,0.8078247375456188,0.4405947800950054,0.9373074534058888,0.592954304392444,0.378226449436766,0.9655807135503096,0.42044041514666497,0.40057629201855993,0.9433264744789053,0.4267564361681534,0.4139139554358031,0.8686166203227987,0.48802381091343283,0.04843383733721655,1.2344896620097219,0.6342846710952925,-0.04212550488926332,0.9556831824035877,0.635633799791998,0.10621473366635076,0.8929186566552988,0.473221504809599,0.20479417472916797,0.9025300088882688,0.43954126847406483,0.2244140760874867,0.8750903228908135,0.4152897948357517,0.19053231194548598,0.8049651496624145,0.46827816895020064,3.85
0.3066390454285892,0.7282059627189009,0.6857419378592227,0.3158000211761208,0.341189833201217,0.720551574846988,0.31618399687071286,-0.05655575305204595,0.8061898310409026,0.28033871879379124,-0.10441745856018071,0.6146528789264938,0.3526942626899492,-0.10999605107385543,0.6672959450271502,0.2809410334765609,-0.1399059689881115,0.88802337921422,0.10110902786689896,0.7260408388545163,0.6695731137332636,0.09742509720439303,0.3383037197604837,0.707484327506645,0.09595435453946918,-0.036808480354289394,0.7524864466158115,0.12391321331127379,-0.10968722406776728,0.5955197938468312,0.05719387601154355,-0.09398832813230329,0.6308448870331975,0.1146543174886717,-0.10317019253088543,0.8284025864547898,0.20666428336455406,1.336585669173876,0.6606889161329204,0.2321023288016984,1.5842025673770521,0.6109508329190498,0.24606760558879529,1.4605349876197424,0.5599327114743413,0.37297254430060667,1.2432864815770424,0.7013376004082069,0.45059991752952455,0.9969746448708048,0.810764631088461,0.44033808003793506,0.9315080950566396,0.5917123705851126,0.3740610420722048,0.9536764695836233,0.4175652891927544,0.3946466384988837,0.931953976188342,0.42437405111973825,0.41298090090221556,0.8598849684715388,0.487882982686317,0.04832794950484764,1.2337444079559885,0.6348562953393386,-0.0413010057659426,0.9552970200055326,0.631806193518933,0.10556872258209282,0.8852588032649562,0.4711774923156943,0.20628260764951944,0.889394045923976,0.44051623918084576,0.22271873434658737,0.8600906387288473,0.42071259429289776,0.19050409856784858,0.7942767616893794,0.4657398472959565,3.866666666666666
0.30561969439848313,0.7307037319301958,0.6860590824929864,0.31521339854308483,0.3415810016349678,0.71893135232927,0.3159748939645685,-0.056683730647267214,0.8051679701349259,0.28045687930518165,-0.10490225492295066,0.6148176491326327,0.3526423584538968,-0.10977527723414994,0.6669747326499584,0.28053661142631164,-0.14106862841190068,0.8888003289421151,0.10035449382439529,0.7273642128185764,0.6694006502617139,0.09638884063277355,0.33785262368304486,0.7058175974783357,0.0957070920856938,-0.03755934464749672,0.7509743291269947,0.12517937863295941,-0.10976546923926869,0.593895084993408,0.05717396912164778,-0.09477959131498166,0.6311713964464298,0.11426027239136811,-0.10328923332654597,0.826898754888346,0.20574257512454114,1.3336505447192923,0.6620480559388422,0.232588791965868,1.582489218979579,0.6123552470448821,0.24712114940624252,1.4578920378095317,0.5585747364210616,0.370764650301748,1.2438956601932467,0.7048153851393506,0.45238486361160396,0.9970438881374224,0.814890545324533,0.44101896149409403,0.9255769795328975,0.5901728946791898,0.3707900383334469,0.9391000783974217,0.4140717198152167,0.388453049307825,0.9175303833143574,0.421067656967007,0.41237399240904005,0.8496737332579773,0.4878999345329468,0.04815212358149782,1.2325051673850902,0.6354416547478011,-0.040809777401774355,0.955296525526002,0.6262009283603711,0.10517252910141453,0.874459397724278,0.4694415377413498,0.20764143672759605,0.8725886796311672,0.4421619871328687,0.22037038201054568,0.8421737464291853,0.42563730892823787,0.18987389441313401,0.7803540543763443,0.4620142816050568,3.883333333333333
0.30471969663274984,0.7329347327369515,0.6863916594198665,0.3146037554673572,0.3419837270170018,0.7172500127592689,0.3157608134980738,-0.056552736215360624,0.8038292859687391,0.28059348386365035,-0.10489230252014543,0.6149915196274337,0.35239810523788295,-0.10898789525764116,0.666029154147993,0.2802829305877317,-0.14185426685269498,0.8892367071070626,0.09948998311094498,0.7287913132426904,0.6692308247723304,0.09548359718958885,0.33723504063164467,0.704259658981757,0.0954213561471201,-0.038153980854438635,0.7493868107784817,0.12608834742671948,-0.10996406846533516,0.5932710099404641,0.05699555323226522,-0.09531637907458734,0.6319940776221457,0.11394172731461667,-0.10337851002450633,0.8252929764667706,0.20453987214662672,1.330337911380104,0.6638723388458834,0.23394755228118608,1.5805513453355333,0.6149789005632411,0.2486428338911435,1.4551013956401468,0.5560656646267474,0.36816902194524825,1.2439060953869414,0.7096208084261215,0.4541499982691813,0.997315434472391,0.818712661957881,0.4426158263971776,0.9189979091100804,0.5882838233000738,0.3680963388495032,0.9226145201466935,0.41038878218934677,0.3824274693327344,0.900305526798367,0.4177256213300323,0.41213645473228866,0.8369734565402305,0.48850627236579314,0.04794212512856788,1.2309026253902504,0.63537258788986,-0.040945976503006284,0.9558014642349656,0.6180658187717418,0.10493754013473855,0.861124451150393,0.46845006923424204,0.20832080732674835,0.8527376833813498,0.44451766304302187,0.2171147716264754,0.8219811825775457,0.4294617446979264,0.18771239333918344,0.7649291171429627,0.45637870557596016,3.9
0.30396014595895043,0.7349366460297195,0.6869550302388401,0.313970709581801,0.34242296481733436,0.7154869785515393,0.3155143368314015,-0.05613420810492846,0.8021708475435124,0.2806075422982206,-0.10440223329452997,0.614775927301284,0.3520029107986904,-0.1077775158786332,0.6645942116008808,0.2801518062389073,-0.14233328319700222,0.8893774805745306,0.09850031187583419,0.7303105305652051,0.6690796804110017,0.09472977348797443,0.3365273695289408,0.7028030250633734,0.09511887988618198,-0.038620949295325294,0.7480706749271503,0.12666188461731756,-0.10994972837000537,0.5929598917483277,0.05676051271450151,-0.09528156709604658,0.6327210943469112,0.11370009796636475,-0.10340226065574029,0.8236344646480576,0.20337156506276183,1.327037368220436,0.6659513378403042,0.23661067068299138,1.5786323678135878,0.6187950478457225,0.2503269863569281,1.4524560661677166,0.5528483588424764,0.36563369155203645,1.2429083538867876,0.7151985586821157,0.456486537484158,0.9979908302693078,0.8198136596849632,0.4448527440908958,0.9109576606505778,0.5863507060124534,0.36539415296982386,0.9047173265879314,0.40791250299334625,0.37704479680101055,0.880306593224346,0.4161570983885889,0.4120972689425707,0.8214237233044979,0.4904109718278439,0.04781768161567551,1.2292157244610589,0.6339535467187015,-0.04211633740120195,0.956801139969171,0.6072262584585285,0.10463190963389254,0.8463543910018327,0.468587119828174,0.20795262565495884,0.8310670793934835,0.4473587221289973,0.21288225473585579,0.8003930548548803,0.4324020587739476,0.18300928361054886,0.7496502089368989,0.44954084543445083,3.9166666666666665
0.3033446424191708,0.7367049515366245,0.6878684279460994,0.3133005266554545,0.34296094147813116,0.7135983945666298,0.3152336353164869,-0.055480233938830614,0.8002830289878129,0.28041400943678374,-0.10356899207175485,0.6138157669489942,0.35152869492580774,-0.10640646101881124,0.6628880142242434,0.280089864532084,-0.14259177788483474,0.8893695829088452,0.09743561464582946,0.7318878096235757,0.668957042044439,0.09404367025414602,0.3359057061164368,0.7014009875140454,0.09483466151612832,-0.03900692378887166,0.7472143331240302,0.12699719390824135,-0.1095346591639124,0.5923137595209016,0.05669711113856126,-0.0942377036416425,0.6323002631951908,0.11359211371408146,-0.1033558306266538,0.8220821322757258,0.20258274094564843,1.324216546813572,0.6676487319242811,0.24071549012995283,1.5769147153907426,0.6237052143489256,0.2521062052831555,1.450254849392692,0.5494183734371487,0.3637627142668337,1.2407943849244245,0.7206361118101169,0.4601539800230612,0.9993758371815653,0.8158795301177955,0.44737983838232914,0.9008152627743898,0.5848910697996923,0.3624428176902042,0.8853785199904289,0.40965898507647064,0.37287841221683404,0.8581078865674664,0.41880098904036955,0.41180872429995535,0.8034122875613373,0.4948114481751768,0.04790947679866135,1.2278895940760224,0.6309662456983012,-0.044747324962634505,0.958234460360423,0.594432031481292,0.10397292454804229,0.8314901563373329,0.4701796925793877,0.20627255089809027,0.8094563826798156,0.4510436979642566,0.20781875182064313,0.7782488323929603,0.43579554651317826,0.17497278237210628,0.7356666364642516,0.4435194000352185,3.933333333333333
0.30285535367526256,0.7381464404958045,0.6891405731361446,0.31260086461707065,0.3436600667365588,0.7116146271206014,0.3149579036145898,-0.05465442020285802,0.7983773753816107,0.2800174909403274,-0.10251760605256317,0.6120656780133497,0.35099243318869733,-0.10499498411015487,0.6608906092842456,0.28008922388753543,-0.14260742246368924,0.8892564026480609,0.09635621591948794,0.7334797881910247,0.6688886178667965,0.09334727553645743,0.3355560754002297,0.7000319573211866,0.0945818035530452,-0.03936069217031672,0.7467874840615736,0.1272140352505024,-0.10868014143201597,0.590961795720364,0.057018840187280095,-0.09196222626787301,0.6301006035457526,0.11370395737417609,-0.10323056055457056,0.8207899165420558,0.2025371343443449,1.3221503084053934,0.6680743139727281,0.24603205424120683,1.5754844291903638,0.6294128979737319,0.25414224834239374,1.4486512838014982,0.546405375455315,0.3630358225269684,1.2378995699597541,0.7248433603895187,0.46564869702565903,1.001627983346323,0.8062076390803884,0.44990005236859865,0.8885137697198632,0.5842871402979473,0.3595726826050159,0.8647230521188731,0.4191460864546719,0.3704547292583716,0.8352507891425306,0.4276264376460269,0.41078696272929005,0.7839981248913634,0.5029188457825966,0.048304256880105326,1.2274655529357936,0.6267583847006153,-0.048989163177594,0.960137427076538,0.5810908857691106,0.10286975674359322,0.8180434179572783,0.4731459344919572,0.2031282152438736,0.7902415268371124,0.45681007037129717,0.20210921227685524,0.756443589844862,0.441845960055807,0.1636873895599706,0.7238385392524189,0.44054963676296033,3.95
0.3024654037272585,0.7391920079233393,0.6907518415586469,0.3119174581936187,0.3445240237265582,0.7096909568705227,0.31473614541124084,-0.053703609079678624,0.7966624496593785,0.2794765418130136,-0.1013327851903044,0.6097422694298184,0.35036543169796497,-0.10350339665687994,0.6583940325763767,0.28018939263736314,-0.14229405730507025,0.8889496656253582,0.09531128947052636,0.7350275503125029,0.6689075759039811,0.0926269400472771,0.33557477574587136,0.6987056861134172,0.09436141885601593,-0.039705111994725345,0.7467289092768538,0.12732914863573264,-0.10747668626412613,0.5889169167892515,0.057768951310481376,-0.08869337552843894,0.6264066075709532,0.11407677531844539,-0.10299389330333925,0.8197836061536766,0.20358334034306966,1.320902650390918,0.6664891826558923,0.2520868888774294,1.5743775267482605,0.6353864092080939,0.25669450627956525,1.4476300086864893,0.5444107385316375,0.363520726296615,1.2348766592117517,0.7270620628597244,0.47309665557316066,1.0046212359099933,0.7921535884119841,0.45222412057142813,0.8748548697592661,0.5846466938265064,0.3572002933048148,0.8437966617879602,0.4382069452316232,0.3698645666175888,0.8137220666136067,0.44316748091409225,0.40890929176005153,0.7649926834649352,0.5149050897150315,0.04903821265199602,1.2283160350711548,0.6219658275787651,-0.05450880634315207,0.9627366164905488,0.5686441541878152,0.10142510356755113,0.8075848495780185,0.4768121971832684,0.19856176516530183,0.7755634184208362,0.46576747541136976,0.1957830657835596,0.7366976492558065,0.45242326559623824,0.1504111000254253,0.7150495561175578,0.44199827589093266,3.966666666666667
0.3021597408976987,0.7398835330219342,0.6926888970452487,0.31131056967870246,0.3454749828045887,0.7080400317668032,0.3145963820976241,-0.052656396395086055,0.7952414447060733,0.2788782387979553,-0.10015216529981176,0.607140479615149,0.3496661205002799,-0.10198975575317046,0.6553466074454009,0.2804361428212524,-0.14160691014402976,0.8884006617922096,0.0943392550226155,0.7364727871876487,0.6690264951277911,0.09191203276789757,0.3359649576463601,0.6974318228835711,0.09416877826989396,-0.04002271040032325,0.7470517841401488,0.12729617368278773,-0.10608194365415821,0.5865045228291903,0.058769922757780035,-0.08512125747980673,0.6221550174467234,0.11462742178338597,-0.1026404702716888,0.8190135613489987,0.20588345803521962,1.3205738147700585,0.6626454523382932,0.25837372578993445,1.573659680681219,0.6408032574481762,0.260081343924747,1.4472486563337879,0.543485348663342,0.3648964892271907,1.2324597597683995,0.7271479823620971,0.48237252760540184,1.0080420263783028,0.7760951645020069,0.4542581979334257,0.8613658560675325,0.585896157203736,0.35531478246728676,0.824535656510747,0.46556179286693156,0.3704325843835736,0.7952871293214919,0.46428368566596284,0.4064111503198956,0.7487811438215736,0.5294856210638846,0.0500718044544749,1.230472464818317,0.617308266440473,-0.06071065117189914,0.9663685056901404,0.558145233490001,0.09966217165719407,0.8014187920130862,0.48036142196318377,0.1927963554930431,0.7665875910857555,0.4778930723851119,0.18882965438718863,0.7217229816182749,0.4679708814003591,0.13701271259678582,0.7101656248649271,0.448164780048216,3.983333333333333
0.30194187374116915,0.7402557341555444,0.6949238648969718,0.3108387927925419,0.3463904740949542,0.7068670526878809,0.31454845738895537,-0.05154290103525644,0.7941562704192232,0.2783264090222651,-0.09920675504037567,0.6045582432151099,0.3489893044673592,-0.10070503783868251,0.6519805689569506,0.2808519862082834,-0.14060419007280806,0.8876844821656255,0.09346996388896361,0.737793148223331,0.6692148726963051,0.09123811732289333,0.33670511607628073,0.6962127424049692,0.09399931019348846,-0.0402841554554491,0.7477699967598347,0.1271570530104415,-0.10468420847343203,0.5841819504304913,0.05971220259736644,-0.08215377061202628,0.6183872679567344,0.1151589610842381,-0.10226584020318075,0.8185277340057692,0.20921981316641883,1.3214153002650801,0.6568106124291396,0.26463218154116636,1.573438234587373,0.6444712141102773,0.26463105464933767,1.4477383732932223,0.5433189142148669,0.36674298612431777,1.2312956098423844,0.7253409807606035,0.49311594986816243,1.0115429353135905,0.7603944403819776,0.4559834882976782,0.8498371132770535,0.5878384025063278,0.35367190773929724,0.8089059528485802,0.4973030370222281,0.3710275866542737,0.781299491007789,0.4886116250643828,0.4035678394875008,0.7374078666954097,0.5449010525248663,0.051288256190876354,1.2337350247283934,0.6136270551688651,-0.06711117362950536,0.9713341661192259,0.550336905872845,0.09732213352439895,0.8001320885941745,0.4836120812003605,0.18616065751301403,0.7632392920761124,0.49220097870645185,0.18143595386661276,0.7140268411160396,0.4873921563902884,0.12510682285868918,0.7096432594012082,0.4585801824972779,4.0
0.30182288399780877,0.7402157054221385,0.6973787726399013,0.3105513808772393,0.34716121900323493,0.7063220761881702,0.3146010312966697,-0.05043874686583463,0.7934646677156714,0.27791735405350737,-0.09869909472044407,0.6023331611510416,0.3484100414305591,-0.09983026125635903,0.6485600944889569,0.28140152328966056,-0.13948158432836097,0.8869665484951768,0.09272446852532162,0.7389949205440249,0.6694041546702396,0.09062904058398691,0.3377751816909224,0.6950623118677456,0.09386920494604253,-0.04048143452152819,0.7487967437377838,0.1270321530131642,-0.10349655645402556,0.5823817119585715,0.060297906517649213,-0.08047063633799217,0.6157905268478974,0.1155121165158374,-0.10200636780124218,0.8184901076403819,0.2130393025773094,1.323581523272608,0.6495491449767017,0.2709383089731045,1.5737506091752542,0.6451005984527833,0.2705232485795669,1.4492206619408208,0.5439902065319877,0.36874401361914133,1.2317421654091316,0.7220434413025381,0.5046909853865313,1.0147881747339196,0.7472095826260363,0.4575280886893708,0.841758057535421,0.5901707047359437,0.3523165060631741,0.7980449073051964,0.5288826821822543,0.37085543703931323,0.7728360633917826,0.513301467201411,0.40062027594181515,0.7314738164070593,0.5602348307696706,0.05252128246629967,1.2378486995576772,0.6118010090654873,-0.07336556863088853,0.9778444681655774,0.5457045927246742,0.09401137758417387,0.8033865886614173,0.4872121063357184,0.17903158467574848,0.7645157962858937,0.507467961921672,0.17403415450294887,0.7145410242793175,0.5084483531937425,0.115601160387864,0.7133078490485879,0.4718204499201566,4.016666666666667
0.30179818159585714,0.739630989079352,0.6998916617680235,0.31044829980243144,0.34770370915019305,0.7063954690719507,0.3147596564464151,-0.04947369544762359,0.7932202001529954,0.2777140974178643,-0.09862825081069966,0.6008010601241858,0.3479031332137576,-0.0992683975266209,0.6451517456128008,0.28199676832653786,-0.13848851024899278,0.8864691156757541,0.09211566642048796,0.7400623811811021,0.669514780845058,0.09009688738813046,0.33912605603354923,0.6940228652510393,0.09379691969464403,-0.04063303100947199,0.7499402867176632,0.1269847510172615,-0.10272268916476202,0.5813893190080345,0.06032775718323412,-0.0802694938957632,0.6146624513363976,0.11569065776734706,-0.10192403616750692,0.8190180408252813,0.21679927527064682,1.326804289669178,0.6416310919309953,0.27749723553743166,1.574470347218953,0.6420397911178906,0.2776353220894259,1.451444486452709,0.5459598407817736,0.3707009720459096,1.23358125049606,0.7178455270306543,0.5162909383244454,1.0174625649368454,0.7384863202578219,0.4591788909315351,0.8376433166030759,0.5926174231697541,0.3516585177860494,0.7921766451122558,0.5567256740269664,0.3698505522055998,0.7705471229222504,0.5357037267789441,0.3979290408909744,0.7299416602089839,0.5753535700841033,0.053593187683623075,1.2425603416277795,0.6122769694040953,-0.07904432455476651,0.9859630682832825,0.5440036881837427,0.08957057786598203,0.8101748388673857,0.49194305873215016,0.1718387323782776,0.7689067433573274,0.5226024037049876,0.16718141960964747,0.7221820034582913,0.5284062623408454,0.10873917949935369,0.7206228627215701,0.48522698486531624,4.033333333333333
0.3018371601452914,0.7384724973057137,0.7022259997558701,0.3104633622245073,0.34795278447883415,0.7069022813187209,0.31500344839400884,-0.04875278582273258,0.7933730238588876,0.27773057010543517,-0.0987679609549213,0.6000657399744834,0.3474233083935362,-0.09883527999878908,0.6418371935837301,0.28255946103606044,-0.1377344902304056,0.886371916501761,0.09165471680116977,0.7409374938939968,0.6695151427831009,0.08964987529931885,0.34066835069057666,0.6931654527700065,0.09377645102003124,-0.040765828829246425,0.7510308293263496,0.12698764598980294,-0.10247309426376189,0.581200127845372,0.05973955939386569,-0.08138379768690354,0.6150682259109147,0.1157910886665655,-0.10207277420642982,0.8201924445915431,0.2202829853967922,1.3304294865653605,0.6341832059987358,0.28450982586000156,1.5753931904575136,0.6358888789685524,0.28554081081340454,1.4538708003195024,0.549465251389645,0.3725016426587249,1.2359539740322627,0.7134636630019837,0.5271808828722085,1.019388469208541,0.7353757174082138,0.4611539844351521,0.8366565489743756,0.5950655502163886,0.3520268320852358,0.790980716363024,0.5784357299742504,0.3684879337107341,0.773972020636492,0.5538361152252506,0.3959051312471782,0.731017244946924,0.5897779640862306,0.054438515747539676,1.2475743475901442,0.6146754334774522,-0.08360373067646601,0.9954726841053023,0.5439303026449707,0.08419994585113194,0.819163638345961,0.498109356421905,0.16509736439258282,0.774653003515746,0.5366398206497176,0.16134836475009912,0.7343048724167798,0.5449316837696424,0.10434035041503069,0.7308957165531319,0.4957996651705513,4.05
0.30190214982333824,0.736834179287177,0.7041475293694309,0.3105229147438342,0.34789659979557497,0.7076482339339099,0.3152815784672472,-0.048273785331418004,0.7937511496273488,0.27792464747454393,-0.09882244881440455,0.599831815325532,0.347046099385274,-0.09856427480029574,0.6391476830290591,0.2830372960910586,-0.13714792729255423,0.8866521078160003,0.09135639178713016,0.74156736260009,0.6694754901084659,0.08929164185079363,0.34229301455390015,0.6925537441815488,0.09380619480889343,-0.04089529955913741,0.7520362840410647,0.12699386221176723,-0.1026603270101914,0.5814816809031385,0.05863941096475673,-0.08335794374894108,0.6166603689348846,0.11586489964748062,-0.10257108053933583,0.8221024636606682,0.22358229306176725,1.3338026542883255,0.6285322812252413,0.2922052451129271,1.5763484989619372,0.6283049152739306,0.2936063876202477,1.4559630787572775,0.5542659516565072,0.3741032764096806,1.2377265342568249,0.7095589485867049,0.5368609762015925,1.0205983485007761,0.7373565811829333,0.46340618683684837,0.837073697243137,0.5975456928118354,0.35323125420335194,0.7936245792070453,0.5927507375463683,0.36743056657162276,0.7811317262696443,0.5667692147645292,0.39477142306792445,0.7330464840143694,0.6024713718979553,0.055210913587110534,1.2525208252947997,0.6180484581433829,-0.08665174847120041,1.0058263856087688,0.5437678301120512,0.07819603606502631,0.8288697575944334,0.5056929073352043,0.15933747075820764,0.7799953371531478,0.5487129114649557,0.15676683630347152,0.7477067463907693,0.5566786162099421,0.10190368118834611,0.7430022388579852,0.5019032835625176,4.066666666666666
0.30196501997339936,0.7348953509363373,0.7054836931749727,0.3105941597277135,0.34759656730470656,0.7085612205022729,0.315547070518146,-0.047961804876352654,0.7941856902239081,0.27821927149235715,-0.09860031656136059,0.5996378052147509,0.34694687160180426,-0.09868417231771191,0.6379559463021677,0.28337154066089426,-0.13664216645352775,0.8870733629732498,0.09122741717579312,0.7419750249708765,0.6695054699638384,0.08901535641236313,0.3438692659318443,0.6921937039745797,0.0939243775588759,-0.041026263835633375,0.753026084489987,0.12698375625308064,-0.10300526599412105,0.5818223966343621,0.057294416858452074,-0.08544302880769393,0.6184857107159433,0.11590549570344374,-0.10346513437176691,0.824583270142102,0.22688263085039578,1.3365262618308251,0.6255059089576008,0.30071763486735287,1.5771585876512104,0.6211210760705915,0.30106650532268386,1.4573732960141033,0.5598377828995977,0.3755532357663697,1.2380436153169252,0.7065594683684766,0.5449682152133948,1.021149942532322,0.7421383121772038,0.465736204295627,0.8372194734697604,0.6001356139252598,0.3546553971552583,0.7984362932129501,0.6001535033968045,0.3671598883714884,0.7890329001164781,0.5750498635136786,0.39453053076926614,0.7347065405628505,0.6127773600455932,0.05617544732109044,1.2570685994609916,0.6215947618996865,-0.08823148236951585,1.0162788929143765,0.5424720656368248,0.07177829293149326,0.8378722368905113,0.5145741265742548,0.1548974476191758,0.7836212979006226,0.5582270298014004,0.1534707081302764,0.7596321547477346,0.5634261667101333,0.10064176640944597,0.7551671067482381,0.5040057745326092,4.083333333333333
0.3020067011125577,0.732910013981988,0.7061117055777175,0.3106603111864734,0.34715585432388724,0.709630292674216,0.31578348639463666,-0.04776434446010672,0.7946186595804847,0.2785398863952291,-0.0980852754289463,0.59927995247879,0.347227275244273,-0.09931192193140255,0.6387613176663283,0.2835313233409156,-0.13620304270773165,0.8873694939398776,0.09124750023591185,0.7422588576832989,0.6696313481780836,0.08881477145943617,0.3452550029089143,0.6920189557444523,0.09419366213294963,-0.041166113828703596,0.7540938885707718,0.1269629078434756,-0.10325416986730498,0.5820314839125382,0.05603940516062628,-0.0868949898412501,0.6194958792883503,0.11590116247331982,-0.10464560800714849,0.8271520941941465,0.2303622122478136,1.3383974063783441,0.6249379169096216,0.30989577832343573,1.5775947266649797,0.6156756463958052,0.30721760296024614,1.4578714788273284,0.5655592336104496,0.3769902138441312,1.2366537566797369,0.7045445473593336,0.5510827909645788,1.020910524148722,0.7469101096352505,0.46796342626095927,0.8360518444610944,0.6028153443231467,0.3557735141295103,0.8029554841463574,0.6029507523573061,0.3677323143816865,0.7946262378550929,0.5804043242822582,0.3950274959175821,0.7349948307193737,0.6207968634891362,0.05756534339610199,1.2611370828191368,0.6250124154974543,-0.08874669794532875,1.0260393874780056,0.5401157498404249,0.06532991314086517,0.8450846352316748,0.5241127344728458,0.15177031064358987,0.7851793254983229,0.5650842023986682,0.15134933395431224,0.7682697846590696,0.5660925995828641,0.09980140957340548,0.7653535291788977,0.5037653807457451,4.1
0.3020267916579378,0.7312100212392171,0.705977441172941,0.3106855481430848,0.3467154351527283,0.71075971788369,0.3159986620071769,-0.047675299408680746,0.7950897120855918,0.27882393594068855,-0.0974454641338909,0.5989207059293917,0.3478002204147183,-0.1002466646178816,0.6412147585270319,0.28357045707226575,-0.13581089454100437,0.887401165167332,0.0913772208448966,0.742514455071814,0.669774591328677,0.08870585251313229,0.34633794473010854,0.6919285620035798,0.09463765494301042,-0.04135243329624333,0.7553268708589378,0.12694376158619666,-0.10337062808536657,0.582139766150952,0.05514159590625654,-0.08740539245658083,0.6193460788441721,0.11583823606210454,-0.10596002691559618,0.829410196517891,0.23423849142749123,1.3392866463181814,0.626116900847464,0.3194051232030123,1.577436197142409,0.612799992363296,0.3117889078786699,1.4571951346302021,0.5706352707862739,0.37855224847217117,1.233820177954707,0.7033896940678858,0.5547879114563953,1.0195721760048584,0.7499526404672981,0.4699079373871197,0.8332254050363909,0.605330684014293,0.35645870863253537,0.8047608824098706,0.6039180394861318,0.36878985733684877,0.795623032404402,0.5845180041719189,0.3958765370079075,0.7334377313951477,0.6266678053106098,0.05961895958448095,1.2648725272968757,0.6281042502623941,-0.0885253609907318,1.0343571768055717,0.537477038107369,0.05964722312874518,0.849876635212429,0.5326961364543998,0.14969552156713622,0.7852877806902032,0.5695252860953386,0.15011515731515437,0.7729780874720046,0.5663645691644166,0.09909032109082486,0.7720767541068488,0.5025131536098686,4.116666666666666
0.3020337615319904,0.7301526665862974,0.7052174392472381,0.3106257941605647,0.34645338998001396,0.7117355172105216,0.3162056593678836,-0.04767837798199011,0.7956676924866875,0.27902438537676766,-0.09699953521097825,0.5988264744402171,0.3484442467894816,-0.10112620256371846,0.644382239723838,0.28358057089230865,-0.135398882031985,0.8871646006016605,0.09156480721514124,0.7428376496628185,0.669812141350895,0.08870556224476578,0.34704309515383125,0.6918589704865157,0.09517897809574566,-0.041657212562374035,0.7567267599789822,0.12693120199252877,-0.10345251149621691,0.5822225522367811,0.05472948213805266,-0.08716736241028979,0.618469071993232,0.11569010106014108,-0.10729896828957271,0.8312785197236047,0.23878746331067924,1.3391012338033617,0.6286826289307699,0.3290119485878662,1.57654830998127,0.6128601523184094,0.31514174530918937,1.4551024025989956,0.5740897727474441,0.3803114934404894,1.2300564796185125,0.7030083243868329,0.5559693122322198,1.016743435687518,0.7509583713177048,0.47131704614794856,0.8289597238778958,0.6072836841386456,0.35681740735247774,0.8025465457859042,0.6047412636489278,0.36968427545384325,0.7910918465277691,0.5881589108154299,0.3964120849810674,0.7301579446437376,0.6300454922607592,0.06264477994683154,1.2683053958074653,0.6301836407165592,-0.08757761414656251,1.040684020550316,0.5352729620320418,0.05574391576784671,0.8520420867149165,0.5381991788729972,0.1483397192395395,0.7847628483656423,0.5719019035384695,0.1493385373849232,0.7743726500565211,0.5658664936046695,0.09860349916270342,0.7749701994948165,0.5005961586586936,4.133333333333334
0.301992900475381,0.7299680031139151,0.7042332870685757,0.31045768865981827,0.3464831221487813,0.7123676190236458,0.3164043032602704,-0.04768908927728349,0.7963696951908456,0.27912926062891175,-0.09706915440068922,0.5990812274863246,0.3489485710348339,-0.10173255468075892,0.6473578462181572,0.28360671236089613,-0.1349014296825481,0.8867483183775846,0.09172401637161727,0.7434077678016693,0.6696604396352014,0.0887707192457565,0.3473495654292734,0.6918080892455639,0.09566650500561899,-0.04208835023665042,0.7581083302385492,0.12692039645817024,-0.10356424211389959,0.5823062110649083,0.05483177077497993,-0.08664395972561617,0.6175546028253317,0.11542607757473715,-0.10858708985360725,0.832853211109599,0.24424050704317396,1.3378035792791036,0.6327297447164009,0.3387012754784045,1.5749469848887423,0.615435784004361,0.31805150472187904,1.4515714717309736,0.5752226119697816,0.3822858291528761,1.2259710216198196,0.7032752693761306,0.5549829091506988,1.0120240084387517,0.7501321030387974,0.47184959396132975,0.8237820852001595,0.6083970689236586,0.3569073158429251,0.7964331034843392,0.605604815528801,0.3697099230700944,0.7816461615284189,0.5913407434196845,0.39586435122845076,0.725634544881785,0.6305726575344919,0.06698536648290371,1.2711900352003562,0.6300756313536092,-0.08577229810091733,1.0448913045083639,0.5337176147467441,0.05433858056985596,0.8516998104303243,0.5391105302659659,0.1473657070326994,0.7838423306321148,0.5728815224458075,0.1485869914921091,0.7736615664316207,0.5655731292822921,0.09832280556579003,0.7746060617829913,0.4978443297246222,4.15
0.30182796694458713,0.7305990575236045,0.7035136074678426,0.3101853021857838,0.3467538809558149,0.7126144323282231,0.3165706569506472,-0.04755895895322024,0.7970732806858482,0.2791529168548098,-0.09777112115664964,0.5995653794201796,0.3492008572356604,-0.10203265747600229,0.6495053500001028,0.28364497088220847,-0.13429730751063837,0.8862855829161099,0.0917542917119333,0.7444234396263416,0.6693600398241861,0.08879547431791776,0.34731441739584445,0.691775433940168,0.09598866111562064,-0.042511936162095795,0.7591714318463719,0.12690590159314458,-0.1037001860770363,0.5823711176403723,0.05544572415241426,-0.08625055161613937,0.6170394264746115,0.11501526623202521,-0.10978869184311929,0.834219625240929,0.2505983662112505,1.3354508326779255,0.6381955126869154,0.3485308956757124,1.5728324123302908,0.6191129936067441,0.32134799470639175,1.4468123298779954,0.5741785754199964,0.3844229196012322,1.222133944259791,0.7038387424465145,0.5524425265310823,1.0052117369317797,0.7476186202376148,0.4711969371457656,0.8181020879870996,0.6086746332376952,0.3566698682470927,0.7872849690377,0.6058513911354317,0.36848444450594914,0.7689118556591237,0.5938813178911202,0.3936604590157586,0.7203885960029711,0.6285904223069697,0.07288336375965607,1.2732542798685416,0.6268800006671318,-0.08296560908340597,1.0472467605833342,0.5326745357486143,0.05555869219697731,0.8491059410220752,0.5352487791637063,0.1465329101182301,0.782282358545098,0.5733603958833399,0.14763959577042315,0.7714684049932713,0.565676160088878,0.09797939111408463,0.771711248034092,0.4942189382356361,4.166666666666667
0.3014971066362438,0.7316784606396115,0.7033381411071864,0.309831712960251,0.3471263518758435,0.712520850017685,0.3166676016948696,-0.04715641917417805,0.7975138875610728,0.27910818367007073,-0.09895227524964097,0.6001306176160911,0.3491719941807599,-0.10201506216005844,0.6503154490344291,0.2836916386590232,-0.13362154327512574,0.8858539636579738,0.09161531451818293,0.7459147087908052,0.6690401560650819,0.08868671235745913,0.34701502899043685,0.6917121618758073,0.09614093375407017,-0.04278155393747976,0.7597498871402011,0.1268899730573524,-0.10382126868162303,0.5823850295664506,0.05652282323717078,-0.08606763865947895,0.6168918227654704,0.11444196331937531,-0.11093448706310738,0.8353774119399996,0.257600066611368,1.332188689030606,0.6444850419407144,0.35835728023989566,1.5705271204082476,0.6219835092991878,0.32573914828640016,1.4411161174876372,0.5717911854663054,0.38659975090315757,1.218810037074473,0.7043034529679852,0.5488289535351245,0.9965053694365028,0.743720489387521,0.4693477615857723,0.8118687764251749,0.6083913176403911,0.356008302485705,0.7760689130989157,0.6049560772453607,0.3661064867314977,0.7547448317580115,0.5957230359694157,0.3896467282972974,0.7147301178990206,0.6251776359087133,0.08032308420458091,1.274466328412651,0.6206888915646416,-0.07887233077105779,1.0481171866225176,0.5318487826450862,0.059148123441607595,0.8445370129965377,0.5275609800838099,0.14586780945604969,0.7800011343614537,0.5736189570750109,0.1467164192251596,0.7674647819554657,0.5656152741033063,0.09744478944734755,0.7665309672843856,0.4902005489939406,4.183333333333334
0.3010211039637158,0.7327310426893856,0.7036843578656622,0.3094256192447256,0.3475195986056824,0.7121203783168342,0.31666770631370866,-0.04649748235393977,0.797461779096304,0.2790135843570847,-0.10035177846616229,0.6006736013957815,0.3488827390964222,-0.10165658710058978,0.6494756227184191,0.28377266515134636,-0.1329686723642432,0.8853942832873042,0.09136360027221473,0.7477077518900587,0.6687726443898337,0.0884268722933593,0.3465047475386548,0.6915374534582887,0.09618558791815475,-0.04291451229011349,0.759941031317282,0.12688041196842503,-0.10389096301497155,0.5823350678773368,0.05793141564270452,-0.0859247462343008,0.6168592323912311,0.11374506340635221,-0.11210378318822506,0.8362834152409367,0.26491269909414117,1.3281966087387602,0.6505252863970412,0.3677583207606878,1.568356233940725,0.6228129298970668,0.3317189032654559,1.4348380114904267,0.5686559439553708,0.38871964570999984,1.215804411804036,0.7045600595030901,0.5443364535807663,0.9864356344288535,0.7391727792269482,0.46662319582316275,0.8046227166734202,0.6079491482692385,0.3548426496611842,0.7637803190203457,0.6030740288471227,0.3629378921216285,0.7408653892847794,0.5969278777270723,0.3841135755103986,0.7086718187974905,0.6214913220671332,0.0890041143697754,1.275009463594483,0.6124818315613153,-0.07299375437237228,1.0477699173791095,0.530614118069956,0.06470843749975597,0.8383604653367056,0.5175729180211719,0.14568098791292827,0.7773739440159679,0.5728599063597273,0.1464351729640555,0.7611373376425925,0.5642785333237278,0.09706008454264735,0.7589494940597805,0.4868920918317002,4.2
0.30046102875959524,0.7335020009920326,0.7043279502621028,0.30898360551561665,0.3479243170698467,0.7114748159289347,0.31657074971257354,-0.045791193504692324,0.7969193560293956,0.2789067590882581,-0.10171636787519762,0.6010773113198599,0.34841467615715804,-0.1010173721288837,0.6471587681527402,0.28393087144642737,-0.13246150521294903,0.8847655742394017,0.0911113397046444,0.7495880150830069,0.6685422319967631,0.08806792913479516,0.3458349006173214,0.6912082037548671,0.09618205666358626,-0.04304289558913871,0.7599510300110255,0.12688449311754949,-0.10389553598923229,0.5822353735870367,0.059490799279762904,-0.0857183495510051,0.6167986530562096,0.11302303169930644,-0.11335874861397902,0.8369318812947804,0.2722419841330692,1.3237066488734428,0.6551917593549567,0.3763177953108781,1.5665743636849863,0.6217852769685401,0.3394300606821452,1.428450976965224,0.564656664414076,0.3907938908192181,1.2127081894366307,0.7047534790922514,0.5390344002546834,0.975704811870016,0.734958373801996,0.4633229666927483,0.7959439021818466,0.6076146573896308,0.3531121439490173,0.751473589929488,0.6008318729780424,0.3594039119023118,0.728798021984693,0.5974389093634416,0.3776005674548556,0.7020470613721195,0.6182181654095206,0.09839731145251412,1.2750642586698415,0.603590734600334,-0.06488137236317261,1.046460523811647,0.5280280078877255,0.07156043775031866,0.8310960111238888,0.5070752478509004,0.1463838980233992,0.7750081937096275,0.5698617749254509,0.14742117727735476,0.7526267853038885,0.5604241864526716,0.09767759163467274,0.7490414889730173,0.4855518344974506,4.216666666666667
0.29991680998319503,0.734062508862116,0.7049366268445678,0.30850730600224374,0.3483071721688417,0.7107301697152711,0.3164098757965675,-0.04529580506110602,0.7960813369100925,0.2788177879975573,-0.10271500667841303,0.6012235376337965,0.34791777974058236,-0.10026704361306205,0.6440634806835196,0.28419409136024826,-0.13216129210380528,0.8838644313421686,0.0909500081033149,0.7514421574505653,0.6683332818948744,0.08768957331205679,0.34501687039358264,0.6908167227689541,0.09615457340561341,-0.04323081948314328,0.7598749189876084,0.1269084435554615,-0.10384840150989208,0.5821136906331777,0.061013246757323086,-0.08547922207059427,0.6167063270123122,0.11237959537135613,-0.11469610334727072,0.8373400656824487,0.279344456513789,1.319104189622589,0.6577441789058511,0.38391674392100694,1.5652842022422484,0.6198264415631312,0.34852917143637163,1.4224889728625283,0.5596631956207434,0.392892634354984,1.209300923532185,0.705017584333828,0.533074551492724,0.9651210903380862,0.731831624066394,0.4595047523273844,0.7859153936335826,0.6074201275176152,0.3507744004517971,0.7402387726574957,0.598750443208341,0.3558966443782552,0.7196801391264376,0.5970231939825044,0.37073696016501273,0.6948017301614425,0.6155828026708594,0.10774761314106657,1.2747263451268376,0.5953853243562627,-0.05460212906266389,1.0445495237072853,0.5234464297138761,0.07865152506238077,0.8233961454148132,0.4978429361403023,0.14833438711627345,0.7734488899950485,0.5638781854100157,0.15001760323323537,0.7428040057412216,0.5532879968072166,0.10050303017520582,0.7374638700001543,0.48689274168250274,4.233333333333333
0.2995144948147263,0.7345864794126193,0.7051763749740375,0.3080068016266569,0.34857289311019835,0.7100480979765693,0.31623386808441467,-0.04514622680523164,0.7951439025171457,0.2787428995822771,-0.10298784623751066,0.6010776191987773,0.34754716051089396,-0.09959431665837175,0.6410551130660884,0.2845796845255306,-0.1320097534911287,0.8826718759049555,0.09090612259025561,0.753250210212496,0.6681327731601754,0.08738975114598525,0.34395411959000455,0.6906003904270912,0.09608749509234019,-0.04343182076038658,0.7596691178164278,0.12695584141392574,-0.10379118996410683,0.582002374769102,0.06230944696432947,-0.08526304531928354,0.6166193797592394,0.11187684226828146,-0.11604743097196005,0.8374861159395681,0.2860892667045789,1.3149242492474764,0.6577590653267531,0.3906918034013417,1.5643459707491563,0.6174347225155364,0.3581721060279899,1.4174369259369515,0.5542273999650472,0.39507174273680845,1.2057226620069792,0.7052998927302343,0.5267567302319122,0.9554347661225174,0.7300164738740118,0.4551969216846013,0.7752256373291642,0.6074455155672442,0.3478819541023793,0.7310658977127886,0.5969788860477394,0.3526414043582511,0.7138676779743311,0.5956472771450865,0.364250350154943,0.6874050395217397,0.6134183582146524,0.11617113849481542,1.2741693484499628,0.5890542669567213,-0.04293509213484474,1.0424216121337826,0.5170785905599459,0.08495613039712825,0.8160674064709317,0.49108302172828056,0.15180790881014838,0.7730896486738709,0.5549193404210286,0.15429763550234538,0.7329233851263098,0.5431115362808252,0.10666763259830898,0.7255463154836089,0.4906729174875626,4.25
0.2993632223336757,0.7351192541654675,0.7049387882103632,0.30753078967814634,0.34862794605800923,0.7095120812042186,0.31607171053740535,-0.04531012038207992,0.7942208998036796,0.2786608872756371,-0.10246462469545396,0.6007200967200422,0.3473724639696825,-0.09910804829828901,0.6387271053988294,0.2850997372571402,-0.1319088053744077,0.8812433366361165,0.09097359623904089,0.75501243863119,0.6678875755504363,0.08729034853439734,0.34249411684230635,0.6907900676385517,0.0959353172200765,-0.043614901090112526,0.7592770300612203,0.12701215803650756,-0.10377669334906912,0.581932924512674,0.06320999820776474,-0.0851095221469031,0.6165632198556437,0.1115305454037039,-0.11730412038630586,0.8373184760329168,0.2924232839673811,1.3116941668723803,0.6549920327671219,0.3968633114865683,1.5635032679147949,0.6145710990709753,0.36732102786064025,1.4136115104368754,0.549192214364366,0.3974450313436173,1.2023336106958658,0.7053483740167518,0.520481066844397,0.9471205289661828,0.7292572579717325,0.4506201508391974,0.7649522104230657,0.6079931884131478,0.34469142434878564,0.7245081603175332,0.5954570286164613,0.34965057636126723,0.7107854057703417,0.5936402545270798,0.3587894601866901,0.6809642947888581,0.6112095528945884,0.1229747816966657,1.2737688923916963,0.5852105138747339,-0.03106869452089784,1.040310790712347,0.5098288918229041,0.09007963823980461,0.8100730218560891,0.4870198342965218,0.15687823395873873,0.7741367904301368,0.5435995497362024,0.1601038367126444,0.7245045690585904,0.5311077228565434,0.11663808808138384,0.7150575749527123,0.4957059242701556,4.266666666666667
0.2995163383725968,0.7355612267154494,0.7044851938133092,0.3071575443703783,0.348438548462209,0.7091179164924424,0.3159162170069515,-0.04566534527658181,0.7933770423894947,0.27856628833474995,-0.10155425799918084,0.6003264453026419,0.34736492715822775,-0.0988488767698353,0.6373042143987385,0.2857073762959633,-0.1318661121717737,0.879709640495175,0.09119130763400056,0.7567192687081848,0.6675174204822942,0.0874919997523731,0.3405776322497549,0.6914646182676659,0.09565493977474804,-0.04385418299853583,0.7587373430034852,0.1270275285420602,-0.10379669573598788,0.5818989990611034,0.06362864015914758,-0.0850391936214545,0.6165456537216624,0.11132588242842208,-0.11836476375666116,0.8368179864996836,0.29826038557536166,1.3097403513018957,0.6496907022115477,0.4027175048825795,1.5626412909436374,0.6113093795515006,0.3752589649051155,1.4110253368795864,0.5451261924842261,0.40030949259125503,1.199439686147745,0.7049436072878832,0.5146975417199123,0.9403450271215661,0.7290884424746269,0.4460717499703887,0.7562696938767233,0.6092914638473773,0.34163453917729547,0.7204923210907113,0.5941130432239289,0.3467444727284583,0.7093566705733791,0.5913005706588091,0.3545114027557287,0.676703178061885,0.608459554612053,0.12792728799588435,1.2739252944141068,0.5835788245773382,-0.020100698676155476,1.038252580299745,0.5027967931773842,0.094458873914752,0.8063013672063877,0.4853266480448436,0.1632459276370547,0.7764813758499951,0.5310047291773454,0.1670630544232217,0.7192452761803056,0.5189223588491078,0.12986854754825458,0.7077099743771608,0.5005286134043282,4.283333333333333
0.2999564057864327,0.7357886225536288,0.7042345409466508,0.30694070732362333,0.3480191431867937,0.7088202886357466,0.3157469032087375,-0.046148225498953935,0.7926580871548368,0.2784825577035134,-0.10088207346794902,0.6000754065640461,0.3474687455708412,-0.09887230931009462,0.6368139573578042,0.2862732916677343,-0.13202473962912642,0.8782798002748964,0.09166551272230543,0.7583518211983811,0.6669380097010993,0.08800709386934505,0.33832066062929317,0.6925677241561876,0.09524707489278755,-0.044262209230593944,0.7581996383209348,0.12694101765700225,-0.10371589707601099,0.5818090797012838,0.06362923637476363,-0.08503763041906078,0.6165584269944361,0.1112508647698558,-0.11917458829682957,0.8360559267593456,0.30351835396301585,1.3090540657860108,0.6428576466708297,0.4086172469064965,1.561793653419102,0.6080199146561538,0.38182565341895897,1.4093769083593415,0.5425484063453858,0.404043800994346,1.1971595018968872,0.704113792286533,0.5099023796361225,0.9350400471917208,0.7290745614529691,0.44163605863056343,0.7501634116546765,0.6112470574603897,0.33910875995534046,0.7185131230962805,0.5929493295999995,0.3435652744909088,0.7087139009630192,0.5885847504258448,0.3509499105342228,0.6753137663224814,0.6051281331464631,0.13125682739891237,1.2747351147150994,0.5831295196047457,-0.010775866739572173,1.0362442908677807,0.49699782677487175,0.0989542538605986,0.8052228957759864,0.48588202284515253,0.1704126088628803,0.7796991173735723,0.5186053116573058,0.174737603471971,0.7184973663687217,0.5080938591897076,0.14496250153645987,0.7046432430714109,0.5041490474120398,4.3
0.30061506092565154,0.7357313823673625,0.7044155939833875,0.30687861571145697,0.34739346694911877,0.7086076588902794,0.31557102202628223,-0.046803445694600584,0.7921195566628494,0.27844579744762143,-0.10082306840710156,0.6000140040410562,0.34766614929735373,-0.09923673993630613,0.6371068547615576,0.2866649039683904,-0.1325562363138195,0.8772001984888655,0.09248880804224507,0.7598709453143611,0.6660935247309874,0.08876011876637314,0.3359687110214865,0.6940014545883679,0.09476940997677086,-0.04489448165921807,0.7578235274100293,0.12677185439041566,-0.10333898095918852,0.5815310626586514,0.06342460015682604,-0.08505700078109163,0.6165742103678995,0.1113289163893044,-0.11971632874432808,0.8351967411682372,0.3082240464070058,1.3093113084368964,0.6358648358869076,0.414826500390137,1.5609479756959648,0.6050609079926883,0.3872194654090252,1.4082571358189258,0.5421710260788661,0.4087904869749289,1.1954715427479665,0.7029898179621026,0.5065600223655573,0.9309812054939026,0.7289862514464749,0.43711335608554536,0.7471571469791974,0.6136393042715915,0.33725184418791154,0.7179809911358989,0.5920633716136757,0.33972626315876975,0.7086212258785531,0.5853399864562723,0.34735629015093106,0.6768130743920194,0.6016898514868001,0.1334665170027694,1.2759293267501826,0.5826131366087339,-0.0034652328948161413,1.0344072300465532,0.4932596072745543,0.10426069633988774,0.8068433948344709,0.4886750727673545,0.1781024193735989,0.7832638296984684,0.5080928384592001,0.18281386271803607,0.7225492899172608,0.49971958020216234,0.16016759479302156,0.7061570250231248,0.5059712859551329,4.316666666666666
0.3014237481876133,0.7353555877074828,0.7049623027812933,0.30694653628047625,0.34657526876491496,0.7085929511778584,0.3154339532476248,-0.047682529818718636,0.7918749027015313,0.2784770908440376,-0.10134300092279167,0.6000639762009049,0.34797370530012844,-0.09990997220206442,0.6377822347514135,0.28684150179040996,-0.13354515839014425,0.8766365672388542,0.09366415071531874,0.761216493213968,0.6649925446443299,0.08966946932858393,0.3337885118691285,0.6956804634960274,0.09429630839293061,-0.0457472732678736,0.7576527562427494,0.12668252987297335,-0.10259607887414475,0.5810745452587075,0.06325221173592677,-0.08505440532797214,0.6165653994477424,0.11160446320913901,-0.11999632466127036,0.8343787882091718,0.3124825663397773,1.310050117205698,0.6297988647951523,0.4212736898204019,1.5600041381623293,0.602714467835527,0.39175993581706764,1.407376480611873,0.5444376750793753,0.41428701253407163,1.1942674475385036,0.7017081851150011,0.5048468577580907,0.9278995436920895,0.7290050722513224,0.4323922649782783,0.7471693177625471,0.6164580276288387,0.3359259262354502,0.7184928724872456,0.5915893474358823,0.3350470131302923,0.7091928450242679,0.5819944361154398,0.34314390073712026,0.6806298801978673,0.5989060239908315,0.1350798571727127,1.2771480635488621,0.5812457879867847,0.0018916831315001627,1.0328916109969455,0.4920443425667639,0.11073581604911506,0.8109105144099125,0.49320447043709825,0.18635805850899165,0.7867337737938326,0.5009321532679345,0.19117127689234492,0.7303779683509052,0.49430623544861163,0.1738446973694902,0.7117270413574233,0.5056611667441666,4.333333333333333
0.3023644554577981,0.7346994549287579,0.7056524234527302,0.30714887323303963,0.34557400321791126,0.7089996907545939,0.3153809771527593,-0.04878457232753031,0.7920709139870029,0.27857719068453124,-0.10223871927724762,0.6001405960841829,0.3484005946456607,-0.10079040240510695,0.6384838499791624,0.2868526032557473,-0.13495806259287696,0.8765833467760371,0.09516553545372099,0.762353288347445,0.6636443070483107,0.09071078412221045,0.3319448499681339,0.6975356991966747,0.09387154219888678,-0.046779838563270476,0.7576337134938701,0.12685613283178573,-0.10171073803825179,0.5807476012509953,0.06322003854795573,-0.08502690450907228,0.6165290824379992,0.11209605519585931,-0.12004339203161275,0.8335838496962601,0.3163496759113569,1.310867979727616,0.6251302775333158,0.42757030085133463,1.5589072162801045,0.6014771817721491,0.3957827030750921,1.4066547759180132,0.548934501678718,0.4200660994770236,1.1933636693411926,0.7005613695634327,0.5044365862851541,0.9255306214229602,0.7296397745873838,0.42780394044755843,0.7495987296090763,0.6199429637072664,0.33484938565017197,0.7199453345558773,0.5916340701194007,0.3295936289574771,0.7102659515764697,0.5800166369088721,0.3381506467117053,0.6856011491002757,0.5975639938489357,0.1365049071969168,1.2781872399615566,0.5790982859878243,0.005823107396249019,1.0316795128229277,0.4932387132971005,0.11856549810358849,0.8169634134897125,0.4984304876816741,0.19532086264028506,0.7898451555798257,0.49754942434539506,0.19992879390439794,0.7401645159029056,0.4916996494445838,0.184831376992859,0.720144060966622,0.503683080726854,4.35
0.3034709641840952,0.7339681343775017,0.7062683118256287,0.30753586893121804,0.3444020156075893,0.7099622199452953,0.31541791743132525,-0.05009348648090316,0.7927747987294653,0.27873843245768476,-0.10336960591498535,0.6001923988629105,0.3489270759991707,-0.10181034005576539,0.6392782621096336,0.28675016746103493,-0.1367126321258254,0.8769550518389492,0.09704818346801934,0.7633302405434733,0.6619492742476958,0.09188876957316303,0.3304439419094183,0.699500678484586,0.09351404228817167,-0.04791637507422379,0.757723672476854,0.12728707552216573,-0.10114772090251221,0.581012711840631,0.06329676263153454,-0.08499936459741393,0.6164827502776747,0.11277440094737531,-0.1198867876018012,0.8326902445309128,0.3197756805151385,1.3115344534503492,0.6217813295375285,0.43329950765230396,1.557754274846381,0.6020094234332112,0.39945791219943494,1.4061916719164573,0.5544408115659365,0.42579109960848976,1.1925442294374111,0.6999168890515899,0.5046601072072936,0.9235827145001229,0.7312698786789049,0.4238767960548333,0.7535846624160508,0.624230901849156,0.3337038730583761,0.7223311767793046,0.5922291859878481,0.32355325656595524,0.7113373647160179,0.58114211830663,0.33272904990883634,0.6902674880311225,0.5982041206590027,0.13805013995717857,1.279001466864308,0.5768139334704667,0.009075520107956455,1.030633514941587,0.4961789508783838,0.1277134964028787,0.824176873972099,0.5032708537783753,0.2051421222428697,0.7925134162009925,0.4970225281187588,0.20942916177330514,0.7500817884817396,0.49108568255013085,0.19280420703658602,0.7297782901794855,0.5012678887593961,4.366666666666666
0.30477631376255376,0.7334453500164507,0.7066392774385191,0.30817285566702296,0.3430802528125335,0.7113848996487211,0.31551941133282907,-0.05159642105815193,0.7939136547221272,0.27893630071268666,-0.10457374547989105,0.6001907275995269,0.34950527912797064,-0.10293174429505232,0.6404493375224949,0.28653671412186654,-0.13874287145033673,0.8777459531310252,0.09941953219249475,0.7642484624710539,0.6597149642767288,0.0931805199430913,0.32918922622380564,0.7015326945607481,0.09324476926098621,-0.04907176324789386,0.7579177610576747,0.12779034362797675,-0.10130413979373229,0.5821375476458693,0.06341786764159148,-0.08499302892018193,0.6164436898784817,0.11358206925618801,-0.11956782975510677,0.8316376763245131,0.3227180898660629,1.3120031113360424,0.6194823158234226,0.4382427492013975,1.5567427057047285,0.6043612076627864,0.40271272243610146,1.406100882770276,0.5596727134869799,0.43134886295015,1.1916243303607643,0.6999447610952991,0.5049632815732438,0.9218220723261087,0.7338639460807104,0.4208879933176388,0.7583180766464774,0.629053486829176,0.33234627121989363,0.7253975622773943,0.5932725889388754,0.3172689627257991,0.7120204346177851,0.5859363180907079,0.32763055811718633,0.6935279067321644,0.6009706019038259,0.13982856762511975,1.2795913981416616,0.5750583233091532,0.01220577869154155,1.0296925493003901,0.5000150818759809,0.1377545593349643,0.8313416288642251,0.506979035623525,0.2159581887772988,0.7946996619882873,0.4978718126710774,0.21996710804017872,0.7586393696343023,0.4913037101823776,0.1984680356115855,0.7389494486180797,0.4993276250522188,4.383333333333334
0.3062705828367931,0.7332460519588864,0.706603938881766,0.3090854885061435,0.3416508517454733,0.7130584722636276,0.31567274950441526,-0.05325136772625094,0.7953294047085738,0.27911838856184246,-0.1055370223415025,0.6001477894441033,0.3500619940329658,-0.10406695818235517,0.6420573544370538,0.2862074038315257,-0.14097055064347394,0.8790123041060077,0.1022950991645432,0.7651154752489003,0.6567826461378472,0.09452877622251761,0.3280481764911763,0.7036544641461192,0.0931004510921981,-0.050190192008032375,0.7582193001644781,0.1282039403961742,-0.10229257820370244,0.5840659220562591,0.06354840321801115,-0.08501893538122304,0.6164241894894172,0.1144693439142817,-0.11921627968881489,0.8305198992375019,0.325309184833937,1.3123239416552466,0.6180827000781428,0.4423857301174169,1.555905889111622,0.6074246133965284,0.40546145501282443,1.4063012848559333,0.5639510577224459,0.43669294610176157,1.1904708028298758,0.7005376736593487,0.5052057688732746,0.9202504560607017,0.7370809946549426,0.41886087100700226,0.7632364137932163,0.6339033158115663,0.3310006799120734,0.7286670580238557,0.5945430576422746,0.3113742340690559,0.71225369963266,0.593445810685336,0.32364145862771576,0.6951555635133333,0.6055394481498201,0.14166810430921853,1.279954393520654,0.5742668983484912,0.015485821472688621,1.0288799729632832,0.5040990736806865,0.14801152511573923,0.8371721160324505,0.5090437365966805,0.22769953572216362,0.7963218095840785,0.49894601901949504,0.23148044026379114,0.764650644703437,0.4914802216127141,0.20318180938873986,0.7463049101031144,0.497869419938256,4.4
0.307895670502865,0.7332907673790692,0.7060244277433475,0.3102113850809687,0.3401668701856556,0.7147823476980248,0.3158925544316316,-0.05496288407065118,0.7968489234000956,0.2792328585888606,-0.10597239787284278,0.6000987881085881,0.35050796685309427,-0.1050622700125455,0.6438919027601869,0.2858059102870668,-0.14327145328932808,0.880736133780491,0.10553206825738234,0.7657930609210734,0.6531516679898697,0.09588381059212504,0.32690291464037835,0.7058981974256314,0.0931211114179891,-0.051259403649070265,0.7586284000038538,0.12845407304772505,-0.10399321714890838,0.5865393906255765,0.06366879189607699,-0.08508844405402666,0.6164405601757954,0.1153951797009254,-0.11904702402339618,0.8295768421715339,0.3277953841615176,1.312493489672773,0.6175698661136214,0.4458065785506039,1.554934173825309,0.6095492921910898,0.4077654080470411,1.406479966815371,0.567088177397367,0.44172564086603716,1.1890417059650702,0.7013817163335787,0.5055691406165481,0.9190527813937758,0.7404625345240954,0.41782310386606136,0.7679814804962863,0.6384110624225825,0.3300984704335784,0.7316852186435453,0.5957927230020318,0.30668176711634815,0.7121595716440688,0.602076557553052,0.3212528565159112,0.6957834264400734,0.6110268970369721,0.14336243621189476,1.2800938538908218,0.5745763628046363,0.019154517717652645,1.0281940431709384,0.5079227659609493,0.1578434057372282,0.8407375611119523,0.508905710420078,0.23988819062971556,0.7973087808033508,0.49961216763448846,0.2434927975622268,0.7674059942033362,0.49143877879396003,0.20815065454657516,0.7511445400436007,0.496403973364624,4.416666666666667
0.3095544143960533,0.7335511512960867,0.7049067900017263,0.311407443443406,0.3386800530517972,0.7163390965434748,0.3161797270335453,-0.056595275895126876,0.7983000324945753,0.27926954408813637,-0.10589581780168149,0.6000535586187405,0.35076627488914996,-0.1057691845816646,0.6457019197061217,0.28540010585026626,-0.14552269985936073,0.8828113616950543,0.10892208284036994,0.7662333382725309,0.6490237714895615,0.09724037734081678,0.3257589184637869,0.7081672004671857,0.09330915217844099,-0.052296521709390836,0.7591312549474702,0.12845551097725502,-0.1061441218773104,0.5891972754428884,0.06375056086402325,-0.0852119832343988,0.6165131580108026,0.11629559629861931,-0.11922184750404953,0.8291151057158355,0.3302588416106288,1.312375223542873,0.6178556159724224,0.44858529821633725,1.553468347421574,0.6096462732584604,0.40972771856638435,1.4062799763152354,0.5689492207448459,0.44635833697765526,1.18743075721856,0.7021130232482469,0.506275692336737,0.9183301629553202,0.7435380561148996,0.41786910569797586,0.7722571679503553,0.6423821133165233,0.329974329537705,0.7340601699170507,0.5967974158430775,0.3038273308660213,0.7118788469211241,0.6103975951708802,0.32061219954986747,0.6962930847146158,0.6162344254160251,0.14501058933500313,1.2800198496408044,0.575657446079589,0.02351795386718037,1.0276012739428837,0.5107656778695464,0.16678300777817268,0.841708166183217,0.5062210300183791,0.2516140107975653,0.7976221956508543,0.4996925863162986,0.2552236679989587,0.7669999742116614,0.4914475197730877,0.21384199435578288,0.7534773802060833,0.4944778454930182,4.433333333333334
0.3111426873782236,0.7341625313680816,0.7034811030687447,0.3125452798499574,0.33728267004631485,0.7175271281782437,0.3164952303277676,-0.05800086326440816,0.7995317323715841,0.2792612467990109,-0.1056076194348005,0.6000137085334061,0.35081973837902636,-0.10615165481252066,0.6473753363719502,0.2850079834932983,-0.14766333101152057,0.8850676907315759,0.11231257996794577,0.7666985363621794,0.6447456972554644,0.0986084805920377,0.3248081275745236,0.7102474403959698,0.09363061282101165,-0.053311005575283774,0.7597034231250797,0.12810327540080274,-0.10834610203414718,0.5916162652417495,0.063765632039953,-0.08538391204169302,0.6166510320989416,0.11708566986745099,-0.11976294709364185,0.8293924416780616,0.33249170202501555,1.3118080417946403,0.6184919071611412,0.4508917065338252,1.5515046108658885,0.607614706974639,0.411415089736821,1.4055135576166033,0.5694990282458336,0.4506016574547054,1.1857836515477633,0.7025769465749984,0.5073946284102688,0.9180042679280933,0.7458635279177747,0.4189673097383289,0.7757835054814561,0.645533758393282,0.33070997924776135,0.7354119727223584,0.5973554929421449,0.30292641869481635,0.7114739011144464,0.6172391183314699,0.3215696078957694,0.6971865605612805,0.6201560268266723,0.14698140417059263,1.27974079775076,0.576636639282851,0.028756245432301653,1.0270100224771874,0.5117523302306195,0.17449441261084836,0.8403101679737938,0.5016212723670879,0.26182406874649705,0.797263043413804,0.4993506569974433,0.26580522304815835,0.7642434168132062,0.49170324673249477,0.21996301834836537,0.753734887510994,0.49204250267784894,4.45
0.3125893704257102,0.7352800322737562,0.7020611264441081,0.3136038846052402,0.33611901771054153,0.7182777739024245,0.31679464139901065,-0.059065243170733736,0.8004710160377689,0.27924443546924405,-0.10541193049546574,0.6000070928099067,0.3507387200876194,-0.10632449479453515,0.6488919621756902,0.2845898736966873,-0.14966537871207042,0.8872080688925024,0.11561535524059895,0.7675874269402743,0.6406681867755974,0.09995787098571607,0.3242779218899934,0.7119955867827317,0.0940625727085588,-0.05428437614934398,0.7603387207943805,0.1273917253780447,-0.11010904975579387,0.593385528314192,0.06371270126277284,-0.08558122303519716,0.6168395147917349,0.11769558689790013,-0.12058104547182971,0.8304644043363383,0.33419533474886354,1.310783243821302,0.6187916721869793,0.45312033667065565,1.5493346350156103,0.6039889278253043,0.4129177568311373,1.4041635136276411,0.569040306164841,0.4544952159231549,1.1841902581223007,0.7028473539114659,0.5088261911721407,0.9179592845475244,0.7470943136183641,0.4207575800858817,0.7783420150347612,0.647473663771472,0.33211467812778783,0.7354889746315765,0.5973440506604988,0.3034674945346123,0.7109514395312,0.6215743492092678,0.3236273502137259,0.6985384313304503,0.6222631537889299,0.14958715602811812,1.2791884601344947,0.5764892529593573,0.03478309648185826,1.0261224599194565,0.5103601236828862,0.180677994997283,0.8371385019447408,0.49667562794979975,0.2698591572948885,0.7963856374177838,0.4987281200876975,0.2745763895200779,0.7602183773367587,0.4921358889148647,0.22586183362692744,0.7524475348784343,0.4894518751578264,4.466666666666667
0.3138550284862427,0.7369133331158237,0.70081585104777,0.31464303067903093,0.33527622110611943,0.7186550606901176,0.3170643406114923,-0.059757632959665685,0.8011502810823352,0.2792245669829865,-0.10540723719312813,0.6000575726988161,0.35063394118933666,-0.10643852929901239,0.6500934146767317,0.28413724485829056,-0.15143815837387267,0.8888909060793584,0.11873605032449286,0.7691203476852622,0.6369692470587454,0.10122874451255273,0.32419607976700476,0.7134340483487097,0.0946015835548362,-0.05519950247739386,0.7610621621397845,0.12649808692173176,-0.11104961527311251,0.5942547526190499,0.06362229997270755,-0.0857831178180899,0.6170476836604221,0.11810069540965554,-0.12150528258430249,0.8320482580388202,0.33527885059135043,1.3094426728251225,0.6183571405432913,0.45570754985033635,1.5472342838494204,0.599469363258166,0.41435655493626544,1.4022695361413375,0.567974782125598,0.4579914741723089,1.1826921730255464,0.7029598105268029,0.5103723056510121,0.9181303168406433,0.7471867234063762,0.4226739509392198,0.7798628152459365,0.6480303178736775,0.33383272475616393,0.7343675254578846,0.5968007120281962,0.3045633983315834,0.7103825228420484,0.6228457193323648,0.3259573123607517,0.7002350511866177,0.6226334613122433,0.1528293062460832,1.2781376457378493,0.5746749790170905,0.041344436263996226,1.024447179567511,0.506714490140154,0.18512175149766177,0.8330193831926955,0.49273195032992567,0.2757100623709069,0.7952437915395847,0.49780236346198525,0.2812251962751756,0.7559371540442802,0.492552676717819,0.23098029809901346,0.7501835963625252,0.48708280405953835,4.483333333333333
0.31491417889956635,0.7389065784045419,0.6997291725273738,0.3157136758383517,0.33470489874418874,0.7187316228528295,0.3173109056786848,-0.06012492880425027,0.8016508771429278,0.2791853323505511,-0.10552528316799256,0.6001584119889348,0.35057134076495566,-0.1065462750968602,0.6507138847707679,0.28374786382973605,-0.15281552538312784,0.8899555203318061,0.12153773754360607,0.7712537397363082,0.63362018691155,0.10237337000196048,0.3243665225687968,0.714665473569737,0.09522847682881365,-0.05605349813957376,0.7618982889095776,0.12570250161546742,-0.11117632302239398,0.5942919598365154,0.06353083057680556,-0.08598243621301231,0.6172499888973654,0.11832518203100495,-0.12235003520879575,0.8336627953522393,0.3359147219636147,1.3079101407670448,0.617209075189254,0.4587757276836119,1.5453557840667396,0.594720269817275,0.4157851437457318,1.3999669029945234,0.5663299189455882,0.4610098385266461,1.1813518987643286,0.7028981372469699,0.5117978469392225,0.9184480431152643,0.7465334432890428,0.4243225613593628,0.780501100496661,0.6475371208260499,0.33551342691565633,0.7324873813856507,0.5958930415482924,0.30544909580960566,0.709872089921975,0.6216108870770303,0.32776073257366767,0.7020075886378464,0.621986451200439,0.15638701949537123,1.276356073524006,0.5713482704089337,0.048162357308197845,1.0216361245913341,0.5013427192279898,0.18788380230351856,0.8288185970255375,0.49013323372584217,0.2797267265172838,0.7939003421351394,0.4966576105917477,0.28572154262899196,0.7521652893939643,0.49285856056688665,0.23507107127001392,0.7475810104597035,0.4852711047712542,4.5
0.31576021806022614,0.7411020000324741,0.6987475957117034,0.31682567494481173,0.3343181816511047,0.7185177709494263,0.31753617974926285,-0.060226068032943295,0.8020199326735333,0.27912518008045045,-0.10567580589051506,0.600288381436043,0.3505464509830255,-0.1066177144052796,0.6507364047445341,0.2835617458972963,-0.15367943898470682,0.8904530404801616,0.12388420426787035,0.7738202467958649,0.6305594471811145,0.10336047020643949,0.324574865250031,0.7157595684703354,0.0958769474563137,-0.056802532123854055,0.7627907883360778,0.12515606992052475,-0.11102001387924147,0.5938694609705916,0.06345357207362724,-0.08617602101864011,0.6174372684173919,0.11840406277131726,-0.12302433451968688,0.8349584907654013,0.3363131129391186,1.3062030691485913,0.6154066363466822,0.4621056994080578,1.5437788338146885,0.5901881674121245,0.41715579540477504,1.3975049398662724,0.5636866224305797,0.4635798175717868,1.1802999777343317,0.7027245259237436,0.5129009984795605,0.9188031982303722,0.7457096690795085,0.42560570171336176,0.7805605738415995,0.6467055370448168,0.3368798741339825,0.7305097972416773,0.5948190273671157,0.305841077276993,0.7094347309644199,0.6195161485471866,0.32878036308800906,0.7034032377121076,0.6212612367200454,0.15986402613040668,1.2738622799731143,0.567072173845742,0.05488791002624535,1.0177852038974669,0.4948228025021011,0.18931361948637768,0.8250772404881952,0.4885232924311748,0.2822893682885639,0.7921952588735107,0.49546099265657384,0.28824746807140844,0.7493261122335797,0.4930851189512919,0.23822163536239174,0.7451874234821978,0.48437484385136365,4.516666666666667
0.3163912254277698,0.7435099626527544,0.6979181349528205,0.31796278197449096,0.3341157403724845,0.7179993925999347,0.31773255475867296,-0.060076727420145457,0.8022452347957895,0.2790688735526127,-0.10581468977920905,0.6004220460397525,0.35052072664969103,-0.10660870294798327,0.6504311543061944,0.2836149236078771,-0.15403112883056103,0.8904685598860208,0.12569619076701147,0.7767174737178476,0.6278463809109143,0.10415996403930416,0.3247613736525823,0.7167091972876785,0.09644119257393555,-0.05732305156732434,0.7635405551758571,0.12477085687562015,-0.11123142471331877,0.5933980044072781,0.0633884105447627,-0.08634878063621776,0.6176010293867052,0.11834139467351745,-0.12352511655083226,0.8358017652666829,0.33658021096911417,1.3043345180821526,0.6128895531561412,0.46537551047828374,1.5425189938629005,0.5856029190474057,0.4183466770867787,1.394951025165784,0.5596835881545648,0.46585003760210386,1.1796871789650833,0.7024614801608502,0.5136067038840906,0.9190660309738222,0.7450547279032198,0.4265200328308497,0.7803050773866815,0.646136205658606,0.3377649241754001,0.7290926285784758,0.5938250098073038,0.305954712730821,0.7090592603752008,0.6181254965512178,0.3294210256751704,0.7040250947687858,0.6209644105280713,0.16308736101533175,1.2709220510818389,0.5624922906961933,0.060979202131641624,1.0133731533039947,0.48779326902372705,0.18986481596994653,0.821793132188403,0.4874820855293577,0.2838161714313612,0.7899976953336717,0.49425429095554574,0.2891930634621911,0.7474471562113043,0.4932645515490649,0.24074395692325273,0.7433181266655872,0.4842431549689754,4.533333333333333
0.3167733675160104,0.7462303860176748,0.6974148412950447,0.31908477515756756,0.33417009448554996,0.7171788807906718,0.31789219697338644,-0.05964226990407098,0.8022761455110587,0.2790426519014017,-0.10592583015206827,0.6005329838400546,0.3504719867407903,-0.10651246050771762,0.650099663691797,0.2838159394987417,-0.1538904217687516,0.8900050263657576,0.12694888648255984,0.7799585228582409,0.6256339523714906,0.10473180336925965,0.32500630368555505,0.7174438388406447,0.096843042017538,-0.057472286679158754,0.7639005074564927,0.12441001061485912,-0.11186398273545226,0.5930710134940832,0.06333596461172832,-0.08647163788790378,0.6177174028011495,0.11811595656138486,-0.12384242007467053,0.8361521371413514,0.336821371084501,1.3024289332663952,0.609719663983389,0.46824467946710024,1.5414845624624331,0.5797286486249844,0.4191515355782549,1.3919950070540157,0.5544115064528657,0.4679340146429094,1.17957203043037,0.7020380998373901,0.5140001119802879,0.9191219686845706,0.7445809389137036,0.42705265896396416,0.779926319438218,0.6459689207273398,0.3382873859718235,0.7285953078925815,0.5933311823801535,0.30636608083283345,0.7088435359978167,0.6178621561276134,0.3303371094964427,0.7038695355957401,0.6210277824000722,0.16613264926995408,1.267841643944586,0.5582146296815294,0.0658492633007185,1.0090006527325572,0.48105529997691343,0.18998238595461886,0.8186661670761933,0.48684104162905883,0.28476457302088665,0.7873264528495212,0.4930696351966634,0.2891290113899795,0.7462152260641416,0.49337854215979315,0.24289836174059493,0.7420587665964109,0.4839545233897099,4.55
0.31685898214517805,0.7492081577329669,0.6974615315846853,0.3201375579047581,0.3345680201607294,0.7160668113456259,0.3180146006341863,-0.05888289590342151,0.8020564848122334,0.27905039146954175,-0.10599005785079242,0.6006112404836046,0.3504381456768665,-0.10645574927918224,0.6500979339362225,0.28406820995865667,-0.15323358942955653,0.8890117845544793,0.12765506279998107,0.7835537974197797,0.6240526108753194,0.105032308871854,0.3254245566232139,0.7178636996974621,0.09709716265250912,-0.05720809495658159,0.7638220711058918,0.12408493214881958,-0.11232961012180326,0.5928657290818309,0.06330272476121529,-0.08652152382356584,0.6177633123238851,0.1177277630932056,-0.12395812593998039,0.835992510770566,0.33720902204212144,1.3006621119929143,0.6062469592792864,0.47031856905885894,1.5404638437925835,0.5712632042737772,0.4193139068416011,1.3882903387907166,0.5480378577210873,0.46981087537642474,1.1798910184343336,0.7014429353773077,0.5142639986609563,0.9189906763835205,0.7441592315549889,0.4272677758445246,0.7796586257730977,0.6459655609057984,0.3388398352249795,0.7290049281532744,0.5938583402930732,0.30776207967782404,0.7090064146591579,0.6181926014132204,0.33186831177171777,0.7033604734303331,0.6211498385383775,0.16910996272255896,1.2648439123844781,0.5548073554154532,0.06924093322840259,1.0052133800362406,0.4753648203333689,0.19005306558787555,0.8155630309674319,0.48656284550820905,0.28536768853333516,0.784361941611922,0.4919752400182018,0.2886483962691852,0.7453014595542446,0.49336856973330456,0.24454951426652732,0.7412356624974595,0.48274641620463976,4.566666666666666
0.3166497341489598,0.7521924147209089,0.6981707481268393,0.3210874468654777,0.3353886318840915,0.7146909186832325,0.3181025088890744,-0.057863114297975735,0.8015745306240762,0.2790688659181338,-0.10599049872960141,0.6006788313397539,0.35049995961481095,-0.1066982610488359,0.6508216958115312,0.28434496783394925,-0.15210203943809528,0.887450791864123,0.1278923328982931,0.7873951368660651,0.6231378800845662,0.10504309744581763,0.3261071388776575,0.717880839236385,0.09728523971260757,-0.056645290652797234,0.7635514704380364,0.1239117240026911,-0.11211632229885606,0.5926941822436665,0.0632898398171331,-0.08650120286327592,0.6177423361742503,0.1172508763646079,-0.12391814372249145,0.8353169586821292,0.33787842734054485,1.2991012780285343,0.6029728851237611,0.4712357899388594,1.5392285455581907,0.5600730382302019,0.4185892180085117,1.383839619449904,0.5404568127549889,0.4713820505559547,1.1805646180150724,0.7008136994231111,0.5146414377469977,0.9188889055478869,0.7437210541734249,0.427333301327914,0.779751637305606,0.6458028580257096,0.33968552640052063,0.7302494825938818,0.595680552122313,0.3105290711432779,0.7097763322653919,0.6183985449166639,0.33383730697047587,0.7030326908124145,0.6210882319645591,0.17204765849889436,1.2620436256947942,0.5527253633705038,0.07131074603779657,1.0024506559641115,0.4710559602405059,0.19020735240036307,0.8126724363508006,0.4865252019204678,0.2854139771419016,0.78147794985407,0.4909655918581325,0.288056156630347,0.7446653828439601,0.4931514025298539,0.24512937155231718,0.7404964664967149,0.48089614108164636,4.583333333333333
0.31622161361429474,0.755008737955556,0.6994324338784706,0.3219271776325673,0.3366602723473647,0.713156765757079,0.318154691716666,-0.05683465492840453,0.8009126968866878,0.27904965947274873,-0.105944705450159,0.6007712270910839,0.3506998943166203,-0.10743150424399049,0.6522947026937993,0.2846605882359367,-0.15067603247239247,0.8853633062866432,0.12782501768249088,0.7913105184292862,0.6228588907010795,0.10479617645288279,0.32711812246562366,0.7174686838359448,0.0974688094234264,-0.05594031303734738,0.7633602971284453,0.12399857615120802,-0.11124765476342428,0.5925404621454442,0.06329025644556535,-0.08643294714487999,0.6176798502348889,0.11683320905095179,-0.12379617409657903,0.8341682254897178,0.33877741458932503,1.2976061355201705,0.6002600704865105,0.4708806165821172,1.537702481362653,0.5472023522697667,0.4167933239404299,1.3788534104196102,0.5317591436308541,0.472545635502721,1.1815976696610784,0.7003895879909268,0.5154604341452862,0.9190391772450714,0.7434264568978288,0.42740611077159274,0.780284890411488,0.6453661572682134,0.3407300119901706,0.7324089377943828,0.5985980332413021,0.3144678470719463,0.7112096395247152,0.618048085120644,0.33580761795732034,0.7031893840528719,0.62080808612466,0.17495032506322317,1.259479446954024,0.5520491053469214,0.0722531271198129,1.0009427870615106,0.4679685885890993,0.19015840680795074,0.8102687194295346,0.4866267485968615,0.2843963304020774,0.7791887658409227,0.48999208414529755,0.2871920264382976,0.744412051636629,0.4926983302965092,0.24401982560149782,0.7395640202229324,0.4793387392422331,4.6
0.31569284972041334,0.7577604534163234,0.7010161480583421,0.32265529376912283,0.3383054160578953,0.7116705282165963,0.31816868089714967,-0.056095271156659146,0.8002420701535431,0.27894517022059084,-0.10593714480078657,0.600895812787146,0.3510269624428298,-0.10858839611312592,0.6540041227555531,0.28503472956385467,-0.14916773780583323,0.8829459615102612,0.12763632284575904,0.7952111518297305,0.6232637487684419,0.1043699985517213,0.3284971516162021,0.7167078395707939,0.09764225281969544,-0.05513393815062789,0.763255005760225,0.1244103006558919,-0.11009311739585476,0.592492107091876,0.06329703097433376,-0.08633808335413452,0.6175961324434577,0.11659394981986129,-0.12355830910062462,0.8326861438417126,0.33961753768435426,1.295880025902891,0.5981470102604106,0.4695875830556385,1.5359904476320154,0.5340111173397825,0.4139428711012556,1.373382154814482,0.5226798242632139,0.4732586617255713,1.1830370044277867,0.7003284086591963,0.517047913158418,0.919459107420834,0.7436810665264124,0.42749873087814494,0.781082773953343,0.6449545383981548,0.3417152867927716,0.7355076169448348,0.6020554078846552,0.3189058164117767,0.713151640697732,0.6170464712954418,0.33741513013203944,0.7038466321957204,0.6205934885171935,0.17781771975115807,1.2571803396814536,0.5523019044709562,0.07198560747057481,1.0004777335054034,0.46584053534326364,0.18935719476343316,0.8084554865534054,0.48707143146157295,0.2819670388148726,0.777949828253851,0.48899973364426735,0.2856499208879905,0.7444671525355335,0.49213139934735795,0.24085014805518964,0.7383211657251866,0.47878507777018936,4.616666666666666
0.3151601249936028,0.7607029181480315,0.7027570740056539,0.3232801314472962,0.3401661409312803,0.7104167697285364,0.31814780644717977,-0.05571403494484649,0.7997454607044573,0.27879126371664265,-0.10610606253280838,0.6010182010140135,0.35150620225631524,-0.10983865153672934,0.6553181386730281,0.28546182546444776,-0.14767592975885693,0.8805286481317784,0.12741493712965735,0.7991238472121012,0.6245171342822333,0.10385676351454365,0.33024597100441605,0.7157883612403692,0.09775010965134188,-0.05418256720124594,0.7630371634417041,0.1251494639693827,-0.10900505924011543,0.5926484682323417,0.0633099755074019,-0.08623280741831166,0.6174972372602915,0.11650273066368086,-0.12304427965964662,0.8310562650770021,0.34007312265285117,1.2936549709248735,0.5964958232683648,0.4680475059659307,1.5342734752516332,0.5217641417879215,0.4103775934473909,1.3673321774784803,0.514259405248192,0.4736050771575743,1.1848520314338633,0.7004638679192361,0.5195532382634869,0.919980326162406,0.7449939559950827,0.42747994813172496,0.781842986861496,0.6451534154549161,0.34244332283566237,0.7393260836007225,0.6053863481357351,0.323069656901124,0.7154417747185432,0.6154690371061584,0.33851584240920296,0.7049101253622947,0.6209546876745524,0.18055759622219264,1.2551001788550775,0.5527368595301637,0.07031936222595739,1.0003396799817996,0.4646517843609527,0.18734641290386306,0.8070644796582579,0.4883765487239837,0.2782621762525064,0.7778572074523353,0.48800394497087574,0.2831009557220026,0.7445351712764825,0.4916898597658727,0.2355501655787549,0.7366239182145966,0.4794073012527347,4.633333333333334
0.3146622887327208,0.7640323450122877,0.704599387307603,0.3238383716387369,0.34211586008488115,0.7093879736477441,0.31810697773930585,-0.05552623777755185,0.7995585915533245,0.2787766967132217,-0.10649573663593477,0.6010898065085646,0.35222574444298305,-0.11075305917898991,0.6558747583850298,0.285896413589793,-0.14617954036950842,0.8783872171089843,0.12714502742736108,0.803114014946541,0.6266553268332581,0.1033392447478804,0.3323062344645514,0.7149167404061035,0.09771493054801497,-0.053064323804727295,0.7625087192027539,0.1261376529096867,-0.10820464932318971,0.5930344484211871,0.063333594679278,-0.08613846340345821,0.617391134414376,0.11639626155058799,-0.12210574451443372,0.8294056082132083,0.34007252539143956,1.2908106501763104,0.5952698349104611,0.46681400999223266,1.5327776452273245,0.5116847251273798,0.40663124389214217,1.3607948898523599,0.5074159296608685,0.4737766111680754,1.1868757907274057,0.700328401111242,0.522935117647556,0.9203693724062347,0.7478942339061017,0.42723120699555406,0.7823378819407938,0.6463774372767568,0.3428379871902326,0.74356802481094,0.6079718607207892,0.32641437337080725,0.7180780454506347,0.6134424028795346,0.3391513091755202,0.7062877809792458,0.6222864590577267,0.18291295638304605,1.2530191332213831,0.5528114880407005,0.06729719256208266,0.9997054530394639,0.46452973912380147,0.18399622473914173,0.8056604854382541,0.4910623606728499,0.2736850598299221,0.7784216382456721,0.48736269932056675,0.27932616619212863,0.7441557312521104,0.4917629382197387,0.22844456327453883,0.7341440261066939,0.4811835078903441,4.65
0.31421202424529837,0.7677936245998713,0.706543268594941,0.32438419811798624,0.3441351295216279,0.7083867068388521,0.3180730687155727,-0.055393464789677424,0.7997685955843487,0.27916122071906047,-0.1069069022674634,0.6010985215496725,0.35322872215826795,-0.11101713162231087,0.6555763490962638,0.28628407835518993,-0.1446482974863036,0.8765845050335342,0.1268165467090448,0.8072051547842577,0.6294625768236148,0.10289861994704551,0.33458992920318437,0.7141833330570951,0.0974728979838015,-0.05177447826919898,0.7615934433584012,0.12722636091821624,-0.1079050615077325,0.5935929073444525,0.06336949677741274,-0.08608170149492665,0.6173016376281037,0.11612093218321061,-0.12071727381846137,0.8277927631165503,0.3397858201981002,1.2872796428782995,0.5945086333037781,0.4659610590695624,1.5317195133062955,0.5046688497775336,0.40316377548808885,1.354155817074712,0.5029258120206472,0.4739752602793821,1.1888597920216157,0.6995069600503292,0.5270983765347583,0.9204204579480157,0.7528021118911714,0.42677197879424045,0.782496160069013,0.6485528726406626,0.3429151531067114,0.7480581330651355,0.6094204035523312,0.32874473685955374,0.7211156924677533,0.6112126196062806,0.33943626421643197,0.7078127108811685,0.6246130541541797,0.1845154775003281,1.2507168544801999,0.5522990792800633,0.06320022916459325,0.9981470421033961,0.46552270577246546,0.17947761090807296,0.8036608397104852,0.4955033579657309,0.26843628153590726,0.7786314654169366,0.48796797253193963,0.27411329843162957,0.7426076790261438,0.49317023553894135,0.2203437215954786,0.7304851645442776,0.484359758633407,4.666666666666667
0.3138325523351304,0.7718720072809209,0.7086036748767912,0.3249409023746734,0.3462554771254205,0.7072352485364579,0.3180739463259626,-0.05531038364770474,0.8003587898634767,0.2800798759284424,-0.10701414671910559,0.6010844322858826,0.35442910115862714,-0.11051926663829836,0.6544498228407413,0.28658192014322814,-0.14314395665367657,0.8750224899195261,0.1264836809975347,0.8112970374669383,0.6327253396790162,0.1025978321165713,0.33704329446653797,0.7135481855273571,0.09704122185767798,-0.0503075981671718,0.7603967876838024,0.12823225191563603,-0.10834539190215127,0.5942204791878598,0.06341119043461847,-0.08608221322518904,0.617262225097617,0.11564133242506318,-0.11895660380216061,0.8262803442278345,0.3393545615348674,1.2828970537355708,0.5941205781396048,0.46532504726714174,1.5310593574405231,0.5006367772642831,0.4002794913921255,1.3478188886619145,0.5012290940480595,0.4743466652603636,1.1906012636594894,0.6979077509169619,0.5319248038702623,0.9200441359845852,0.7595582595491316,0.42621063547610605,0.7823309751356438,0.6512166330658122,0.34269042799136973,0.752657297606198,0.6098934931159662,0.3301280416856698,0.7244812454988171,0.6093288065005904,0.3395024960816828,0.7091616086660278,0.6275057418725624,0.18508679399218614,1.2482186037510614,0.5511604142331695,0.05837148697373092,0.995685251007577,0.46766407607802835,0.17413585358504308,0.8005579749794188,0.5020632041741675,0.2625000029642138,0.7773402509930031,0.49101596023181593,0.2673407012075428,0.7390296224428883,0.4970523312407725,0.21236006610750324,0.725471221398878,0.4893465181004366,4.683333333333334
0.3135477622740264,0.7760743992769998,0.7107644758288745,0.325469559061399,0.34844778659044023,0.706019796677193,0.3181260552209922,-0.055281390811773606,0.8011376145840503,0.28144759846217937,-0.1066045285788676,0.6010211456512746,0.3556546334932288,-0.1093140337143326,0.6526401015916176,0.2867600041336281,-0.14181139263889225,0.873592996067846,0.12620071317140374,0.8151497933046818,0.6364512345384734,0.1024376612182072,0.3396394947620627,0.7129451440264636,0.09654137393351404,-0.04869159942314488,0.7591469688885102,0.1289989108704555,-0.10950862448999227,0.5948188245971889,0.06344841473912807,-0.08614025110016582,0.617290087687271,0.11503105097128417,-0.11693692942003966,0.8249535520145937,0.3387657439652253,1.2774869126943056,0.5938663096541894,0.46482902120697567,1.5303533369287095,0.4984236389316007,0.3981981363129947,1.341896830991788,0.5019617178026557,0.47495460476679574,1.1920264023490026,0.6957638143640315,0.5370854101433634,0.9193393287623534,0.7669528937356374,0.4255982630928411,0.7818327769251863,0.6539050473690029,0.34209167889194436,0.7570641337984739,0.6101258053521386,0.33074366115887577,0.7279270558809149,0.6085561426890574,0.3394206201225529,0.7099868915746625,0.6301204379672688,0.18466426138982273,1.2457324076063394,0.5494772820604,0.053236932680956556,0.9925122191712352,0.47116216024351004,0.16847225328573343,0.7961664319600826,0.5109363534770882,0.2561197030519079,0.7737607078956704,0.4974335437536733,0.259266410253384,0.7329319316228018,0.5040531642120637,0.2054635138621925,0.7193392245983737,0.4960135074850611,4.7
0.3133684596400187,0.7802611688937635,0.7129749665399632,0.32590016047851517,0.35060527448298984,0.7051071661823212,0.3182320019693023,-0.055220050725900235,0.8018153310933345,0.28303838086915106,-0.10564834875455938,0.6007232220089895,0.35674964184596925,-0.10762541779910612,0.6505453911347955,0.2868185436058962,-0.14074271316302334,0.872263033622043,0.1259844113044116,0.818543198424769,0.6407585790776006,0.10237085831253058,0.34233993521263756,0.712353773978414,0.09612201598718334,-0.04700842317937878,0.7580444535058113,0.12945414897483543,-0.11088344725304794,0.5953129010383567,0.06347868463943156,-0.08623408237227265,0.6173648594107879,0.11439543526675025,-0.11478912366224872,0.8238595360637384,0.3379624008804408,1.2711565454136728,0.593432239846355,0.46430283626931856,1.5290227007305228,0.49651779164546833,0.3970100258192677,1.3363554500115578,0.5038070290320987,0.4757524308947896,1.1931431353270143,0.6934630070419896,0.5418588333281333,0.9185959815337704,0.7729892731023963,0.42483755351430563,0.780977208330169,0.6565127313851618,0.34101152688729364,0.7608259504727054,0.6107594659173202,0.3307798435988416,0.7310442585011476,0.6094279021119016,0.33898336384326155,0.710130997573178,0.6316794648455747,0.1836282267045825,1.2434051123628513,0.5474407479170892,0.04841211740837565,0.9888498671858014,0.47617697174337315,0.16314394017308723,0.7907668494310881,0.5216697105926125,0.2500206273912049,0.7677134263621698,0.5073628666790833,0.2507720865560723,0.7245972096384072,0.5137647504606395,0.20018801015615423,0.7126831518437169,0.5033311515553616,4.716666666666667
0.3133188766381279,0.7843562901841886,0.7152297204068482,0.3261872562256896,0.35262441418276674,0.7048565085393241,0.3183851317383026,-0.05499144730950786,0.8021509933933332,0.2846020502368146,-0.10428004472779037,0.6000672925939552,0.357637113695316,-0.10587825650119323,0.6488213183271861,0.28678084136401444,-0.13986633747430985,0.8710816956197958,0.1258688706189604,0.8214251898844251,0.6456311607080434,0.10236237822135633,0.34508419826552517,0.7117963043557891,0.09586598774412262,-0.045379046884454294,0.7571771255016155,0.12961696883104704,-0.11181175977535478,0.5956284959248443,0.0635111931900166,-0.08633063538761436,0.6174425586489641,0.11381380079388573,-0.11266761908361385,0.822979049038398,0.3369836625203775,1.2644523080689758,0.5924658586765874,0.4631292984320733,1.5268508869673323,0.4936274084074941,0.3964957520474549,1.331461941278253,0.504972247730997,0.47657215505378314,1.193937854076879,0.6912696148662882,0.5453598616199394,0.9181930833747757,0.7758603098127925,0.42373266878143284,0.7798540798084845,0.6592264452255943,0.33941995640953904,0.763549069145684,0.6118507711430027,0.33024109335976587,0.7332542933632943,0.6121682243229436,0.3376167374715474,0.7096243857181563,0.6322255270573298,0.18244398815120688,1.2412198140264732,0.5453287953659776,0.0445586638034082,0.9849791200959244,0.4824164046484277,0.1587750320895512,0.7850225032715179,0.5331282629530903,0.2450234293495704,0.7595817687682925,0.5200170038422345,0.2431506638407956,0.7149769421458063,0.5250763460315776,0.19666388499234091,0.7061431774597754,0.510161154088014,4.733333333333333
0.31346023987604876,0.7881963826817525,0.7176042155922936,0.3263425141196761,0.35445026595396295,0.7053322832082181,0.31857620999743963,-0.05451390358317351,0.802026203060965,0.2859135578421191,-0.1027908165457353,0.5992118746976602,0.3582832231366433,-0.1045803460053882,0.6479666627457379,0.28665290790281084,-0.13901547825543564,0.8701464991779135,0.1259408113225253,0.8237839629069137,0.6508581936789201,0.1024087807799262,0.3477556879715729,0.7113195350113721,0.09577272302471018,-0.04393331053119237,0.7565419469874257,0.12958336754149863,-0.1120686079553343,0.5957272771593963,0.06355649618320983,-0.08639498333199758,0.6174850694923457,0.11332998429737086,-0.11071343424692684,0.8222764622734022,0.3359523651922902,1.258165696879945,0.5907874462020899,0.4603990346089636,1.5241568318963232,0.48862395355149296,0.3960155321732271,1.3277564040364662,0.5041498478774697,0.47716223167141725,1.1943503411317844,0.6891648951120979,0.5470983980676914,0.9183699068992878,0.7748331234997262,0.4221563654787599,0.7787212834790088,0.6620956020628601,0.3373550712108265,0.7650530416055331,0.6132604528689238,0.3287451852837504,0.7339972551831936,0.617006329732557,0.3347317718550946,0.7085801219301978,0.6326575523439774,0.18136135567496303,1.2390720303901859,0.5434476637854045,0.04201557109913327,0.9811957063794104,0.48927779013889455,0.15566570189565587,0.77970084527129,0.544010534477061,0.24157455525214042,0.7502758332041987,0.5339322992957105,0.23746042881138346,0.7052841196458213,0.5368256567949141,0.19478847651224837,0.7001267392713169,0.5163326981584213,4.75
0.31384897167288384,0.7914371878514131,0.7201572936205592,0.326427619723537,0.3560471447848017,0.706317172562685,0.3188009347925493,-0.05380001383873771,0.8014672079102839,0.2867868180666221,-0.10155162838842961,0.5984067242080213,0.35864000868305945,-0.10407090896897092,0.6478736200619925,0.28641420267449735,-0.13808564786052563,0.8695529010497759,0.12628555671739028,0.8254331297125632,0.6562448048136684,0.10251533257716598,0.3501373604737853,0.7109943942973149,0.09580603279443659,-0.042785592073146264,0.756114439126944,0.12948976742447854,-0.11191152322244165,0.5956723663482819,0.06361656587684911,-0.0863953783805953,0.6174690061641069,0.11295952105052695,-0.10900741335293551,0.8217510895559176,0.3348987365334297,1.2528584735837853,0.5886771015887822,0.4555589933634601,1.5213972255687283,0.480633225335665,0.3947651354339793,1.3254276014727766,0.5012477868606194,0.4772701787418698,1.1943177155436346,0.6869175312617304,0.5472335857469787,0.9190583961480385,0.770430983082826,0.4201842856596615,0.7778979787531115,0.6648314751187558,0.3349060528295504,0.7653856083264731,0.6151467597940026,0.3257897544349384,0.7331055961522293,0.6240587182785599,0.3302101123746128,0.707246860177555,0.6339622558158468,0.1803711891159976,1.2368980593479486,0.5420796901899516,0.0405823076865027,0.9776857793468312,0.4963279672281944,0.15372459261749738,0.77541139697227,0.5532798253963634,0.23971748833165385,0.7412721795510298,0.5474567523585561,0.23414750900295273,0.6967061393343889,0.5481394302340538,0.19439945840551381,0.6948840579451341,0.5224776296504364,4.766666666666667
0.3144758829555631,0.7937192338153403,0.7228051657190955,0.32650330876826683,0.35737292148765565,0.7075776757022083,0.31907365413206923,-0.05290039776452733,0.800619134949466,0.287122561268965,-0.10086097496887761,0.5977630518794462,0.3587055568481442,-0.10432965244048141,0.6480763455274883,0.2860723086626683,-0.13706744558788378,0.8693290086809926,0.12688719295107437,0.8260618003042345,0.6618000146182664,0.10267966156893737,0.3519744709286351,0.7109044808874863,0.09593873844867756,-0.04198689061799682,0.7558980302524325,0.12942715180777292,-0.11168568563719421,0.5955758957773158,0.06368533915537837,-0.08631400388119324,0.6173816538103504,0.11268932801440919,-0.10760144312661618,0.8214506585024394,0.33369850890777364,1.248530783658301,0.5867898263851856,0.44884474400209173,1.5187520543282367,0.46947347585912097,0.39228567526191116,1.324017563961087,0.4971597223056686,0.47676938063009355,1.1938130016053166,0.6842037057823874,0.5462951850291365,0.919988961310731,0.7639931863452059,0.4180524728195837,0.7776211719737568,0.6670771278743275,0.33226457662782505,0.7647669537155798,0.6179549960870154,0.3213572898994,0.7309919809258832,0.6330653890644304,0.3244630356066307,0.7060509424635769,0.6367397499503407,0.1793717718480444,1.2347573876399907,0.5414401336182002,0.03966123984834022,0.9745211987605217,0.5034031903062903,0.15270323089632726,0.7725174189234945,0.5602677527223336,0.23941290875681484,0.7343894955333059,0.5592026663320053,0.23321670016402168,0.6903368817354893,0.5583896435507094,0.19530193382443295,0.6907706783618395,0.5288553938440332,4.783333333333333
0.3152616695824568,0.7949716972895587,0.7253416801624668,0.32658314089239454,0.3583743858989426,0.7090852316267643,0.3194318327637731,-0.051814360112172844,0.7996554399310586,0.2869881001550216,-0.10079293687132224,0.5973229535794858,0.3586259638562951,-0.10498722035556751,0.6484199485185302,0.28572235385185585,-0.1359475070082596,0.8693684363963939,0.1275908247495967,0.8254914298397724,0.6676805108968045,0.10290106893071375,0.35316156636414986,0.7110776346549172,0.09615710355578298,-0.04145250471427575,0.7559258371463424,0.1293906716833335,-0.11154739286727097,0.5954920550235745,0.06375436786605976,-0.08615467966139032,0.6172228092935546,0.11246779870346905,-0.10657097640555104,0.8215004629699894,0.33229460108910047,1.244829185019921,0.5857340520487841,0.44110647345785886,1.5162271080479959,0.4559719180672501,0.38862732834315217,1.3229191766069828,0.4929551998945773,0.4757574374390698,1.1928910247511582,0.6807477901383017,0.5448878288154578,0.9208716960212918,0.75708598031459,0.4160320977541636,0.7779727783546891,0.6686704539222553,0.3296197513123189,0.7635981965693054,0.6221019872208784,0.31601010746172553,0.7285218645526985,0.6434939236553262,0.3181045959710038,0.7054573889068356,0.6412243037984776,0.17826707208929665,1.2327972870382458,0.5415508054814756,0.038584014889581464,0.971785720855112,0.5103159160103983,0.15240686425733826,0.7711334834103922,0.5646211277709458,0.24066143043229593,0.7311256788906819,0.5683075651073974,0.23440348605527478,0.6870370313812233,0.5669989006982242,0.1972012045834668,0.6883170500037505,0.534754279032975,4.8
0.31609596913573684,0.7955022701725089,0.7276456751602368,0.3266417211992504,0.3589943147364881,0.7109485746076618,0.31989015043441904,-0.050487508659933567,0.7987009141410656,0.2866236928958234,-0.10109878946700591,0.5971690669148957,0.35861844360755285,-0.10557332861913203,0.6491123937633378,0.2854987557846084,-0.13467536823518444,0.8694871794630209,0.12820098374016262,0.8238685656199625,0.6740474777989576,0.10319582775093791,0.3538676430028572,0.7113997990562602,0.096446726644284,-0.04099701167105248,0.7562274000789176,0.12932101598965118,-0.11148460077219612,0.5954069584070855,0.06381889048519526,-0.08593885360124076,0.6170090497927474,0.11220774614343818,-0.10595228272388084,0.8221387326049874,0.3308653696381256,1.2414837085314097,0.5858208800288477,0.4333406930086292,1.5139233305212096,0.44183741658107245,0.3841037676092937,1.321838304333612,0.48954298849363687,0.47447615859004644,1.1917621830266916,0.6765107877246601,0.5436901690388823,0.921491332846053,0.7510402327939277,0.414379056671643,0.7789174858626492,0.6695517892539762,0.32694337165114373,0.7624798847652811,0.6276333314715086,0.3103973932004129,0.7266289121589834,0.6546147901451068,0.311739169970848,0.7057508406717585,0.6472057711044298,0.17692093555731453,1.2311456813585744,0.5421165464716711,0.036879707925679614,0.9696455631363969,0.5166577002401025,0.15262346670055993,0.7710780627437506,0.5663449438114083,0.24312175796538457,0.7319695750470961,0.574597419777263,0.23707484712499483,0.6870750240140405,0.5735970721772378,0.1997052226979836,0.6878989681446601,0.5393092032780294,4.816666666666666
0.3168922080158676,0.7957140224179434,0.7298979840991988,0.3266451870511496,0.3592167319688263,0.7131735936900004,0.3203926694239131,-0.04890411264816728,0.7978420782977212,0.2863000675456413,-0.10129246707211707,0.5973787873925265,0.35878040029910785,-0.10579313441808456,0.650184272722788,0.28543915310501133,-0.13324345747166055,0.8696289093697183,0.1286195095953185,0.8216496530622844,0.6809753420664523,0.10357097285944061,0.35443581964808585,0.7116504535281535,0.09678479187850553,-0.04049686175004576,0.7567684786828499,0.12919228569053046,-0.11145265120261418,0.5953040128377819,0.06387896135733696,-0.08570053627219978,0.6167752029886013,0.11183531218365203,-0.1056626412638529,0.8236197085815824,0.32964730525934316,1.2384257071894145,0.5870595860070602,0.4263411019570217,1.511990565952274,0.42894142077349906,0.3791110952630147,1.3206781859690544,0.48774681432130773,0.47311600346544225,1.1908149700253945,0.6717603738135123,0.5434031109821261,0.9218250996123389,0.7466170452619271,0.4132990010970735,0.780392764419561,0.6696042914056607,0.32403385785763406,0.761954954228889,0.6342792394804607,0.30498237759958713,0.7258549978861746,0.6655707114464654,0.30603683711559143,0.7068661933317517,0.6539460090030361,0.17515826015325214,1.2298631103188757,0.5426465729200252,0.03438472375741652,0.9682757802008382,0.5219154528146257,0.1529407458067379,0.7718740381293296,0.5661273640282417,0.2458466795005031,0.7362515466128223,0.5786033174397845,0.24024642981641708,0.6899195967330152,0.5783820744245649,0.20233994984546289,0.6892352283983295,0.542751123766416,4.833333333333333
0.3176338275347357,0.7957458634970438,0.7325178743113314,0.3265724176918828,0.35909649777500036,0.7155802276038477,0.3208519746089577,-0.04715674224002045,0.7971624321126032,0.2861513763091037,-0.10097252426465042,0.5979000023701181,0.35904931703117327,-0.10558784188342886,0.6513879961358,0.2854530103693249,-0.13172687312314801,0.8699108943670123,0.12885979580735873,0.8193096905891897,0.6884080024268466,0.103974063666175,0.35511150146451714,0.7116953679544304,0.09714418884413445,-0.039973152558706745,0.7574203667018791,0.12908823439263292,-0.11144596908654049,0.5952280734933263,0.06393346604011875,-0.08548820841703315,0.6165717961499401,0.11134953197603474,-0.10557484457369543,0.8259627115472334,0.3286504762759309,1.2356333014066312,0.5890656961124309,0.42064335487625565,1.5104922096228646,0.41852570335734796,0.3741256244880651,1.3193960108875151,0.487924428309777,0.4717687037032815,1.190466399896738,0.666989519135781,0.5444379395640645,0.922092171275034,0.7437991270299912,0.41286588147781256,0.7823204474102298,0.6686783748216409,0.32079176811385324,0.7621518032027235,0.641786330251914,0.3002070972124561,0.7262183800731008,0.6756205416502299,0.3017767465471596,0.7084911030633679,0.6602197551614944,0.17287078037451586,1.2289521752753219,0.5427923938594628,0.03118531339637095,0.9677041044897633,0.5257976478964782,0.1528187623550302,0.7729474108980506,0.5653732113600308,0.24777949416216938,0.7426433013230821,0.5812324184646159,0.24295478751148059,0.6945681418509151,0.5818616882621009,0.20463735269058167,0.6914120737623869,0.5463525980223715,4.85
0.31835277034138554,0.7954465009227657,0.7357959081671761,0.32643074706004194,0.35869857951826606,0.7179504169638942,0.3212113265677472,-0.04544370108690671,0.7967286381356743,0.28616253456328355,-0.10005871574579911,0.5984690538569515,0.35930881947824755,-0.10504207055761297,0.6525862937010708,0.2854305003192471,-0.1302430258509422,0.8704529481717871,0.1289643524778497,0.8170090316852665,0.6961505896675632,0.10431369142457597,0.3558333624765081,0.7116078733272586,0.09751439486185218,-0.039520960384335446,0.7580542664145532,0.12917517117576274,-0.11149391192268857,0.5953025692450681,0.06397875936579131,-0.08535864231200542,0.616446080495062,0.11082656084047698,-0.1055999019483934,0.8287856558345983,0.32766006496313027,1.2331225522452303,0.5909951775459465,0.41658068395786224,1.5094947021664744,0.4111102798126657,0.3696951051506695,1.3181016781705766,0.4894536176440384,0.47052624766830914,1.190904888897427,0.6627539997476221,0.5466343564463481,0.9226056224529041,0.7418780680912136,0.4129926183386162,0.7845381464426474,0.6667653235100874,0.31739097069825667,0.7628717556901783,0.6496776778003843,0.2965846566305825,0.7274829412926148,0.6840270854462702,0.29957102055247264,0.710417772514442,0.6644319098680189,0.17009391054298012,1.2283430371468818,0.542611535277799,0.027483113680881043,0.9677340812266931,0.5284459897592213,0.15192159124472263,0.7739180570582576,0.5653514308106523,0.24847017089783047,0.7498412709646393,0.5832302363304218,0.24466219304203823,0.7001190224410869,0.5842577167023235,0.2063324101246842,0.6935969828125553,0.5510298206679997,4.866666666666666
0.31907051862213753,0.7946763548168219,0.7396983017624196,0.3262450769748895,0.3580225068491619,0.7201597733002671,0.32143631909782616,-0.04400587780204612,0.7965935445778985,0.28627382490608133,-0.09871867870624881,0.5987484615995218,0.3594851647497268,-0.10428611972929128,0.6538228022838356,0.28530968179935867,-0.12893145878153667,0.8713319844073534,0.12896419025910405,0.8146720757786062,0.7038901402515199,0.10453142301280673,0.3563157871616465,0.7115663973260983,0.09791110728492516,-0.0392175048637808,0.758663518214294,0.12956794463116866,-0.11164257786411155,0.5956719574328126,0.0640160282363614,-0.08535002534382093,0.6164129681697206,0.11037630817048473,-0.10564847496987648,0.8314970041474316,0.32649932065618237,1.2311059805176752,0.59183680902363,0.4141500240527344,1.5090929715821952,0.4066763521078015,0.3662997712301852,1.3170529758270302,0.49099829568809605,0.4694784694680425,1.192019008474266,0.6593473509325771,0.5493487497410022,0.9235516073391496,0.7400117963065722,0.4135203637007664,0.7867817918607468,0.6642257625998891,0.3142873756979637,0.7639946132702432,0.6566587144059336,0.2944667447251732,0.7293614499207897,0.6898411830242164,0.2994238973456842,0.7127054870685057,0.6650980780693323,0.16700355910177048,1.2278617862808843,0.5425687058616292,0.02356820660312777,0.9680528934580966,0.5302003925585198,0.15029205825523495,0.7746993284061844,0.5663739640264295,0.2481531293727233,0.7568062165986015,0.5848587538536083,0.24533026720982276,0.7059280477189598,0.585624523120961,0.2073983879029242,0.6954981949415968,0.5565472308906569,4.883333333333334
0.31979597789228953,0.7935912772064058,0.7440809689073118,0.3260317977647569,0.35704368274531506,0.7221575782663363,0.32149552024085926,-0.043007816090350454,0.796798075304602,0.2864486996405514,-0.09721824905043162,0.5986497691610065,0.3595874836363848,-0.10345298749566924,0.6550892097948426,0.2850648706133895,-0.12794653166272918,0.8726217268311633,0.12887972319951832,0.8123575815960984,0.7113061979972789,0.1046182198566849,0.3563488487789719,0.7117074116468232,0.09834496555132378,-0.03907410201936927,0.7593158542148107,0.13024294415082677,-0.11193160828709696,0.5963442791963655,0.06405228936382967,-0.08545640310468794,0.6164516888483336,0.11008231704413195,-0.10564594584400436,0.8337170276812136,0.3251756537543601,1.2299117815075606,0.5909897155238273,0.41279768755158486,1.509186809922271,0.404482673637906,0.36408045034526226,1.3164717200123037,0.4914038325741686,0.46858111674518566,1.1935687672863475,0.6565114150738663,0.5518973754974491,0.9248798870315902,0.7378256686534641,0.41434225104212086,0.7887942055898245,0.6616904180826015,0.31207629841814566,0.7654740713336778,0.661129545289048,0.29372461871589683,0.7314843262009377,0.6923566796449526,0.30062678049291913,0.7155048417644035,0.6614213242141278,0.16383952825132872,1.2272661115899763,0.5433004606419922,0.01987703660545049,0.9683734959231589,0.5313625822474959,0.1482179632798723,0.7752846858908939,0.5680736792075973,0.24727494384232435,0.7626003511209282,0.5860634160952956,0.24520960669633374,0.7112557995167241,0.586386750209287,0.2078059727911859,0.69689290741383,0.5625130705461687,4.9
0.32054612263776494,0.792640269380339,0.7489048998300258,0.3258009615882886,0.3558422838986696,0.7239184885337455,0.32139670908235624,-0.0424237488408578,0.7972837373709857,0.2866709831765253,-0.09583463320736917,0.5983765247977177,0.35967721537954017,-0.10267568875017496,0.6562441267961653,0.2847064081172522,-0.12736683950684408,0.8742756214234927,0.1287014172093959,0.8103714451591147,0.7182464475589442,0.10459341382754145,0.3560218639270334,0.7120469535110237,0.09879918663594701,-0.039039185432071535,0.7600294116297436,0.13107566781544344,-0.11231801788053684,0.5970094039972491,0.06409057030892308,-0.08563240340176849,0.6165314121623378,0.10995373048414929,-0.1056016640874442,0.8354050875212744,0.3237637723815008,1.2295983140390927,0.5887561087279805,0.4115199603244739,1.5093868423895014,0.4032363559012384,0.362692264379877,1.3163899414747604,0.49029649182190316,0.46759215805885407,1.195315892216684,0.6535658457621416,0.5538781179317283,0.9263916582862599,0.7354157715042196,0.41542960432280573,0.7905124797524512,0.6594127174427962,0.311165380508585,0.7670397740262749,0.6625473466293912,0.2937393576700401,0.7335416971179842,0.6914087365980497,0.30212674457038213,0.7188983885918834,0.65332520946394,0.16080775789289986,1.2263826378237939,0.5452698629023807,0.016884519985229808,0.9684497065123201,0.5324723468071899,0.14605747416554693,0.77548717900511,0.5701868620763071,0.2461129165139977,0.7664355967835956,0.5869029043166754,0.24458616999805,0.7150616039342073,0.5872848722308293,0.20734195643034403,0.6971028498219316,0.5693931750405508,4.916666666666667
0.321320642287764,0.7922495008835988,0.7541761126394435,0.32556071527462205,0.3546413109284204,0.7254365371311114,0.32120975022249354,-0.0420547565671161,0.7978557797965481,0.286920754257896,-0.09480089307019449,0.5981107011160802,0.3598018382127904,-0.10207036255435521,0.6571321534406335,0.2842728308301578,-0.12708100852143156,0.8760537905443794,0.12838856610611657,0.8090087508800292,0.724740153485189,0.10449294903104442,0.3556948991217123,0.7124353912666357,0.099250369359198,-0.03906353148834571,0.760773202588098,0.13194293896283593,-0.11259273458969866,0.5971293620521265,0.06412479779655748,-0.08582546376667499,0.616631678106142,0.10994371292000632,-0.10556843424658108,0.8366331149253,0.32226175547430563,1.2297348685459966,0.5862500801254061,0.4093378753423904,1.5092263084962034,0.40195120361838177,0.36154695116418767,1.3166437404912097,0.4878721488041635,0.4662109277191908,1.1970132372864009,0.6498873785949588,0.5550647534241987,0.927917387578773,0.7329144919013415,0.41667286506468343,0.7921625014983242,0.6567648221391461,0.3114673423340854,0.7683447715282818,0.6616242313033075,0.2937341597503249,0.7355215532122803,0.6869691756058119,0.3028710390096464,0.7228763108925544,0.6414151844346894,0.1580477111560128,1.2252232605904227,0.5484891124094198,0.014864696545666457,0.9680958767967581,0.5343750789054075,0.14417539020684847,0.7750328317159354,0.5727463110109037,0.244797183988399,0.7680530177491107,0.5876690118948389,0.24365481686248908,0.7164032152382657,0.5888761920687802,0.20578052747815279,0.6954144652068206,0.5776430288671766,4.933333333333334
0.32208452685788685,0.7924250003397272,0.7597869259314559,0.3253011467798902,0.35368025953518945,0.7267082032562258,0.3210184619636662,-0.04168948753967129,0.7983089752702237,0.2871534898807977,-0.0943379920843394,0.5978798726922555,0.3599721895921632,-0.10172280829007972,0.6577839661674151,0.2838034487169066,-0.12684163659220235,0.877698256030575,0.12792009020263376,0.8082643777931203,0.7308011240573495,0.1043493796027301,0.3557394931047939,0.7126416648401963,0.09968476500584177,-0.03915314041033542,0.7615322363507562,0.13278967215499898,-0.11243326787690813,0.5963174942687968,0.0641449546602346,-0.086001417431637,0.6167428140529291,0.11001514631829605,-0.10558096085920063,0.8374398718713844,0.3206274931561944,1.2296530037761984,0.5846492461294033,0.4056221721516847,1.508432268704961,0.40042873152620895,0.36015251720618185,1.3170421837276116,0.48430641244733275,0.464339419955023,1.1984058429150468,0.6453736409348825,0.5552351697820527,0.9293243625833705,0.7302057422991612,0.4176062380737682,0.7940409083206104,0.6526533974126882,0.3122320781033435,0.7693312953659168,0.659232592353265,0.29298602672977025,0.7376312188481045,0.679111260084987,0.3018702598656891,0.7272166574287894,0.6273644014187122,0.15560644122354708,1.2239493913575796,0.552566885079254,0.013791865162515602,0.9673092273078903,0.5375792516286089,0.14292036676109987,0.7738769428449616,0.5757152237225859,0.24353858126796923,0.7678702778382276,0.5885722627189662,0.2425481394289301,0.7150036034088567,0.5912601386615055,0.20317843188438334,0.6918442346122599,0.5864032136827555,4.95
0.322811306121274,0.7927011456039165,0.765490202985472,0.3250066213061373,0.35306832042593006,0.7277080048947726,0.3208661288822703,-0.04123843583867376,0.7985463823190434,0.2872986761930802,-0.09464669889455771,0.5977028427826443,0.3601888794508798,-0.10169416636320952,0.6584447978256083,0.28333359047161744,-0.12648493295838098,0.8791074311711612,0.12734371557023547,0.8078038240112306,0.7363369863557172,0.10418469458688236,0.3562912976757066,0.7125513643350033,0.10008937500594417,-0.03932662834242018,0.7622938503900824,0.1335872509227355,-0.11159036412488708,0.5945479857178171,0.06414404516763858,-0.08614097300857991,0.6168549496292134,0.11016759583964827,-0.10567024412992285,0.8378379170573492,0.3188810033350364,1.2288765894500282,0.5845496571259351,0.4000251100036647,1.507066143903827,0.3988326506271188,0.3581556011122967,1.3175404422686439,0.47945535061278055,0.46217551650685895,1.1993376545938934,0.640471906811939,0.5542524005255434,0.9303662892169731,0.7269730033216028,0.4173752362925214,0.7961201546488258,0.6464743774690084,0.3120473902763314,0.770260634937771,0.6556025168782121,0.2907620506631765,0.7400783434443281,0.668418082847544,0.29830089562981976,0.7314042152066601,0.6137217597584373,0.1533729970111485,1.2227461519125846,0.5570723931567693,0.013447721488680783,0.9662894118501401,0.5417878818305127,0.14254999223279113,0.7722369229912984,0.5788090328714485,0.24264179102363898,0.7665744735029596,0.589494042726035,0.24139653631361394,0.7113344496613335,0.5941405032361271,0.1999933468193425,0.687251263839956,0.5938048374903622,4.966666666666667
0.32351955315141934,0.7925897557863171,0.7710072610300154,0.3246884890134454,0.3527638565835586,0.7283965322965732,0.32074874382532637,-0.040727490280384776,0.7985727948114061,0.2872954201391809,-0.0957341364132175,0.5976473184359097,0.36044375576874543,-0.10200686089812902,0.6592418697185704,0.282890856155016,-0.12603675298613942,0.880289583947194,0.1267681119921902,0.8072487239435829,0.7412757275866548,0.10402691055828858,0.35727994196560414,0.7122148745604446,0.1004413858308627,-0.0395227603045501,0.7629713803908487,0.134293497698034,-0.11004280119260774,0.5920560581503796,0.06412293858525012,-0.08622830104396771,0.6169505239886344,0.11041069294866615,-0.10582649412020285,0.8378426894740554,0.3170808933329712,1.2273143771429589,0.5859642419692268,0.3924382993356078,1.505464290117187,0.3970768041232612,0.3553033927577063,1.3181772041459348,0.4730691442437737,0.45999007779293016,1.1998849745923494,0.6356586814475946,0.5521677744846385,0.9307409921843005,0.7229454595436993,0.4151252280929373,0.7980220455407087,0.6385860204779739,0.3093215803080427,0.7714945964980092,0.6504358124577991,0.2864239574607138,0.7428871801525998,0.6561093334446182,0.29190069205432545,0.7347983453479798,0.602842278646857,0.1511396455345953,1.2217443476042078,0.5617442927903445,0.013617741221472867,0.9652721805906636,0.5462193210070472,0.14308632184608724,0.7703451750862534,0.5817466690111637,0.24227869189587453,0.7646307164006184,0.5901016717573696,0.24033424108284707,0.7062524041204524,0.5970388710752147,0.19701366959585595,0.6826899067449541,0.5984599139817639,4.983333333333333
0.32424422732628444,0.7920273573965029,0.776104867236452,0.3243761007330338,0.3526674235934494,0.7287390806470536,0.32063728814488474,-0.04020016633615159,0.7984426408780704,0.28715066051763344,-0.0973660037514045,0.5977242665311058,0.36068815491633327,-0.1026563498882003,0.6599348798730182,0.28249214781489157,-0.12557080865911854,0.8812519741222798,0.12628872886680823,0.8065418424382436,0.7456427957320448,0.10391823991592751,0.35860328056781476,0.7117209995565141,0.10070603362578481,-0.039590640587971404,0.7633976682767933,0.13492422086182093,-0.10797439598819059,0.5892003416730405,0.06408963445109238,-0.0862549124502409,0.6170146015199156,0.11072154916431315,-0.10589529666404915,0.837541515087656,0.31523744013994803,1.2251965916768754,0.5885134457091948,0.3830999817033826,1.5040156758674883,0.39485394303966015,0.35153666266105255,1.3189160494630323,0.465284169200883,0.45786332061491275,1.2003240550033618,0.6310426516990748,0.5491515002054155,0.9303463180983192,0.7181873973807018,0.4103876758176314,0.7994321362831103,0.6299919539167901,0.30318361543370825,0.7732232987657258,0.6435240109031526,0.27985945878247925,0.745763339410141,0.643804328565293,0.2833455495176091,0.7368627827649508,0.5961657044381954,0.14882110361349513,1.2210045238586846,0.5663225401542942,0.014170228585983203,0.9643799734045982,0.5502196875620722,0.1442617652297511,0.7683428111084869,0.5844941625378849,0.24241622831782572,0.7622577618214443,0.5901530676901947,0.23949085271805803,0.7006268874123946,0.5994454354453447,0.1951703837970442,0.6786280029234374,0.6004879936682442,5.0
0.32499067862977693,0.7913136113371217,0.7805776752856257,0.3240875680667665,0.35273142592202567,0.7286989796463698,0.3205071811415707,-0.03964581905380481,0.7982264855515071,0.2869547118007605,-0.09924244956233023,0.5978146891629258,0.36084953290356736,-0.10360759503043644,0.6602499050657994,0.28216217409637434,-0.12507523746194846,0.8819895564277214,0.1259083416142779,0.8059555967098829,0.7494976319644686,0.10390051993662507,0.3601729838355008,0.711138799066748,0.10084639086649409,-0.03942302061096167,0.7634558761117476,0.13559206747375094,-0.10562637025835651,0.5863992043117714,0.06405315225295469,-0.08622370323773759,0.6170508593712493,0.111006008652029,-0.10564687839616338,0.8371157330725044,0.3132940336001381,1.222951065667442,0.5914193554984526,0.37261823361752905,1.5030091548102276,0.39218693958379425,0.34697825270279514,1.3196461773732568,0.4570020851803431,0.4557049822879471,1.200879928428082,0.6266041631734545,0.5453933369402513,0.9293469775914649,0.7131635082702532,0.4031684168704278,0.8003347627543789,0.6217339971581978,0.29401443814978867,0.7753290747650552,0.6352272665547313,0.271725226077676,0.7482347940190963,0.632927405401537,0.27404274114898,0.7373624499381348,0.5941023310378217,0.1465287528222553,1.2204980945028125,0.570427102694286,0.014929505258192758,0.9635962036004688,0.5535977655730324,0.14567448450411205,0.7663966337380854,0.5871020843177086,0.24292381687062997,0.7597179376015911,0.5897541415081162,0.23897688523613653,0.695179373346316,0.6009272082907176,0.19527000797616334,0.6749196361216577,0.6011452955730037,5.016666666666667
0.3257311730024551,0.7907746729316985,0.7842233710084185,0.32382804063690535,0.35299402322936607,0.7282144369003816,0.3203679649871582,-0.03904320579561771,0.7979918790362783,0.2868083028836839,-0.10101052933885017,0.5977458944762515,0.36089208094881253,-0.10462404615999278,0.6602567874600931,0.28192691889545374,-0.12452801294251356,0.8825158484272243,0.12554601328107218,0.805729753467719,0.7528320539343428,0.10398351155079193,0.3618946619667644,0.7105275276032409,0.10084105614357589,-0.03906734973448632,0.7631829454416993,0.1364032406923682,-0.10322672117086087,0.5840837490803032,0.06402059038941987,-0.08613720556367033,0.617075144018876,0.11111062549541578,-0.10502747299727219,0.8367209422512049,0.3111913945226373,1.2210963766055418,0.5936264638077847,0.36186615724416116,1.5026629830983154,0.38962039058627707,0.3417683116567908,1.3202432453218036,0.4498498898102279,0.45344915018627663,1.2015407234982962,0.6224965845671618,0.5410820477443292,0.9280468289636707,0.7084107263710047,0.3939946520676014,0.8008429823617087,0.6145518353721391,0.2831977736435955,0.7775380761854548,0.6263795897720076,0.2631451250910888,0.7500011420553762,0.6241410439552424,0.26542826196153124,0.7365322252432849,0.5959423138666156,0.14439577072593246,1.220100624747302,0.5737428792211486,0.01561401115508521,0.9628289336517472,0.5566078821707857,0.1469696748929331,0.764774357250417,0.5893657885294488,0.2435797084147301,0.7574192739656382,0.5893363612371768,0.23881747253970181,0.6904705810891708,0.6013737398454246,0.19764579485307468,0.6714289369812216,0.6017602884405178,5.033333333333333
0.3264380157093228,0.7905917851842262,0.786891430721391,0.32359821947056877,0.3535232581668493,0.7272141054855225,0.3202725074222264,-0.038469621748729324,0.7977849613994389,0.28675636862676807,-0.10220055659809003,0.5974693532964916,0.3608546155382934,-0.10522855948888207,0.6601858166177047,0.2817917983571839,-0.12401814867669354,0.8828638779452171,0.1251340076721202,0.8058556286659706,0.7555435674974351,0.10414229648379308,0.36371266779039707,0.7099062251328124,0.10069861796008808,-0.03865057476369865,0.7627074167646402,0.13732488437092813,-0.10100680842024866,0.582592005561795,0.06399375428902204,-0.08600842760096525,0.6170949043909497,0.11093943826292074,-0.1042487690013646,0.836383578586953,0.30895085009383216,1.2200928541436076,0.5942600037210641,0.3518192500612298,1.5030833040426057,0.3877563862814681,0.335979403435391,1.3205562720204638,0.4456197375520553,0.45111529162627734,1.2021780638785244,0.6189225447932907,0.5364637074422816,0.9267713854259834,0.7042308059757416,0.3839757944578075,0.8010136699135225,0.6089832675216147,0.27250518409785157,0.7796272567624244,0.6178919658721662,0.2552214899273051,0.751092255124357,0.6174504346418854,0.25843444548855343,0.735038022253014,0.5998899936727805,0.14246359778253243,1.219659099773339,0.5761914721015231,0.016031386022600347,0.962035038217758,0.559673271666137,0.147888160350148,0.7637364072285524,0.5908638412415639,0.24404988957011756,0.7556905118455542,0.5893696526504804,0.23889372309472262,0.6868741215850472,0.6011675053648038,0.20190693713250346,0.6682530772252134,0.6032968460781882,5.05
0.32710081909118366,0.7908112863367811,0.7885679514875457,0.32339244104404,0.35434345700995795,0.7257149515465546,0.320280415672743,-0.03808353171801833,0.797581233175878,0.28681253036564824,-0.10243951306823434,0.5972205591926388,0.36083168263132187,-0.1050807146396638,0.6601260410604523,0.2817540374602556,-0.12371564182904417,0.8830603375050678,0.12468976293632875,0.8061980156928616,0.7575998469380258,0.10435061691129002,0.3656492120264944,0.7092520716585855,0.10047568764084731,-0.03826205830054438,0.7621844625725879,0.1381593554762558,-0.09918584295281636,0.5819743490093539,0.0639600896048938,-0.08591365350282505,0.6171063968587415,0.11057875837292372,-0.10359003932678955,0.8360664626212154,0.3066277685950506,1.2201281426814945,0.5932276442750595,0.34336585942999753,1.5040783197487602,0.3868370044660613,0.3297218337150346,1.3204199060903214,0.4455643810242383,0.44873407417288824,1.2027315172899724,0.6159624170548458,0.5319092148982518,0.9258107564643536,0.7007223982534089,0.3745660921951428,0.8008738392512305,0.6054772326775405,0.2635226226408561,0.7814032971679579,0.6105990978673705,0.248790650021743,0.7517142966850414,0.6126835259541253,0.2534029428745565,0.7336465111020809,0.6035623441279349,0.14074737413269617,1.219087468754779,0.5778395640412056,0.016222102412388584,0.9612682566762475,0.5631360453969134,0.1482775878313895,0.7633357333205453,0.5913828322579738,0.24399467407879827,0.7545654703459579,0.5901819695642795,0.2390160418459528,0.6844878842298565,0.6009117430769758,0.2070522165036169,0.6654010468829406,0.6064901633050699,5.066666666666666
0.3277060314420165,0.7913724932935692,0.7894089129255222,0.3231995045002256,0.355399034731518,0.7239358094653423,0.32040782798990053,-0.03793066097712229,0.7972253298654011,0.2869803731890715,-0.10169422644221127,0.5974697966846707,0.3609019331270369,-0.10425350683539951,0.6600224489545896,0.28181351548734024,-0.12373176400603425,0.8830887128146292,0.1242757642286017,0.806615184980678,0.759186681750957,0.10458101458320518,0.3677506004376575,0.708546793681887,0.10027321319376324,-0.037951875484254466,0.7617809136330395,0.1386554055289599,-0.09794019504643244,0.5818984734755249,0.06389453387414076,-0.08599305862117326,0.6171083478000535,0.11025062456302688,-0.10316659762740105,0.8357696190274443,0.30416431515877046,1.2210000009810442,0.5914814238498386,0.337059418134524,1.5052176470179985,0.38684002034479875,0.32330800802285403,1.3197136811472572,0.44994327481228036,0.44630089350729374,1.203233903904739,0.6135560082990994,0.5278156758312763,0.9254108649330921,0.6978319709946145,0.3670185262830601,0.8005514893071236,0.6040944291633078,0.2572191504595793,0.7826235192800644,0.6052012853890569,0.24433676401843024,0.7520451459568902,0.6096254884930024,0.25017164245590096,0.732833804577939,0.6050300782952507,0.1392551053815381,1.2183859034739157,0.5787215355950868,0.016275913647825314,0.9605627880166923,0.5673092929114101,0.14811516534252994,0.7633496749317432,0.5911633983368058,0.24319841547515272,0.753848641843035,0.5919119051134911,0.2390556826225856,0.6831130899037283,0.6009532477572057,0.21188998775155182,0.6627108586399674,0.6115763967804575,5.083333333333333
0.32821085737007843,0.7921231076283562,0.7896831425755856,0.323012784459354,0.35657983647285557,0.7222641845313993,0.32062628739261634,-0.037846978011671945,0.7964854075448442,0.28724086707272894,-0.10039672858827503,0.5986005846871691,0.3610722504231112,-0.10307686311054118,0.6598199870109537,0.28196036573033556,-0.1240133259933183,0.8828912736648574,0.12392086506822445,0.8069523432276426,0.7605531576964959,0.10479599454209125,0.37001033434735303,0.7078042451878473,0.10016938210764408,-0.03777300524283418,0.761589037802716,0.13867233983410782,-0.09739579488379915,0.5819094503742884,0.06377697491970645,-0.08635625748741846,0.6171097404936646,0.11013743291023315,-0.10291019338202492,0.8355257198663709,0.30137046261336836,1.2222517305660934,0.5904204058724067,0.3328513316229728,1.5061838089023667,0.3876733650107278,0.31719156921419667,1.3184007033453093,0.45795483659274444,0.44379757530089897,1.2038041628113123,0.6115015522908486,0.5244005591247372,0.9257146235159771,0.6953255161644949,0.3618865130778928,0.8002938000583156,0.6042338404955875,0.25376151931011726,0.7831159167222673,0.6018705892228284,0.24186304586186969,0.7522056332461471,0.6078921996570164,0.24818488995265542,0.7326152298496089,0.6039797463388177,0.13789801155713963,1.2175808474357839,0.5788799971653542,0.01612709160947945,0.9598747336423306,0.5724254593436708,0.14748528019133475,0.7634878310002289,0.5906488717571632,0.24167447061274686,0.7533334523209924,0.5943520124147692,0.23896764103829227,0.6824343033336239,0.6012633620543884,0.2154582876006568,0.6601416763714961,0.6178078515386534,5.1
0.32856646821698343,0.7928909254287891,0.7896703836747174,0.3228370873615828,0.3578044596678648,0.7210156063359492,0.32090129905581755,-0.03761930151865994,0.7952194477413634,0.2875695219714003,-0.09940867984300336,0.600590105091938,0.36128936429002323,-0.1019313406804011,0.659565470248415,0.28217041822649225,-0.12435148664727466,0.8824218764526216,0.1236174714152248,0.8071332780896157,0.7617859655138334,0.10497775288859507,0.37238587314753846,0.707063137288044,0.10016142403033097,-0.03778660123518786,0.7615756829912103,0.13824267083501265,-0.09760931220369269,0.5818021729759811,0.06360331608808124,-0.08701000673266533,0.6171264381541859,0.11029355604190795,-0.10270491574638772,0.8353576350869042,0.2980179366340873,1.223412063749555,0.5909309850418693,0.33002917000708165,1.5069561927605981,0.38898909001459603,0.31170753362504333,1.3165828252664529,0.4680971407721813,0.441258721807235,1.2046111892745313,0.6095624369229351,0.521675128863318,0.9266228084896521,0.6929104077316922,0.35889066022817967,0.8002695906702532,0.6049474009502085,0.25259986054148365,0.7829463276187962,0.5999070608951856,0.2409081046276111,0.7523280733852418,0.6069036839199135,0.246782162113565,0.7326742102971506,0.6017869116623179,0.1364665687396353,1.2167078768112973,0.578598476116175,0.01564566257593658,0.9592018344046962,0.5782667655978864,0.14654357684162614,0.7636249075405313,0.5901134975146635,0.23971238358163066,0.7529458795313129,0.5969204812563007,0.2387466269327544,0.6822272867743329,0.6016740470962366,0.21725420701770332,0.6578864212411925,0.6237751214451811,5.116666666666666
0.32880432172138696,0.7935518286724017,0.7895862332166504,0.32268423988237516,0.3590617360802811,0.7202260700397041,0.32121699028409856,-0.037172064701637766,0.7934758743448961,0.28793577791555514,-0.09945146505598824,0.6029477967525279,0.3614955836492295,-0.10114376970924877,0.6593796901286828,0.2824135057031316,-0.12451910447535144,0.88167752681992,0.12335220511855534,0.8072331989589263,0.7628530630601964,0.1051368549515339,0.37483773247768576,0.7063654216983016,0.1001997890784025,-0.03803443092434512,0.7616600309140723,0.13749209749251545,-0.09854318755063672,0.5816392484394587,0.06338469448349926,-0.08787426171103016,0.6171705506245074,0.11068643486071607,-0.10248578135540584,0.8352726408162896,0.2939211235385235,1.224162712068174,0.5930305421718034,0.32760801695745667,1.5077129612151043,0.38982825316007963,0.30695877328291,1.3145229219129861,0.4786192477199753,0.4387818839876353,1.2057744923224483,0.6075904514292172,0.5195756113690182,0.9277660931462945,0.6905009260971139,0.3572307156483615,0.8003848889629357,0.6055373729646272,0.25273626531989213,0.782420458793323,0.5981664110713256,0.24086838203488775,0.7525366325382215,0.606021768423739,0.24554575440740944,0.7327020340781453,0.600115953638547,0.1347708579655559,1.2158959556472368,0.5784532663931707,0.014808400278362686,0.9586521059949633,0.5841030418940563,0.14551917835262906,0.7637638261427696,0.5896412953134711,0.23776605201792045,0.7526916697329817,0.5989827976204156,0.23843820456964399,0.6823098576725659,0.6020687576408096,0.21733573379679055,0.656187453140274,0.6283460243565582,5.133333333333334
0.32905520870466715,0.7939907445198491,0.7895069739626377,0.32256567858238294,0.36033394774313554,0.7197407455683384,0.32157631252044466,-0.036581254582929656,0.7914846729410784,0.2882706638320456,-0.10043006105328993,0.604953314922693,0.361665849976834,-0.10088547278223105,0.6593666649907235,0.2826695460743773,-0.12442007305609888,0.8806801037397681,0.12310620710226436,0.8072816238201441,0.763802720018192,0.10528880963481134,0.377275032966466,0.7057560883803164,0.10024940062250902,-0.03851604969174126,0.7617981588575486,0.13657239571264387,-0.10007118443291771,0.5815275502664278,0.06314619877145183,-0.08882790037007346,0.6172413143024488,0.11123902759114435,-0.10227314865786984,0.8352730903277835,0.28904503869518244,1.2244666938723154,0.5960629196591501,0.32490085193789514,1.5086370346762894,0.38893031134372713,0.30284361048233727,1.3125646767368337,0.4877858420911261,0.43643888882295706,1.2073111768392057,0.6054761801257107,0.5179956173210983,0.9287065284795024,0.688381881710462,0.3560936714446163,0.8004159516494656,0.6058093070620674,0.2531161452858242,0.7819333739305783,0.5959532671473948,0.24127832798825677,0.7528119405974145,0.6048703316064304,0.2443289190295071,0.7326337875815095,0.599634455444243,0.13280318080549056,1.2153920521092507,0.5790002922756003,0.013711392142043508,0.9583267806241468,0.5891462304562786,0.14470600951902943,0.7638907783886704,0.5893075913049571,0.23627307124728741,0.7524944854205609,0.600185167736746,0.2381807691517336,0.6824165118652544,0.6023932121964002,0.21632712479524221,0.655152743691867,0.6312298928437594,5.15
0.32940787101180125,0.7941318982616529,0.7892833649203892,0.32249239651387207,0.36151899889542,0.7194489640343099,0.3219906145502764,-0.035974273401726806,0.7895803355689219,0.28848835034646075,-0.10162626269976059,0.6060306466059526,0.36178631092802016,-0.10115868657556806,0.6595230391408764,0.28294645789282147,-0.12408260789146719,0.8794467522492353,0.12285973017442121,0.8071407854884205,0.7648080141383204,0.10544251489724837,0.37951604550557383,0.705290089915639,0.1003005448247725,-0.039189436635049826,0.761995782187652,0.135657337868817,-0.10197296864866766,0.5815000910379616,0.06292330914693564,-0.08973610407635732,0.6173282570638001,0.11184638784902311,-0.10216717087968552,0.835355520771314,0.28361284653041696,1.2245685909351818,0.5990450922221604,0.32161002125253835,1.5096991915688889,0.3859255480856151,0.2990631252707748,1.3110495381407716,0.49414670193323795,0.4342313244624193,1.20912806615225,0.6031456345708373,0.5167340987470318,0.9291835380003577,0.6870178135949547,0.354919270357161,0.8002908066338402,0.6058747346732014,0.2529976734065811,0.7817489179566988,0.5934531253947237,0.24171065629446697,0.7528819269961764,0.603611653428452,0.2429760948085551,0.7325063779666454,0.6000622004093623,0.13071140645113483,1.2154201513975371,0.5803848421944211,0.012505059541898449,0.9581453791548332,0.5929910274922822,0.1443709457899621,0.763958013824879,0.5892154549941078,0.23552402546582724,0.7521762741604202,0.6005831156420628,0.23816880209802588,0.6823259375763767,0.6026052921493491,0.21517270816614031,0.6547111469826201,0.6327620480626979,5.166666666666667
0.3297864829133372,0.7941471211572023,0.7885647618378647,0.32247588817162126,0.3624762866674172,0.7193644311600603,0.3224630787429942,-0.03542188966812945,0.7880306198198163,0.28853895218940706,-0.10244098794016605,0.6059332813626946,0.36182041428537226,-0.10178099969765991,0.6596404921194363,0.2832770021865095,-0.12353449025929814,0.8779870362467133,0.12259090806048926,0.8067275531693578,0.7660020635342721,0.10559400899783933,0.38140046998090715,0.7049899348255521,0.10035049583669516,-0.03996125662660183,0.7622768542229881,0.1349026274131133,-0.10393178212476545,0.5815308828806361,0.06275241550210141,-0.0904624848702984,0.6174182026740643,0.11241725343509053,-0.10227496386604018,0.8355001726737947,0.27804729882134605,1.2248021384559187,0.6010575115995275,0.31746874487878446,1.5106385352782203,0.3820158884510641,0.29522979119209036,1.3102422092301491,0.49695094476245716,0.43213734550725874,1.2110343399717831,0.6006838222426671,0.5155118346418293,0.929188084585471,0.686616261494708,0.35334691571081456,0.8001019221432916,0.6058586491636253,0.2520915672691114,0.7818691329266286,0.5915093182985642,0.24153803998934192,0.752257407227808,0.6029832232931989,0.24112396013950738,0.7321729274497858,0.6009381615296968,0.12864370525001473,1.216029196818607,0.5822872888554733,0.011360645467497734,0.95781511675619,0.5956603725874674,0.14461306209380861,0.7639386133070198,0.5894021086108265,0.23557026539282977,0.7516070213421446,0.6006188806718286,0.23853729607735646,0.6820717707107385,0.602678217201856,0.2146581334553916,0.6547461326028581,0.6331748039075283,5.183333333333334
0.33001856387056744,0.7944297078341409,0.7869780752146631,0.3225164275125946,0.36312661886428543,0.7195183277885405,0.322969914827529,-0.03489871377891196,0.7868876270808781,0.28840748075470524,-0.10263912265661705,0.6046999575999012,0.36172275496991435,-0.10231553617233521,0.6593679824702482,0.28367320982976907,-0.1227532972383769,0.8763354787257251,0.12227398484027212,0.8061292350922614,0.7673081210087835,0.10572308096062645,0.3829173223717328,0.7047905506283673,0.1003936985068213,-0.04069019391337282,0.7626490322166178,0.13440078388944549,-0.10561616673703028,0.5815887218160942,0.06265923027362841,-0.09089789561251391,0.6174962046512842,0.11290983184089005,-0.10259910137216385,0.8356630809257775,0.27275160792061526,1.2254127171482359,0.6014557182842283,0.3120812442853248,1.5112701123227148,0.379019429341341,0.2910671220496942,1.3102214940452657,0.4963569535532514,0.43014535173823965,1.2128013315042383,0.5983280917853093,0.5140341164055805,0.9288476041186617,0.686903578028241,0.351212925679707,0.7999210177682368,0.60579470815289,0.2504664234947206,0.782113388047375,0.5910554372977175,0.24004723631317068,0.7504131260295379,0.6041290886182039,0.2383595505944174,0.7311995593200897,0.6021471920847621,0.12670259907832096,1.2170720862322475,0.5842085514787191,0.010468340548876619,0.9570314542178975,0.5973606621566176,0.1453145463856194,0.7638454747420229,0.5897883264895067,0.23621047478156934,0.7508002770155403,0.6008394591019962,0.23929115811921506,0.6818901094151497,0.602647530152479,0.21510052045799705,0.6552268951584699,0.6322535050287305,5.2
0.32998500376730683,0.795130286780501,0.7843333701198008,0.32258337099342166,0.36349789108890096,0.7198146761106049,0.32345134897837297,-0.03436485112306356,0.7860493796664262,0.28810360674557123,-0.10218903148256027,0.6026291204098949,0.36147508725416383,-0.10230416015355626,0.6584514905412702,0.2840684242442268,-0.12177277660517372,0.8746106241675022,0.12193455781475143,0.8053774492844376,0.768420177832925,0.10580555138855464,0.38413167439645624,0.7045852152832052,0.10042732948456605,-0.04127495217320375,0.76307697563794,0.13416920275876718,-0.1067795594655846,0.5816656880019303,0.06264568096292798,-0.09102493973553166,0.6175499481455948,0.11332242305517914,-0.1029914773898423,0.8357797313581603,0.26799653416788827,1.2265030163158617,0.5999731989651993,0.3052048692502185,1.5117254224193684,0.3779764042492847,0.28647614668523447,1.3108583547326298,0.4931386805066039,0.4282742601513386,1.214217384667239,0.5963528589654503,0.5121054965303004,0.9282474405651304,0.6874081641790947,0.3486622458561096,0.7997403977882817,0.6056809029228121,0.2483720204143951,0.7822839253929721,0.5925571267577866,0.2368330243563028,0.7470547043356562,0.60809538057579,0.23456792958717976,0.7289257782141974,0.6038407922941236,0.12503051260575662,1.2183044481972936,0.585733900259661,0.010014866966670803,0.9557244851054194,0.5982434658153164,0.14625239984632532,0.7637134320276125,0.5902365138906662,0.23712605669247688,0.7498532066754706,0.601495946922951,0.240327816062388,0.681986914900149,0.6026040683323699,0.21645934388378957,0.6561381429858758,0.6297625561695752,5.216666666666667
0.32969485080066013,0.7958964323349553,0.7807463346296054,0.32262008622439303,0.3636875188248792,0.7200304053078973,0.3238347443593436,-0.033891291756308214,0.7854416479647114,0.2876768981667398,-0.10123752842706418,0.6002965986274857,0.36109333769784613,-0.10169313636486133,0.6568575108355059,0.28434206719703453,-0.12079049007651074,0.8730478786616254,0.1216714873496052,0.8043268001308316,0.7689891897744555,0.10583441805347062,0.38498505526391685,0.7043769643645458,0.10045650772215992,-0.041736680268600126,0.7634688208189796,0.13414186474397044,-0.10732578374907965,0.5817613142634408,0.06268447541718677,-0.09095311271225881,0.6175763236386531,0.11366451059158444,-0.10328116516888365,0.8357880936819589,0.26395381795500084,1.2280338919229492,0.5969753294275841,0.2970842288063287,1.5123224524527275,0.3789401129134569,0.2814748897094062,1.311917754249918,0.488241953584633,0.42661820098302566,1.2151270316502707,0.5949904920021227,0.5097740580050467,0.9273816320007372,0.6879039673833365,0.3460812624198569,0.7995342533773301,0.6055357133558533,0.2460293826401733,0.7822441223557901,0.5959364760756279,0.23192231826401832,0.7423258372583859,0.6152056418488191,0.2300361453078475,0.7247748198248429,0.6060114544271745,0.12381669717517457,1.2195039906486174,0.5865909065158816,0.01007423268918801,0.9540822945279783,0.5984194876055497,0.1472478919361462,0.7635739095822122,0.5906607091104644,0.23808546522937363,0.7488652722310825,0.6024775843440924,0.24149486925432773,0.6824236700548555,0.6026162551128162,0.21857222275952942,0.6574035950180872,0.6258138005935673,5.233333333333333
0.3292689260260679,0.7962420618302983,0.776602031930193,0.3225934678447085,0.3637593309103665,0.7200270389423891,0.32407724789504766,-0.033670278577211665,0.7850945660189941,0.28719534937331387,-0.10010942549542536,0.5983901732639717,0.3606200203226182,-0.10082096453093009,0.6547330350476237,0.2844266844849032,-0.12009228512913235,0.8719035581543956,0.1215744895074986,0.8028593280616196,0.7689170765557832,0.10583336014577921,0.385250647317882,0.7043548048085299,0.10048988489549548,-0.04215956249004203,0.7637286624989273,0.13420666042309207,-0.1073693544915713,0.5818651564066791,0.06273614168334378,-0.09084076141449511,0.6175781971474694,0.1139432217618101,-0.1034331118245561,0.83566646463817,0.2606816401934083,1.229826217831117,0.5934533636095225,0.28835441895846486,1.5133279703140374,0.3816345983514068,0.2762093864738902,1.313147454022234,0.48252180032783615,0.42529667129001425,1.215535606359084,0.5943006196847407,0.5073156779187173,0.9262896193033352,0.6883771089996598,0.34386275834921876,0.7993183960000628,0.6053865239148127,0.24349177318472737,0.7819301981444977,0.6008945494071662,0.22567505773629726,0.7368295000032659,0.6248760836033213,0.2252459822802515,0.7188523957877897,0.608484100391466,0.12310095572366109,1.2204958040255143,0.5866825248443257,0.010462645332794762,0.9523832752515734,0.5981950444058242,0.14821029816910172,0.7634389862448987,0.5910825358186154,0.23905734523120847,0.7479580162465924,0.6035277014839556,0.24263950313736904,0.6831576867595363,0.6026810086125279,0.22123206058024392,0.658958710235439,0.6207839620711276,5.25
0.32886868552218795,0.795981823934831,0.7723451002538826,0.3225346286699383,0.3636783061182747,0.719919857068491,0.3241745866063774,-0.03388261185156441,0.7850861740499046,0.2867254649443962,-0.09924521534316373,0.5973639588767007,0.36012005066650665,-0.10002793518862109,0.6523573241087501,0.28435318139530863,-0.11986786727993891,0.8712969287402079,0.12165424045766134,0.8010409947595014,0.7684335827923268,0.10584579758117302,0.3847085546562162,0.7047828375616532,0.10053987427567135,-0.04258651954858719,0.7638647235977877,0.13427826408957974,-0.10718961896806764,0.5819670268530064,0.06277297774301804,-0.0907791951238369,0.6175614755459219,0.11416284924496288,-0.10349469243807762,0.8354748460826161,0.2581156182987184,1.2315729151810766,0.5904435811021767,0.2795845637756169,1.5148399387414067,0.38578973505682573,0.27098677993491216,1.3143182218444949,0.4767131032320929,0.42428845671827253,1.215666705026329,0.5940553906359873,0.5050817345573133,0.9251973411917771,0.6886168695205848,0.34223310982387656,0.7991868060144022,0.6052338762396453,0.24081796479001089,0.781422364048431,0.6069151270985033,0.21884971168315592,0.7315359488442206,0.6357399779093468,0.2207011798485159,0.7122466639079867,0.6112577551261607,0.12260072827604816,1.2211240475129026,0.5862012949049914,0.01076253202223389,0.9508701392387683,0.5981041511423099,0.14908137430433188,0.7633045217016703,0.5915802593960242,0.2401568253011439,0.7473792458648878,0.6043505051623377,0.2436461041431238,0.6840989875562139,0.6027631717049688,0.2241553891818387,0.6608257893106937,0.6152315127049686,5.266666666666667
0.3286128892426352,0.7952263102705837,0.7682861280793951,0.3225137246861557,0.36335925247940515,0.719979543485096,0.3241410092937921,-0.03454806641339568,0.78544181380122,0.2863464327287662,-0.09903366845536225,0.5972124754529687,0.3596643469161885,-0.09943949250340295,0.650082497714769,0.28419990026516223,-0.12011436056862024,0.8711777875511476,0.12185042706031134,0.7989880237856649,0.7679052617267488,0.10590922909067454,0.3833092971838771,0.7058509031873295,0.1006165802743057,-0.04300689739800538,0.7639822062037559,0.13432410094856428,-0.10703704354503077,0.5820682166208828,0.06278452097475473,-0.09077675099551077,0.6175402744843705,0.11431824024176389,-0.10351413402469747,0.8353849840031248,0.256121402675953,1.2329435203247945,0.5885436694367949,0.2710920266122158,1.5167351656499184,0.39083179439498766,0.26617627710556446,1.3152640599311949,0.47159788148130194,0.423389229921354,1.2158053214914755,0.593912175072025,0.5033796966716452,0.9244441912910744,0.6881536679339324,0.34120391753307866,0.799273990396875,0.605037112308442,0.23832726349033864,0.7809876720438468,0.6130117139886324,0.212544152082567,0.7276145351107214,0.6457755101057838,0.21687410657293216,0.7066352872911338,0.6142554089995755,0.12189882094584563,1.2213078368387813,0.585608784556633,0.010524072777564838,0.9496983661913535,0.5987101096969141,0.1497586026239807,0.763179410794489,0.5921289908803422,0.24140249068546799,0.747520542651305,0.6046418859556328,0.24445111087396565,0.6851062343538648,0.6028756475911718,0.22696191737265137,0.6630044453415201,0.6100344828212977,5.283333333333333
0.32853001880945265,0.7941595115731568,0.7645592920820201,0.32258316052893393,0.36274864429260056,0.7204270189919635,0.32402021444948015,-0.035483830905387634,0.7860361113870018,0.2861184585557106,-0.09946688333101938,0.5975358385952932,0.359311922501366,-0.09902611727577251,0.6482626768004374,0.2840528752508537,-0.12067819017536835,0.8713822659047246,0.12209521937288914,0.7966803796868074,0.7676642363383421,0.10604674751679369,0.38118447175879017,0.7075915456870775,0.10071032181228433,-0.04339259332130482,0.7641396573048558,0.13434424952647292,-0.10699356973204545,0.5821679292061942,0.06277237795847841,-0.0908137462031586,0.6175344274204182,0.1143969618951461,-0.10359096655488637,0.8356187356977244,0.25450938247605615,1.233807448460631,0.5878804113923844,0.26323690638032965,1.5187314183826794,0.39564537497820457,0.2620445983316242,1.3159316751174082,0.4679664919689247,0.42235770721602955,1.2161103868234413,0.5937348970180965,0.5023718918951807,0.9242530813417087,0.6866853746953174,0.34061454454340473,0.7996513796014648,0.6047202378047078,0.23639334734778272,0.7808886596118386,0.6180543748791012,0.20776020898027608,0.726035599799775,0.6528853408451397,0.21403440243427407,0.7036260359941832,0.616762287320682,0.12081538455705756,1.2211260583933605,0.5854184833149182,0.009394956706124847,0.9488899516085689,0.6005269503043115,0.15007102518573626,0.7631156308360604,0.5924269763846458,0.2424627757619755,0.7487013818560522,0.6041664293340391,0.24502379772755495,0.6860457383517098,0.6031443295883888,0.22925744507014859,0.6652743872851692,0.6063876346470508,5.3
0.3285716726519146,0.7928546380799757,0.7611908754667067,0.322742629262968,0.3618701266123379,0.721296738688584,0.3239082386158925,-0.036389137752941406,0.7865775944160187,0.2860315180201758,-0.10005754283825419,0.5978641505983675,0.359095948372805,-0.09874554487122093,0.6471824942642957,0.2839885631793601,-0.12135435411763068,0.8716828689149713,0.12238931054071449,0.7939860067550033,0.7678851674836811,0.10627196063969539,0.37858879254799943,0.7098110403979464,0.10080073376664488,-0.043718556450108526,0.7643009226861444,0.1343493726865424,-0.10701766389011466,0.5822541516836809,0.06274629789377088,-0.09087178474196858,0.6175556712108287,0.11440535097007702,-0.10380331482598149,0.8362828044177207,0.25303118313947826,1.2344144163776893,0.5880872501693363,0.2565648431698493,1.5205717858018606,0.39913389807352867,0.2585546635036253,1.3164505977602312,0.46609419182247147,0.4210683585432206,1.21659428298232,0.5936323366879246,0.5020457394556873,0.9246647072177664,0.6843885378719103,0.3402806842089964,0.8002886663084786,0.6042033483085429,0.23505051911828653,0.7812144027109856,0.6214149214535485,0.20510505876423824,0.7271544770990994,0.6558664259947079,0.21212565255271762,0.7042391911260816,0.6176414584923092,0.1194700799374355,1.2207823489095904,0.5858880219404624,0.007125674942266088,0.9483372755910374,0.6038749303248905,0.14983572144260754,0.7631850139450458,0.5919616448326107,0.24270579315013743,0.7509457471035094,0.6028232506307106,0.24532563004972097,0.687003685327225,0.6037656947260434,0.23069803021271212,0.6672969677461347,0.6051404911251728,5.316666666666666
0.3286652948174565,0.7911992417165856,0.7582057994332658,0.32294366970792887,0.3608196636120792,0.7224241144412783,0.32390473966489447,-0.0370090305921011,0.7867871573291684,0.28602212306907465,-0.1002956246788246,0.5979853529182481,0.35900237880509783,-0.09864752486438896,0.6469156804962494,0.28402835858813325,-0.12197564431823785,0.8718975633463094,0.12279473089629558,0.7908465315095297,0.7684724957481822,0.10657913501104867,0.3758001636887653,0.7121453608035819,0.10087674041308597,-0.04396771741679975,0.7644217766898636,0.13434703227045136,-0.10705428015698233,0.5823229976038699,0.06271732884986682,-0.09092960224833715,0.6175992043192355,0.11437455856710184,-0.10409707136837698,0.837299408876878,0.25142312475907136,1.2353112182451038,0.5884312407350388,0.2514687883562195,1.5221286477952056,0.4011220515708531,0.25534031312224514,1.31713487706683,0.4653160375642364,0.41957087681046623,1.217177490170895,0.5937382664757526,0.5023762221973473,0.9257149369462285,0.6817570676865461,0.34016431571274547,0.8011051557166994,0.603527150761004,0.23411005536754403,0.7820483854682085,0.6230522415870148,0.2048434755656829,0.730737218305777,0.6548171708287186,0.2110718398989352,0.7085969194950557,0.6162418578614282,0.11801272641719089,1.2204992238327093,0.5867898632084756,0.003608915543828242,0.9478656128673963,0.6086291359640449,0.14892914922861245,0.7634506779076305,0.590361602930658,0.24151957282262182,0.7540134227107241,0.6006854006327423,0.24519556020238759,0.6884124724974878,0.6046802784058866,0.2308861911338415,0.6690344081240438,0.6058125981819689,5.333333333333333
0.3287523390766341,0.7890292262695295,0.7556633992543849,0.32312944775724967,0.35969254294242364,0.7235832762219347,0.3240205932517053,-0.03728528631191354,0.7866477379199579,0.28602952991938,-0.10011272729736527,0.5979525751716602,0.3589680477272402,-0.09885018318998312,0.647221261691497,0.28411898937636576,-0.12247274568120023,0.8719976303664803,0.12333307024531541,0.787406356207897,0.769170870203607,0.10693526043572497,0.37297373683159396,0.7143200862583283,0.1009308367983346,-0.044126887188322125,0.764496686776971,0.13433711709377655,-0.10708459376421006,0.582382862229375,0.06269183525471315,-0.09095909075972043,0.6176483284692498,0.11432194319979487,-0.10440928732427844,0.8385290271688263,0.24948914299310518,1.2370071550243011,0.5883384517715362,0.24788946252053273,1.5233674722958117,0.40240123140213024,0.25211806491289745,1.318305636028759,0.46445993787913864,0.4180272089558179,1.2177339751192562,0.5940587526849236,0.5034532599611785,0.9275513802093721,0.6791911404616828,0.3403653895156976,0.8020063297948008,0.6030302133378989,0.23359764668471644,0.7835897906947166,0.6232174704037021,0.20693335511929967,0.7362058868278539,0.650844047393895,0.21116379222559936,0.7159033276672175,0.6130263180290676,0.11636490656222134,1.2204117279631577,0.5877113142249716,-0.001024229190718606,0.9473281555634808,0.6142570618061762,0.14727704623127333,0.7640170140875174,0.5877175984150873,0.23860288918003403,0.7575939345227711,0.5978549711370054,0.24421145426433316,0.6909662471881474,0.605109770440657,0.22935418758785847,0.6709740900190698,0.6063916433258217,5.35
0.3287922759494758,0.7863554179284923,0.753638403147069,0.32327040798443213,0.358532218731507,0.7246301786067932,0.3241664548434741,-0.03736320764086133,0.7864122439416733,0.2860264031433224,-0.09980747637783578,0.5978788688993876,0.35892263517215467,-0.0994181493367674,0.6477106298179246,0.28418808243078075,-0.1228821251812258,0.8720549193841036,0.12391251715070738,0.7839905935511657,0.7698487846370864,0.10729962878401324,0.37013634215264424,0.7163063809041318,0.10095454315938841,-0.044181527290799605,0.764532095157499,0.1343154389539818,-0.10712207504148816,0.5824218797554667,0.06267249682158413,-0.09093892259399038,0.6176864309882161,0.1142421994651373,-0.10476208008028678,0.8398792572893246,0.247181750206596,1.2396500868285574,0.5877105928544673,0.2454347854216659,1.5243041839245455,0.4037114715006762,0.24900951987884778,1.3200649531844646,0.4627506718455546,0.4166001815688989,1.2181380060100777,0.5944653382694083,0.5053455434696942,0.9302880347550972,0.6767255191707635,0.34098328349607476,0.8028936729518212,0.6032973296148252,0.23384770688401452,0.7859339804207524,0.6222120477777172,0.21106059110383213,0.7427648363595799,0.6455250444550215,0.21290749864289843,0.7246931579286485,0.6093731588629673,0.11421236424275509,1.2204757237580655,0.5886656613636958,-0.00640428028646521,0.9466993511100487,0.6200833424283925,0.14478691123593912,0.7650469430538954,0.5845860820483508,0.23405189800790227,0.7614701798712923,0.5941584473637689,0.24181938588788504,0.695404408183093,0.6035498081239755,0.22577941024544745,0.6737967263970149,0.604478734516362,5.366666666666666
0.3287531830069317,0.7834169838301034,0.7521900947620073,0.3233638101977118,0.3573672199930187,0.7255269050313433,0.3242301294740232,-0.037460878264893166,0.7863780572726852,0.286013889812076,-0.099656545457457,0.5978228417621333,0.3588346758671515,-0.10031049388952017,0.648132278265673,0.2842035243612298,-0.12329319031482731,0.872120545053163,0.12438128482295131,0.7809917150531624,0.7705674544665292,0.10764548754963148,0.3673405502583187,0.718171306647042,0.10094800726803116,-0.044122864057709446,0.7645266482848542,0.13427835851531875,-0.10719619238856924,0.5824081588910657,0.06266037021353495,-0.09087246818478409,0.6177073143729666,0.11414422036030747,-0.10513986419521143,0.8412899036132487,0.24464256253224975,1.2429494336660916,0.5867361347123533,0.24368956020830046,1.525040747253615,0.4049933764855888,0.24625916442334775,1.3222208428895628,0.46041033653906377,0.4154138111972733,1.2183268205050632,0.5947648783824814,0.5079476933431606,0.9338023246645664,0.674171489972256,0.34205891055544224,0.8037034307917809,0.6048017826281283,0.23516370314940838,0.7889107575133772,0.6203012523699644,0.21671210100668314,0.7496165531469626,0.6402877886013696,0.21652115201159167,0.7332457918686416,0.6067626086813271,0.11129708069865085,1.2205392053330582,0.5900487905336086,-0.012077684751746483,0.9460805416373304,0.6254408248698833,0.14138345006264597,0.7666668103999619,0.5815831939838273,0.22823067025624239,0.7655536593246692,0.5890927811139878,0.23768744344752057,0.7021461179403704,0.5984322066521357,0.22014220744662014,0.6777983214506599,0.5989190391251883,5.383333333333334
0.3286162979862715,0.7804912601300932,0.7512302945318604,0.32341679764089687,0.3562346640742109,0.7263000196971049,0.324136593611433,-0.03776316305010449,0.7867375441073419,0.2860020983467205,-0.09973328462124648,0.5977945568163522,0.3587155987428742,-0.10142921577566821,0.6484300810366982,0.28417504136401744,-0.12375929210751603,0.8722099083340105,0.12466795938661428,0.7786456519753706,0.7713722720074373,0.10796257831154767,0.36466189309149244,0.7199074081667662,0.10092351169431596,-0.04397475828633722,0.7644855701341595,0.13422981513956794,-0.10731534486986183,0.5823446165926884,0.06265334891702133,-0.09078518076402249,0.617714551286732,0.11403939603279441,-0.1054412368853086,0.8427335644296075,0.2421483194155736,1.246354419628282,0.5856143495817574,0.2423989027475451,1.5258350859787975,0.4057920597484139,0.24380078323043552,1.3243871032957513,0.4587448612142263,0.4145120090753782,1.2183631106933734,0.5948484915811646,0.51102195222349,0.9377647535374255,0.6714718598122696,0.3435920118021969,0.8044523843054076,0.607549515198951,0.237453105244477,0.7922259469030233,0.6179579282143163,0.22311898107681177,0.7562445820800436,0.6360332305484147,0.22168514084492685,0.7402070433478042,0.6060061743564935,0.10770918171454413,1.2205797396818043,0.5920022879501577,-0.017651800701145012,0.9456509881445069,0.6296508379025607,0.1371430743736771,0.7689016611008346,0.5789018502130381,0.22156147690527717,0.769794328667207,0.5821617821478657,0.2318453197500257,0.7109647260232405,0.5889206581296506,0.2126878356916292,0.6826658473505569,0.590409351183167,5.4
0.32839484071602637,0.7776776701028124,0.7504157606062333,0.32344156122704987,0.3551487194299216,0.7269856859233473,0.3238612399173822,-0.03840435195564651,0.7875637482483658,0.28599696454192414,-0.09998174803248613,0.5977845891684245,0.3585983935427004,-0.10265870192383153,0.6486354568261007,0.28412279361279247,-0.12426212980331601,0.8723449257616018,0.12485306496535628,0.7767716782288826,0.7721565735394316,0.108248443086826,0.3620656960625534,0.721449575413006,0.10089934911345988,-0.043809466662444715,0.764435053864252,0.13419240226092616,-0.10740716418338571,0.582288321530537,0.06264592710026579,-0.09070727173470752,0.617713043742553,0.1139109847007471,-0.10562549713958386,0.8441952319289288,0.2399711305383313,1.2493397871253111,0.5844483965989987,0.24141910129299787,1.5270362992059114,0.4059542564994551,0.24127687899358977,1.3261819264094283,0.45938005923432845,0.41377273792939306,1.2184015658216494,0.594868451687649,0.5142845151956574,0.941857491294074,0.6687272621594729,0.34554957739488634,0.8052549407632079,0.6109522968425236,0.24025821328034186,0.7956387046863603,0.6160231312384032,0.2293978342996562,0.7624977595103775,0.6331594119546984,0.22772735620125217,0.7451349576478048,0.6071820569298212,0.10378167516436368,1.220787215089145,0.594186263732688,-0.022828762172067807,0.9456064455121026,0.632141778410331,0.13231781886966917,0.7716974887193471,0.576280326970221,0.2144979009662263,0.7740751084496231,0.5733099307168423,0.22460020749520085,0.720984953064927,0.575321385646296,0.2038082178204111,0.6876366273075228,0.5808027042573487,5.416666666666667
0.32813964476514507,0.7749370532268532,0.7493324856895329,0.3234556909505731,0.35408898593432225,0.727586659203028,0.3234395363764906,-0.03943695320542119,0.7887867247697465,0.28599975551914725,-0.100306148379159,0.5977776311150396,0.35851508294273066,-0.10385386638490936,0.6487863781176937,0.2840529265422676,-0.12478120373546475,0.8725477313890595,0.12509740762983598,0.774846838968009,0.7727804369963751,0.1084955726385802,0.35947283106031647,0.7227324693890403,0.10089052015442705,-0.043709014623435766,0.7644024394623651,0.13420343932687975,-0.10732614994008453,0.5822942084058784,0.06263170900707649,-0.09066450281615887,0.617707854712844,0.11376627920273795,-0.10579802483003961,0.8455254514594338,0.23830508904998107,1.2516342058446297,0.5833099104330385,0.24055804616119683,1.528809184467123,0.4057236583354425,0.23847564674202607,1.3274161908390516,0.46289275577549227,0.4129481351723788,1.21854682747531,0.5951960657179811,0.5173950803316426,0.9459063617642242,0.6659258450423383,0.34784773011027176,0.8062862975486266,0.614024829284465,0.2431900526543063,0.7989584011312526,0.6151636562826914,0.23497285846229463,0.7684479660811758,0.6316261472895349,0.23396347721175462,0.7484013529708443,0.6100302995029916,0.0997744314471021,1.221335039370273,0.5962152813208285,-0.027386630334426378,0.9460110440871182,0.6328769462378719,0.12722301489646332,0.7749337401273579,0.573272314115885,0.2076361332350292,0.778178258704624,0.5631211284672089,0.21652250725299926,0.7308671026094775,0.5590835939340983,0.19398068963441392,0.6917330111311051,0.5720755306357169,5.433333333333334
0.32791365642132897,0.7722807853689889,0.7478196685310929,0.3234733472177069,0.3530275800672503,0.7280750305640468,0.3229560384334321,-0.04076625610924918,0.7902051518724998,0.286012855086221,-0.10060700164746074,0.5977550285945886,0.3584792157303169,-0.10484069898065024,0.6488902318824236,0.28395534028465497,-0.12533354477155753,0.8728033965840437,0.12553848834717893,0.7724490153810369,0.7732183544611246,0.10868597737013135,0.35691382297628926,0.7237141975395527,0.10090182241968013,-0.04371357150717457,0.7643844282475957,0.1342907718289925,-0.10695558592908644,0.5823570520961713,0.06260660910066512,-0.09067302053061299,0.617707480460649,0.11369832687903982,-0.10607653121741027,0.8464187887202325,0.23727766319706264,1.253250698764341,0.5823673634612787,0.23957658512946936,1.5309487849177617,0.4053755878787465,0.2356605271679466,1.3281449161940586,0.4682297013010497,0.41184663923292814,1.218790382751401,0.5961215719860224,0.5199167540733245,0.9497830476962797,0.6629092710552129,0.35026260156723943,0.8076457489644155,0.6158874426510385,0.24613413755832092,0.8019077248485069,0.6153071877562994,0.2396454949420595,0.7741303657853171,0.6310073479875957,0.23976600493958072,0.7506333642273763,0.6140067336786592,0.09584795035887173,1.222145415232824,0.5981252911792025,-0.03114040313425654,0.9466655812430966,0.6325848894098884,0.12216931928942307,0.778343663933418,0.5694162622522627,0.20159540798363235,0.781768352474066,0.5526266059609752,0.20841508049236473,0.7390119426344397,0.5424793411732016,0.1838733570453588,0.6940118975224726,0.5658087125812412,5.45
0.3277365875633207,0.7697620298994645,0.746032281105695,0.32349729627006285,0.35195507678740384,0.7284244695714697,0.3224854707698188,-0.042191421332566426,0.7916000317044732,0.28604280379746805,-0.10081068541829542,0.5977041309872745,0.35848555146357786,-0.10548404068004899,0.6489431804084271,0.28381635657652443,-0.12593734167211978,0.8730477189457568,0.1262224124054687,0.7695268298988731,0.7735153389370202,0.1088016336755503,0.35449529973681676,0.7243979258861796,0.10092213083891222,-0.0438189781294971,0.7643521968270194,0.13445782803319847,-0.10627493157507277,0.582422411602172,0.06257677839026102,-0.09072703511092417,0.6177119410360118,0.11382726172806948,-0.1064109385330249,0.8466721758285745,0.23690208951981204,1.2543913121127777,0.5818346779738659,0.2383451068445553,1.53311113595111,0.4049630800528706,0.23331994080379498,1.3286031199244708,0.4735197106689839,0.4104471138478243,1.2191038118677278,0.5976690478011861,0.5214028561691585,0.9532348071588475,0.6596609082057449,0.3523314864989973,0.8092196057249577,0.6161910461880571,0.24884979508677918,0.8040962102338434,0.6158803700979588,0.2432645319690228,0.7793659600096471,0.6307470799892684,0.24433551046552288,0.7523811373801303,0.6180218720984472,0.09224355062298818,1.2229449594933228,0.6004065324218809,-0.033916606282831815,0.9472017397992384,0.6323266859722717,0.1175080581769641,0.7814010166206931,0.5644437191321485,0.19675837350558623,0.7844660857979445,0.5428198106084814,0.20113043817822476,0.743954695956819,0.5279594068668676,0.17441620550870823,0.6938197923871117,0.5630813062932041,5.466666666666667
0.32755983592095267,0.7672867665981437,0.7442113858518045,0.32352063091621514,0.3508820882901411,0.7286246010664084,0.3220490721522618,-0.04354871076011334,0.7928259296772626,0.2860881008957141,-0.1008997593899328,0.5976392889861947,0.3585142374427268,-0.10576524063104434,0.6489678683174852,0.28363400888939205,-0.12660869468220945,0.8732060540251247,0.12704436419997175,0.7662080225892453,0.7736809020677757,0.10883973662773633,0.352283304886195,0.7248057617920355,0.10092328118104672,-0.04399185996498328,0.7642935003700547,0.1346876410944809,-0.10533902775982565,0.5824439151433606,0.06256372777426238,-0.09079447302024223,0.6176975662794628,0.11418655199924939,-0.10660844078967563,0.8463703966514953,0.2369990626232596,1.255423184796986,0.5817679527470058,0.23688843876849058,1.5351783957845981,0.4045279875241611,0.23157095989630766,1.3291674371234987,0.47722054758526994,0.40888783544734597,1.2195029853829626,0.5996715688204929,0.5215878082124563,0.9558477266771818,0.6566015963685611,0.3534453094537957,0.810760441457598,0.6149539449212214,0.25061633098043834,0.8053687457036462,0.6162198423431231,0.2456104898200096,0.7838404228045116,0.6302192726782416,0.24671497378247909,0.7541076307614049,0.6203692867307069,0.08927494277780448,1.2234772540061682,0.6036715585353856,-0.03559868571991184,0.9473310806787449,0.6327789476587278,0.11367875067482336,0.7834215984241535,0.5586326889913802,0.19323604530302432,0.7860554425315943,0.5343727727287911,0.1953782534254197,0.7448199995002363,0.5173212534818974,0.16651441498329114,0.6910404102413413,0.5640741912634537,5.483333333333333
0.3273272329941266,0.7646086079056489,0.7424714062497946,0.323531800046047,0.349826072384675,0.7286722005879969,0.321637134531742,-0.044772997230963604,0.7938183824077039,0.2861184103598958,-0.10092692045195892,0.5976075301446092,0.358534846892375,-0.10578554786735422,0.6489928355383172,0.28342022008714324,-0.12735017132009427,0.8732609598194258,0.1277882380346813,0.7625542891495303,0.7736956590622591,0.10881228195975191,0.35028392157857463,0.7249411147135245,0.10088116958304558,-0.0441756451191718,0.7642400552727092,0.13494357925249603,-0.10426655973787909,0.5824115968115058,0.06258919514872135,-0.0908310976495641,0.6176338014647621,0.11472031583964258,-0.10656328335293634,0.8457509961967673,0.2372184726867987,1.2568332436937177,0.5821292297524019,0.23533275790691865,1.5372647560572923,0.4043739749457605,0.23005338871502076,1.3303001601647122,0.4788369314886157,0.4073922722822261,1.2200046761448262,0.60188441023473,0.5204570908929425,0.957208102532419,0.6544912507965951,0.35309923088366846,0.8121449321086804,0.6119777882236754,0.2504352174864675,0.8061459810612954,0.6157521456255801,0.24638854745959943,0.7873037003636898,0.6284292119497115,0.24620894578485625,0.7562153358063289,0.6190636901784026,0.0871069214596019,1.2235875068456732,0.6083341004990226,-0.03619120558883063,0.9469944982990455,0.6339814295108694,0.11114456364754097,0.7839494729853742,0.552911274001965,0.19099220641062165,0.786508343964787,0.5277622102029471,0.1915397744716788,0.7415518616974649,0.511078322104778,0.16071023638168996,0.6863333226751509,0.5674777987646183,5.5
0.32704770619609685,0.7616203312804419,0.7408003793032335,0.3235181597566458,0.34881270252511287,0.7285662883722621,0.3212490153484753,-0.045838226088352474,0.7945851467250794,0.28608297453647025,-0.10098427897430645,0.5976550516658006,0.3585252790171761,-0.1056785788934605,0.6490191483703511,0.28318834525896075,-0.12808494825682276,0.8732711004765774,0.12830842518089777,0.7586712426248149,0.7735478809050615,0.10873300512627275,0.3484688001485389,0.7248165965766797,0.10080300612838365,-0.044309386804213716,0.764244529677037,0.13516358838846604,-0.10327432183709483,0.5823308551927999,0.0626547456163468,-0.09080123001508361,0.6175156952705938,0.11537091289098823,-0.10636298731704844,0.8449790025995613,0.23719520819835505,1.259001443850741,0.5830378344993741,0.2338829474023824,1.539458126565935,0.40489864117491486,0.22846443115035758,1.3323807983369402,0.47919580331527156,0.40611179313577694,1.2206110637125087,0.6040349697175448,0.5181314990779142,0.9571937899500484,0.6537870121173494,0.3509700719686881,0.8135022504508602,0.6066835007974131,0.24737983564277768,0.8071118471131709,0.61434144296422,0.24494809562181852,0.7895989219521732,0.6242704331592045,0.24260982140688386,0.7589538237143552,0.6127020137705866,0.08557153762870714,1.223141239480444,0.6146099286213773,-0.03581988730770368,0.9463349749245387,0.6356723873347021,0.11020638841913272,0.7830200007108044,0.5484912344547761,0.189931465525068,0.785846436251995,0.5232244542461022,0.18953866584459383,0.7351331898905749,0.5084280319563614,0.15730290152603715,0.6811443910445513,0.5705803118312858,5.516666666666667
0.32678453779893657,0.758547192882665,0.7391666063494675,0.3234702283321286,0.3478859062299148,0.7283132583639055,0.3209056088400127,-0.04669778370218719,0.7951821107499525,0.285952896938298,-0.10115545681907753,0.5977852925812555,0.35848493072220844,-0.10551611930571023,0.6490355604955195,0.2829573448351518,-0.12865785833170557,0.8733142171189212,0.12863810723906174,0.7548472062599542,0.7731882123986112,0.10861614656624728,0.3467575683931884,0.724508916048429,0.10072265292329043,-0.04434993144528866,0.764352350090127,0.13527594219934005,-0.10264655170022839,0.5821979868272712,0.06274412920886085,-0.09070007627505886,0.6173675953482172,0.116103510404248,-0.10613669820992148,0.8440930535036404,0.23673907903888913,1.261982629727976,0.5846825386172121,0.2327195912385549,1.5416695926732853,0.4063633481013007,0.2268926098878445,1.335526375963821,0.4798468623645607,0.40497888917395675,1.2213518563651962,0.6058515941851517,0.5147887446513253,0.956081563170876,0.654160635302884,0.34679451775711073,0.8150682736320003,0.5986688294229255,0.24078195223901128,0.8087024070871297,0.6124081729986075,0.2402342623373282,0.7906733944311046,0.6174517811126905,0.23595721497260433,0.7622197643877624,0.6015523754644527,0.08432548319354735,1.2219948945437844,0.6225471905789175,-0.03472394415455743,0.9455879678782845,0.6376367636228111,0.11083920945080764,0.7809840505932113,0.546371233705057,0.18994171851435354,0.7842629370360317,0.5204225340549673,0.18904416372169444,0.7277285545929055,0.5078020057965626,0.15662103797644583,0.6772412372738724,0.570484129287775,5.533333333333333
0.3265739876567388,0.7557141193015707,0.7375128282873173,0.32339285918215765,0.34707083009582956,0.7279318008591729,0.3206467097512423,-0.047306678028852786,0.7956494579849258,0.28574391903652313,-0.10150834978385882,0.5979571360809578,0.3584269839836923,-0.10531744566913331,0.6490425202028316,0.28276394615384515,-0.12895245614507156,0.8734212455077961,0.12888552711915285,0.7513149021180721,0.772469672410211,0.10848095880056131,0.3450081978417293,0.7241597189414158,0.1006790632864667,-0.044269490339618175,0.7645952521217438,0.1352477478392777,-0.10259255613271956,0.5820127191475385,0.06283602232045987,-0.09057396419977828,0.617222487233136,0.11686752524575358,-0.10595077498024538,0.8431111683851991,0.23588451245801711,1.2654999612371332,0.5870415886828315,0.23182730053459322,1.5436688920191097,0.4090454290537206,0.2255157460616548,1.3395484263295658,0.48209493237593837,0.4037684684666534,1.2223017997446028,0.6071136455709437,0.5107413054058039,0.9543793987955831,0.6547304323782399,0.34048659978507634,0.8169729295041248,0.5884524770580041,0.23048984765617742,0.8112763307298411,0.6102509679713949,0.23135817364527456,0.7908701314612087,0.608880309321141,0.22633873184661557,0.7654992694747524,0.5878304476171701,0.08322685418577869,1.2201476628370165,0.6317082893783507,-0.03325356402789067,0.9449683513213024,0.6396671592445684,0.11272808883893709,0.7783194183675874,0.5469372626486635,0.19088448077925824,0.7824696491677912,0.5183928575498501,0.1898182776857415,0.7222182271433695,0.5075775718106581,0.1588834845569959,0.6760579770244739,0.5657468020863102,5.55
0.3263563646391259,0.7532066002265194,0.7356499401975745,0.323317606144532,0.34632854849362216,0.7274581705037639,0.320511427976191,-0.04769818381258653,0.7959683644165116,0.28549674955861104,-0.10209137465605711,0.5981190780888346,0.35836679459034926,-0.10511315143783213,0.6490476628201529,0.2826402922294162,-0.12899545118280017,0.8735583912041338,0.12907475498994858,0.7479883608479744,0.771243889191996,0.10834152836523034,0.3431426546219233,0.7238531690393806,0.1007068237232449,-0.04403311322212142,0.764945625703343,0.135130880647219,-0.10312265174888773,0.5818143496762996,0.06290830927497226,-0.09051355107212623,0.6171050034837703,0.11760300368035671,-0.10584418229381878,0.8420848125493411,0.23478630958937527,1.2690949578149358,0.5898447044488853,0.23095723205450971,1.5452372635164666,0.413437452654849,0.22419653418863333,1.3441008184412657,0.4867530225914348,0.4023058875827779,1.2235287338323662,0.6077665975097302,0.5065113661259474,0.9527164731898686,0.6544639537790206,0.3325953206501455,0.8192391328916898,0.5776187429384306,0.21735084177546343,0.8155362919317748,0.607282397721444,0.21831533686030868,0.7911849018028664,0.6000890515048466,0.21418103083090412,0.7681068466322424,0.5747163778758033,0.08236595740424642,1.2178938722856238,0.640998879111866,-0.031774036997463895,0.9446377157515774,0.6413347257781395,0.11539559994377568,0.7758656491902043,0.5497057816647775,0.1925190503615845,0.7817730984031276,0.5160283248868878,0.19170600347001654,0.7212042134602115,0.5066478859109056,0.1637132037865946,0.6783587538570763,0.5571865335596938,5.566666666666666
0.3259988152344698,0.7508635674389291,0.7333025406786258,0.323290731674368,0.3456035529412457,0.7269452402630113,0.32049847780065943,-0.048007037586925067,0.7960929031909856,0.2852513358775091,-0.10289868746005004,0.5982383641115518,0.358314775240546,-0.1049520031900727,0.6490516317233519,0.2825746891581099,-0.1289481564955284,0.873660911046959,0.12911023051775639,0.7445540313875451,0.769623624971254,0.10820349247195052,0.34134688552878295,0.7234388212365968,0.1008191353356869,-0.04360723649051029,0.7652717621181166,0.13504134190400885,-0.10405818329460652,0.5816799697220256,0.06294179758780058,-0.09059261332350396,0.6170326936106293,0.11827868010356443,-0.105823610379665,0.840995030821146,0.23360470795724464,1.2723543785236793,0.592701741175141,0.22971641711248897,1.5463338409566934,0.4200330990525913,0.22257092092915337,1.3488524391990724,0.4939740585223148,0.4005826364012733,1.2249811623387896,0.6079821333949714,0.5028007365493685,0.9518404991163006,0.6522885108947186,0.324487362379274,0.8219289441965294,0.5680483967082062,0.20350536336984115,0.8222099807909558,0.6023386036114047,0.20247633268539572,0.7930229985494675,0.5925309685970013,0.20082822233196965,0.7696349353580743,0.5650743049428268,0.08173686073057801,1.2157403824610407,0.6491896497773803,-0.030555237819503756,0.9447848086188301,0.6421395296814894,0.11819563691553858,0.7750074220865749,0.553511519230421,0.1944248440751123,0.783565348057871,0.5130474841353824,0.194297937846408,0.7259946602006164,0.5049225226448064,0.16978468351212134,0.6842105355063682,0.5474811464911814,5.583333333333333
0.32539721367140617,0.7484456074872975,0.73032684274603,0.32333506438686677,0.3449033253977736,0.7264349139314503,0.32055638692058386,-0.04838148439735164,0.7960115670412737,0.28503894659006446,-0.10381568768080146,0.5983104128108515,0.35827461531073557,-0.10486066932386988,0.6490383887020765,0.28251148754527,-0.12902448814807713,0.8736841765749961,0.1288837871630075,0.740699510055145,0.7680373744041087,0.10808906038941923,0.34002519816744536,0.7225960763962367,0.10098453813984569,-0.043012606887574176,0.7654045193118301,0.13502644639491368,-0.10516135035411144,0.5816608131391438,0.06292858900780011,-0.09076368555767925,0.6170305475798444,0.11888814074405135,-0.10583767494850436,0.8397006712327608,0.23246693159800957,1.2750962762634215,0.595202870523224,0.2277168297550987,1.5470885391863496,0.428745352419324,0.2204993414065558,1.3535455782477526,0.5026184666625322,0.3987471693986895,1.2264477660218949,0.6079582277890259,0.5004143535103671,0.9525157310794653,0.6472387824529162,0.31780300933835115,0.8251770245765979,0.5610829721885028,0.19195031315551464,0.8313272408879344,0.5948490787245135,0.18673094362017656,0.7975664762173528,0.5872486842455258,0.18874295605007416,0.7704900760974468,0.5606177276549952,0.0811251127341364,1.2141449915592761,0.6555809044651202,-0.029779349792809204,0.9457048174488235,0.6420841188005783,0.12019911638881477,0.7771921116849159,0.5572101255326753,0.19591092588947925,0.7885561590695929,0.510759514662794,0.1966425825476268,0.7359240705336787,0.5037310438958635,0.1751507398252254,0.6931064705504998,0.5399458556150766,5.6
0.3245663795155148,0.745724691036365,0.7268567034836844,0.3234423894868209,0.3442921988594025,0.7259430410761499,0.32062551102555364,-0.04888245559178592,0.7957640729736917,0.28488983500888243,-0.10460674430652542,0.5983427366563481,0.35825031175124683,-0.10482886013332654,0.6489801900825727,0.2824107777654443,-0.12939741331118065,0.8736287510229406,0.12840246573075192,0.7362969368575426,0.7668862749930698,0.10805619470465798,0.3394320400783892,0.72121797703561,0.1011476392426509,-0.04235728376497516,0.7652552444924066,0.1349159804534547,-0.10623166252415522,0.581717082408896,0.06288202324404839,-0.0908246755533755,0.6171217227590403,0.1194233995635175,-0.10583034817923802,0.8380812687507417,0.23150325067622274,1.2773517211644656,0.5970371914315126,0.22478242368090218,1.547632840982142,0.4386397286884352,0.21825829865814403,1.3580435951427552,0.5102752310378588,0.3970649750184949,1.2276907011767602,0.6076920037768124,0.500186110410514,0.9552913668248539,0.6389351761606807,0.3137178051365969,0.8290966586731098,0.5575731720818504,0.18547495375016881,0.8421356614751891,0.5856237644926466,0.17484050193606776,0.8053172408001815,0.5846897507282443,0.1807624122825313,0.7720215362736548,0.5615721843111376,0.08031627633302604,1.213361470711361,0.6600719432320613,-0.029605032866926884,0.9478174063439903,0.641823740192247,0.12019347024076021,0.7830548669804519,0.5604200245244102,0.19599956145736486,0.7964687691082744,0.5114693897903223,0.19735931599271123,0.7485657396853144,0.5054462652233778,0.17824142048775699,0.7041990494617424,0.5370864507503683,5.616666666666666
0.32366365253222185,0.742606128328487,0.7232586324129341,0.3236207693908945,0.3438064441921832,0.725538006589372,0.3206777080758142,-0.04947769745264316,0.795400272935598,0.28484692163999714,-0.1050729418583604,0.5983055624307927,0.35825797873508114,-0.10483876340385327,0.6488687415598972,0.28230604934269715,-0.13012159449297667,0.8735329335330121,0.12780658739304696,0.7315822419420579,0.7662449814172625,0.10817531659496483,0.33939426576395737,0.719637403424537,0.10127106569970322,-0.04180733228261117,0.7648446452379017,0.13437312385862105,-0.10705197338309334,0.5817243599649463,0.06283695566312825,-0.09055470761610392,0.6172940787878665,0.11986914809429121,-0.10583431686146506,0.8361912286867957,0.23087702854669384,1.2792283931300625,0.5981888008645388,0.2210331017140929,1.548028576650412,0.44852384146942736,0.21619088830634206,1.3623301147384819,0.5144734661029937,0.3958386576221079,1.228614287733873,0.6072016855696111,0.5028198077392206,0.9602033630487721,0.6281090243814669,0.31279917977855576,0.8336907639582272,0.5583133894229133,0.1856374908835584,0.8536965651344897,0.5765985515385398,0.1699252167250791,0.8161429275268777,0.5846482676913342,0.17873552184871,0.7758164794495085,0.5670100774472647,0.07921182176166783,1.2134930809637121,0.6628799386428502,-0.03030065654359273,0.951622686700689,0.6422788376480193,0.11707163761460733,0.7920167280133792,0.5636827897426597,0.19374334769201287,0.8064181411650136,0.5168716549072025,0.1952730295221512,0.7611532940297514,0.5119413852056254,0.17853039528795706,0.7164178994323132,0.5397866583353408,5.633333333333334
0.3229314770328859,0.7392157097727001,0.7198904002456794,0.32391259008735207,0.3433851874417694,0.7254198024229721,0.3207215945653898,-0.05009625518900267,0.7949276463102991,0.2849467440967702,-0.10523708542695315,0.5981345245922473,0.3583268083116629,-0.10488599074589239,0.6487467149823988,0.28227773485854774,-0.1311126088983699,0.8734471700798256,0.12730279048507068,0.7271263605896089,0.7658946757198922,0.10848382927666483,0.33947556809199975,0.718362179488011,0.10133215341623285,-0.04150153890673387,0.7642391336827824,0.13316324961674586,-0.10736956492816063,0.5815672854541919,0.06282458080548961,-0.08986904315680687,0.6175177976959787,0.1202112469909314,-0.10596485387323645,0.8342557710865027,0.23070646461997668,1.2808823730735908,0.5990216419660186,0.21678335729834564,1.5483530774920808,0.4576806667190906,0.21429637374030208,1.3664142262924794,0.5140799830552417,0.3952673519778663,1.229298146804178,0.606937053821787,0.5085630376467805,0.9666299396795565,0.6165941290055482,0.3153691495211107,0.8389260255509761,0.5635548800411073,0.19232710900858957,0.8653621698857561,0.5699061772239054,0.17313209859281176,0.8294476048387914,0.5865406829563505,0.18277410618000864,0.7828329580831687,0.5753222844424842,0.07774737529089275,1.2145920403086163,0.6644253359650445,-0.03251574669906936,0.9575117556159966,0.6444955507383727,0.11047906102715627,0.8028250340189226,0.5677716182153099,0.18867605790605227,0.8173904754454884,0.5270607694481095,0.19003130355426895,0.7722042469283109,0.5231778025773338,0.17608058027848422,0.7285183874753784,0.5475539402943377,5.65
0.3225540711739665,0.7357090736005478,0.7168723770078237,0.3243308958405012,0.34291815475693727,0.7257975821197968,0.32078967092659283,-0.0506777842325247,0.794297710009412,0.2851310821817018,-0.10528962107260795,0.597886126605885,0.35846360804813493,-0.10497769145714252,0.6487088850636941,0.28238595091882707,-0.13223071428113306,0.8734010709441126,0.12707970180569167,0.7234204905785193,0.7655229336607533,0.10895718951050919,0.33934345181623815,0.7177047871409257,0.10130571367024141,-0.04147039850178984,0.7634907552311034,0.1313657075673373,-0.10707095483136068,0.5812474754343478,0.06284579728245802,-0.08882882533973153,0.6177944176680894,0.12043928753807488,-0.10630624139547268,0.8325248604491665,0.23094209938793525,1.2825521320596691,0.600079640662277,0.2124750251314451,1.5487165012826867,0.4658194015712924,0.21232504027810895,1.3702711335505868,0.5098547734527807,0.39530375383674676,1.2299478409259899,0.6075697962013883,0.5169744941532489,0.9736988463338739,0.6063636904687486,0.32168489127915834,0.845020939603295,0.5716778483248233,0.20392074940050806,0.876697494098346,0.5671883119234192,0.18340371826528162,0.8441701457334054,0.5896272159344432,0.19184656541335082,0.7932423267478493,0.583979133444769,0.07585662114503944,1.216712947508011,0.6652894287765388,-0.0373027682292663,0.9655506573059902,0.649579606760646,0.10100390874251827,0.8145752506606092,0.5726849646122318,0.18095106297797758,0.8283801824855724,0.5405276550988042,0.18205217996358009,0.7819081446095484,0.5372936540686184,0.17061187146910162,0.7395510093407895,0.5591921927943553,5.666666666666667
0.3225262706632081,0.7320514484975214,0.7141925793451114,0.3247918330238401,0.3423814963231096,0.7266229364299045,0.3209091543882731,-0.051174096765346844,0.7934337767506316,0.2851855101350032,-0.10547577225552925,0.5978970753260043,0.3585933463827235,-0.10513288575645138,0.6488647550473097,0.28265211085948816,-0.1334092305027616,0.8733961970136961,0.12724813167521623,0.7205401634958434,0.7649126058269293,0.10950828507788696,0.3389204670473722,0.7176896484804436,0.10117605307464078,-0.04163351485657789,0.7626144597845246,0.12931839169181183,-0.10631355243844155,0.5808915918784507,0.06288306232040776,-0.0875585917005207,0.6181273047988184,0.12054678982550415,-0.10686135146946682,0.8311144843292039,0.2313915734945222,1.284481375093305,0.6017406347735739,0.2086288249648261,1.5491414536066979,0.4726164387299616,0.21015553650931323,1.3738206326995357,0.5037995015826092,0.39561871858563175,1.2308298433663811,0.6093106142740699,0.5270914171095593,0.9810909482364403,0.5981487881236709,0.33164369083007433,0.852562480994561,0.5789848199945546,0.21795073792098768,0.887287428111383,0.5693409766629454,0.19830039528831056,0.8590402487265323,0.5926330532402135,0.20490595529399863,0.8066781532730088,0.58951301678702,0.07367455052750163,1.219961045938636,0.6660714624788698,-0.04550591987541638,0.9754823015037297,0.6582509378468835,0.08962670225332925,0.8272674694853213,0.5773647375835215,0.17120949682528672,0.838557885370347,0.5546938171487146,0.1719986896399449,0.7912751913937182,0.5517300129819183,0.16139570612111864,0.7496158101800209,0.5729277455214221,5.683333333333334
0.32269536146568356,0.7281744843667026,0.7119827709883024,0.3251080626289378,0.34191278536358555,0.7274463665840581,0.32106023990390237,-0.05149978781778182,0.7922714933869809,0.2848694102143583,-0.10601918042919503,0.598610558506998,0.3585608956491845,-0.10532337957452992,0.6491989963411913,0.2830691763931537,-0.1346793399085179,0.873445322483419,0.12786952508850807,0.7183861148641293,0.7639433061919227,0.1100110558711514,0.338353216988327,0.7180874393986191,0.10094737568832172,-0.04185429312929494,0.7615899639744795,0.12741710505566026,-0.10540121802565904,0.5806538952102959,0.06292968058601182,-0.08616668362176057,0.6184568984661902,0.12054962154595861,-0.10755589628390455,0.8299734819907577,0.23188083486352684,1.286745619043276,0.6039962564808775,0.20556449046868336,1.5495160653223445,0.4777100819905144,0.20785428815237744,1.3769248874777047,0.49772899238833335,0.39577036913641594,1.232130707823923,0.6117237601770287,0.5378421774852139,0.9893061789873657,0.5910391528100416,0.3444581644504624,0.8620222541299379,0.5817824980508326,0.23222516583108227,0.8968917370306733,0.5761183924129876,0.21530373772124478,0.8731397414818305,0.5935228361180965,0.22117140938389895,0.8222564524059603,0.5890601528567987,0.07182599031861059,1.2244658887199686,0.6673392857055231,-0.057063372529194537,0.9869265095872851,0.6704798589131796,0.07703270340937846,0.8413221691634885,0.5807528148871706,0.16029337646810277,0.8477337580734752,0.5671186887863429,0.16039499842008825,0.8012134253822756,0.5644003307033644,0.14820949505209077,0.7598121807909464,0.5863275681270924,5.7
0.3229183108190988,0.7243052875046767,0.710534164391041,0.3250285076532464,0.34175713535260915,0.7275553373959658,0.32116825086488804,-0.051545475994425424,0.7908098810123138,0.28411513412035766,-0.10686451535625661,0.6001184649819722,0.3582220869934982,-0.10533051598658573,0.6493214305244672,0.28359884442088357,-0.13606182575041684,0.8735778542946316,0.12897276315749642,0.7171126221740841,0.7624864474440618,0.1103368421530621,0.33794191029799625,0.7184848766075271,0.10063039286918558,-0.042007472594486076,0.7604057048792386,0.12599822126261648,-0.10457479717065697,0.580629322940547,0.06299694415262802,-0.08478266788871142,0.6186603646393329,0.12050170891438752,-0.10822401978904546,0.8289579336953676,0.23234887740867544,1.2891409730667671,0.606507053930656,0.20302504469135702,1.5497326864014243,0.4811086759745015,0.20537949904445119,1.3794375425604966,0.49248509367352195,0.39548550750911887,1.2338620474196154,0.614192904993919,0.5484051612871041,0.9990936961824222,0.5833630264588051,0.35887254338271846,0.8730935226603149,0.5790266298784769,0.2457288743468688,0.9056245574734164,0.5857453804298757,0.232685902254962,0.8860940921986937,0.5906917455289141,0.23961021828442924,0.8385779241682972,0.5821353320120904,0.07124083656404785,1.2301828301109654,0.6696655914566638,-0.07092724404954914,0.9996531843807805,0.6853972249728097,0.06341005906862113,0.8566518909186326,0.5832279615011369,0.1487984100127093,0.856544861468539,0.5768737359848026,0.14762823223007196,0.8123148565013748,0.5743901367319382,0.13207936494922806,0.7712242181464442,0.5970430592556082,5.716666666666667
0.32311142246560176,0.7210455877471957,0.7100235543891378,0.32433167992164863,0.3421372520825156,0.7263514710651826,0.3211464394769875,-0.05130861958069331,0.789180289006699,0.2830258322097935,-0.1075533431338099,0.6019918048606263,0.3575158082375033,-0.10476211014510504,0.64849011411264,0.2841716771384526,-0.13745462915258774,0.8737505590992971,0.1304507360750108,0.7171558900152821,0.760524545275008,0.11038662319994759,0.33799161285109425,0.7184962860216927,0.1002244951030688,-0.04204822990154093,0.7591157690877153,0.1252880941812397,-0.10392678566519613,0.5808220372744194,0.06309709850540429,-0.08365456332374469,0.618620186976391,0.1204604080272623,-0.10870876113076317,0.8279432582116016,0.23280982169690909,1.2913043233519284,0.6088208359049903,0.2002248406619837,1.5498073124190224,0.483286064385453,0.2024671178535259,1.3812317998908439,0.48838205558100645,0.3947557086540504,1.2359313895121258,0.6164760351809518,0.5584387779503702,1.010863849979096,0.5737552487139709,0.3737884980648133,0.884747424877536,0.5728011262257651,0.2586114040259814,0.9137013896016329,0.5953894116573271,0.24951166513544815,0.8978001071468564,0.58454283515915,0.2589384135630035,0.8541700445686818,0.5704624165806939,0.07248836488802576,1.2367242482346748,0.6735772697952537,-0.08548387473171327,1.0137394573814518,0.7013301473801306,0.048812222968396955,0.8725590616611753,0.5864389945269026,0.13688440764837928,0.8660315711259106,0.5848465132013352,0.13411866327679886,0.8250345065804432,0.5819973025445767,0.11475131913487538,0.784379209395319,0.6040384264644196,5.733333333333333
0.32318848289592333,0.7191339952200341,0.7102985717188075,0.32294249888286664,0.34314444945290273,0.7236755614365081,0.3209338034213965,-0.0509865269786198,0.7876624901575685,0.2817479898167786,-0.10752457885126773,0.6036178955342741,0.35643991117266316,-0.10339394615115217,0.6462092331090509,0.2847119682008291,-0.1386591500120168,0.8738083076157009,0.13203172667359178,0.7189351326813339,0.7583356302802997,0.11010215678667701,0.3386856359257867,0.7179478315407885,0.09972424654716526,-0.04202244317810287,0.757818309701403,0.1252903282234502,-0.10343118896571234,0.5811185195715394,0.06319271555982958,-0.08308610040609227,0.618384093421519,0.12043495548874142,-0.10900256644297111,0.8269299343624007,0.2332528178891816,1.2929730127338537,0.6105545296824979,0.19640943008911352,1.5497987997005598,0.48469802744829704,0.19892644100454748,1.3821659225027223,0.4857482927672526,0.3936674271989047,1.2381977175884533,0.6189020033523083,0.5681238775664434,1.0245459750537307,0.5618159713458786,0.38866789599317636,0.8959552869584368,0.566224218678488,0.27153419891184516,0.9209920787809759,0.6025604596155626,0.26536416743210467,0.9081829009120785,0.5772578267984141,0.27838076526219213,0.8682291650177631,0.5563716117323252,0.07544198801233111,1.2434360335029098,0.6795483760344571,-0.09915759319599793,1.029394542716345,0.7163667216686085,0.03359947966767196,0.8884668211965947,0.591864635649178,0.12457641320953372,0.8770149298620031,0.5928920543966938,0.1202831672015458,0.8395287120170547,0.5884365107115781,0.09739217482608774,0.7996040134594524,0.6083544025225629,5.75
0.32305655303025604,0.7190514347092128,0.7109596372299912,0.3209387363520111,0.3447380125096464,0.7197432165650505,0.32050295879077545,-0.0508595109128861,0.7865499903977323,0.28043815106968084,-0.10650324061004404,0.6046385874393139,0.35501041520556675,-0.10144267532614018,0.64280577958009,0.28517373632787607,-0.13951458928551524,0.8736003619855933,0.1334630483841653,0.7225552302649314,0.7563160710931303,0.10945969982841018,0.34008918362340845,0.7168441860258646,0.09914941696938581,-0.041976429011048144,0.7565418068898608,0.1256944402573143,-0.10302680810336932,0.5813054877456096,0.06316687477826677,-0.08325748372036307,0.6182604081440188,0.12039416017918259,-0.10918891591049432,0.8260273867207287,0.23356156702476077,1.2940893934013653,0.6115107576576826,0.19138066403556575,1.5496886493883038,0.4852879045399937,0.19487265542730514,1.3821620715284395,0.4848019924517071,0.39228524657089736,1.2404330483094206,0.6220232981423123,0.5779306700706214,1.0396829528885159,0.5483838526225793,0.40346381375540546,0.9062785545310008,0.5610081712459392,0.2851565200272379,0.9271258591660136,0.6061273935726994,0.2804094060457199,0.9171846724133292,0.5709998437214963,0.2980596987647309,0.8810563348526562,0.5416657781101502,0.07956766698768741,1.2495742400615493,0.6879786932277266,-0.11096800800681345,1.0465958560892847,0.7294209564968792,0.018345446326875358,0.9043322247686274,0.6003614290139963,0.11204386177282938,0.8896236565911639,0.6027706889737477,0.10635748065782455,0.8551872370152074,0.5954914378062103,0.07999827775667788,0.8171004113488608,0.6126872600926768,5.766666666666667
0.3226857123654279,0.7207760473132826,0.711575778795094,0.31842656513254597,0.34682233326131034,0.7148059526174282,0.3198551589199902,-0.051031118651637286,0.7859580074728426,0.2792889251955103,-0.1047708842494362,0.6051289450848102,0.3532906459317676,-0.0994253740339969,0.6393117297434002,0.2855393982606059,-0.1399674784014829,0.8730881528978681,0.13469845119223253,0.7276983099786019,0.7546279037438243,0.10846526583084135,0.3421569224516814,0.7152521534388576,0.09855078319304042,-0.04186174745548324,0.755182971325191,0.12598678069002622,-0.10263847276712587,0.5811855795592156,0.06293156071498346,-0.08409292609025604,0.6185397382778669,0.12030426252809581,-0.1092925742363471,0.8253262453541002,0.23355722837885542,1.294699953385252,0.6117763699862315,0.18555574095530658,1.5494094484196979,0.48467255966519884,0.19060300337773017,1.3814073946009373,0.4852709185495002,0.390722761785516,1.24235292105829,0.6260883298132196,0.5881642110245917,1.0556202828899464,0.5352804132752033,0.41829682439137733,0.9159606378342859,0.556947494077926,0.3000177500847513,0.9322154450988082,0.6060430710151162,0.2954590140666806,0.9249324985832139,0.5665843078005344,0.3182963519997617,0.8936134165974283,0.5277947811804338,0.08427767734556929,1.2544678775429732,0.6987341041034845,-0.12066184092222713,1.064959879437024,0.7407278392434538,0.0033697587036592286,0.9203388274061133,0.612735463875652,0.09958972460340666,0.9032035466325535,0.6154050269392082,0.09248143721590774,0.8706681358270445,0.6049236272487811,0.062311697418353226,0.8365125860107834,0.6194847136612206,5.783333333333333
0.32214180058330727,0.7239057966917416,0.7117745080827593,0.3154506669502334,0.34928338630327355,0.7089664396471231,0.319008223238467,-0.051307435696183845,0.7857802034514935,0.2784744381153913,-0.103144801115739,0.6054041277963008,0.35143691815098665,-0.09788600143272538,0.6368914922386241,0.2857923284467864,-0.14001923003705163,0.8723151157877395,0.1358851970976216,0.7337533082478737,0.7531467670802812,0.10714502794928234,0.34469114602809614,0.7132612618394748,0.09797629965707937,-0.04155933242042016,0.753604366384015,0.12576265010594165,-0.10211621855445571,0.5806909637760892,0.0625526579827829,-0.08528653036666413,0.6191447356466773,0.12014999899963123,-0.10924497400056074,0.8247846784965335,0.2331327242139398,1.294850157131793,0.6117172824859721,0.17967289496943134,1.5489379083308448,0.4828146620175601,0.1864421736595755,1.3803107214259607,0.4863559167785604,0.3891355557113224,1.2437880051229007,0.6308443651073998,0.5986039044261959,1.071626759386344,0.5246336993069474,0.43314737627222066,0.9256069414400087,0.553247330508102,0.3163572003293753,0.9371868748100933,0.602624331551159,0.3113511710657775,0.9319146831913443,0.5636430339052703,0.3385817832552891,0.9064258057118646,0.516789030125848,0.08897827077190873,1.2577434993829426,0.7103613997052662,-0.1284327227322451,1.0839338735378397,0.7514397605962971,-0.011287665461757444,0.9363667979836712,0.6297594849916237,0.08756932199206505,0.9166974271849933,0.6307864365554391,0.07895846428160579,0.8847913043865866,0.6178430468669944,0.04496140912072932,0.8568237637461643,0.6293297915818827,5.8
0.3215411463853096,0.7279951706150264,0.7112535644715694,0.3120292032149578,0.35198840940769344,0.7022568832757068,0.31800134554859893,-0.05134739938901031,0.7857807292065021,0.2780404829713855,-0.10247518849985937,0.6056988473675575,0.34967892411521245,-0.09725233162652618,0.6363294509414187,0.28592289252218905,-0.139674805495213,0.8713231252572213,0.1371964235669489,0.7400986238685722,0.751704420160491,0.10553493135548427,0.3473917783926135,0.711020682321342,0.0974517491328841,-0.040982972489327404,0.7517663570408925,0.12500048610480682,-0.10131906431352382,0.5799240316991654,0.06217877414018039,-0.08649600946578481,0.6197698822137114,0.11996338070033716,-0.10897763880858873,0.8241724152738921,0.23230665141892684,1.2946300838006135,0.611727774902061,0.1745100602337783,1.5483040273053361,0.4802988415306567,0.1827495188420744,1.3792424335445503,0.48719634704434656,0.3875626413397266,1.2448464103510308,0.6356292736386703,0.6086217433082362,1.0869169707191684,0.5182239152497528,0.4478039428161035,0.9358051441341667,0.5494908997445376,0.3337017396375185,0.9432529220715631,0.596316909309837,0.3281356960738273,0.9388894336337864,0.5615804902074515,0.3577459224056499,0.9189948818643103,0.5111862919350769,0.09300153143186089,1.2595041554134332,0.7201050494736502,-0.1346321534674838,1.1028401025689833,0.7633202785871362,-0.025339361903635067,0.9518618578049289,0.6514367690323152,0.07625812064080695,0.9291366533439772,0.6484855618726038,0.06621617806648543,0.8974704738794528,0.6345047708369991,0.02910743503114991,0.8767328367958669,0.6416848142780952,5.816666666666666
0.32097097760738114,0.732774060501614,0.70989513312483,0.3082190913683279,0.35483302205198947,0.6947579200356564,0.31690841159811184,-0.0508883093977697,0.7856995825522901,0.2778464258634585,-0.10313045714437204,0.6061108624273239,0.3482236155137197,-0.09770190981912458,0.6377360914221226,0.2859484468061709,-0.1389535676640137,0.8701180186071489,0.13868709804762658,0.7463408625902314,0.7502725279509601,0.10368489898699737,0.3499989646705997,0.7087358232767007,0.0969943344657178,-0.040123153768266695,0.7497356091525591,0.1240256932688637,-0.10030510894485936,0.5791412594263928,0.061909329233878,-0.08748960031209321,0.6202108643204184,0.11982631428251458,-0.10850547570202514,0.8231727964660287,0.2311804964530465,1.294264561484262,0.6119139887882143,0.17072774923555245,1.5474871998959767,0.47802225327751147,0.17987693209735975,1.3784151063549623,0.4874245705241962,0.3858516219202008,1.245866808275926,0.6394717970511841,0.6176175507840825,1.1008549566973664,0.5169783619053139,0.4619837552570105,0.9470128080488373,0.5451487182916704,0.35082587374425467,0.9512812197963949,0.5877689636168022,0.3450739477921516,0.9465944293048397,0.5599363420150331,0.37526589578628045,0.9303125322261545,0.5122962278839711,0.09572011722521463,1.260272403490362,0.7252913330434465,-0.13954041869449163,1.1206540798538769,0.778690481035377,-0.03804003180658384,0.9663324497633593,0.6765992559729538,0.06575255131634615,0.9400224129946115,0.667796122372181,0.05452680738849614,0.9096286596862361,0.6541495090383107,0.015300808326723902,0.8951493100080545,0.6566453713002848,5.833333333333333
0.32042427483226676,0.7380759347290654,0.7078936774216883,0.304118399158094,0.3577799261876803,0.6866303439107586,0.3158091317747826,-0.04985349636580691,0.7853761578047648,0.2776152676171369,-0.10501143838908907,0.6066717386211277,0.34712818564704107,-0.09897210580411747,0.6404135098767153,0.28591256475255117,-0.13785891283637983,0.8686813063495451,0.14027365297380529,0.7523153372732609,0.7489160129824188,0.10165167955843774,0.35238868958597913,0.7065301815245286,0.0966190783239892,-0.039012231090231525,0.7476115223070113,0.1232322186620715,-0.09928968826540756,0.5785976422745432,0.06179131227664328,-0.08811736359592362,0.620387410065123,0.11980579066541565,-0.10784192536320121,0.8216531422359268,0.22989559260928338,1.2940202232602982,0.6120847463512931,0.1686824857837042,1.546363573570783,0.47682434485951886,0.17797520309924586,1.3778208794197295,0.4873350820547422,0.3837760925393928,1.2471788487701074,0.6412864345932403,0.6252463715918947,1.1132448682935174,0.5205974659323598,0.4752816322259926,0.9594717066483208,0.5392016691035088,0.36640799171297606,0.9615718080883939,0.5777692155954691,0.36128161225274424,0.9556304532019743,0.5577700862487931,0.39167840066624116,0.9396676802307615,0.5190004691116479,0.09687463968404872,1.2607577225812265,0.7247662060089555,-0.14309254769643484,1.1361026656069702,0.7996332898168037,-0.04869041411257044,0.9797638525046823,0.7035556292064558,0.05612313354744487,0.9495959730198964,0.6875190453153908,0.04392888259626562,0.9221663855628612,0.6749864621351256,0.003472187526170436,0.9115299033375586,0.6749130198858602,5.85
0.319799650967819,0.7436199881174604,0.7056562068237182,0.299829907864052,0.3608144992999763,0.6780922236128885,0.31474835427568215,-0.0483367915119874,0.7848340366606005,0.27712265018232485,-0.1077449719981675,0.6072260732484748,0.34624042801759825,-0.1002925543842849,0.6429002612655887,0.2858813323217827,-0.13632675845609543,0.8669818359514956,0.14177996926707168,0.7579191441422188,0.747672105742504,0.09948088145365178,0.35457299399607567,0.7043419623650952,0.09632874935671104,-0.037689852168732246,0.7454869507439897,0.1228735142188879,-0.09839366119333048,0.578276825134851,0.06186951148108494,-0.0882469702587406,0.6202246738482781,0.11990213010264716,-0.10690808393125603,0.8198068897960695,0.22858138504289455,1.2939975539425554,0.6120586792798506,0.16818496263797272,1.5448758406501295,0.4771872296944265,0.1768356193259379,1.3771772908501536,0.48755706013049843,0.38122925233667243,1.2488868246679652,0.640312689927883,0.6313593297078273,1.1242287064420369,0.5276176448243058,0.4870252982885881,0.9728585668087606,0.5311445460037101,0.37973697318367716,0.9738191053889858,0.5670465852228541,0.3761498241519551,0.9663785785277521,0.5535135244527004,0.4073031908009278,0.9469226866837128,0.5286171343106403,0.09676150246754073,1.261601002108301,0.7190796390551037,-0.14479657695072085,1.1482509944537764,0.8264690489354589,-0.05716352713504308,0.9921103072988314,0.7311738389734863,0.04747981286431411,0.9586533901404027,0.7065787029018975,0.0343703511446964,0.935110196384235,0.6951534673160313,-0.0060398163426536805,0.9256712771474731,0.6962453326105783,5.866666666666666
0.3189864355154217,0.7489416049861036,0.703544138490321,0.2954412772373858,0.3638856024572446,0.6693800962838502,0.313750259310581,-0.046513567637074205,0.7842167045644417,0.2763538720374757,-0.11064235312824672,0.6073009299621199,0.3453038364865344,-0.1006529305641474,0.6434306097824897,0.28592492484588194,-0.1342857615651737,0.8650221010084542,0.14301155089308476,0.7630092123495411,0.7465315271075073,0.09721415628098076,0.3566041419140403,0.7020407230726076,0.09611962522464763,-0.03618895938125273,0.7434526386927462,0.12301919167987418,-0.09753456241946945,0.5778491453282658,0.062190622394454456,-0.08783783393491973,0.6196289974787397,0.12008950159979166,-0.10565713081800257,0.8179606222422853,0.22730172281281702,1.2940955324488534,0.6119718290701961,0.1684475502701475,1.5431848778888106,0.4790559276008577,0.175987842281919,1.3761192550954566,0.4885053642025072,0.37832117535025034,1.2508143918842134,0.636620323870228,0.6359503427021488,1.1338135852346012,0.5360588391324403,0.4963794043052373,0.9861028926033074,0.5220843073901086,0.3906712445077861,0.9871425552802287,0.5562840969656788,0.38920635560839356,0.9786431422160273,0.5463179051373493,0.4211400326881629,0.9523850692234789,0.5382953251587808,0.09597607921084106,1.263131965432757,0.7097938985636172,-0.14407531309117694,1.156972521736926,0.8569028274950394,-0.06379396898467592,1.0025213124933654,0.7590606038621304,0.03967821328281291,0.9678003188405824,0.7249073358971858,0.02588575726218321,0.9477336862751835,0.7137986613499995,-0.01212282056596091,0.9371950770347097,0.7188080158205654,5.883333333333334
0.31794669425052663,0.7535858987340336,0.7017743253589147,0.29103659002484006,0.3668928205675022,0.6607182841824405,0.31285566914302027,-0.044545397883616444,0.7836579905968685,0.2754317535324816,-0.1127967233793657,0.6063431131132797,0.3441664785197325,-0.09939609755526141,0.6409084666869798,0.2860605439675887,-0.13178361516411566,0.862935656570668,0.1438708253106889,0.7674330784408483,0.7454745190517729,0.0949013315408535,0.35844781083487,0.6995988845440344,0.09600417070790905,-0.034527961531766585,0.7415852846269698,0.12355023172599977,-0.09653904274048043,0.5769517806066091,0.0627240820748886,-0.08704804496457352,0.618577737673645,0.12038467411423216,-0.10417876384774152,0.8162825948668847,0.22611029856453657,1.2941625822322955,0.6122600991253561,0.16850627404979823,1.541464015241983,0.4820976455377316,0.1750346189115029,1.3744642295640574,0.49010993518130186,0.37529754887222866,1.2525738150920163,0.6314235730946036,0.6391972491467436,1.141590261305862,0.5442110993170338,0.5027164157484441,0.9978231285512376,0.514289240647804,0.3990471685169589,1.000273799561375,0.5463669139625278,0.3998207405229202,0.991395054207105,0.5372982618500535,0.43146354950126864,0.9565478372967364,0.5457738367531878,0.09501429560373661,1.2651918207134785,0.698977113967099,-0.14080142664849268,1.1627496215583453,0.886885496909036,-0.06878861036671433,1.0096315776191924,0.7865006203310214,0.03235022057356923,0.9768851004397376,0.7429479205053546,0.01873531854360568,0.959134761261824,0.7307897368253706,-0.01379341879048692,0.9456120721703688,0.7400828919639275,5.9
0.3167201377171699,0.7573890396959878,0.7004782283326088,0.28672052259605885,0.3697142889627201,0.6523143083871326,0.3121145390012086,-0.04253871702816693,0.7832232773411485,0.2744877263629899,-0.11350910726885594,0.6042404365402831,0.3428775354490934,-0.09672114225365784,0.635761672537727,0.2862268048217989,-0.1290272928273682,0.860979757656365,0.1444043021354137,0.7711119542574035,0.7444787182629163,0.09259518481237555,0.3599662834547327,0.6971135057122004,0.09601000167592177,-0.03271967776329414,0.7399224727849698,0.12415530273974629,-0.09526806899642767,0.5754013316899279,0.06323760746959234,-0.08621593239000452,0.6173381397946587,0.1208412829075515,-0.10255434484477693,0.8147230636074643,0.2251546651540668,1.294083025874595,0.6133085268990313,0.1678332351346446,1.539618163062292,0.48605071591286575,0.17391396935235198,1.3722439550132148,0.4920629781484238,0.37241349951685154,1.2536954557752142,0.626758749113072,0.6413789093359941,1.1468764658207178,0.5509159391016007,0.5060274276487322,1.0069502315445875,0.5095208209033374,0.4044776515384433,1.0117761196987578,0.5384580969671743,0.4072840337482756,1.0030262277258797,0.5289393501880258,0.4371859886732804,0.9597571878966841,0.5499639839316222,0.09417788882909192,1.2671493948288919,0.6891738560189667,-0.13562404180690635,1.1660486342513334,0.9125978538289304,-0.07185833874074567,1.0126572245689878,0.8117382562686696,0.025553124220066524,0.9850912148634303,0.7602778217841808,0.013419255714465474,0.9684061541994838,0.745554135831943,-0.01136647505742802,0.9507252964115209,0.7581375036876226,5.916666666666667
0.3154012117388375,0.7605101100486574,0.6996733178154482,0.28262669483826797,0.372245118986914,0.644366755388954,0.3115421216569304,-0.04057771937431014,0.7829203884712204,0.27365968602504476,-0.11270550661602782,0.6016039621965148,0.3416231867096843,-0.0935796682339364,0.6297351966461964,0.28634687459097213,-0.1263010630416699,0.8593735886767947,0.14469363628056364,0.7740218558170664,0.7435564296570146,0.09035015228532688,0.36102867039948044,0.6947155313274157,0.09615604239976881,-0.030797371075866345,0.738473398683319,0.12446846210112435,-0.09371446530504622,0.5732058531167007,0.0633581973253601,-0.08577284722565601,0.6165566385700911,0.12148584900547976,-0.10076423571507019,0.8131780152422956,0.22461314262209053,1.29375901189923,0.6151833791449289,0.1664860160508435,1.5374138452249522,0.49063689723039305,0.17283872685295704,1.3696157396683701,0.4942597071460665,0.3699332039726604,1.2537571896514004,0.6244224252925593,0.6425645561275282,1.1490883855751681,0.5551449634093091,0.5070024889703455,1.0129483659078153,0.5077501657040598,0.4067657014450863,1.0203300033353455,0.5337507207022636,0.4112837779579595,1.0119304717791362,0.5233857034286005,0.4383759457072642,0.9620839870245561,0.551060726410689,0.09370060854123105,1.2681791187777633,0.6832512301842952,-0.12981291014790824,1.167047724746571,0.9318902521863445,-0.07254505119454877,1.0119882646534044,0.832770833832231,0.020158711694400786,0.9912840197875263,0.7751725564008084,0.010526878610237708,0.9745269901078322,0.7566777543191024,-0.006626387553658958,0.9525499743338488,0.7721301592112251,5.933333333333334
0.3141118857796456,0.7630870817036889,0.6992226135996134,0.2788992033623698,0.37439440905754157,0.6370662533087857,0.3110945249175355,-0.03879439096056568,0.7827224163808465,0.2730940725332849,-0.11102546723563149,0.5995024807870336,0.3406248933322157,-0.09104830643813949,0.6248056350957182,0.28638288680397905,-0.1238667487995389,0.8581917937037306,0.1447169810600074,0.7760381158387619,0.7428582488413331,0.08822343372453884,0.36164563241768555,0.692453992109205,0.09644443870942311,-0.028821800242321283,0.7372233681905633,0.12428861295103881,-0.09212210677334762,0.5706455052933149,0.06287961226078267,-0.08603882512937537,0.6168471901735683,0.12227164366303847,-0.09885543960489446,0.8116515592357282,0.22454326787428686,1.2931315007020678,0.6176764967523601,0.16480676359354227,1.5347787896098002,0.49538640778854315,0.17204594033033255,1.3667353273542897,0.49682571860484526,0.36813913275225274,1.2524751586834575,0.625035610568399,0.6424103922766627,1.1480926118343007,0.5556272840884103,0.5065158254592105,1.0157211022842176,0.5074793130349726,0.4062184317196762,1.025178836787819,0.5329956003918114,0.41225043618124335,1.0169293084725564,0.5213866144101494,0.43572295792980453,0.9634669012540412,0.54992817316115,0.09381134404980787,1.267686822550443,0.6835368026835531,-0.12465075732843076,1.16589551065443,0.9442385271960898,-0.07084809487725573,1.0088725208602978,0.8483979623804706,0.01743155841620969,0.9943874476570979,0.7854926526028847,0.010417230345000772,0.9765339411025649,0.7628779665794831,-0.0016983232224432585,0.9511501258471575,0.7818199960614753,5.95
0.31293963668872016,0.7649612256864683,0.6989523567619158,0.27565932979607694,0.3760651492100721,0.6306012858519281,0.3106887587133819,-0.03737743945662893,0.7825867695731872,0.2728528715712789,-0.10934014960073257,0.5988080702344266,0.3400371124395896,-0.08977225430303709,0.6222946445755664,0.2863121198611272,-0.1219116450918202,0.8574067522655214,0.14434635549723457,0.776899932926005,0.7427364440106077,0.08627222355819093,0.3620443253834127,0.6902126368977753,0.09686336036832002,-0.026848961971181348,0.7360989438158441,0.12359388569157796,-0.09099180776658952,0.5684182198516368,0.06191660295072835,-0.0870141720240574,0.618304485718335,0.12309196479490178,-0.09703013626787468,0.8102550937307281,0.22487397590236902,1.2922307901614896,0.6204579370258065,0.16316485629698335,1.5318214051261172,0.4997767300855174,0.17166115846302893,1.3636621439689613,0.49973072248123407,0.3671934976989411,1.2498331647701504,0.627896861545712,0.6404460120544397,1.1442585015542572,0.5514410681461687,0.504983237326772,1.01539882996146,0.5073673614440423,0.4034099441288169,1.0262742921219106,0.5360538005446703,0.4109835146588647,1.0173403776691687,0.5225787844337463,0.4299822814470612,0.9637516096319924,0.547538923834187,0.09466854673954199,1.2655734442284277,0.6905503522281693,-0.12082252147774258,1.1629610128498757,0.9500771708687894,-0.06741045179849905,1.0046818166962534,0.8582799097294669,0.01815924977745,0.9938334452689161,0.7899143062495199,0.01284958752691712,0.9739298464629772,0.7644045849218564,0.0021509983065681818,0.946878811656015,0.7871376835069824,5.966666666666667
0.3118956458131493,0.7658757916602762,0.698792668570257,0.2729756001528046,0.37718109956187235,0.6251584081422331,0.31025642730842223,-0.036463965769512274,0.782490116799059,0.27285453478091426,-0.10805655936441652,0.5996206385643785,0.33987307889622853,-0.08978084802701679,0.6225230566235009,0.2860987959804496,-0.12052420782065001,0.8569689077221321,0.14348677086867992,0.7764364594230507,0.7435896855220518,0.08455724370547345,0.3625541146052862,0.6877813848656149,0.09737735448977655,-0.024947920867021106,0.7350012529491231,0.1224030161376554,-0.09082688261284937,0.5674399117289625,0.060718659102033556,-0.08846102025172874,0.6205958485358128,0.12384600835310515,-0.09552695550408599,0.809096169980024,0.2255038633512676,1.2911881989132423,0.6231510089346884,0.1618779027396252,1.5287081934401734,0.5035078263374929,0.17171817064026865,1.36052871347337,0.5026707700786347,0.3669980680139967,1.2462084246128873,0.6315284644509502,0.6365908388081585,1.138247440172863,0.5430321030304792,0.5022625360798465,1.0120338952849375,0.5074888189018201,0.39879291909340137,1.0239351156378642,0.5419145840632543,0.4079297829863122,1.0130289501103924,0.526398900514597,0.4221818580806576,0.9626388664240189,0.5447470835200865,0.096244324141144,1.262106714041978,0.7026270475270002,-0.11822921666433385,1.1587320554780065,0.9507763137559252,-0.06316066252673215,1.0003543150029308,0.8626478341369009,0.022001072974845562,0.9897892136044681,0.788569287256908,0.01688709034505848,0.9670663599688716,0.7631399427640836,0.00461399773384974,0.9405462802772874,0.7886015501889698,5.983333333333333
0.31096729836539705,0.7657741369882962,0.6987748862184524,0.27085939500049894,0.37772283018583597,0.6208790507675861,0.30979563213200434,-0.03600395112638809,0.7824455191948119,0.2729453862937994,-0.10698003344406073,0.6012580179595804,0.3400024094912304,-0.09054376293994294,0.6247265450623416,0.2857187409601658,-0.11969041258181311,0.8568512935279203,0.14219961627256075,0.7747915995511825,0.7454663771889132,0.08313911847271584,0.3632862753759777,0.6851245599242565,0.09792985092508291,-0.023301281430077425,0.7339094203584985,0.12076396895413807,-0.09176909774688295,0.5681473683718833,0.059485206514846053,-0.09010664678125144,0.6233085739506159,0.1244935723239234,-0.0945420500408322,0.8082122208042058,0.2263545983279177,1.2902052916494695,0.6253474000047342,0.1611440492941812,1.525647474099092,0.5065815105430065,0.17214643894697843,1.3577189251984867,0.5053873532889012,0.3672385332941561,1.2422647192398764,0.6346103026730513,0.6313017002303406,1.130863279507858,0.5323065586055911,0.49795701361385813,1.0055640286366352,0.5090640096521766,0.39272760391134826,1.0186431468341726,0.549296312882486,0.40306227832666,1.0046268435392633,0.5326528666808582,0.4139618021412491,0.9599036476897452,0.5422225362662245,0.0982752890116474,1.2576299841901581,0.7169295555881396,-0.11631516084427262,1.1536225586032476,0.9487538649216853,-0.05888897979482821,0.9962928205287722,0.8624724092071179,0.027682316118495864,0.9830753249076347,0.7827851734082403,0.021284743412990536,0.9573393536429671,0.7610410682452182,0.005859183879430631,0.9331801239405899,0.7877678730337696,6.0
0.31020749374908047,0.7647506253319537,0.6989366569013773,0.2692988700520831,0.37771157725772947,0.617819380895505,0.309369207941197,-0.0357827244654791,0.7824623769275828,0.27299271589647833,-0.10579050876241791,0.6027736528627855,0.3401836659053289,-0.09118232865445622,0.627332860069138,0.2851982329104188,-0.11931396850954534,0.8570484554679347,0.1406798640156096,0.7723725801662573,0.7478152768365997,0.08205455294925833,0.36394900890995363,0.6825472209397195,0.09847530539113647,-0.022192983701377178,0.732903061121911,0.11888118469125611,-0.09346815104552184,0.5699296081805302,0.058367975515788956,-0.0917102920153191,0.6260650753434522,0.12504980962863213,-0.09419457462416739,0.8075888969887939,0.2273350937828974,1.2894535654223445,0.626688228084427,0.16095454099411355,1.5229788480709212,0.5090898276335454,0.17274389469561546,1.3556608424562384,0.5078510967183065,0.3675968032772842,1.2386471840656923,0.6366845896757437,0.6253339183947437,1.1230153881970044,0.5216680411470611,0.4917774370010908,0.9962460551723925,0.5131695497870583,0.3856886019014998,1.0112479245213069,0.5572328040516537,0.3962852180989316,0.9935847768246238,0.5413108179185049,0.4070423694760024,0.9557275974617621,0.5404415440332289,0.10033693796679766,1.2525244759687109,0.7306160630245309,-0.11457535156772747,1.1480677165543576,0.9464249595710623,-0.05511777872666414,0.9925362463766948,0.8595714674640335,0.033868289314884184,0.9749157334207678,0.7743801828416377,0.02509399847678858,0.9468733021675064,0.7589753836043966,0.006273353194216458,0.9257215286177168,0.7866655126412252,6.016666666666667
0.30973471824405935,0.7628358882472839,0.6992581966394623,0.2682840990581871,0.3771626855442136,0.615971062743969,0.3090513150712494,-0.03561089120338749,0.7825154846265095,0.27291978614227813,-0.10447296685526429,0.6034851802800367,0.3401168978482203,-0.09086909636092326,0.6287243625193434,0.2846046508589777,-0.11926549297923153,0.85756172913195,0.13914847354172158,0.7695896896309349,0.7497723704467593,0.08129777884239117,0.36405281410070994,0.6804798958245409,0.09898915467700002,-0.02179896468223201,0.7320899119344889,0.11714803746968566,-0.09529016995826545,0.5715032776428807,0.05751171095120977,-0.09306520762494881,0.6285113239922839,0.12553875035657183,-0.09447561181002094,0.8072180257768115,0.22826806373415687,1.2889298272520842,0.627071903943362,0.16111174505668102,1.5211694619667981,0.5109252665286026,0.17329595915430174,1.3545397740748109,0.5099865818151063,0.3679740144298205,1.235734847660165,0.6380883518940343,0.6194698478419417,1.1156500334195047,0.5129809976774874,0.4839457641353573,0.9850408411226179,0.5197797427226618,0.37820552761398996,1.0030464551009308,0.564993516271562,0.3877589236460276,0.9818120807896195,0.5518167555409595,0.4022893153478671,0.950754741994194,0.5393443398926678,0.10199095357723281,1.247325342641278,0.7413834127838247,-0.11275560223576456,1.1426822019279395,0.9447444435207356,-0.0521523334164988,0.9889752033323259,0.8559203427580157,0.03968118707419808,0.9665381871041422,0.7651600342159818,0.02791342547970785,0.9377257878168973,0.7571933868351819,0.006320743414136822,0.9189922660423624,0.7864585089342988,6.033333333333333
0.3096268404708485,0.7599246514043969,0.6996909646489663,0.2677719195785871,0.37608442576851336,0.615261740960753,0.3088795892856364,-0.03545720117076974,0.7825738113883384,0.27271279918600466,-0.10324612525131835,0.6031548227971848,0.3395804583994194,-0.08925905229250153,0.6280706362931879,0.2840001467639883,-0.11944769031983717,0.8583999991521102,0.1377555244212175,0.7666357335299328,0.7507639443720966,0.08083223722388264,0.36325360570372145,0.6791666782741266,0.09944871031581008,-0.02203389413940697,0.7315349636362103,0.11596536219760295,-0.09667021040739725,0.5719324135636982,0.05702924695612338,-0.09401164224406267,0.6303279030348934,0.12595351182503225,-0.09526120045806966,0.8071207936427012,0.2289036125597233,1.2884433593314422,0.6267901044950025,0.16135999973710943,1.520525523635435,0.5118344955464219,0.17369335360454813,1.354303662380783,0.5114046851066969,0.36848941457886847,1.233555441274516,0.6394343785358815,0.6143542055733703,1.1095712643820457,0.5071622896383754,0.4753578549632165,0.9734844685678897,0.5278844012194999,0.3708403075296289,0.9954348986184747,0.5717087012852587,0.3781322016198426,0.9710894202197099,0.562678030808985,0.39952664247299075,0.9458907368872794,0.5380719296692538,0.10294581983310681,1.242561156954351,0.7477497963514397,-0.11080915989423637,1.1380514661306071,0.9432175338066539,-0.05008100529494329,0.9855096310341096,0.8527336290978809,0.04449537086250335,0.9588930680772864,0.756647943207542,0.0296604516823699,0.9311369603743175,0.7560976843492128,0.0063522389401067855,0.9136822155531293,0.7868737794613694,6.05
0.3098288466795718,0.7558993668276694,0.700284211360938,0.2676438241160618,0.3745495761657416,0.6154822780547398,0.30884044909465,-0.03540637793495105,0.7826313483607553,0.27240465941858616,-0.10225466953030936,0.6019117073479745,0.3385975544965827,-0.08664702846315919,0.6256534070277223,0.2834230909582164,-0.11984279326171478,0.8595646292989729,0.13651974480003995,0.7634740778627498,0.7508344197110373,0.08060804002738434,0.36151497471492344,0.678617797649539,0.09984021926912093,-0.022648867894536406,0.7312179583440512,0.11554241993874426,-0.09732169515359126,0.5711082616147793,0.05692133085883286,-0.09446138594668516,0.6312922859445159,0.12625810556277214,-0.09638963187361341,0.8073307191483596,0.22908944999842135,1.2877803892033972,0.6263208469806671,0.1615250550007889,1.5209276386620532,0.5118920275786638,0.1738639004342431,1.3547592344208632,0.5116308426301511,0.36924218219247107,1.2318926767956746,0.641252174539937,0.610447081089182,1.1052187131037083,0.5043293948107022,0.4672430202389971,0.9632008627475374,0.5361844717211635,0.3643927041719456,0.9894892143156608,0.5764745230479247,0.368713635101561,0.9626383446791634,0.5718411980528874,0.39814457259586356,0.9419728852139018,0.5358096776557273,0.10316519827213788,1.2384131248639296,0.7492492901798442,-0.10888561653501813,1.134384275232515,0.9411435606143015,-0.04875432140646696,0.9820434913801397,0.8503421824670161,0.04775179568954089,0.9526077835864087,0.7498713505013263,0.030361463082771895,0.9271894693826684,0.7560917277510287,0.006559705150183683,0.9100314119231647,0.7871073758896614,6.066666666666666
0.3101883227301573,0.7508756100547702,0.7012054508202732,0.2677258574085372,0.3727499443996497,0.6162492116321215,0.3088775277099468,-0.03552836094571492,0.7827027260230306,0.27204833837367504,-0.1015212887115067,0.6001747997300411,0.337436085477682,-0.08376355097923006,0.622499426680196,0.2828983127258569,-0.12050029328329509,0.8610319258168503,0.13538597051228493,0.7600544930619262,0.7503518832157905,0.08056223440061579,0.3591132860986052,0.6786686882866995,0.10017514857427007,-0.02340563790117589,0.7310245039306349,0.11586602845100341,-0.09719673426118212,0.5694026614329282,0.05703424912216784,-0.09445499811521993,0.6314223554411192,0.12641918020756876,-0.0977327517319455,0.807883700101199,0.22893353639255287,1.2868344146556125,0.6259470299475081,0.1615724720267051,1.521964842371198,0.5116117609820915,0.17375414124213073,1.355614581110296,0.5105209040905495,0.370203043361634,1.2305281149215423,0.6437520404136728,0.6079886292254465,1.1025955285005535,0.5039550762231801,0.460673142608883,0.9553989193288006,0.5435989536070371,0.35980531080243106,0.9856402064988605,0.5789355180844658,0.36118177969556087,0.9570273398654664,0.5776050604091187,0.39773289780928534,0.939399729012449,0.5328432344733696,0.10283822154535066,1.2347147820769833,0.7464518744248033,-0.10726692351316636,1.1314809384036473,0.9384365954046936,-0.04790945118023878,0.9784118110622163,0.8487874668734228,0.04916373678111212,0.9478930169142374,0.7453363286165158,0.030211883058580892,0.9250385826035222,0.757001204564386,0.007101557279773508,0.9075854270123666,0.7868583701464285,6.083333333333333
0.3105848130304456,0.7453506069548508,0.702471777151427,0.26784756184822894,0.3709394348934687,0.6171170016456585,0.3089202096100523,-0.035819121020816594,0.7828095397939124,0.271708378643984,-0.10112607966230142,0.5985446262030572,0.3364369175897226,-0.08140585146399454,0.6196860385730593,0.2824282313804819,-0.12145552178395808,0.8627601083391557,0.13437646706611905,0.756532311967145,0.7494765148415807,0.08062771205806292,0.35651845529762616,0.6789974996141388,0.10048265126321475,-0.02414842843868227,0.7308316959318236,0.1167816287751976,-0.09642143369881367,0.5672453397846784,0.057166835760362925,-0.09420106694112021,0.6310641139022964,0.12643653686984427,-0.09923987714051427,0.8087953890634955,0.22873505166601027,1.2856242618855105,0.6256457894325199,0.1615413842505763,1.5232062977826333,0.5114121826259632,0.1734613596023891,1.356543263620264,0.5083453097140149,0.3713589167106703,1.2293964298529179,0.6465705772335026,0.6069019590102666,1.101388585390804,0.5049086749558402,0.45639022499961845,0.9505737073877286,0.5493311837753659,0.35753159758099773,0.9833212655205272,0.5796919908704409,0.3568662992294077,0.9541639105884384,0.5792046629724534,0.3982342114218649,0.9378858665773879,0.5301432793686864,0.10224955414508001,1.2313276123042103,0.7407927930077434,-0.10624381253339119,1.1289605770431155,0.9356096881838332,-0.04742802821742013,0.9744351098886722,0.8483666732007832,0.04890287847584443,0.9444778028268603,0.7431839819144292,0.029581101297578138,0.9236247444637193,0.7581245872236793,0.008112283358153166,0.9054708433782164,0.786511993496197,6.1
0.31099612577026703,0.7400434267853827,0.703732215740632,0.2679017731585645,0.36930451584390445,0.617795514424587,0.30893976663327427,-0.03628776375388805,0.7829745954076629,0.2714526721725235,-0.1012246011251936,0.5975529381226586,0.33584491957509044,-0.0801040039751399,0.6178924816871368,0.28197572800034393,-0.12266876061349141,0.8646588232354224,0.13361560784071305,0.7532443454083932,0.7480746481434697,0.08075366989469647,0.35411065693995547,0.6792749995403421,0.10078113506614474,-0.024863032024627335,0.7306551215142372,0.11802280591622742,-0.09535441455421181,0.565113142126147,0.057234177531152376,-0.09397183960239901,0.6306894982508922,0.12634741427662016,-0.10095656239072923,0.8100524824496884,0.22875690581234648,1.2842816340916579,0.6252745390071918,0.1614511015028796,1.5242564692867535,0.5113223115313847,0.17316716346351674,1.357143593666742,0.5055647352215838,0.37275884245119145,1.2285539854384773,0.648851049044889,0.6068381949975779,1.101122473712556,0.5059475632623206,0.45487619047597283,0.9484954154731998,0.552708418045753,0.35719279525777503,0.9809500448990912,0.5798856025809911,0.35635362483293476,0.9530794346254015,0.5767888299570317,0.3996834669220722,0.9364212334770807,0.5281624280280711,0.10167707269445542,1.2284032075807618,0.734127262058359,-0.10602711854802303,1.1264523833198425,0.9334363248895532,-0.047405049312902806,0.9700708799360106,0.8496004227916785,0.04749500880663049,0.9418107039671384,0.7433229113181383,0.028851229862415628,0.9222989917532453,0.7590205026912634,0.009500280252525327,0.9028289192349651,0.7869684471279287,6.116666666666666
0.3114502917344822,0.735545798380362,0.7044632492907519,0.26789625189840266,0.36788141174339817,0.6182823703139626,0.3089874337080565,-0.03702742329554494,0.7832194056089827,0.2713254777692259,-0.10181943655907608,0.597408127458284,0.33572139521199085,-0.07993452043745776,0.6173640507321067,0.2814893864399475,-0.12406206387764515,0.8665550218485693,0.13320589159412724,0.7505409109428512,0.7460015873323761,0.0808999104512341,0.3520048176861296,0.6793525972542364,0.10104405910648964,-0.025703054324630895,0.7306591281709891,0.11914678390212616,-0.09452042619247661,0.5636619464172266,0.05728388429684235,-0.09391632180875135,0.6305610028800681,0.12619213648139674,-0.10297616665879286,0.811648275313229,0.22910239951890266,1.2829943262189965,0.624811008350004,0.16131767039586414,1.5247668702226238,0.5112309744023676,0.17288402800330893,1.3569791960725865,0.5027647746962861,0.3743710685098469,1.2280856428088416,0.6497329853529551,0.6073957989215572,1.1012887766241344,0.5065469760523554,0.456249317072842,0.948327514072269,0.5533369063855202,0.3581414993234174,0.9767039630622203,0.5801206249179883,0.3595755191919827,0.9519966820632284,0.571234053437048,0.40192422062053607,0.9335057131027173,0.5265143813317137,0.10134265191575267,1.2262570445583554,0.7281020191775265,-0.10661137809963016,1.1237138970990836,0.9323886868656688,-0.04797192234747595,0.9654956011834998,0.8525087990896116,0.04547223538000666,0.9392883574565383,0.7456355029044079,0.02822829299338614,0.9208535935688203,0.7600731668019332,0.010776879159318417,0.8990686542787478,0.7889626209303131,6.133333333333334
0.3119908928592615,0.7320911974825409,0.7043228343077251,0.2679452640562308,0.36659001106529365,0.6187862444219295,0.30914468556558317,-0.038112760472834656,0.7835537530626833,0.2713236030850367,-0.10256812589250595,0.5978604781990069,0.335933228743862,-0.08053376551646801,0.6179095888792747,0.2809620147803492,-0.1255962417899197,0.8682878913003025,0.13315277512705542,0.7486452280228495,0.7432655782465708,0.0810163125385334,0.35019191901995506,0.6792195983620143,0.10122475079028455,-0.026833683690695095,0.7309766447110521,0.11962057735316195,-0.09427038540898322,0.5634547412578782,0.05736892845070173,-0.09400776535059963,0.6306567586425494,0.12598627479443406,-0.10535395781310719,0.8135919288536957,0.22977265574449823,1.2819212918391873,0.6245166323663589,0.16122165415572592,1.524626187312736,0.5111203472401049,0.1724503060787146,1.355969846277835,0.5008056857534003,0.37602795674300893,1.2280511475249178,0.6487998805873607,0.6082362213807125,1.1014924933058037,0.5070583285436884,0.4600635701182172,0.9488199548901184,0.5513796190495,0.3601898967941005,0.9695817932269968,0.5797885615708237,0.3658908882024643,0.9491840717217938,0.5637597055354946,0.4046057676330767,0.9277056871702676,0.5247048755054315,0.10138206314879875,1.2250495067440563,0.7237695612478396,-0.10775298153894886,1.1207527559329309,0.9321210127249155,-0.0492691316456085,0.9610360428855134,0.8559403425153284,0.04300895865436313,0.9363062752979465,0.7502458284409632,0.027464125904132455,0.9192122527633295,0.7619026432395851,0.011095085766789288,0.8942109757496286,0.7916503079245666,6.15
0.31268692931678205,0.7296005996713338,0.7032837728804918,0.26814888347504806,0.3653497733774066,0.6194815736173487,0.30942813488730087,-0.039436280621908154,0.7839524677296671,0.2714029718437151,-0.10292058284979735,0.5983111735106617,0.3362156330725019,-0.08126783859361024,0.6188214330731379,0.2804474795735788,-0.12727309049226002,0.8698347436320892,0.13339499491351242,0.747569895534855,0.7400332370139332,0.08105865676938512,0.34872593678217584,0.6788892928239756,0.10131835287107242,-0.0282224197026988,0.7315612058861429,0.11913435651130867,-0.09455369830620958,0.5644103488831563,0.05743108924251063,-0.09413209257968608,0.6308273658921624,0.12574319120082067,-0.10806153474075758,0.8158557318875638,0.2307445904106356,1.2811726490698698,0.6248292039618699,0.16127309559064415,1.5241131716840652,0.5110543184453222,0.17175531799684696,1.3546295952909524,0.500608925799184,0.37752556379883145,1.228416271830025,0.646345697257894,0.6091177816566297,1.1015341112509636,0.5080485170035453,0.465453412554256,0.9488196734664162,0.5472557962594321,0.36366610675203837,0.9597932424550238,0.5776079502902332,0.3741857728554419,0.9438088268432814,0.5554302067831737,0.4074285127338561,0.9182438605524403,0.5230822434689779,0.10181808528163779,1.2246442644685829,0.7216145925965641,-0.10930001022843563,1.117837033363617,0.9317299735467597,-0.05158333791400718,0.9570688066179005,0.8578538158358936,0.03986266458681373,0.9323918429349854,0.7571546870267138,0.025744507527527306,0.9173227486194152,0.7639328323577341,0.009550067403239739,0.8891138724003198,0.7922873628812438,6.166666666666667
0.313584582595729,0.7279121581076462,0.7015318057993907,0.2684714055086238,0.3641618174182615,0.6202856491344066,0.3097573872848265,-0.04071314950364023,0.7843477188333348,0.27150985476834,-0.1025362205434378,0.5982175427217079,0.3363099529369271,-0.0815383258630608,0.6191996562913056,0.28000899587032,-0.1290522682916982,0.8712483327085647,0.13385814447661878,0.7471550039755939,0.7366325735693787,0.08101734171112976,0.34771063631595067,0.6784132611720199,0.10134056932963055,-0.02963694076719331,0.7322540766046141,0.11778613781652322,-0.09509890838076082,0.5657921560426757,0.05730790993571176,-0.09417882815121176,0.6309336827237614,0.1255053526158016,-0.11096235611770874,0.8183153360264591,0.23195501555610326,1.2808239633932745,0.6260128286010086,0.16155681933039615,1.5237669125237767,0.5110824710603731,0.17084924966340265,1.353763989346017,0.5025689878718934,0.3787345816597619,1.228962419698464,0.6434173940337781,0.6099797770744414,1.101371828164996,0.509745401313927,0.47158374904186606,0.9478591231372737,0.5411586279613574,0.3688577024864044,0.9484249044812864,0.572609100252957,0.38318560281368597,0.9359889784396729,0.5470496346556093,0.41041073811251494,0.9052262724350858,0.5230588653784676,0.10254711231258723,1.2247496213714621,0.7219558768516782,-0.11144627504527524,1.1153396006993557,0.9305775095402719,-0.05530902727638688,0.954089256736903,0.856143184452653,0.035535684923433876,0.9275660221455281,0.7650949752509864,0.022143182858230984,0.915303307855947,0.7638691743526407,0.005598239962107109,0.8850352118238933,0.7880921436263932,6.183333333333334
0.3146510835038663,0.7269686596545245,0.6992814744803512,0.26879311986046894,0.36310471745210743,0.6208987191719906,0.31001746391175145,-0.041674274618558924,0.7846739199808754,0.2715991846333319,-0.10149917554286973,0.5974401726206122,0.33610282644226863,-0.08110229475615305,0.6185697494743657,0.27968727966687845,-0.13078479088830589,0.8725075294235247,0.13446773052345398,0.7472029970097227,0.7335186249430224,0.08090263115511637,0.3471917352689118,0.6778766521208102,0.10126310924152301,-0.030836362929431288,0.7329568261166549,0.11597395327159643,-0.09567539713681085,0.5668810182406003,0.05684915787831363,-0.09410591696473611,0.6308992184068215,0.12532695028479968,-0.11383109705635114,0.8207710745671304,0.23325642484968734,1.2808702095210944,0.628022035735644,0.16217849302754309,1.5240238915829394,0.5111834740079271,0.1698885770220734,1.3539649736772008,0.5062731651857979,0.379647866539344,1.2293493662159003,0.6412386348746578,0.6109083612566603,1.101051705455151,0.5120257821448342,0.4779723382147607,0.9461591164235178,0.5331846308070489,0.3755457137665692,0.9367483795189978,0.5644306306254482,0.3918475851711616,0.9262646936173674,0.539382303275396,0.4139595804451728,0.8895649908284099,0.5261993223581878,0.1034131037427732,1.22508563908804,0.7254586556956768,-0.11446168170102466,1.1136185682050272,0.9285639366838118,-0.060745083648144405,0.9528522213527937,0.8492259490200429,0.02947671833846973,0.9226651654903073,0.7710151419990106,0.016246727403565513,0.9136314078122196,0.7591426660140452,-0.0008373213495606309,0.8830551675176448,0.7779430963997929,6.2
0.3158125120814183,0.7268279762965304,0.6966761718285749,0.26905778020989113,0.36230842788865725,0.6210446372548949,0.3101441669021027,-0.042219347052864536,0.7849214410997009,0.27162313090614715,-0.10010607911924936,0.5961971268797207,0.33564231175739606,-0.08012222239982071,0.6170314841676781,0.2795253550675628,-0.1322333587836207,0.873530250781766,0.13513759159818242,0.7475499026206334,0.7311196210049011,0.08071718515090089,0.3471377493132742,0.6772883485907807,0.10102736472577034,-0.031718832609359066,0.7336755678061206,0.1142073937711698,-0.09608700509503068,0.5673604519971139,0.05602031972220142,-0.09397760293839252,0.6306856977111164,0.12522911290142857,-0.11647229558055229,0.8230817248994162,0.2344225188970933,1.2812000453407635,0.6307029275863877,0.16324651858691117,1.5248806881403925,0.5112473869406695,0.16900312454972344,1.3552782113412107,0.5108117262477827,0.3803258693934637,1.2293280437007597,0.6403433278449786,0.6120056673420138,1.1006545758293769,0.5146188281391498,0.4843811980063967,0.9440824243193882,0.5238825959951361,0.3833367769663885,0.9253948251352403,0.5535355807068605,0.39973745758398704,0.9150045201576362,0.5332296200087848,0.41862701872210883,0.8728709294435855,0.533082384474903,0.10435841523782444,1.2254426026134095,0.7327471800191445,-0.11829928847701834,1.1130507017461242,0.9256650814343841,-0.06793834919981365,0.9543147530022557,0.8363154097528309,0.021455012482807484,0.9193259976556236,0.7713039416387145,0.00825069932385352,0.9132366419187429,0.7488655171061915,-0.009676449522931042,0.884144908462419,0.7619375521679274,6.216666666666667
0.31699790612143053,0.7275467056658713,0.693848352662206,0.2692854238704663,0.36189951144820826,0.6206450766016801,0.31013206061680837,-0.042409297177453134,0.785126622437557,0.27151858157653863,-0.09860046219964431,0.5947238307314432,0.335053057404035,-0.07893029249886038,0.6149130203600733,0.27955508121143946,-0.1331606441878741,0.8742714675715824,0.1357866108325208,0.7480376763092447,0.7296612741927856,0.08045409582429773,0.34752170736274846,0.6764549851511339,0.10060472503780873,-0.03232672084493614,0.7344283670805255,0.11296167207977942,-0.09607603675444153,0.5670491830971687,0.05496687097358835,-0.0939250681452106,0.6302620572013928,0.12519097226841752,-0.11879347439863068,0.8252290966860876,0.235222112957363,1.2816693658507288,0.6338919360979467,0.16476144875293908,1.5259302440613804,0.5111253852986763,0.1681969729254173,1.357231841615949,0.5153563114580295,0.3807487569256789,1.2288254803086989,0.6404434900528861,0.6133257715278655,1.100273113674887,0.5171809286368653,0.49054254433571365,0.9416844076006459,0.514514216589772,0.39234045265156114,0.9141648758919552,0.5416557772090329,0.40720934270202375,0.9023652510201263,0.5291635452548958,0.4247445482628178,0.8571509996581058,0.5430236159635125,0.10545321395494484,1.2257737849854036,0.743255167968571,-0.12260791594227455,1.1141108818244878,0.9216895027330041,-0.07662909334949003,0.9595764904001743,0.8175490726658807,0.011798482874761273,0.9195581786804301,0.7637375818745609,-0.0014207526311719556,0.9154231853660733,0.7341776599050115,-0.020882601644269957,0.8895370439384914,0.7403256019232082,6.233333333333333
0.31811902112321266,0.7290498222783421,0.6910205326358831,0.2694715988511847,0.3618870430874429,0.6198801449738827,0.3099766774155054,-0.042386414630907865,0.7853300787944578,0.27120851961212256,-0.09711460995857275,0.592959076332606,0.3344645390428138,-0.0777657650252191,0.6124663524973123,0.27975676631976565,-0.1334244108662229,0.8747087415197391,0.13636830229528982,0.7485030794378171,0.7291430196485424,0.08010735476326447,0.3483726389455797,0.6749939228323448,0.1000076563821329,-0.03278184364903089,0.7351891848538805,0.11253926892949292,-0.09539510102214646,0.5657248396088006,0.054032976938543774,-0.09405893440167101,0.6296451839413102,0.12518058481004693,-0.12073188793925062,0.8271617151525599,0.23553367402173891,1.282150852333054,0.6373266807062664,0.16661292752688356,1.5267173606986346,0.5108903657452475,0.1674784424123556,1.3592187207788222,0.519494323231387,0.3807540309849227,1.2278772108031213,0.6409789954140732,0.614758970530995,1.1000335079622143,0.519200087908249,0.4963187779458217,0.9386635234431612,0.5067297928741359,0.4030352575612645,0.9027121204006908,0.5312924397858708,0.41509793296473496,0.8888881646839081,0.5272199897620349,0.4323141595396216,0.844037266188143,0.55450142732602,0.10672772840632475,1.2262786195885071,0.7550586622329066,-0.12702595196485422,1.1174015562000246,0.9167833694419552,-0.08632598553916077,0.9699815832016623,0.7943244932165974,0.0009704324838425033,0.925082487832661,0.7484029728786947,-0.012387464751264753,0.9216780839578302,0.7168619942450171,-0.034192460572037925,0.9006394757824576,0.7137951072940476,6.25
0.3190780528316869,0.7310680073162492,0.6884853477004289,0.26955277641001035,0.3621161592450101,0.6191120815884468,0.3096535992010355,-0.04230431746855422,0.7855622215387966,0.27063875646641267,-0.0957285019872204,0.5906568623111155,0.33397527466310817,-0.07666216039999024,0.6097997570986533,0.280079723998581,-0.13305517337739925,0.8748163764118002,0.13687553113313186,0.7488296234516669,0.729457853150341,0.07967608691635597,0.3497203692089168,0.6726040691928465,0.09925046385745054,-0.033207153541187404,0.735918583870739,0.11296804662014936,-0.09394005531366073,0.5632691404201817,0.05359219563819771,-0.09443219431295867,0.6289390436137788,0.1251773713477053,-0.1222354477028788,0.8286889731778795,0.23539808899411052,1.2825207881322298,0.6407372540260705,0.16865105374406272,1.5269493549508115,0.5110573524191825,0.16705770705549922,1.3608608863611718,0.5230754344918792,0.380164392995975,1.2266276649384944,0.6414091203734429,0.6158850634230149,1.1000848023171501,0.5200400278555837,0.502171240126071,0.9345223403959283,0.5018382008533468,0.41547851836981686,0.8909056342937576,0.5245773983329404,0.4242384085017648,0.8757053286994245,0.5268631921585413,0.4413045122926211,0.8340320600009047,0.5656121482027862,0.10806854721749504,1.2273377890928079,0.7659302208254861,-0.1312525697836892,1.1235735074517652,0.9121974017193794,-0.09648193630009624,0.9868802889142541,0.769804575898005,-0.010981657534162107,0.936951693896998,0.7270842031510705,-0.024118862170569702,0.9336137293704211,0.697686498851138,-0.04884660982979937,0.9184173083373525,0.6846438412221834,6.266666666666667
0.31982017808500307,0.733217167273543,0.6864545747954361,0.26944025936267785,0.3623670786010518,0.6186154165073385,0.30914926750013094,-0.04226931655246553,0.7858409599644618,0.2698780819617571,-0.09454763980050232,0.5879359045215269,0.33363089912579114,-0.07561139768098465,0.6070983182783506,0.28046417058845474,-0.13228243190197403,0.8746752035356878,0.13732194753390825,0.7489756273536636,0.7305011243608626,0.07913925514267559,0.3515244716622206,0.6693404278035603,0.09833159018872342,-0.03368509180577624,0.7366044087615593,0.11399070066945262,-0.09187672375882092,0.5599228500920044,0.053795280701162365,-0.09503355656720121,0.6283007473982315,0.12516570221145087,-0.12332804589850285,0.8296256384902574,0.23495998016514646,1.2826468948497138,0.6440776371489756,0.17069523295423156,1.5264896418495735,0.5121754005601603,0.16718644038408853,1.3619939840394044,0.5259577006890359,0.3789160949775325,1.2253349261390774,0.6411451692142396,0.6160847933529118,1.1004633912154311,0.5193126831296787,0.5091742627941861,0.9287442592126606,0.5001630944215747,0.42912322071369197,0.8784759025975551,0.5227310901355519,0.43534606978247725,0.86375157045072,0.5273176047002076,0.45205734065529385,0.8264507010450874,0.5745076125070449,0.1093648363904346,1.2294318342450172,0.7743408691903582,-0.13462291343481397,1.1330154978748992,0.9105713069791711,-0.10638986579652487,1.0110414126396676,0.7484984781117527,-0.024152569912139696,0.9557833200727199,0.7020135125410565,-0.03558817199504998,0.9530577309626962,0.6758810564137825,-0.06379481743455948,0.9430272658696709,0.6567023523847555,6.283333333333333
0.32034477190284427,0.7351917495129133,0.6849368785958708,0.26905268803213417,0.36248635194549533,0.6183692447462399,0.3084777678712245,-0.042284708363348605,0.7861585020562017,0.2691678905507378,-0.09372341426927656,0.5855231291500232,0.3334220384618905,-0.07493023263920048,0.6050087608991167,0.28082644355181835,-0.13141471189461762,0.8745195531460338,0.13770412450442396,0.7489252288520063,0.7321954192150195,0.0784371989642014,0.353696866608857,0.6655175522043724,0.09725834238974898,-0.03422569304945845,0.7372670707056421,0.11518457508059626,-0.08978106576772373,0.5565769616102193,0.05454640721260644,-0.09575370819982115,0.6278910299464078,0.12512586016013932,-0.12403911527396992,0.8299168655533445,0.23440156925385094,1.2823429087070748,0.6476328588858042,0.17252766480344517,1.5253589591109111,0.5142955572043089,0.16782951765172247,1.3625022229570836,0.5281070654364112,0.37703010994513786,1.224237946886407,0.6396366803026132,0.6149087441717789,1.1009479063289511,0.5171785701370754,0.5183903398942206,0.9210388814725095,0.500923518391554,0.4434357795832592,0.8650903901245323,0.5258163570724469,0.44892559322767234,0.8530082645255981,0.5282546177484113,0.4651516461677682,0.8198396088358618,0.5801823767744201,0.11064215716463047,1.232939207391324,0.7798931168476213,-0.13573204936226807,1.1453755810934956,0.91490503851562,-0.11461927825914406,1.0422680726696254,0.7339621360433444,-0.03778885697745457,0.9820668478515165,0.6751132049441844,-0.0454761387690094,0.9816407449613936,0.6500950512945649,-0.0778832448033812,0.9743063962921371,0.6327363223299096,6.3
0.32069475541393566,0.736871764535069,0.6837519453977472,0.2683398605100085,0.3624241950189334,0.618153164034151,0.30766965793904466,-0.04226107603389401,0.7864690970489593,0.26878791109993033,-0.09335948795411034,0.5842235722584724,0.3332913755639956,-0.07521877563097713,0.6045201367842341,0.2810929790550518,-0.1306163960978442,0.8745387245866467,0.13798073402142877,0.7486206039105183,0.7344982088669917,0.07751143322727574,0.3561492858411335,0.6613981400223329,0.09606628600463159,-0.03473737026489311,0.7379353961669332,0.11623711960273117,-0.08849287666102225,0.5545888117604427,0.05563001787785256,-0.09640090036726635,0.6278320823683252,0.1250391908624481,-0.12431409345147793,0.829600696507142,0.23392360449005506,1.281364893119685,0.651904464190063,0.17396629703525995,1.5237075547563428,0.5172968548784784,0.16872566056501545,1.3623548170943243,0.5297852352942477,0.3745540207841136,1.2234548150144453,0.6366459925055533,0.6123671644169434,1.1011463573235976,0.5141913104439587,0.5302741288946675,0.9116506499968009,0.5024367658128893,0.4583064114844948,0.8509450744604158,0.5327233492199158,0.464886953465778,0.8428076964396465,0.5301967561852757,0.4806255176899555,0.8125286003509294,0.5831187118800345,0.11190143118162812,1.2375893816121344,0.7832633806289288,-0.13318611966944593,1.159392613890322,0.9265403994177341,-0.1189146383091807,1.079128990326773,0.7261260158183998,-0.049647891169739805,1.0158511996064845,0.6478338396266192,-0.052685377238484085,1.0196878270854273,0.6197113575623735,-0.08976708998809799,1.0122710423205648,0.6122347089941682,6.316666666666666
0.3209393018218142,0.7382097255521788,0.6826367443890465,0.26727343683250776,0.36219156506921185,0.6177271614378586,0.30674839346811944,-0.04211107050298092,0.7866950377119711,0.26887320369421386,-0.09341502605306565,0.5843152714813945,0.3331350850462359,-0.07672820028893122,0.6062051411675511,0.2812671306226207,-0.12983269222308633,0.8746984714572027,0.13809863905183134,0.7479359383353481,0.7374353175027164,0.07634680990223817,0.3587866174355966,0.6570751215359898,0.09481101913026486,-0.035108606842383136,0.7386174428389135,0.11713150497483611,-0.08863326517985802,0.5549824278106017,0.056764939352765886,-0.096796436920514,0.628156663636628,0.12488525103712109,-0.12413091093233186,0.8287746472198521,0.23368698798203574,1.2796121433189087,0.6572086326272019,0.1750225828434035,1.5217333938471054,0.5214734548025026,0.16973030998651348,1.3616535833154229,0.5314797589999882,0.37162300780134183,1.2229893671759229,0.6324984041304442,0.6089303817266665,1.1007361914864005,0.5109533533868713,0.5445077145694429,0.9014582682791569,0.5026535049571631,0.473660917685328,0.8367799622000937,0.5419967836992002,0.4822953988434797,0.8327082925956143,0.5339984022706873,0.4975095405795372,0.8034421020555806,0.5848885897827576,0.1129167318212295,1.2421892784313586,0.7856921966296443,-0.12725195079527513,1.1733676240046949,0.9443653762861625,-0.11739165528539476,1.1188383091166783,0.7215056064574926,-0.0567325471767353,1.0559079934135043,0.621294660513294,-0.05630866591687982,1.065471896902148,0.5855822097442439,-0.09800051832396411,1.0566313801922866,0.593594029873342,6.333333333333333
0.32109080647982347,0.7390706326694805,0.6814085459448449,0.2658145910927887,0.36184870916500866,0.6168513376431932,0.3057038619714492,-0.04183929106850873,0.7867555077374314,0.2694009583880044,-0.09376669558780859,0.5856184600761231,0.33283883092277755,-0.07907490266679618,0.6098340405246007,0.2814216811823044,-0.12895556859897678,0.8748252447649026,0.13800777396338013,0.7467203213277531,0.7410817427389831,0.0749665497324362,0.36152870307594825,0.6525647995399125,0.09355159840093215,-0.03530354092547938,0.7392816562170696,0.11798071539034014,-0.09028974159101,0.5578505153129524,0.057653370564394804,-0.09684640596300077,0.6287992873070373,0.12463551766705333,-0.12361423089059628,0.8275966765961736,0.2337310989071482,1.2773532516077444,0.6633003522346819,0.17604437703804923,1.519647368699536,0.5273192199340113,0.1709604101020371,1.3605171604381492,0.5337091231143636,0.3685273841775297,1.2227364462092334,0.6280137472689176,0.6052865910730917,1.0995741235369858,0.5079797474276411,0.5600130739199634,0.8916747253488192,0.5002856506009379,0.488700199497394,0.8234843470495099,0.5524617993187348,0.49949689445556444,0.8229690724798048,0.5398482017741039,0.5142651741456499,0.7928126369915129,0.587121368749992,0.11336803775373067,1.2452342827884917,0.7884418231860861,-0.1203947205254629,1.185858998460192,0.9654861820264841,-0.10995719207781887,1.1579361000545236,0.7163647698928363,-0.05696207519317468,1.0995326577750635,0.5963665627202129,-0.05535050459828579,1.115743345939867,0.5504358399993577,-0.10130092780678515,1.105977273814872,0.5778701524222677,6.35
0.32104705726690763,0.7392959582902403,0.680099233912379,0.2639126348908655,0.36150900696063715,0.6153038468126385,0.30450764046141104,-0.041562107312999516,0.7866058602564217,0.27028281378433355,-0.09432473866754292,0.5878691007411512,0.3323468680245957,-0.08168284660002827,0.6147253575892253,0.2816300205117358,-0.12798451571004263,0.8747783455394557,0.13766716263115514,0.7449070431049869,0.7454184964484832,0.07341418412954435,0.36434736709882865,0.6479125967414365,0.09233937122419533,-0.03533048988508086,0.7398592470899898,0.11878720524273689,-0.09306142721430138,0.5624343839718827,0.05808420237725178,-0.09655660104803665,0.6296310007659899,0.12427860884313215,-0.12294145778836088,0.8262172137789965,0.23397881353002742,1.2751150896860723,0.6693395499816341,0.17760369183403804,1.5176708891916901,0.5347976892187316,0.1726253775165934,1.3589984089111642,0.53678894839073,0.3656526677064962,1.222540755947335,0.6239662153876067,0.6020545054597084,1.0976646903289309,0.5057086419147218,0.5750846125390355,0.8833364188728166,0.4957129573696321,0.5017772853779523,0.8119674669348841,0.5629372374749172,0.5145591167723282,0.8143115389915063,0.5468604344210587,0.5294063023272839,0.782195896571663,0.5907120917301901,0.11314872322358104,1.245854780910384,0.7924288035660778,-0.11577236950978802,1.1960843693191454,0.9852325064126826,-0.09833257165163367,1.1937641341820606,0.7089290043599782,-0.050007848298284155,1.1437773313279342,0.573745173116832,-0.048973079582432855,1.1670024570171624,0.5188707861939172,-0.09894161985551364,1.1576604829606654,0.5683448091343704,6.366666666666666
0.3206742427421413,0.7388881917048663,0.6789036637016175,0.26152225380003374,0.3612752859034267,0.6130125215138045,0.30315459488246943,-0.04141598894734447,0.7862578329581008,0.2713658742482535,-0.09504333648442051,0.590764124429369,0.3316880986259345,-0.08415807455034893,0.6200900460684218,0.2819138288672922,-0.12701203694017293,0.8745188875561071,0.137097196186871,0.7425991041380806,0.7501685280576644,0.07174678170280588,0.36720172461500505,0.6432520345505215,0.09121056059990673,-0.03522588730107175,0.7402762314917928,0.11946342428304822,-0.0962572376715082,0.567637669699297,0.05801140733601497,-0.09602823101039176,0.6304869503547229,0.12384616855993277,-0.12224150019019353,0.8246849131674744,0.23432203852154548,1.2733307667843046,0.6740714938290862,0.18005199688910456,1.5159828287001975,0.5431095113888185,0.1747412458961074,1.3571013599003343,0.5406992384800948,0.3633392058651437,1.222272902907461,0.620658286914073,0.5996786319639398,1.09509745504062,0.5044420236356575,0.5876740109446339,0.8769052000875562,0.4909764759926902,0.5112377529258333,0.8030748347278376,0.5722224277584724,0.5258269854241819,0.8074421715705782,0.5536435349375747,0.541554274449461,0.7737317803692736,0.595609425482708,0.112469761747424,1.2442617074225952,0.7976207352417932,-0.11531461919663241,1.2039569736358888,0.9970745442490703,-0.08488710624252976,1.225562245716924,0.6988482305009903,-0.03678999163345022,1.18660340646413,0.554875684800086,-0.03716009921597546,1.2163404726619318,0.49633080702081067,-0.09117397910405386,1.2084402708057478,0.566886195733774,6.383333333333334
0.3199126109621778,0.7379951204938049,0.6779917036459515,0.2586154243700394,0.36119890678136835,0.6100787871003857,0.30165266369069293,-0.04143276426458041,0.7857547392777341,0.27236735292450487,-0.09592324501469732,0.5938341017598598,0.33095222460313156,-0.0862191157988204,0.6251100430208234,0.2822144495987103,-0.12613201681427064,0.8740769756579667,0.13638321817974178,0.7400248365471684,0.7548446630889659,0.0700315935821642,0.3699785022121795,0.6387799876583348,0.0901837524228489,-0.03509910930986723,0.7404825752230837,0.11992373499105011,-0.0991898031589983,0.5725909678742702,0.05759216061163394,-0.09542031326338192,0.6312029121659307,0.12338237233475845,-0.12160481228896922,0.8229468460775596,0.2347078222532563,1.272149613822263,0.6763603832202089,0.18320862569941013,1.5146349265687071,0.551283834012719,0.17698413419012066,1.354824491295454,0.545294581079189,0.361687908200707,1.2217869969205837,0.618048390745663,0.5984317244635693,1.0920147420134532,0.5041748193710428,0.5957746617148751,0.8721461108249474,0.489096236295811,0.5161683193048109,0.7975831720635701,0.5794257751005023,0.5321407036372845,0.8029964322090146,0.5592216360881656,0.5492177138965798,0.7690149592074166,0.6012620141119658,0.11170926626417228,1.2413342768717996,0.8027570767025173,-0.11908962104175141,1.2097911594482071,0.9947064399772462,-0.07158995939820591,1.2541204055440598,0.6864653659316502,-0.01902568871288219,1.226603994246168,0.5427490553881164,-0.02122871497367372,1.2615749077931473,0.4872626554427261,-0.07906326899211338,1.255400357763228,0.5724098298879368,6.4
0.31876643721088793,0.7367365025597459,0.677422666583428,0.25520104738854804,0.3613254560995358,0.6066097989245463,0.2999942954233732,-0.04156524463407685,0.7851350884145349,0.27291752061948205,-0.09702310250827212,0.5965762207802408,0.33025569047147574,-0.08755108469517134,0.6290120120864292,0.2824065892466897,-0.12537522187793448,0.8734849928199487,0.13558517708991966,0.7373894556964455,0.7590333940798013,0.06833063949634587,0.37256188146772506,0.6346309439084057,0.08926658455899478,-0.0350551287557576,0.7404578622937467,0.12003711017138538,-0.10146994500829457,0.57690935858927,0.05713051353309444,-0.0948862344857407,0.6316606654081305,0.12290041912550059,-0.12107207562605588,0.8209806385707531,0.23516589078422057,1.2714886720368048,0.6760136609532426,0.18660686927350414,1.5135625503232477,0.5588916080261701,0.1788296102089529,1.3523140541382244,0.5504170794764123,0.36046519973720487,1.2209159717395426,0.6159852157073465,0.5982908304814072,1.0886406141003884,0.5044996671056075,0.5980586519648419,0.8683936575716678,0.49266336419255513,0.5163373932886501,0.7962928301297467,0.5840558309426299,0.5328730139220533,0.8017811460439812,0.5632602493661996,0.5510963619331968,0.7683470480002241,0.6070504577358009,0.11121668692863833,1.2376825221799546,0.8062809572888648,-0.12586493476699545,1.2139665707445297,0.9752825886377067,-0.059639654853554255,1.2804253997192063,0.6736557250417916,0.0005595336918985529,1.2624345999680269,0.5405090054901339,-0.0036038188967464028,1.3010705917569094,0.49344439729210565,-0.06382755159604725,1.2962956583856036,0.5829296537594006,6.416666666666667
0.31722901128904435,0.735128815195881,0.6771868019060348,0.2513333415693134,0.36170078044932474,0.6026104444253797,0.2981761437438282,-0.041812362400292735,0.7844450460930941,0.27276514331727836,-0.09838128760170728,0.5988168392149582,0.3297006486914206,-0.08788514337571204,0.631211092305063,0.28237608431615413,-0.1247114476542984,0.8727592904104061,0.1347072906490064,0.7347853986695075,0.7626333731259932,0.06667798395496949,0.3748943403517726,0.6308165422077899,0.0884673525210634,-0.03505052770710036,0.7402150601469462,0.11962902193697597,-0.1031080280228709,0.5806465796790982,0.056852175590891535,-0.09453281630947145,0.6318144704622295,0.12239287565336907,-0.12060675704280353,0.8189131955601294,0.2358136652283317,1.2711601536209216,0.6739778852356655,0.18994591572467923,1.5126933070904587,0.5659900161998777,0.17989052780333514,1.3500301547725209,0.5553836577039128,0.3593278013011855,1.21962496171011,0.6142305788809723,0.5988564589438098,1.0851982676448415,0.5049039847911851,0.5944749701479736,0.8651451224266252,0.5021919453379665,0.5119837949260597,0.7996461381639568,0.5862192684274583,0.5282618164417778,0.8046133528718211,0.5653364233038309,0.5469928066272437,0.7710085316413707,0.6121511255435664,0.11123204611780002,1.2332484713189662,0.8075782917105387,-0.13379142306843528,1.2167879189008146,0.9409661188825142,-0.04954153516936205,1.30464486821331,0.6644206643534734,0.018663325765728114,1.2929685056502023,0.5493736065308227,0.013217564892760224,1.3336712838733829,0.5131609358179393,-0.04653571566394342,1.3293388033640097,0.5975774229643984,6.433333333333334
0.31525199074504123,0.7331617750433396,0.6771856138179561,0.24709477166660193,0.36230155550161414,0.5980633260920182,0.296227861875403,-0.04224448504856117,0.783750329970487,0.2719783361509954,-0.0999708710126448,0.6009056148520785,0.3293447043493919,-0.0873226948576095,0.6315951575393659,0.28208504497893244,-0.12411526623957957,0.8719192863230244,0.13376921616965234,0.7322566872315404,0.765816800416006,0.06508458062484909,0.3769614631968312,0.6273150363047191,0.08780556067497305,-0.03494766574355054,0.7397934067618361,0.1186000275130071,-0.10450154517241589,0.5843131162414245,0.056747732359723205,-0.09438647186261102,0.6317071424598025,0.12186411100089627,-0.1201160261502163,0.8169191801148348,0.23689528211892005,1.2709649680304849,0.6716212341393052,0.19313777143825106,1.5120255187776546,0.5723663515330595,0.1800841398673227,1.3486077473081588,0.5587122959622457,0.3581158764008129,1.2180828768402083,0.612475296749613,0.599565371378103,1.0816078234002318,0.5052639112075096,0.586189247845548,0.8624347695780841,0.5157807796296293,0.5038731035343531,0.8071203258044651,0.5865009996453694,0.5194621616805726,0.811460148154947,0.5650623979835776,0.5381781939790174,0.7759099800586281,0.6156122876933019,0.11191122491388353,1.227852399051126,0.8071644162810369,-0.1405607325934707,1.2182166151566367,0.8980541984874328,-0.04116470479846082,1.326183055420859,0.6632599007253221,0.033050512373220785,1.3176625803941946,0.5687870430712296,0.027574734655999515,1.35892764768614,0.5417306954864951,-0.028277811045214443,1.3535361163440045,0.6157214610665979,6.45
0.3128000535989783,0.73090845272579,0.6771797853323913,0.24258110982537853,0.3630311046782224,0.593024142140875,0.294213591004608,-0.04292018943531151,0.783079874630966,0.27087538587177223,-0.10175276986702012,0.603382653064177,0.3292044751677725,-0.08652368267971003,0.6307569451437943,0.28156321134775375,-0.12362565240114431,0.8709803019780097,0.13284199682831369,0.7298802991818297,0.7687571592972017,0.06356063551773028,0.3788161921308214,0.6241257084424161,0.0873125710843321,-0.03469809985076516,0.7392254476315303,0.11694961270719062,-0.10632175980991042,0.5888094249391991,0.05670156482827739,-0.09436583144994992,0.6314432777652905,0.12134022451720908,-0.11950242931046037,0.8150667763546763,0.23871001735284042,1.2706876161847709,0.6700262602279742,0.1960149007634426,1.5116101601782364,0.5774306979896087,0.1794577652518656,1.3484854504808335,0.5590155621640356,0.35685664722290916,1.2164955667385555,0.61043773329461,0.5999784976667899,1.0773975760475112,0.5058133484195915,0.5748940580180979,0.860542401597712,0.5302555450056369,0.4932201952798147,0.8172386584919676,0.5853626790404088,0.5079387195845145,0.8207483460006595,0.5635858936382907,0.526511420498363,0.7816474435526642,0.6170599859675221,0.11334276925752872,1.2216476725418686,0.8058616024693809,-0.1436240566653999,1.2175694820159235,0.8544180857214729,-0.03357812321714682,1.344213092211189,0.672181304290637,0.0437860930924807,1.3365438766454418,0.5973474980165934,0.03875274317348653,1.3770906864782322,0.5735745031194894,-0.010213123106999813,1.3692911541237882,0.635190512569628,6.466666666666667
0.30993012191574504,0.7285289423365002,0.6768628208638721,0.2379049492711521,0.3638107153951784,0.587612162811614,0.2922236158467862,-0.04381117345901593,0.782381649001811,0.26971681452080143,-0.10364782145253061,0.6063093424381761,0.3292668123153005,-0.08625445210302655,0.6296345254952901,0.2808556042434466,-0.12334066870783605,0.8699499018616845,0.1320333376325577,0.7277501685574312,0.7713874258198588,0.06210637218499465,0.3806055784360143,0.6212109939745152,0.0870187362830151,-0.03435910198340918,0.7385233507888266,0.11475089041899547,-0.10907014129508302,0.594749058848932,0.05666549275139307,-0.09434599412665248,0.6311173693128057,0.1208636415016009,-0.11873551016340819,0.8133395819516053,0.2413627729527989,1.2700625190654258,0.6698170432270063,0.19830430392831933,1.5114798644457976,0.5811612595130313,0.17811789155005936,1.3496669527963048,0.5560128349670366,0.35564911000187815,1.2149003444409485,0.6079487786783863,0.5998665768175079,1.072133968173362,0.5065844049080392,0.562097084607116,0.8594488990992506,0.5424480861277092,0.4813135677735712,0.8280736043929269,0.5833471315568993,0.49504552353648357,0.8299366704681156,0.5636939024461496,0.5133647010572391,0.7865182722571002,0.616928436389635,0.11549144007146009,1.2148552551807177,0.8039474646602295,-0.14138346054363427,1.213835132228397,0.8165910483962135,-0.02540833705330249,1.357647451311239,0.689149315562841,0.05265208715686956,1.3496822920347253,0.6322570249886266,0.04684481217730208,1.3886459815373775,0.6045094704278728,0.006482130874626459,1.3779367189155558,0.6531329238943315,6.483333333333333
0.30679358957690056,0.7261673915975055,0.67600729433044,0.23320385847079378,0.36462971417781304,0.581961588958177,0.2903517786330395,-0.04484127293486523,0.781583604300776,0.2685819783909485,-0.10542275787997915,0.6090091486318856,0.32947662942150147,-0.08670155145763966,0.6287937765293713,0.27997965095501715,-0.12335709246713884,0.8688541796321818,0.13147972711846836,0.7259658014996151,0.7733895875257188,0.060695396003863776,0.3824619358167586,0.6184880212895555,0.08693374716813516,-0.0339890255768759,0.7377317652132969,0.11218696047911145,-0.11263524275694138,0.6017255798533525,0.056665234153396485,-0.09427801637773627,0.6307903386845375,0.12048229054874723,-0.11789035649976207,0.811685548273428,0.24462163994133848,1.2688836212759018,0.6712017347460781,0.19995416590231618,1.5116156366808042,0.5844569724357445,0.1764901909669297,1.3517251655442406,0.5504779883552191,0.3546675291998989,1.2131446064583407,0.6049671670873105,0.5991551330699572,1.0657917688235155,0.50719003358681,0.5488492255173536,0.8586829091024243,0.5503026077962861,0.4690726622596487,0.8376216796342127,0.5817787760904923,0.48193079027223235,0.836809332797932,0.567704831261551,0.4994996093309636,0.7892506330400393,0.6158339222586583,0.11819858472512874,1.207609737022551,0.80102348053549,-0.13452927415372962,1.2064827493281307,0.788420756706464,-0.016102074089736428,1.3649239803032756,0.7096663685814588,0.06139114778095193,1.3565047537931438,0.6693521395944936,0.05268196461797117,1.3940264828832654,0.6326438809220241,0.020593055414530936,1.3806959050628091,0.6686552225304216,6.5
0.3035603189937704,0.7238830349740251,0.6745532029515575,0.2286335958627958,0.36549651225516844,0.5762033002458029,0.28865243795332396,-0.046014671877252555,0.7807184597529037,0.26759550607448895,-0.10671089438009541,0.6104567668188475,0.3297298142943008,-0.08749693038864018,0.6282261363947522,0.2789363726848328,-0.12371878578144072,0.8677456691578728,0.13128329767516872,0.7246424298908596,0.7743854264538607,0.05929399623563299,0.3843671545661317,0.615918928439469,0.08701895373545472,-0.03363448318964238,0.736972452187583,0.10950941409719489,-0.1164100534138165,0.6085104215577253,0.056742828639939596,-0.0941982627334446,0.6305178863405996,0.12023336540375655,-0.11707609125778097,0.8100189261657497,0.24804725473539865,1.2671966942236406,0.6739023254405399,0.20124201381142354,1.5119201326871572,0.5882181775856494,0.17539652747506249,1.353960121350826,0.5437006368592152,0.35411589655362724,1.2110541632294463,0.6015688493244398,0.5978444606936733,1.0586189459800746,0.5072725152696052,0.5358550949422454,0.8575411883566192,0.5537763270009537,0.4568530058841116,0.8441410967634579,0.5821934934489179,0.46928567643921365,0.8402526223972349,0.5755306879712159,0.48558963615247003,0.7896533580919214,0.6142876794831127,0.12130066885824467,1.2003304284077088,0.7965644350717012,-0.12564101371309203,1.1958994448191054,0.7711314334446788,-0.0066547445565154715,1.3647907456681867,0.7297071233222047,0.07053375916158038,1.3561120299094536,0.7046916396267082,0.05745278970700421,1.393817073321402,0.6576664514386008,0.031091023718799096,1.378397435690613,0.6830629100827198,6.516666666666667
0.3003560081416698,0.7216831261034327,0.672595084588747,0.2243450785571347,0.3663823334791299,0.5704723861764184,0.287115330653665,-0.047410543349922785,0.7799580539524075,0.26708714633873737,-0.1071733087282255,0.609810412193826,0.32990862240357144,-0.08829765314788005,0.6276871602764186,0.2777512388220283,-0.12439715817126201,0.8666863716249453,0.13141750864211552,0.7238278205263321,0.7742135322214322,0.05788411718687479,0.3862032719326896,0.6135369151553917,0.08718825049614476,-0.03334196986058899,0.7363751530328178,0.10692734618008354,-0.11973623581936867,0.6138942477925137,0.056914814947459966,-0.09413555887882621,0.63035487462088,0.12013054748026804,-0.11631130936938268,0.8082776518089534,0.25118874824677506,1.265290557563071,0.6769281407715995,0.20248900426250033,1.5121534811698851,0.5924633146332643,0.17559311861603627,1.3556586000351365,0.5371724979254437,0.3540552210257178,1.2086167486508004,0.5979821984377104,0.5959638600207054,1.0508793692948832,0.5069978652667577,0.5236469014259066,0.8553690454321071,0.5547298614555252,0.44469556333055954,0.8466986797567445,0.5851991755987949,0.4573086632269436,0.8402466455784116,0.584868524429924,0.4724299087698579,0.7883670903388311,0.6130860489164993,0.12471269343696048,1.1938732912021401,0.7904975944467177,-0.11723033793660742,1.1831604139166474,0.7633064294752732,0.0012607072653596652,1.3577495860525675,0.7468096381608833,0.07956559541364139,1.3487979406426833,0.735168699257992,0.062149865213200164,1.3890029540187858,0.6794626255807821,0.0374179271218284,1.3717247805084047,0.6975091663205186,6.533333333333333
0.2972619703553718,0.7195863786527097,0.6703009233996933,0.22045504372338995,0.3672359702891466,0.5648987741621595,0.2856822386878609,-0.04902099127542507,0.7794896218048707,0.26735809058060334,-0.10663102482892518,0.6067646491912788,0.3299385826342828,-0.0890372506862109,0.6269933565651693,0.2764790268404203,-0.12529850997458544,0.8657328671300574,0.13174188524006777,0.7234154080220689,0.7730768601558061,0.05646950106019233,0.3878986370855496,0.6113700251774828,0.08736937165522278,-0.03309920422260304,0.7359830647794278,0.10457944476023934,-0.12217595680777732,0.617305076590691,0.057127927638164266,-0.0940692051376994,0.63032773972798,0.12017279186236862,-0.11551993719310388,0.8065219118061694,0.25366787296278837,1.2634386261528816,0.6787397275910864,0.20378146547817877,1.5119747894715767,0.5964341920879805,0.17718434936050828,1.356323899708301,0.5322954142483937,0.35435209029664383,1.2059784060330554,0.5945473237340202,0.5936397033181352,1.0427974649433895,0.5069913600736643,0.5125917373422197,0.8517437577118668,0.555896755028291,0.4327188488160455,0.8455561636919806,0.5903568485451716,0.4459852272451478,0.8374253196172879,0.5933567889141904,0.4606075061761357,0.7861243220162386,0.6134811854370951,0.1284128186509147,1.1891553693185415,0.7831961086273991,-0.11038469973450032,1.1695685140203713,0.7614262426775582,0.006596314761898779,1.346361307754513,0.7593540905807619,0.08758132849431138,1.336777979519479,0.7579177823004786,0.06720290932527576,1.3808907888201352,0.6972710715182759,0.03962475030296864,1.3614996422551255,0.7115606728144466,6.55
0.29432643243937273,0.7176387621914018,0.6678658305840486,0.2170202075795084,0.3680369077754624,0.559552438314323,0.2842778241167464,-0.050732464216172654,0.7794160876496509,0.2683421209770654,-0.10519920237749265,0.6017845867144428,0.32982222557479635,-0.0897584706017949,0.6261236131259892,0.27517582530716583,-0.12631777596309846,0.8649114319763308,0.13212378632998867,0.7232138008356994,0.7713989167404287,0.055081914214745765,0.3894625266290401,0.609422059446415,0.08754096695390892,-0.03281373252786443,0.7357622716685378,0.10252514510486668,-0.12354910817506848,0.6188580774654846,0.057230019547423926,-0.09396051745673425,0.6303884037408851,0.12035997964788374,-0.11465012347389245,0.8049613762894191,0.2552249068374361,1.2616978864142705,0.6782730908653235,0.2049756396843609,1.5111446808374076,0.5993231691850139,0.17955453694949194,1.355755004192693,0.5299717625246124,0.35480425773618374,1.2033042199235389,0.5914880380699208,0.5911628151057378,1.0346626227591265,0.5078293214693367,0.5028213301313265,0.8465401962585729,0.5596541167489215,0.42118189873266076,0.8419344819061778,0.5967840219889322,0.4351972139762026,0.8325758378293001,0.6004945070420394,0.450238506422226,0.7833017459844002,0.6166573795694514,0.1323543096772027,1.1865838790970649,0.7752714172715921,-0.10497558710445337,1.1562893043131677,0.7618605818904667,0.009345981663390016,1.3337473656650782,0.7664942432992063,0.09365664202248516,1.3231541855272835,0.7705013554316839,0.07238521461198756,1.3709391066792003,0.7098848232221743,0.038622383070643564,1.349030719304697,0.7236684445363333,6.566666666666666
0.29155596685436874,0.7159023949725287,0.6654880062059658,0.21404209317964867,0.368819207837909,0.5544108870456091,0.2828344232228675,-0.05249193509183703,0.779809587992028,0.26962511295525476,-0.10341097016373446,0.596177364873624,0.3296251052299437,-0.09049046035894173,0.6252096738608491,0.273874395205916,-0.12736051400561177,0.8641951345255547,0.1325241952628594,0.7230781029345735,0.769582419957594,0.05377106252802752,0.3909085496092325,0.6077034737698078,0.08769971203647647,-0.032390119880738255,0.7356614000716442,0.10069145514252108,-0.12390213411367182,0.6190503327940698,0.056989372603797564,-0.09378119198860194,0.6304019053160279,0.1206775258313526,-0.11373696587081382,0.8038476371645965,0.2558225414719837,1.2599755931536778,0.6758234321147498,0.20594527587022643,1.5096673334712092,0.6007707316362667,0.1818570084404344,1.3540847066871637,0.5302488760625116,0.3552625662726507,1.2007461015296872,0.5887701388530904,0.5888768782949589,1.0269667618934253,0.5096492983375086,0.49436929035154287,0.840070330832821,0.5668196279455511,0.410400387951242,0.8372396985862032,0.6039527962223171,0.42493314360182594,0.826396511333782,0.6073817523357375,0.4413001599820114,0.7800482634487224,0.6228434456993104,0.13634695381972653,1.1856687730651405,0.7678011380536741,-0.10051635992955517,1.1442286208213974,0.7627661177648322,0.01025448977284973,1.3219313243501551,0.7689078314320139,0.09709382251804513,1.310614547570915,0.771840162218804,0.07708531106417675,1.360542198276227,0.7164965425603703,0.03614269858350766,1.336080808918429,0.7321888869104084,6.583333333333333
0.2889453520734364,0.7144647396077287,0.663269445062104,0.2115182272571112,0.3696527200456847,0.549451964579536,0.28132544309669594,-0.054338936125298734,0.7807457459114897,0.2707879960854377,-0.10201946210222619,0.5916327453783495,0.329439646169126,-0.0912379933020574,0.6244359487861251,0.27257976860746874,-0.12829935984288335,0.8635445886654254,0.1329640707398179,0.7229610018688071,0.7678782141669221,0.05257023218950202,0.3921741104243662,0.6061951003934337,0.08783808444499738,-0.0318170485254607,0.7356411651273477,0.09896240015492595,-0.12352080173154863,0.6185079198659897,0.05618737059823156,-0.09353647613463034,0.6302397891537607,0.12107466945030403,-0.11284252388275465,0.8033332465663344,0.25571577088097486,1.2582186873555772,0.6726700271557702,0.2067910788452228,1.5077235489526322,0.6007964673378838,0.18352376471787724,1.351763141665213,0.5322453515307168,0.3556490540784247,1.1985176889378348,0.5863217659719282,0.587022176068799,1.0203174527198526,0.5121108081675538,0.48739697625787115,0.8332914797397223,0.5760862500428467,0.4009155533138915,0.8324738848147192,0.6119998595690352,0.41574269861928903,0.8196000747173524,0.614932331697924,0.4341046277384028,0.7766254435992721,0.6309090761289342,0.1400242211705407,1.1853304166414826,0.762307341893655,-0.09669061364018985,1.134139460190733,0.7640778005163174,0.010339677096955355,1.3115684518759192,0.768637410305246,0.09785056906979914,1.3008558173483977,0.7631728186736468,0.08077882037933365,1.3506667449347742,0.7173878008317194,0.03400987801637721,1.324392496685421,0.7360015247640099,6.6
0.28652229626799414,0.7134352062176901,0.6611704972512039,0.20947312755664457,0.3705809706814801,0.5447939579657499,0.27979258480250474,-0.05625179949757668,0.7821868444838458,0.2716436929611024,-0.10150821398610166,0.5893602418413793,0.3293472371869137,-0.09190567292134343,0.6239312302677691,0.27128534512981445,-0.1289921963541415,0.8629837866936803,0.13346100758143764,0.7229005317168176,0.7663318015004443,0.05147674134795848,0.3931546014764028,0.6048047901803002,0.08796133080995831,-0.03115958238794493,0.7356776292241458,0.0973419635879145,-0.12289119242671619,0.6178532784058203,0.054760617979149884,-0.09330679481530867,0.629869001918224,0.1214929037977754,-0.11198489264750044,0.8034196411608,0.25535098343987006,1.2565033931990088,0.6700648971474175,0.2077129620981704,1.5055677232405948,0.5995653970323092,0.1844246580459994,1.349353066452876,0.5347120941087178,0.35588649251511784,1.1968541339593015,0.5843093330513561,0.5857013859459166,1.0151201351897612,0.5145427518190794,0.4821617733009407,0.8275618940960554,0.5848823112925401,0.3935538052367844,0.8283033664161441,0.6209961436636141,0.40860894591795294,0.8129688410879589,0.6230333909645086,0.4291034809972252,0.7734741059694609,0.6388477537983346,0.14298647907660877,1.1847759273659202,0.7598592710538075,-0.09334381350538826,1.1266694252059841,0.7661968982575929,0.010377880320418604,1.3027081624107637,0.7678093427771705,0.09682596641423397,1.2944809847930554,0.7485654661814467,0.08333484942042403,1.3417761496526863,0.7139356114635121,0.033392006912772665,1.3153580170389425,0.734622982946917,6.616666666666666
0.2843231916643497,0.7128877188099165,0.6591228853184424,0.2079184583888434,0.3715368876265898,0.5407195426929008,0.2783140119615603,-0.05808369615168531,0.7839171299502143,0.2721598920568977,-0.10186514829248083,0.5896198084179605,0.3293335789925377,-0.09227041750912944,0.6237364663854508,0.26999279688679484,-0.12935167227128141,0.8625929316179174,0.13402507874385333,0.72297152049376,0.7648203188423479,0.05047601124220032,0.39382417183818974,0.6034034128826224,0.08809841294744124,-0.0304934597478677,0.7357619675078405,0.09586311708436132,-0.12246978521351348,0.6175218602141841,0.052853645856022535,-0.09321823186648344,0.6293008646338496,0.12190964909486106,-0.11116469998889347,0.803960726590594,0.25511510785323255,1.2549508546442576,0.6686768656346005,0.2087292401411287,1.5035439969328999,0.5974246151069149,0.18474569791743364,1.3472807681906271,0.536893634257134,0.3558691448482215,1.195846022516339,0.5830292284276559,0.5848994736360461,1.011498453553014,0.5161198427253073,0.4787985298969506,0.8238656652407154,0.5908694957411981,0.38898175287668457,0.8252372863609511,0.6303247404370906,0.4042917759536664,0.8071949773758961,0.631052394673415,0.4264571840977732,0.7709773665645362,0.6446865170281247,0.14504149184771092,1.183973352969328,0.7602367691439369,-0.09035524364966785,1.122241999465394,0.7692458774401566,0.010607695302326487,1.2954887990136967,0.7675567764909553,0.09533824614508471,1.2912127971012153,0.7333490640238629,0.08499041123982912,1.334169007375167,0.7081744087651777,0.0346188444549431,1.3098069007671407,0.7284072796315844,6.633333333333334
0.28235646656263697,0.7127882070152826,0.6571265763352244,0.2068266651437984,0.37235334350953514,0.5375595323123122,0.27694662715825896,-0.05962251459744357,0.7856934897245438,0.2722910079366958,-0.10279392029096891,0.5918579003508716,0.32923877677649915,-0.09212542073745436,0.6238560294441641,0.2687293264340723,-0.12934247083234895,0.8624419633708125,0.1346635244031576,0.7232186926114685,0.7631984252403928,0.049580421875444175,0.39425038410049584,0.6019282913163586,0.08828174192498632,-0.02987612056354394,0.7359032435970099,0.09444910256711941,-0.12243485010820772,0.6175952777952505,0.05072876549024657,-0.09327912406395684,0.628540929001803,0.12233134886444567,-0.11042057704463698,0.8047068212148818,0.25515091764330716,1.2535641388392775,0.6686456461357011,0.20967471152787254,1.5020431926340168,0.5950150296945784,0.1848153987443622,1.3457342820517535,0.5386169580270652,0.35553040282288884,1.1953835294194797,0.5825683201992712,0.5845279388191065,1.0095018492263759,0.5160612139884663,0.4771985367774525,0.8223283719041322,0.5927633391112737,0.38724742174404714,0.8234129289393184,0.6391659706161621,0.40304858016480627,0.8027948457875254,0.6379902759116195,0.426044134201334,0.7692991086917312,0.6472775473118486,0.14626937695261039,1.1833258346552957,0.7622268585663788,-0.08780815606780153,1.1208719073244922,0.7733204892131055,0.010845111780581587,1.2901544620022194,0.7679612818181495,0.09419368966303171,1.290173651613487,0.7212126406380513,0.08606390437317539,1.3282386626042952,0.7022173561748474,0.037345773875858704,1.307709317185212,0.7188976757994241,6.65
0.28063147848926423,0.7129948403669796,0.6552065237001824,0.2061501508999509,0.37289695429777725,0.5354876561981848,0.2757296233029815,-0.06063943091592276,0.7873986775408616,0.2720208067164609,-0.10398768007234105,0.5950768434269066,0.32888779535201684,-0.09138824741195074,0.6243163703345845,0.26754310247874674,-0.1289317102523826,0.8625799093408099,0.13536949215817573,0.723640585662823,0.7614165499986251,0.0488144830591221,0.39451834076007797,0.6004693073323032,0.08852709164828765,-0.0293470757115928,0.7361186995005259,0.093053312940802,-0.12270274702608412,0.6178897947358277,0.048674453250782755,-0.09330847119901814,0.6277042771237237,0.12276193458739237,-0.1098004353952757,0.8054667629697859,0.25540913534584075,1.2522267900402657,0.6698364149466174,0.21039841257736439,1.501282661999176,0.5930527218145518,0.18498492066623495,1.3447085024851342,0.5397234740122486,0.3548804861134366,1.1952950195394283,0.5826681370721123,0.5844669848935373,1.0091017853904023,0.5139061085434772,0.477051821295282,0.8224511933947667,0.5905572689808664,0.38786554761632425,0.8224193288489098,0.6471813199222733,0.4046472695506671,0.8000585994732126,0.6424405858352144,0.42753079604200667,0.7684950408540098,0.6465020831132748,0.1468176244340314,1.183144979568754,0.7648195953225958,-0.08611756419741445,1.1221046162615842,0.7785265544268734,0.010801140178169947,1.2866615342610275,0.7685633359067846,0.09346023821413486,1.290095249536104,0.7133950058403843,0.08671686822855469,1.324352207625827,0.6975542247551094,0.040839996666084524,1.3081174455760207,0.7085403991611146,6.666666666666667
0.2791959314857923,0.713360489624287,0.6533319617715712,0.2058026266339179,0.37316331631758115,0.5343776936133341,0.274715287641914,-0.06096560708541329,0.7890085390601869,0.27153625420917116,-0.10521420314666415,0.5982251560738577,0.32822715294258975,-0.09013665783021757,0.6251215060171204,0.26646496413866405,-0.12807470821782826,0.8630391253899459,0.13613125965072148,0.7242173687427479,0.7595257808880607,0.04816031790846948,0.39471696785923943,0.5992084081438932,0.08884166698004894,-0.02892397896687729,0.7364180473054563,0.09181087122816799,-0.1231287686662257,0.6182128655684395,0.04698441897510611,-0.09314563665287812,0.6271625433946169,0.12318881822924004,-0.10928920102237177,0.8062483012467709,0.25579758171219,1.2509022029832024,0.6719198516103607,0.21083313274570778,1.5011560018951486,0.5919661212261595,0.185520283907309,1.3441063872419399,0.5400194451707787,0.35399468910189746,1.1954922450008683,0.582939146997822,0.5845102448152782,1.0099985108186837,0.5097595196459297,0.4779443407169296,0.8235871280124637,0.5853530680004033,0.3902170984145653,0.8216313097113597,0.6542424443406325,0.4083890878909448,0.7990066001012823,0.6430854292499004,0.4303193789057762,0.7685911461840538,0.6428991897700989,0.14674201443672397,1.1834585236163728,0.7679818422433407,-0.08568581521962419,1.1252123554346019,0.7844465500442851,0.010327495476602885,1.284652743501337,0.7688462319553993,0.0929948953889697,1.2897651087015114,0.7101148356387684,0.08703646561041137,1.3224952514797057,0.6946418074097667,0.04430916182050909,1.309593069720211,0.6996182099336083,6.683333333333334
0.27814303151326264,0.7138567814134944,0.6514574255657802,0.20564935944109544,0.37324503757981353,0.5339070646326136,0.2739538511064077,-0.06059148307430788,0.7904845937407705,0.2711693816791625,-0.1062148977314375,0.6005295265873084,0.3272703070257933,-0.08865598591317174,0.6261794755600608,0.26550420498930827,-0.12676178771153535,0.8637767597671816,0.1369421042056447,0.7249091790370654,0.7576327896437137,0.047568950525871456,0.3949438298365748,0.5982426742603042,0.08922124868610577,-0.028568549645143937,0.7367960614009221,0.09094403755338709,-0.12362042868046368,0.618476368311578,0.04590832094828212,-0.09286663660098211,0.6274348355985607,0.12358725147434096,-0.10880045469210878,0.8071624922633026,0.2562247812976227,1.2497129482473748,0.6743032487272832,0.2109784434535865,1.501335034116718,0.5917857342670014,0.18646823516559718,1.3438272332034735,0.5396661968678775,0.35303997669125275,1.195967596354024,0.5831594319425054,0.5843541938222163,1.0116475893399173,0.5043356064604756,0.47944758003430765,0.8252375462794417,0.5786302809649225,0.3937059747092784,0.8207003527321265,0.6597932089364484,0.4133454138473968,0.7994576455149668,0.639308041476587,0.4336399662564172,0.769427939507761,0.6374051124209665,0.146085588106948,1.1841115611250486,0.7721441821620902,-0.0865028228659975,1.1294057260146266,0.790149582963475,0.009511284178336823,1.283876992948832,0.7685947047436734,0.09289694400183651,1.2884894322915401,0.7111262803484814,0.08732746544590461,1.322052622712827,0.693004860511502,0.047131299263936555,1.310853974656666,0.6932300909413093,6.7
0.27759628666704933,0.7145866972324264,0.649631730975047,0.2055902451751382,0.37324497966061193,0.5337723946576537,0.27344978388341346,-0.059671733242514416,0.7917257251023271,0.271075172090074,-0.10657610705984703,0.6016786443675146,0.32602346039642627,-0.08730238970320083,0.6273515437770231,0.26471113944020486,-0.12512830117714105,0.864640020919821,0.1377856018379686,0.7256565182547849,0.7558587896776141,0.04701971824102357,0.395264035596108,0.5975146899140338,0.08963038967012946,-0.02819353550944524,0.7372182620463872,0.09057551729824873,-0.12411251988911627,0.618652924324939,0.0455379821709302,-0.09270563948288318,0.6288280884283222,0.12393820666011751,-0.10828169776474164,0.8082395660199636,0.25657391920230943,1.2487685690440513,0.6762610473686527,0.21091680437273508,1.5014978894332396,0.5922433524600549,0.18760148839246887,1.3437881196617856,0.5390750156611341,0.35226465575049115,1.1966811461353053,0.5833128744250323,0.5838087102269156,1.01350650618989,0.49869908313455424,0.4812333269502384,0.8271197397378299,0.5714986153246485,0.39765377725476025,0.8196694615582607,0.6629795324463912,0.41859056536286593,0.8010508189239932,0.6317273284847535,0.43675361291167014,0.7705839463521436,0.6313062015715173,0.144974656286951,1.1849426459075385,0.7772348327600322,-0.08819771036166546,1.1339634848854832,0.7949226353487242,0.008584471749798293,1.2843429473335704,0.7679923073701124,0.09347591091689467,1.2860285646037481,0.7150060711178806,0.08823350809351045,1.322033764063835,0.6913248628805289,0.0489947580711456,1.3111685892296339,0.688946109483886,6.716666666666667
0.277626849128046,0.7156441181150696,0.6479902264098882,0.20562285766525146,0.3732422428638887,0.5337206615844784,0.2731280394585504,-0.05844329364259469,0.7926010577559268,0.27107690326569633,-0.10593099831069731,0.6018342563467359,0.3245263625539577,-0.08629090679507646,0.6285482038785991,0.26420202797143383,-0.12352173056845761,0.8654379380984295,0.1386368754729173,0.7264181710609926,0.7542757729367277,0.04653146837802473,0.3956868230099232,0.5969299974201615,0.09001428422992686,-0.027767727059295658,0.7376141639892234,0.09062473903080229,-0.1245118385628056,0.6187390168670542,0.04574786553429182,-0.09282391515523195,0.6312203099779419,0.12424106836176448,-0.10782527424831469,0.8093831044061608,0.2567489475835031,1.2480412000288197,0.6772980976437818,0.2107975164141329,1.5014549361847918,0.5929095684722048,0.1886151549072468,1.343865495836161,0.5384776933550272,0.3518774962981309,1.1974896063341118,0.5834347589550155,0.5830047361647082,1.015249015115717,0.4937821795122582,0.48320184179479436,0.8290984639249134,0.5644404664570807,0.401319135953138,0.8188230321835376,0.6632833059723643,0.42329259860799057,0.8032333745618906,0.6222110281605329,0.43915681872666285,0.771619780470054,0.6258670982597059,0.14357264509154144,1.1858557120008635,0.7825980764041272,-0.09030473505838078,1.1384296379545533,0.7987105312301256,0.007730167003441058,1.2860397518984843,0.7673126868317218,0.09494560849015467,1.2823174138736093,0.7194397729070044,0.09041239473857719,1.3216835688312543,0.6877069933021012,0.04998044832306094,1.3103942471068464,0.6852726938122411,6.733333333333333
0.2781802577010044,0.7169931744766888,0.6466506721735001,0.2057866680057978,0.37331761479702724,0.5334879762206665,0.27286794838174755,-0.05714934842120649,0.7930271697189674,0.27090673130816784,-0.10443379480478324,0.601528191820907,0.3229213369149998,-0.08568609938565999,0.6297249367517058,0.26407529290106224,-0.12233318987825592,0.8660508471986946,0.13949131370180096,0.7271765625173492,0.7528023604065275,0.04614881694399282,0.3961655705884007,0.5964764992730603,0.09033071617887585,-0.027347155984656216,0.7379045481448786,0.09084340180091721,-0.12471897949550331,0.6187580051506878,0.04626142415923633,-0.09322370029954445,0.6341870185223373,0.12450702847030361,-0.10761075507493002,0.8104553564603771,0.2567667168818719,1.247461845070238,0.6774037263892625,0.21079258836540715,1.5011033473038389,0.5933001581209086,0.1893843282883702,1.3439093287466493,0.5379246788005838,0.35195932189294316,1.1982168277575764,0.5835327833947994,0.5822984422719506,1.0168127378513112,0.49001067921568664,0.4854682042288627,0.8311393835691931,0.5574228766709424,0.4041429226062273,0.818525845867708,0.6608019541752785,0.42694033383166163,0.8053529786271738,0.6129702130592487,0.4407478451800141,0.772303905437711,0.6217968499711344,0.14203927525993848,1.1867488720792105,0.7876269910901461,-0.092356428512638,1.142697954345839,0.8018827612556646,0.007028833802949347,1.2887185818326712,0.7664809787988528,0.0971748720689107,1.2775259324060901,0.7223609451766331,0.09400144386794362,1.320914965284368,0.6806858128944419,0.05044301390039222,1.3088618654560322,0.6809161478137121,6.75
0.27913742098815314,0.7185258484201824,0.6456305130959675,0.20607948275316965,0.3735250355600282,0.5329346662714491,0.2726217456886026,-0.055956551832767584,0.7930130200878663,0.2704941179960916,-0.10273027819354637,0.6013581788448571,0.32147647968698734,-0.08534883011067225,0.6307525231418429,0.2643233544853003,-0.12166723892027165,0.866494057192296,0.14037913323473875,0.7279328007151133,0.7511634290127062,0.04593126650437333,0.39660414814932643,0.5962147916214909,0.09055480427484384,-0.026989793182330288,0.7380443158928169,0.09099733379516524,-0.12473870009979987,0.6187535934311367,0.04680437329754567,-0.09385136033797176,0.6372428760866431,0.12474381005776103,-0.10775421655418424,0.8113854130328193,0.2567294608700512,1.2470328178935024,0.6770034062600655,0.2110596250344095,1.5003921443688886,0.5929792675248597,0.18996056366657127,1.3438375307668136,0.5376279704186094,0.3524894451382554,1.1987649428054363,0.5836138015225674,0.5819879409477329,1.0182818378653389,0.48723626507982887,0.48815171615705255,0.8332929131580117,0.5501874367643819,0.4060153431334105,0.8190287748133334,0.655959148715681,0.4295362247556439,0.8068058179031976,0.6054588174360184,0.4418489581741151,0.7724898984184554,0.6190403452075306,0.14061158270698093,1.1875113528185837,0.7920073227531037,-0.0938968427797213,1.1468292082779135,0.8047418503046494,0.006519693524098948,1.2919010672479743,0.765046764267068,0.09971853949341303,1.2722224664222934,0.7226543144508839,0.09852926854289226,1.320091493658091,0.6701706070745858,0.05068383685896906,1.3071376159592722,0.6759025676714987,6.766666666666667
0.280409539729448,0.7201860937651366,0.6448432639083492,0.20644325640715405,0.37383921967270484,0.5322081190037891,0.27247637761653004,-0.05485887156675252,0.7926416188037921,0.2699679974199896,-0.10132323931306329,0.6015937521535384,0.3204915394353044,-0.08479914183514234,0.6312819375434718,0.2648491332041981,-0.12127006853851131,0.8668909856466994,0.14134544627119558,0.7287542313867803,0.7490698424892508,0.04591758500147412,0.39693948966188136,0.596189669247651,0.09067151674387505,-0.026718497654693613,0.7380393252103643,0.0910271977244217,-0.12470377837474864,0.618759162018442,0.047238472814509574,-0.09469700043304503,0.63996194109866,0.12494431173737876,-0.10826231264497069,0.8121715185847272,0.2566992769419385,1.2468043204541375,0.6766143334537449,0.21167186713069736,1.4994109854517719,0.5917424621640734,0.19048645465455163,1.3435884573707535,0.5380207359608142,0.3533725188540576,1.1991454525331586,0.5837024870172031,0.5821629547561472,1.0197086885093447,0.48498084311224887,0.49121997802906614,0.835607908266439,0.5425324014763759,0.4072693012307411,0.820275199538332,0.6491186517115183,0.43144480065461444,0.8072340077641497,0.5999829146663183,0.44302612477653386,0.7719804923160414,0.6169118055299512,0.13964380518943947,1.188153213264675,0.7955189953396024,-0.09460452798661943,1.1508625284528446,0.8072654920972728,0.0061557201493426025,1.295021127856198,0.7626486412164264,0.10205106002443211,1.2673044709285268,0.7203918585052671,0.10338262581446175,1.3195180531313848,0.6572913765015356,0.05078928436864985,1.3057239193677195,0.6712131198164334,6.783333333333333
0.28195935383490023,0.721971595150626,0.6442013749195477,0.20681300216111226,0.3741953800617488,0.5316086725074525,0.2725777928629937,-0.05372327004002156,0.7920148717740362,0.2694969812581278,-0.10023658831160231,0.602119800854549,0.3201088214962483,-0.08352685114848028,0.6309161003557747,0.2655428734890048,-0.12083902290292688,0.8673638475925708,0.14237318998728102,0.7297458194726288,0.7465416283458974,0.04609945172397746,0.3972279594261051,0.596342137863381,0.09068943438938912,-0.02653585864729678,0.7379118924685092,0.09100368282375532,-0.1247390365835785,0.61877456878216,0.047549227831593543,-0.0957207474275525,0.6419919382103714,0.12508453434752534,-0.10907794972679657,0.8128018540323265,0.2566540672875357,1.2467951678692641,0.6764578731291527,0.212570298898494,1.4984303175815001,0.5897182569266991,0.1912048253911191,1.343032584963503,0.5394154714177436,0.35444970865269354,1.1994924263916769,0.5837967926333608,0.5827519565196952,1.0210180135458913,0.4829048564431617,0.4945118332384667,0.8380004993986229,0.5344784208711091,0.4083693409413895,0.8217894458498707,0.6405609275285857,0.433081854118314,0.8066816154118575,0.5961108951713059,0.4448149417422558,0.7706285738796086,0.6146844813805753,0.13940280206496342,1.1888151707108419,0.7979963103950025,-0.09447405598394432,1.154777631237328,0.8092750632154909,0.005734497540115259,1.2976476131061285,0.7592649278678207,0.10369053431687342,1.2637723317285934,0.7159492508293809,0.10811499330734581,1.3192478173684203,0.6434066134177385,0.05079140987132506,1.304867013680749,0.6675782604170304,6.8
0.2837898120475455,0.7238223486118143,0.6437034598959365,0.20716470689759267,0.374531780939965,0.5313580687727982,0.27303403520338365,-0.052472508962015524,0.791209959817786,0.26918896015326627,-0.09928728547744874,0.602674889591538,0.3202616247640361,-0.08156893546128155,0.6296473145586591,0.26635075686679816,-0.1202846192654521,0.8679629392925995,0.14330379298702117,0.7308754486202591,0.7440440988886602,0.0464418810403719,0.3975579924562954,0.5965081201892496,0.09064644966387919,-0.02642000745460238,0.7376770545565446,0.09099093986511245,-0.12486009212726891,0.6187751081310606,0.04774292831075032,-0.096689573251557,0.6431070517191737,0.12514031953827495,-0.11011861408885706,0.81328071723275,0.2565541987038335,1.2469556241630917,0.6764117361486677,0.2136159032207258,1.4977412974817148,0.5872326500218497,0.192359511592769,1.3420734645704109,0.5417506988484463,0.35556522111940714,1.2000768333483876,0.5838045596929319,0.5836290236687638,1.0220285522900896,0.48112115334358163,0.4977762893262625,0.8402232351924173,0.5263535433595679,0.4097084806103069,0.8227994667385621,0.630661329151902,0.43473407499057615,0.8054557273118972,0.5932850542831468,0.44752564305727166,0.7683782647052105,0.6123662290700272,0.13969942668506424,1.1895534500607394,0.7995362099052398,-0.09390401810347698,1.158470845910764,0.8105898587358584,0.004964676533898972,1.2995510216818644,0.7548029147459113,0.104287498768914,1.262236353608809,0.7087117806769929,0.11227373542279752,1.319144717101283,0.6293852313080534,0.05079999105169216,1.3044025023207841,0.6649171809916193,6.816666666666666
0.28591879090515443,0.7255371516500937,0.6433847190306962,0.20752206732961717,0.3747599657226758,0.5315761561033039,0.27387737270647083,-0.05116351225775656,0.7902973682654123,0.2690789250969695,-0.0985179470504387,0.6030550208581213,0.3208264715591489,-0.07950939096352208,0.6279106646283299,0.26729225638620324,-0.11968389117140676,0.8686938754206578,0.14388218257306248,0.7318615248278447,0.7422838131677001,0.0469145311200193,0.397869829815762,0.5965430238022892,0.09058268502885276,-0.026351488297653047,0.7373873560992301,0.09098939424629113,-0.12498231653862123,0.6187533717149315,0.047814527595931355,-0.09725407477122318,0.6433523312862082,0.1251203231877879,-0.11128956998501806,0.8136965160837681,0.256417713206614,1.2472011538413255,0.6762586485566676,0.21467472119837094,1.497484832154851,0.5846220056507975,0.19402996206092507,1.3407905710421049,0.5446871350060671,0.3566244945685923,1.201170484955351,0.5836008443243275,0.5846938794188805,1.0225359931775033,0.48006289161920107,0.5007531327970782,0.8420039166342215,0.5187126675870188,0.41165500143207134,0.8226785538647234,0.6199260780766915,0.4365356011132355,0.8038124026166292,0.5910461579404803,0.45115930969926876,0.765181893022407,0.6106555526310288,0.13978694855593624,1.1901845300441312,0.8006739414129176,-0.09354511465397378,1.1617480542592762,0.8108167476704657,0.003588089551563721,1.3004315147479488,0.7486678473237878,0.10385849889045014,1.262369761577765,0.697777853770619,0.11523226273519357,1.3188673195959972,0.6158539311828386,0.05091877791693916,1.3037467970747456,0.6622275779370531,6.833333333333333
0.288348279323732,0.7267911335217477,0.6432473798616276,0.2079728926098641,0.37475066308245997,0.5323508663007651,0.2750653848070441,-0.04989039500814993,0.7893517559017906,0.2691433282004604,-0.09832644640837006,0.603272071053707,0.3217008849872277,-0.07798654573761696,0.6261595333574156,0.2683893494758266,-0.11911832320578301,0.8695376121052482,0.14388602874720197,0.7322818713382864,0.7418341997981217,0.0475031141456784,0.39793255504614927,0.5964267905170755,0.0905193620759332,-0.026377342995061573,0.7371478476935296,0.09094623698163065,-0.12495690697123231,0.6187564159347666,0.04776802533086108,-0.09732367120150803,0.6431330927941185,0.12507026485982456,-0.11248613559211794,0.8141274649172578,0.25635894896111394,1.247441512322111,0.6759634204773808,0.2156399873535525,1.4976853496201226,0.5821912451964937,0.19614490914533467,1.339433109320344,0.5478156157730915,0.35762266217425154,1.2028086314143067,0.5832794249106296,0.5858911756613875,1.0224194253998746,0.4800969192578056,0.5033603702578504,0.8431802306766942,0.5121104318227302,0.414498220295095,0.8212077982371453,0.6087355109737693,0.43846286682450986,0.8017885755450528,0.5887810125895202,0.45550904824123073,0.7610970995285483,0.6097214865266128,0.13885137500638872,1.1904394254214563,0.8021016002846553,-0.09398303867105598,1.1643726786862687,0.8094937441852933,0.00149353183508007,1.2995564600042888,0.7399376010294803,0.10292416372829083,1.2630031908805504,0.6837804528024582,0.1164890002900826,1.317801552886791,0.603483202001094,0.05108344428398326,1.3022790727685374,0.6576632375482269,6.85
0.2910594983733955,0.727246744231593,0.6433032585198313,0.20870123277688063,0.37437493131546806,0.5337522320100687,0.27650490575500897,-0.04864654735521186,0.7883965297626556,0.2692905075346883,-0.09905414496893632,0.6036011304474526,0.3227146840889239,-0.07733553858075289,0.6246611994499806,0.2695890250486126,-0.11860024052282933,0.8704118302342144,0.14322622637615262,0.7317946163370568,0.7428341732711546,0.04819789104484765,0.39751484793793634,0.5962292298468567,0.09046360741711652,-0.02656808711287334,0.737035003555102,0.09081221253992552,-0.12468915369295219,0.6188477818049649,0.04759767998112799,-0.09726466455422852,0.643013840145242,0.12503348247583698,-0.11360984118546974,0.8145383447277461,0.2565975445839762,1.247551402824751,0.6758559422196053,0.21640283233064894,1.4983063429088102,0.5802520819444985,0.19859694935408229,1.3383008734445194,0.5507335965277433,0.35869444593273603,1.2047319490341573,0.58335368613076,0.5871824428666736,1.0217222740822909,0.4812764412044988,0.5057327065796158,0.8437086874308818,0.5069771545769284,0.4181771378255176,0.8182520728323839,0.5969338742000918,0.4403217020646745,0.7991155580914541,0.585452745125561,0.46057842943935456,0.7565934893252464,0.6079331152359242,0.1366620265993332,1.1902152711136451,0.8041350564629769,-0.09551740099868754,1.1660390238118612,0.806956076846029,-0.001196648897251017,1.2957831930237735,0.7279352535905352,0.10236113956810149,1.2626740016700364,0.6686990826341142,0.11626617489907538,1.3151405858837877,0.5921461463347388,0.05089234573285249,1.2996282834477297,0.6492507089404429,6.866666666666666
0.2940074216978863,0.7266925014339871,0.6436517394371044,0.2099334009819157,0.37355646714666774,0.535833689913371,0.2780992460510676,-0.04731429307255028,0.7873982942460712,0.2693610269232052,-0.10052570225202617,0.6043617426561791,0.3235946481602824,-0.07749160286536849,0.6236430046656248,0.2707751023240909,-0.11809294222701666,0.8711628989418477,0.1419981518850141,0.7303058283114069,0.7449672620504055,0.048972519093732673,0.39653132002865105,0.5960685041967927,0.09041493598433967,-0.026885939662031802,0.7370346851625053,0.0906382307587564,-0.12427167603956538,0.6190234950880528,0.047306218199380676,-0.09754969479108508,0.6432779289739484,0.12502205123490798,-0.11460231388653612,0.8148463668487737,0.25737407988883937,1.2473994704156635,0.6764978160802562,0.21684796382370772,1.4991232397863885,0.5790556973362238,0.20126474996685556,1.3376182369935536,0.5529998956101897,0.3600727545937825,1.2065452421324427,0.5845975730431641,0.5885442598638287,1.0206561390858186,0.48335506511403137,0.5080363265117859,0.8436299885643646,0.5036166740168735,0.4221457107533789,0.8134390418519042,0.5839622917267191,0.44181379925178943,0.7952564951236671,0.5799603751882385,0.4667562900100962,0.7525426258664794,0.6024708974685586,0.1336674156384996,1.1896748675293336,0.8066410895524945,-0.09809831975367544,1.1662990530592512,0.8052160664745034,-0.004148211246296312,1.2881438735651594,0.7127820557970698,0.10292332338708554,1.2601739181963023,0.6535594215760561,0.11544123813268269,1.3102287341033174,0.5802651076754226,0.04943735181919338,1.2954415349590098,0.6356514454942621,6.883333333333334
0.29708945439569706,0.7251245200496506,0.6444554830146759,0.2117969085355847,0.3722686364871164,0.5386500406667936,0.27980252889050944,-0.045855495414333744,0.786359628719006,0.2692230845672039,-0.1022336283120675,0.605654096758973,0.3240714861683095,-0.0781473005802666,0.6233203981837895,0.2718342983162553,-0.11756728768898653,0.871654585204222,0.14042027446243135,0.7280152555924356,0.747682331296543,0.04980236746437959,0.39503512711744176,0.5961165348074579,0.0903636426010444,-0.02718862250268178,0.7370827250254519,0.0905841809047837,-0.12386992354514102,0.6192227715090595,0.047015725385829876,-0.09819633715389177,0.6436590788245684,0.12502294819300705,-0.11545805872365521,0.8150100095687213,0.2587781299710285,1.246935041151505,0.6782424979552124,0.2169127146994807,1.4996502586273102,0.5785882225657366,0.20397057254694456,1.337464470929999,0.5541859599043282,0.3619290255060465,1.2078793641146277,0.587714849012072,0.5899839473297881,1.0195170682082004,0.48588278999749746,0.5103634647506139,0.8429506704330872,0.502097393193756,0.4256951716673002,0.8064516348371042,0.5696222839479119,0.44272426613273586,0.7897583075009561,0.5717618667181757,0.4741702188336818,0.7495698145809042,0.5918787609740548,0.13053491021292307,1.1892363436174866,0.8092922535315938,-0.10131501562147663,1.164674413544554,0.808048760993247,-0.006905400233025461,1.2766193527692795,0.695553928710473,0.10451344310496717,1.2551569445630335,0.636889662168058,0.11441599336078906,1.3029546439290935,0.5658781155400613,0.045488610410568446,1.2892403003495159,0.616449962680843,6.9
0.30016209361936863,0.7227609735891612,0.6458141965562701,0.2142396156243756,0.37046947712407974,0.5422888320954242,0.2816194566311732,-0.044461090484179316,0.7853867751914373,0.26889075452452116,-0.103853650894886,0.6073485915155938,0.3240735775616252,-0.0790251745626796,0.6237292549439678,0.2727040443631016,-0.11708253902665552,0.8718678586966893,0.138691368443812,0.7253209488606406,0.7504016850391012,0.050712712778051346,0.39313821315008407,0.596527956380932,0.09029319005537405,-0.027389738415279682,0.737137933166006,0.09077697405388896,-0.12353411518273094,0.6194312913662655,0.046976350598252184,-0.09870349517542862,0.6435550415831588,0.12501952020227372,-0.11620142659141544,0.8150634676449733,0.2606727733454241,1.2461845511239824,0.6810083432683154,0.21666662497058894,1.499435941896976,0.5784872671708952,0.2064969401569763,1.337738033940943,0.5542223053742353,0.364344360754295,1.2084497531339546,0.5932087305413541,0.5914735337834722,1.0185519400675545,0.4883367437968822,0.5127564470786505,0.8414271794052688,0.5020219406606679,0.428533016950035,0.797540471197627,0.5543499343439556,0.44312544874936566,0.7825942712479353,0.5607972479060792,0.48196689608964627,0.7473767782505285,0.5777570197843278,0.12774156405981832,1.1893872682579891,0.8117058293550463,-0.10443820517917082,1.1610106290038344,0.8191539018003413,-0.009053301830456753,1.2623948711407804,0.6779465192249123,0.1058648981025235,1.248233778030163,0.6162688526526684,0.11248474298611687,1.293646963027704,0.5480479450669787,0.03856784042773084,1.2805714644932875,0.5924771779509759,6.916666666666667
0.30314864216665743,0.7199926780152022,0.6476482815942983,0.21709400230574144,0.3680763568107783,0.5468763593831888,0.28353413830637797,-0.043406747703958734,0.7846246547705195,0.2684939492314012,-0.10533203646397944,0.609229392544687,0.3238475093174076,-0.07993674085231074,0.6246025788079781,0.27337006307591344,-0.1168053109743512,0.871878737256867,0.1369595950523803,0.7226353139922123,0.7527086257566322,0.05176554756214724,0.39091303115643605,0.5973427300434133,0.09019602052005066,-0.027577301541656787,0.7372123744751731,0.09124197289271557,-0.12327891369942395,0.6197069785143163,0.047388440602953504,-0.09853757717088837,0.642524915623864,0.12501428439523246,-0.11685817592859114,0.8151494606528169,0.26276992457451204,1.2451972596870002,0.6844314335115416,0.21632230891807547,1.4985081707510788,0.5783260215459469,0.20868863885165062,1.3381154779039963,0.5537413592607221,0.3674218993294807,1.2080958401631012,0.6012577941788553,0.5928680770454791,1.0178562827323336,0.490342168786878,0.5151858048255895,0.8385082081158252,0.5024554127368484,0.43095785203691134,0.7875777192884458,0.5387879287852593,0.44330092500106866,0.7741783430268969,0.5472275270641181,0.4884207632820422,0.7448207011720961,0.5636276449416346,0.1255489782472868,1.190337661253275,0.8135338759246808,-0.10665617810080658,1.1557378837383987,0.8389075275327245,-0.010531894137097278,1.2471370415770098,0.6617652867070176,0.10519273301899479,1.2400799693780837,0.591727665465372,0.10876809461933516,1.2824073094233752,0.5271954240897603,0.02999797358460606,1.2688503921463197,0.5659684439891475,6.933333333333334
0.3060922301479178,0.7172034842743821,0.6497467391055403,0.22018790647487954,0.3650564807564063,0.5524786380097821,0.28546827321660223,-0.042849867558960406,0.7841412036259587,0.26814820409593854,-0.1065886334542881,0.6110663372487891,0.3237843340255027,-0.08068764126072497,0.6255164975304653,0.27385875210009997,-0.1169049370879949,0.8717855480791252,0.13539180633276746,0.7202449615201743,0.7544966088535223,0.05297469335801456,0.3883156981596507,0.5984976301865005,0.09008755371443913,-0.02795010602172783,0.7373634745722694,0.09201334652330033,-0.12323761272838347,0.6201109001853317,0.04827196064571784,-0.09750331409927017,0.6405563591167265,0.12504047703019247,-0.1174360248046623,0.8154849394781883,0.2647249446555973,1.244045752182145,0.6880290809599579,0.21615409063466054,1.4974443930848462,0.5779939167981967,0.21054123015614384,1.3381021499311498,0.5537674081258664,0.3712425835709059,1.2068852239173675,0.611403544744143,0.5939742529529419,1.0173700857995964,0.49181700684982466,0.5175316303485047,0.8336532723233975,0.5022005221507062,0.4332906711007958,0.7775545312658694,0.5236265385767157,0.4434040531628807,0.7652139645104867,0.5318782780093054,0.4916678752518019,0.7408311778725929,0.5522637740070476,0.1240819535995967,1.1919151351432893,0.8145362703200213,-0.10756798632639233,1.1497345238076442,0.8626214330258346,-0.011745712688002168,1.2319483745751232,0.6480258607028261,0.10130859720073246,1.2304350723552355,0.5665060002876661,0.10324378664342972,1.2685480045975186,0.504832177538122,0.022094825439378525,1.2531230593535472,0.5398608170025377,6.95
0.3090544386138936,0.7145490505027372,0.6519411922628414,0.2234006922124133,0.3615675178791054,0.5589177406409365,0.28734023020851396,-0.042830466165235684,0.7839394676576558,0.26789792601519014,-0.10738889905102263,0.6126328079226244,0.32411848035617574,-0.08117906737083798,0.6263557284546762,0.2742501148011083,-0.11744556069565994,0.8717022357110606,0.13418630673733614,0.7182736698975597,0.7558663886971435,0.054275181359819014,0.3852305650073268,0.599929444950097,0.09000442459698565,-0.028634551747981477,0.7376496408083885,0.09318433967887751,-0.12363959486843659,0.6207000254918464,0.04950037348412015,-0.09573131127122608,0.6379495724152314,0.12514310413311255,-0.11791181408627227,0.8161877572416943,0.26622359111821087,1.2428658725712372,0.6912676790898967,0.21639941695117626,1.497006075814509,0.5777339378584564,0.212203631035695,1.337307767019876,0.5549323149640016,0.3757161458321335,1.2051771313465114,0.622483122370598,0.594701150828346,1.0170013699661906,0.4928645530049581,0.5196241713617773,0.8269217806967805,0.5003043082509241,0.43526891832547,0.7680888906944199,0.5098602989299363,0.4433108006718285,0.7565876268057953,0.5164602982159039,0.49051391388776255,0.7354188288447359,0.5441106893968777,0.12323954356401719,1.1937983677838402,0.8145841016768163,-0.10758201973633744,1.1439652359902168,0.8819825919824436,-0.013196434641392297,1.2171002512330147,0.635621088385604,0.0942516508597806,1.2179292742476964,0.5438312008386407,0.09657001463268722,1.2506543077833956,0.4830184361777896,0.016299824029802294,1.2323498897660812,0.516611526960761,6.966666666666667
0.31202420953802956,0.7119978293339042,0.6540969271646822,0.2267318651970338,0.3579696118608054,0.5656762196430535,0.28914470813911775,-0.04330611183831287,0.784029981247785,0.26773420623116057,-0.10757127770057676,0.6137809423972665,0.32484869853877146,-0.08158794974019376,0.6274849846050369,0.27463718574317697,-0.11833552720884946,0.8717273132257203,0.13350522571817675,0.7166979024007456,0.7568790871411295,0.055605829891617616,0.3815821324939849,0.601680492951524,0.08999443097288548,-0.029591999070769537,0.7380579399302012,0.0947940186172688,-0.12466483089961673,0.621578620267127,0.05087545091260848,-0.09356286326271021,0.6351030750158618,0.12532872831043063,-0.11823447162607106,0.8171043642068793,0.2671216031519028,1.2418701965036045,0.6936787026413638,0.21720613600593944,1.4977111082599865,0.5779272677219456,0.21390224377613415,1.3357458787079926,0.557182737004142,0.3805854970321655,1.2034798410298622,0.6330174084352804,0.5951506923313711,1.0167882527467171,0.49363561447840876,0.5212769248587863,0.8193840718775982,0.49649758354695694,0.436291467827133,0.7596470342557057,0.49869490905175967,0.4428039909998088,0.7493426563962144,0.5027153897287456,0.4849200217729028,0.7297167194361649,0.5379637776972186,0.12261499214163792,1.1957116716032121,0.8136000335119016,-0.10767961511043886,1.1392272610326042,0.888915133208835,-0.01524883077856664,1.2022268299118897,0.6213624325321794,0.08502795014492216,1.2005480036623137,0.5245287995233515,0.0892990420739786,1.2270819508837525,0.46363795821117526,0.012688586124259936,1.205813198539684,0.4973335902681594,6.983333333333333
0.3149466133335283,0.7095717706772892,0.6559741408970235,0.2303674851396166,0.35465136628937266,0.5720375163468275,0.290958986054677,-0.0441068045250064,0.7843725125716335,0.26761642171722855,-0.10735255170192841,0.6145637427426962,0.325854204609756,-0.08225030718197171,0.6292144964513049,0.27505702853833064,-0.11935983042022133,0.8718702795067753,0.13339303448918916,0.7154055800218356,0.7574021435573027,0.05696471150167731,0.37738625988048075,0.603912342109306,0.09009012462973878,-0.030693299840111266,0.7384855856165661,0.09672492247743111,-0.1262220296810186,0.6227500753411304,0.052168405523086006,-0.09146286129769665,0.6324191284237093,0.1255406517256101,-0.11835706185969797,0.8178981566427083,0.2675553480802572,1.2412709545288039,0.6950119705262633,0.21863041176185166,1.4996206106932162,0.5788827425072418,0.21579324375480258,1.3337883495242555,0.5601724706677922,0.38551996662805854,1.2021718991400945,0.6417424917994503,0.5956635738842246,1.016887216050908,0.4944535604707107,0.5223639492631194,0.8128237809767039,0.49125292771926665,0.43609965848341076,0.7531983870244308,0.49099029559791296,0.44173178886395653,0.7446474881339354,0.49161068535131214,0.475838325320904,0.7250998962418014,0.5326286840516619,0.12171725254486064,1.197477742544631,0.8113779357413847,-0.10868607554114518,1.1360582288825969,0.8792623377697896,-0.018375910902191678,1.1860827311475814,0.602354338009845,0.07482482581343289,1.1764307130765315,0.5085109138800805,0.08138995607598759,1.1965074559778184,0.4482466229929061,0.01077470989278417,1.1733166350453634,0.4815507751823358,7.0
0.3177629991242262,0.7073734111599359,0.6573564375175148,0.23457753589716415,0.3518817015596074,0.5773575828266504,0.2928875492169041,-0.04495293004063222,0.784787387450592,0.2675180192672731,-0.10720400567412405,0.6151906624064537,0.3270200901840297,-0.08342956710377422,0.6314239344848571,0.27549790210644143,-0.12033376450266611,0.8720621798757902,0.13377621350338156,0.7143029960530822,0.7571210356336433,0.05836724055254519,0.37277914272222157,0.6067606386305477,0.09028517254795333,-0.031824916163084124,0.7388314094841998,0.098746517950384,-0.12779577122045754,0.623773713420148,0.053147813649860265,-0.08992788070783436,0.6302997154460109,0.1257020616663348,-0.11831365166211875,0.8183932493728724,0.26788002045125636,1.2411405765114345,0.6953776497641712,0.22067965351153745,1.5024141219297529,0.5806001566774402,0.21787677598395305,1.3318219522192634,0.5636305591213185,0.39019020751131644,1.2013792542293,0.6479561216543555,0.5967983413440324,1.0173714829892746,0.49593485767476214,0.5229244746231237,0.8088573827667102,0.48542979530964425,0.43488143186329914,0.7502534597110808,0.4868745438392167,0.43997858969629733,0.7435939704376517,0.4834499537993022,0.4647301388384546,0.722693556416805,0.5273666303211993,0.12040765492106997,1.199037821918494,0.807540118251501,-0.11082453134476358,1.1346348294562352,0.8535630572788202,-0.02319962222915343,1.1663927118702626,0.578170490015355,0.06441036535702313,1.1448664002799818,0.496506233767104,0.07237636505697194,1.1584376200584827,0.4381039670399171,0.009938743592552857,1.135401799084919,0.46804040308179473,7.016666666666667
0.32040763994831034,0.7054389797098024,0.6583134044630149,0.23953468155876564,0.3498164408783964,0.5812704937294374,0.29498055284117736,-0.045575786540356225,0.7850564249870691,0.26748029508211996,-0.10724888489909831,0.615589305170298,0.3282434695815769,-0.08522514406085283,0.6337881598355463,0.2759457249108946,-0.12121634442800389,0.8722639684651674,0.13454921139911682,0.7133859060532752,0.7557257412138179,0.05984575898548023,0.36802474212939174,0.6101076844107947,0.09055398629433115,-0.03294566976536498,0.739120784658493,0.10064199031336468,-0.12870911804849278,0.6238232560055941,0.053630625209667646,-0.08937225250992017,0.6290773921142966,0.12577164299022764,-0.11826339756686158,0.8188029515698132,0.26847555429610215,1.241350378256294,0.6952811991668891,0.22339522878866225,1.5056183613228757,0.5825193659151136,0.2201068055963466,1.3300432164724525,0.5672245051332716,0.3943571136332723,1.2011266647059937,0.6514726457811219,0.5991705006371846,1.0181065143271466,0.49885234990222765,0.5230649858799002,0.8084057684298431,0.4799161252518568,0.43283557736966904,0.7521825764188576,0.4856629404751134,0.4374945656313326,0.7468717615736106,0.47819290524979075,0.45341074669700787,0.7236766926220364,0.5211201992579397,0.11908548184324622,1.2003775769482468,0.8019813220159139,-0.11384032065155533,1.134628360030824,0.8154868974702438,-0.030057832908443886,1.140977390910874,0.5508007230546532,0.05409075035990569,1.1066983418249685,0.4888836658655277,0.06195780261832026,1.1137038776566586,0.4333062671591786,0.008984941549474296,1.0933718453231722,0.45651657564929465,7.033333333333333
0.3228263355000765,0.7037412142075259,0.6591420522751352,0.24528410074860776,0.34850535789619,0.5837830208713191,0.29718885062001493,-0.04583059514069275,0.7851026053067183,0.26758880038900684,-0.10704256497449623,0.6150880977154599,0.32935009005379146,-0.08749719486773827,0.635991934664059,0.27638738319671413,-0.1220476098817301,0.8725478027532333,0.1356413173196056,0.7127133596937071,0.7531069430260777,0.06151722760841812,0.36342399825344496,0.6134924700185354,0.09088343099665455,-0.03409828765292877,0.7395095308813266,0.1023157842865236,-0.12855812460529337,0.6222313629569729,0.0535872321169183,-0.0899081900600166,0.628806960054836,0.12574933350992634,-0.11836774765994368,0.8195715178932054,0.269551952288437,1.241698185018226,0.695346087392766,0.22690902006153613,1.5087664974360113,0.5834823503779963,0.22249878819067553,1.3285806107967204,0.5701862731038051,0.39793994112322817,1.2014786336582721,0.6523935671507136,0.6032205312477884,1.0189126210499428,0.5039760806565154,0.5227572816149169,0.8119371025578259,0.4755339416811988,0.4299394535129136,0.7596198498386376,0.48620778387908314,0.4344237807215802,0.754665010244238,0.4755573917908066,0.4437753264806462,0.7292534081862521,0.512833000729127,0.11833807539537644,1.2014687249536682,0.7952268158489549,-0.11728927460410422,1.135180151472993,0.7708275571722667,-0.038658041064728435,1.1096120356642774,0.5235918797487695,0.04397273812653626,1.0640390966427489,0.48425416093078755,0.05021126204494003,1.0647027641850153,0.43242621652500024,0.00572406776089829,1.0489918044019442,0.4483455204856695,7.05
0.325045358530549,0.7022986862163113,0.6600676309052205,0.2517988809968342,0.34784879118836853,0.5851933352326122,0.29940515179487376,-0.045735276452318424,0.7849826981782319,0.26791950445959845,-0.10617244011551555,0.6130226878196969,0.33018673026499235,-0.08987889771822413,0.6378140342894659,0.2768002535725793,-0.12284470068669212,0.8730284292246713,0.1370221839490333,0.7123330108223737,0.7494018237422979,0.06355782857853011,0.35921423825957305,0.6163220121359193,0.09127135585305536,-0.03534465885484836,0.7401431740865418,0.10385373906505822,-0.1271148643632125,0.6186665604999262,0.05321141347140877,-0.09116158255471866,0.6291288153376984,0.12565070945918175,-0.1186231937230349,0.821038980432411,0.2710562664214463,1.2421008006998238,0.6958974274565575,0.23138947743021665,1.5115038431387642,0.5820826526648085,0.22510623871133467,1.3276196886985094,0.5712914899216156,0.4010287921725486,1.2024374543640841,0.6511138474423546,0.6090616398137896,1.0198919282662662,0.5118476317711063,0.5218953896395712,0.8197728594744604,0.47293915601535863,0.4261892725745463,0.7724207493732281,0.48758773458790294,0.4310897563887498,0.7667589813614712,0.47507211115150166,0.43695290586029273,0.7398446535137874,0.5030964803863391,0.11836626191481833,1.2023542727822651,0.7880501993706773,-0.12068289949002829,1.1351823200613564,0.7272366683137718,-0.04810060349646531,1.0744646595810678,0.5004923543557187,0.03415724714397437,1.0199080590488854,0.48084255093314343,0.03736772117245217,1.0148036619402607,0.43390671349167953,-0.0019848230905251726,1.0041168965067073,0.4454399472670354,7.066666666666666
0.32719633457464026,0.7012025779307957,0.6611340183215973,0.25899311897027066,0.3476398670730561,0.5858294320125249,0.3015184136555466,-0.04542595719826849,0.7847581028500077,0.26854448363455297,-0.10479552017072692,0.6096321713501838,0.3308552593849683,-0.09196964614456958,0.639027883681134,0.27717745926198745,-0.12362289171098632,0.873722085071353,0.13867924384637473,0.7122423592969424,0.7449123151252108,0.06606217815231491,0.3555388196627789,0.6182166943737499,0.0916981416863267,-0.03668439932798434,0.7410536531685389,0.10548207876679988,-0.12404672573934747,0.6128644428553935,0.05279663247501372,-0.09249238430061743,0.6295088439961456,0.12549351514666415,-0.11891626928684987,0.8232893361374646,0.2727538057903146,1.242593140838002,0.6968112321989126,0.23694213012597573,1.5137271192602673,0.5772275093903354,0.22810302456038864,1.3272881353645487,0.5693726540834152,0.40385333752849795,1.2038409741663991,0.6484180380525497,0.6164586792390617,1.0215165593598556,0.522370973785639,0.5204783987473904,0.8318730258064463,0.47233603350451425,0.421919311035913,0.790112292561775,0.4892402850925216,0.42785992763736314,0.7826611355635491,0.47604386724321224,0.4328089292241605,0.7545209164434636,0.4946423292691421,0.11882607202848083,1.2030872752279633,0.7809577070647382,-0.12354688671209894,1.1338164474337877,0.6919573434560462,-0.057145362246428744,1.0386456710132101,0.48521653817229426,0.024958995236630824,0.9776493109827006,0.4788351649514553,0.024086550764617687,0.9671629671828824,0.43760200209286315,-0.014007008178106423,0.9603038030667198,0.4489523941805461,7.083333333333333
0.3294259356903694,0.700563817385768,0.6623360536831658,0.26675294170513697,0.3476834192701569,0.5858650110516481,0.3034260552292636,-0.045035797503182776,0.7844433285025738,0.2695180024531446,-0.10343109065754084,0.6059518560726836,0.33168159434835065,-0.0935203340758085,0.6392076742602835,0.277554725152416,-0.12447601860804236,0.8745264879081908,0.140593789013116,0.7124181802731584,0.7399134045561895,0.06897598967917314,0.3524644678990285,0.619118895024765,0.09210681348418308,-0.03805308703949735,0.7421860990679341,0.10741011511547627,-0.11923981928768844,0.6048099939672589,0.0525228751064436,-0.09345030093168874,0.6296554084656795,0.1252941071659956,-0.11922225914125902,0.8262045309703352,0.2743871903962204,1.243151384824855,0.6975792705687096,0.2435626613796169,1.5156049889078091,0.5685405521344561,0.23189181014953042,1.3274978782893276,0.5640031220628873,0.40663160993212966,1.2055039725801926,0.6452112245868845,0.6248669152757276,1.0243219138246573,0.5346596500867689,0.5185871717205764,0.8473973795357227,0.47335943598244823,0.41764746330946606,0.8121447992957693,0.490711650715942,0.42498199804047243,0.8018275762901974,0.4777336679151355,0.43038228385913835,0.7715089557544127,0.49062080612424047,0.1191683110305918,1.2035348600937839,0.7741209427698877,-0.12557328953341718,1.1308229715585232,0.6682006052052707,-0.0644564455369683,1.0047050985736454,0.47982748458904767,0.01717555876139628,0.9400963894356996,0.48056740389146524,0.012027310567726823,0.9241224446118272,0.4449393373508701,-0.02724999548760789,0.9186330614974267,0.45923862486644573,7.1
0.33178272176624113,0.7004246265770675,0.6637037614039409,0.27499016365069745,0.34786155498986915,0.5853605381142406,0.30505983243473805,-0.04462008849266501,0.7840221010333406,0.2708048481987602,-0.10252257508986039,0.6029740311271939,0.33291723748268465,-0.09452980158607502,0.6381986981495699,0.27799099419275525,-0.1255539694129455,0.87532403516199,0.14274301305732665,0.7128548565220812,0.7344407602687255,0.07218911209992163,0.3500456123956128,0.6191078230978146,0.09242597951179526,-0.03936087807445017,0.743449149912397,0.10966002303598704,-0.11335055850254205,0.5954019827383017,0.05240930950378153,-0.09393277034993905,0.6296070810242745,0.12505367947427065,-0.11962703118540852,0.8295215781721842,0.2757566857475291,1.2436042390061266,0.6975154863991088,0.2510303408341417,1.5173646780665264,0.556512736496027,0.23683845882297588,1.327986797852882,0.5556728954520823,0.4093613352480145,1.207376593256041,0.6421000019989487,0.6335048632991218,1.0286305181444018,0.5473139755205741,0.516295246293849,0.8647308691489929,0.4754548951651595,0.41356707064616505,0.837380909099219,0.491777229245578,0.42234428753789055,0.823682510824847,0.4798402474438517,0.4286187761625605,0.7893743745609251,0.4921820737183181,0.11894000999278939,1.2034721473929226,0.7675414378642061,-0.1269208776578076,1.1262025620801266,0.6542520932901261,-0.06861641165348763,0.9742482565761161,0.48358269627010725,0.01212197408923715,0.9089442230922912,0.4885386164845835,0.003574800741504401,0.887480615412564,0.4577059855050396,-0.037605131605130786,0.8801962590006809,0.4760200632754072,7.116666666666666
0.3341975125473995,0.7006699316299557,0.6652282818396114,0.28361036254170763,0.3481074799333545,0.5843695869355972,0.3064453534613833,-0.04422637855735767,0.7835124120899186,0.2722594259244751,-0.10232782003732199,0.6012270087625625,0.3345866945700984,-0.09528256626317194,0.6368412343154558,0.2785160830747233,-0.12692681466176214,0.8760692775298302,0.14511472319216157,0.713526845186668,0.7283025061002608,0.07564323568975488,0.34833884517000296,0.6181831939149631,0.09261449546929228,-0.04052745147884211,0.7447442016453399,0.1120292685277699,-0.1077297212693777,0.5865251731144385,0.05240724132028335,-0.09405486952844508,0.6295080308240086,0.12476025285405522,-0.12015187575110192,0.8328485216131118,0.2767327618606408,1.243762713278008,0.6961746921026061,0.2587451586682061,1.5190497391527429,0.5424957638138108,0.24285968237037442,1.3285445596710401,0.5452729468682889,0.41187525834056304,1.209459333956731,0.6393754497872786,0.64150452632047,1.0345776098644561,0.558741134420749,0.513749332489697,0.8821945374536537,0.47835552597507625,0.4095250234009009,0.8636940371045981,0.49263511347247135,0.4193756474470779,0.8472302912778797,0.4824894365353828,0.4268066804642024,0.8077292904440952,0.4976779683539222,0.11788749964079484,1.2028401012489174,0.7612543203929935,-0.12825177875233984,1.1199094796741047,0.6461088558602397,-0.06826685663269716,0.9482458519444685,0.4935205278259335,0.011297552473627959,0.8847390100277231,0.5034540177923191,0.0008224322393882244,0.8588076875762076,0.47653088020651246,-0.042045450834053706,0.8468719701913786,0.4977410573081133,7.133333333333334
0.3365734353294565,0.7010577985744212,0.666766371425886,0.2924353293670662,0.3483491722535606,0.582994152444157,0.30770748410263016,-0.04394716974962974,0.7830455756415248,0.2736830443764126,-0.10296932830942893,0.6009420791447737,0.3365939961775596,-0.09624724185006911,0.6366480931808317,0.27910256314206,-0.12845556499668645,0.8768072537240618,0.14767172957172559,0.7143300909743978,0.7213341152075767,0.07933502847903832,0.34732844454652234,0.6162494491720059,0.09267894053259078,-0.04153015013758547,0.7460123504559087,0.1142024954520601,-0.10364475330474685,0.5800384291775017,0.052464065211659444,-0.09401776240088314,0.6294302854563809,0.12441240238856095,-0.12068278946582706,0.8357873268119912,0.27727132946687355,1.243609947479889,0.6936270663903908,0.2658424668715001,1.5204866148023641,0.5285304611008599,0.24941137548519188,1.3291805125413134,0.5337092158085524,0.4140830907027816,1.2116290416047304,0.6372584960754364,0.6481162513498022,1.0420506911815792,0.5675863432587279,0.5112391301372328,0.8986798051969662,0.4820863833119705,0.4056144784996457,0.8886420244410045,0.49371379203015997,0.4153630556148231,0.8709537026321693,0.4856331380739788,0.42465839110131814,0.8268068131680789,0.5042332393194368,0.11603166652180519,1.2018332503252465,0.7551667852648991,-0.13012528066119922,1.1119885082410883,0.6407344916305884,-0.0627729977000057,0.9273154967645053,0.5065109397261495,0.015703926794586355,0.867460326789187,0.5236746311227463,0.004711205182477484,0.8391596498588858,0.5002152811511906,-0.03920076657898501,0.8211549130742951,0.5215531026111879,7.15
0.33888058530686616,0.7013856743500244,0.6680827940367482,0.3012214520377269,0.3485153229132799,0.5814312948753253,0.30898567925441717,-0.04384830124231831,0.7828224964814648,0.2748943864103815,-0.10440028962938487,0.6021951070254536,0.3388682409036554,-0.0977881620579912,0.6386293044308747,0.279698649678625,-0.12983473625391187,0.8776262475740791,0.15029840334490643,0.7151326186774047,0.7136273629404272,0.08326702655000441,0.3469422562597311,0.613294685629678,0.09265673197362512,-0.04241708346704022,0.7472606582620092,0.11587462307813012,-0.10156442005792227,0.57665655457151,0.052540252419783016,-0.09399344454023233,0.6293662616072506,0.12400386960961864,-0.1211180916291809,0.8381817584768259,0.27742566362394183,1.243290109454937,0.6903149300569256,0.27161885110872963,1.5214365711628126,0.5168610451533854,0.2557717172708569,1.3300159938608518,0.5220869329552787,0.4159839087751284,1.2136351951027249,0.6359682663946683,0.652898292651376,1.0503799054249152,0.5734325459689171,0.5090512194767267,0.9134552391808404,0.4866665778284177,0.4024203500749852,0.9104712188142295,0.4953656243184533,0.40996672805155,0.8933099492334002,0.48891578671595015,0.42218583665652665,0.8465288819268544,0.509806116041129,0.11363847239055722,1.2008630557949906,0.748472648403598,-0.13235982742611002,1.1027893087871175,0.6372230875398642,-0.052811549786914214,0.9116492145310282,0.5206834102667391,0.025211439842759715,0.8570518187305912,0.5459279058937492,0.014710471583285744,0.8285105252299659,0.5261622355663943,-0.029192393474253404,0.8048608807149318,0.5446762695584033,7.166666666666667
0.3411632354341432,0.7015869058209823,0.6690429284259776,0.3097478806834534,0.34859473422573056,0.5799797712782712,0.3103600112418122,-0.043932212605754695,0.7829883254535732,0.2757883375945023,-0.10631201536868885,0.6046895682019328,0.341375757534202,-0.09996757154544197,0.6426363262374459,0.28027945961044715,-0.13083831877200797,0.8785654715057466,0.15281101572001646,0.7158496038546317,0.7055626835928728,0.08742656471760081,0.34714937696945836,0.6094980074514869,0.09260242271859398,-0.04324485352103333,0.7485209921453598,0.11681850894692972,-0.10117586335396181,0.5758926226881627,0.05261415641327158,-0.09403471787436753,0.6293118445427178,0.12348564262360669,-0.12151714722137746,0.8402993114820334,0.2773086700608714,1.2428726584441545,0.6867960184025408,0.2758464305197243,1.5217889166179166,0.5090077036067301,0.26132035707229095,1.330992852198705,0.5118008455484557,0.41753225490617146,1.215242979372963,0.6355569193114419,0.6558207573387145,1.0582717192351523,0.5770094715673972,0.5072878872038563,0.925652466920549,0.4919212417159273,0.40050747983659174,0.9283326157290003,0.49791446135485073,0.4034974843050321,0.9132085363382261,0.49207761792747834,0.41955961854599677,0.8660544428239068,0.5137520836018268,0.11108270138321669,1.2003959285890937,0.7396542475145227,-0.13417938982770494,1.0928948534322196,0.6355237035547299,-0.04006331347973025,0.9007970345541131,0.5351399000432235,0.038505217208067974,0.8532775718487968,0.5665003859748148,0.029128393573967168,0.8256839475554155,0.5512676468780083,-0.01340822898018711,0.7980294632634828,0.5656015197025308,7.183333333333334
0.3435052724324734,0.7016333598993575,0.6697228307958885,0.31786781744544346,0.34860731044480703,0.5789603674386575,0.31183970563580526,-0.04419495398410543,0.7835754223480678,0.27635859317696554,-0.10811840690389406,0.607509807270442,0.34400984023116177,-0.10267138880239643,0.6477657763826142,0.28085166661565597,-0.13148208454278792,0.8795723496488244,0.15500600254118801,0.716390818771969,0.697668292195068,0.09179825908459749,0.34791142874209835,0.605127541449197,0.0925926953439501,-0.04402454390949531,0.7498014777574846,0.11691273208744907,-0.10193590779645688,0.5769194980218921,0.05267345495038539,-0.09411041478974932,0.6293401557958563,0.12279218921714077,-0.12208150432518003,0.8427543706887101,0.27699941814553725,1.2421498998016727,0.6836380957186475,0.27875178176279364,1.5216363622129663,0.5049731275816112,0.26578755605234716,1.3317370540470197,0.5040901545268658,0.41865328006851754,1.2163349832780668,0.6357513673380766,0.6572240787195345,1.0642750678568391,0.5795723049094599,0.5058513175477806,0.9343813324308492,0.49752053891648845,0.3998414370229698,0.9418654148411096,0.5018110030703928,0.3968637548034084,0.9300157403190432,0.4950408209375864,0.41707961624526524,0.8839679386324538,0.5162738090614152,0.1087837021601964,1.2006592290270983,0.7274939703983397,-0.13489054118479066,1.0829622466490254,0.6349305447777366,-0.02637157636011385,0.8938617643599696,0.5490138518468414,0.05362487389375198,0.8550605987801411,0.5822700037833333,0.045858842197176855,0.8288731079133709,0.5724105919322133,0.005662781841246982,0.7988366499106894,0.584075256900203,7.2
0.34596935146236346,0.7014288717978956,0.6702816361869517,0.3255027174837429,0.34851858358992394,0.57861104125987,0.31336902244485293,-0.044649933600846625,0.7845483321666151,0.27665573747682254,-0.1092311967394733,0.6094965502733752,0.3465743059685378,-0.10578429223243574,0.653187574502619,0.2814209376976086,-0.13188111414594342,0.8805712367126999,0.15671886196781118,0.7165840547230032,0.6904453636496051,0.0963630794168801,0.3490511624827115,0.6004052717364511,0.09269960608127314,-0.04474829590753007,0.7511050196883932,0.11622019298118277,-0.10337262141074671,0.5790729169928772,0.05270328396099432,-0.09420051427120416,0.6295987554734951,0.12191634068335,-0.12300850456624514,0.8460979321451331,0.27648016091853334,1.2407475880626626,0.6813137248481598,0.28079243493310735,1.5211573796690185,0.5034778796135548,0.2692526485724003,1.3317581966602603,0.499462067457205,0.4193625928573409,1.2168836126692633,0.6360981598944907,0.6576292833928447,1.0674181479781066,0.5823237808214166,0.5045683517563812,0.939355236791711,0.5032553917557501,0.39975183882802723,0.9508652960732767,0.5077022811163794,0.39129297970275057,0.9432140481366149,0.4977710838140795,0.41511752076545333,0.8988392138648793,0.51790752834233,0.10713125912671159,1.2014882597417826,0.7120309869772129,-0.13431880345583103,1.0736123728430842,0.6342950882296718,-0.013230544017579105,0.8899090794708056,0.5612282583995314,0.06868121293331729,0.860317183378643,0.5916379938637922,0.06295267020971954,0.8360472916362564,0.5869108367249963,0.024765785483569745,0.8041366985442189,0.6004004768671266,7.216666666666667
0.3485166870999123,0.7008574959542792,0.6708205031725504,0.33261030249549794,0.3482781643548065,0.5789917252488626,0.314838673943174,-0.04529230801222338,0.7858953154116468,0.2767518204869206,-0.10949505900484811,0.6101526660261806,0.34894667587051925,-0.10918168882324128,0.6585406728840021,0.2819691817681954,-0.13204736709601886,0.8815661907176875,0.15788714055371816,0.7162159879992601,0.6842769179855505,0.10106364044140548,0.3502875391154389,0.5954861510993246,0.09293943811331971,-0.04544035259886803,0.7524635146765424,0.11514901885559137,-0.10483805264381897,0.5813824520897142,0.05268064333070209,-0.09429517906121743,0.6301275965918125,0.12093525832583667,-0.12433649429403575,0.8503866739506191,0.2757039065330531,1.23847370022066,0.6799623996179115,0.2824231868775022,1.5204903544810655,0.5029700476385524,0.27186504182455323,1.3308102917435563,0.4974833375299926,0.41981964591235554,1.2168992814147623,0.6362899099164189,0.6575077925913966,1.0675137805278039,0.5861811614517171,0.5033590765311496,0.9411636306310841,0.5092721491440861,0.3993493812620458,0.9553914820376107,0.5163306059624502,0.3878271659077782,0.9522137298096017,0.500295473569902,0.4138922798997686,0.909826463426488,0.5190570507324783,0.10632811895603342,1.2024931350222168,0.6945680975315595,-0.13276394790062143,1.0652273537549743,0.6332182433575642,-0.0017044729376186876,0.8878799416166788,0.5708914904007074,0.0823613092982109,0.8666387592627416,0.5951054692618434,0.07875059950408947,0.8448531932534118,0.5935895437396564,0.04089933460353948,0.8101601889961372,0.6147610412910184,7.233333333333333
0.3510070599814686,0.69987827378349,0.671381265621924,0.33917289124002437,0.3478675734189726,0.5799948139306539,0.3161168719381128,-0.04608621171042829,0.7876503121464832,0.2767406399368808,-0.10923390541867922,0.6099586913306795,0.35113611353742374,-0.11263160711368883,0.6634862591170735,0.28245306935123815,-0.13192134061899594,0.8826358100178927,0.15856645146181503,0.7151551370975768,0.6793714164698332,0.10578929864113074,0.35141006666866914,0.5905112769902802,0.09327825968220306,-0.0461289312403762,0.7539019772320503,0.11437743366814522,-0.1054667453847499,0.5823669114270045,0.052592533712943076,-0.09431016023778378,0.6305213711019826,0.11994975530810904,-0.12594399538913964,0.855220909071477,0.2747271690145576,1.23547536716173,0.6792455144538558,0.2839706805684663,1.5197263881932808,0.5023427786761326,0.2737852557282137,1.3290487745105544,0.4971332898143006,0.4202228281786984,1.2164844805483233,0.6362710621999716,0.6571571063048658,1.0650439868428636,0.5914264784315211,0.5022779453526739,0.9408260212917294,0.5159144903442943,0.3979729584095927,0.956113326433855,0.5278919665900971,0.38681744418994946,0.956730355304456,0.502724380590046,0.41336144923761536,0.916744331047994,0.5197834087769875,0.10637609951846869,1.20332769162678,0.6770885189597442,-0.1307330149577387,1.0578195345367114,0.6323299750313305,0.007603523188665105,0.886463035854098,0.5774677958309202,0.09410724880092228,0.8720432543830365,0.5945563226946045,0.09197513060171814,0.8527145353845325,0.5934760533873791,0.052425483946187595,0.813320900267722,0.6270165532893539,7.25
0.3532776356194873,0.6985674319541008,0.6719582531164454,0.3451853297676223,0.34722407483220136,0.5815357354969248,0.3171106353405322,-0.046961194317545724,0.7897967350463798,0.2766839290933617,-0.10886322942309758,0.6096651620515783,0.35313203538648164,-0.11581760321013022,0.6673187646801133,0.2828254180946671,-0.13153897600340458,0.8838309644860027,0.15890718879035598,0.713472150441647,0.6757011974526023,0.11040900144649364,0.35238494403319265,0.5856475488522074,0.09367864091499667,-0.0467636216287028,0.75538633835205,0.11440668663249735,-0.10479398678313508,0.5810285681399739,0.0524802186607736,-0.09409062490059432,0.6299339273476017,0.11901085182721848,-0.12771372762853783,0.8601530057044787,0.2737310680063575,1.2320712619504917,0.6785355580575406,0.2855914525911905,1.518889224402843,0.5010217937779873,0.27534680573818443,1.3267790183532555,0.49754849582456817,0.42062524772273013,1.2158452610937796,0.6361256661906357,0.6566977637239422,1.0608978753165998,0.5974509252209844,0.5013451439754406,0.9390535922040463,0.5234549495868865,0.39539874044784623,0.9542307541856733,0.5414897179858488,0.38785729757727805,0.9572608205017183,0.5052978164102615,0.41341284156566616,0.9196025496299071,0.5203002712408579,0.10717422361988774,1.2037948645092929,0.6616633914356223,-0.12871868156406557,1.0511946144325202,0.6324457046170009,0.014647874910615154,0.8845510376519337,0.5806524825393645,0.10385953529038548,0.8753546891109132,0.5918906867943531,0.1019671126323339,0.8575918563705378,0.5891419066027495,0.05927672498085426,0.8111421749594061,0.6370034771983559,7.266666666666667
0.35519774986452096,0.6971129450925153,0.6725139608878967,0.3505829522024498,0.34623367821149703,0.5836701045217948,0.3178434791815038,-0.047784029072758305,0.7921536854162056,0.276555263266365,-0.10862863126341507,0.6095885571618327,0.35483312980357185,-0.11859235862585403,0.669605973495778,0.2830710666575744,-0.1310847242573311,0.8851777339708655,0.15909409615508627,0.7114650447639752,0.6730391642103156,0.11481165795908159,0.3533014631424878,0.581077932926456,0.09411943184486347,-0.04725030463206538,0.7568402726243357,0.11524789441926311,-0.10321817788982512,0.5777872610792985,0.05244102176703015,-0.09354754178256412,0.6277679212038126,0.11810757054978738,-0.1296212523740001,0.8649783751744838,0.27290766789888965,1.2285832831738932,0.6773466369419496,0.28720483200175395,1.517907439096713,0.49887725271544975,0.2769022808391247,1.3241544301005483,0.498408708141711,0.42090855465947924,1.2151002260397472,0.6359752894287094,0.65615631765611,1.0561544774572327,0.6031174882701452,0.500450466815463,0.9360326102983809,0.5319585774677981,0.39185680285483265,0.9509119979606899,0.5553906167430734,0.39011657584487824,0.9548770512914266,0.5083741842294984,0.41399257618590096,0.9184617080314996,0.5212899139842602,0.108521830280121,1.203804256108818,0.6499255333692976,-0.12710005866838597,1.0452252689765533,0.6338452115262054,0.01981875884617717,0.8815811000990988,0.5807163930416738,0.11156327793662019,0.8762628024720922,0.5885563291955627,0.10877553328755687,0.8585976624583027,0.5833317652991881,0.06256238531847182,0.8031269856301677,0.6444567893632072,7.283333333333333
0.35668617281395726,0.6957606521662002,0.6730292931168932,0.35517646082316434,0.3448372178687474,0.5864549775833803,0.3184524448710943,-0.04841550177157104,0.7944088086193608,0.27633820011699084,-0.10859295081710893,0.609652368591768,0.35612378593748506,-0.12109549042932015,0.6708431135673932,0.2832128403756536,-0.13077679718506263,0.8867670918346703,0.15924267608669893,0.7095245660649716,0.671085141080296,0.11893468842359456,0.3542386550330508,0.5769725150125493,0.09459052214360766,-0.0476021816522732,0.7581972539668439,0.11658339963648931,-0.10159538869310196,0.5739707145637398,0.05256751339848577,-0.09275704680768743,0.6243472237774303,0.11721200007105843,-0.13165406872387278,0.8697030887132765,0.2723317319123967,1.2253388066370499,0.6756424138145297,0.28849917949775367,1.5166798082050674,0.4962119222272172,0.27852367992881916,1.321275409041334,0.4995745662372175,0.4209754829147282,1.2141739436264587,0.6359225235094517,0.6555932462202527,1.0517974257504978,0.6076089992187331,0.49953371673273494,0.9319251359567395,0.5410524200066683,0.38794965804567877,0.947019875843312,0.5676581339853395,0.3926991616543006,0.9506362222462478,0.5121341532618304,0.41496271708240673,0.913864089812013,0.5233544893786939,0.11015537278121562,1.2033341783024822,0.6426122073235083,-0.12604276138292383,1.0400113327078027,0.6360653778290775,0.023487539093901527,0.8774071493671153,0.5790145748173787,0.11711818611853908,0.8751433234505335,0.5856510744501516,0.11298769290503521,0.8558472295831061,0.5781759971243694,0.06394666943471018,0.7910688068701286,0.6485244331420754,7.3
0.3577526033711592,0.6947404486624416,0.6735013973216178,0.3587068857428355,0.34308497372710905,0.5897896766873563,0.31905374622595034,-0.048822281401358525,0.7963078777204395,0.2761995335844811,-0.10860323827919671,0.609743712131289,0.3569343045501309,-0.12341559239129905,0.6720071832703053,0.2832792596774066,-0.13069786404893582,0.8886670127386558,0.1593864957315676,0.7079365154878896,0.6695719726460281,0.12276216386817229,0.3551576458669961,0.573510354717292,0.09508686985562345,-0.04798036992800954,0.7594301711795131,0.11803509703515708,-0.10042297716717755,0.5704908056767949,0.052897439877530684,-0.09192264075123323,0.620726207577882,0.1163426308418061,-0.13370970272278007,0.8742953418070469,0.27192334311530447,1.2226775625335153,0.673738916259107,0.2891920204228072,1.5151515540996985,0.4936772735889738,0.28010006501297724,1.3184349747575619,0.5007600981745055,0.4208728472236367,1.2129809431595233,0.6360152172571281,0.6551294834755466,1.0483184779699102,0.6111316320535221,0.4987211843529301,0.9272681390851412,0.5498389634895469,0.3843960265316164,0.9432555410455384,0.5768621056725429,0.39490816663421047,0.9454100447307638,0.5163082233619954,0.4160578176787734,0.907116208242012,0.5264654533775319,0.11189395339730451,1.2024703558508054,0.6392678547363546,-0.12539979272768614,1.035790546448771,0.6380240520896686,0.025710894044425323,0.8723624640958694,0.577339742974724,0.12075443843331843,0.8727430991779731,0.5837620357923767,0.11546258288298902,0.8499193249685677,0.5750712824684485,0.06470914273260892,0.7781819485489702,0.6482856995319732,7.316666666666666
0.3585366715271717,0.6941788120376546,0.6738948979958417,0.3609917266881185,0.3411490231223084,0.5934042678909202,0.3196356070692462,-0.04904244631736279,0.7977624742110951,0.27644553166169056,-0.10836571798273971,0.6098469889685704,0.35728108582679285,-0.12520650738155548,0.6735831159365007,0.2832887988674573,-0.13071550663256543,0.8907442649229739,0.15957132608967944,0.7067884682939793,0.6684085024726145,0.12626440659133575,0.3558748607205633,0.5709064391672138,0.09560673546642705,-0.048564163917476824,0.7605475986021504,0.11923732891346303,-0.09956426463913293,0.5674027215151594,0.05342407258958324,-0.09121927970833861,0.6178702692521021,0.11557922959905591,-0.1355993719509344,0.8785140565722858,0.27157013442307737,1.2208246770253197,0.6719847437385724,0.28931520050518045,1.5133490569803347,0.49195368716135923,0.28159333876964265,1.316065706146827,0.5017273468651676,0.420721010532624,1.2115872811037058,0.6362356045122145,0.654852754343398,1.0456003129636946,0.6147917413450954,0.4981761396763924,0.9227774748575408,0.5572885997804369,0.3816622474765144,0.9401454469699189,0.5827587201870739,0.39644380107764254,0.9400623413864536,0.5203017969410023,0.4171074029797673,0.8998889305149786,0.5300095448015716,0.1137270451171292,1.2014400841770037,0.638320843119276,-0.12483688384456099,1.0326597724460795,0.6386356340226496,0.0264913886360459,0.8673541854699218,0.5765890435857824,0.12306915792000925,0.869829482969522,0.5829522335606964,0.11707980187528408,0.8415700965892704,0.574598986406844,0.06525394018811378,0.767434737870955,0.6440357330330366,7.333333333333333
0.3592200164563428,0.6940281708887587,0.6741152630023847,0.36202482309115686,0.33934384946414725,0.5968782919877065,0.3201370796628444,-0.04907230267281419,0.798773702348962,0.2772479513919933,-0.10772877620724726,0.6099644866122533,0.3572603629698009,-0.12585501580151473,0.6751882868542266,0.2832768197990883,-0.13059925618510232,0.8927344947786094,0.15987037840721827,0.7060177100956149,0.6677266934263012,0.12934497240044956,0.3561776985819314,0.5693311995229233,0.0961514751625179,-0.049403408562958925,0.7615565055480258,0.11990814130444652,-0.0987057943050683,0.5646424257067942,0.0541204884259031,-0.09062236393017423,0.616080298708742,0.11500571969130148,-0.13715638908717714,0.8820075098170305,0.2713316375940668,1.219714485427016,0.6706021184057191,0.28916789881054805,1.5113926016801438,0.49126503080903317,0.2830627491876369,1.314456331786767,0.5024790890446726,0.4206885119112599,1.2101408002299994,0.636490687765791,0.65477303428021,1.0432795106359074,0.619580044889524,0.49790781008031,0.9189947313125764,0.5627421318431336,0.37980870371233943,0.9378394175793437,0.5862797692219974,0.3974451912808939,0.9354024701882847,0.5235933285674033,0.41814062783469913,0.8934036362675171,0.5331098229229384,0.11578935035077198,1.2005400844288074,0.6377229017104374,-0.12408865987943053,1.0304899194610437,0.6373471343700678,0.026221787052044775,0.8633363923923756,0.5764366386911636,0.12465486534898798,0.8669606051118854,0.5830466430674641,0.11856131418666205,0.8317785043084597,0.5765271391542501,0.06560476557846308,0.7604246109948437,0.6373403317404134,7.35
0.35987525276573823,0.6941482331828411,0.673979558097919,0.3619820368019204,0.3380713989529371,0.5996631047706972,0.3205975970003019,-0.04883062374617296,0.7993306178298214,0.27852619019905894,-0.10682246438859945,0.6100621284441603,0.3569827600214953,-0.12507541930511826,0.6761861862614519,0.28330735732914725,-0.13022166763775614,0.8944547685582269,0.1603125363163757,0.7055193601490137,0.6676090018699257,0.13189782829211413,0.3560005973199085,0.5688325831146547,0.096723753526767,-0.05038849270748712,0.7624173934282964,0.11996468137786764,-0.09773441404155309,0.5624673224521857,0.05491248530110123,-0.08993943261862551,0.6151374827514966,0.11465285488917265,-0.1383215380111579,0.8844949763361425,0.27146302173454484,1.2189782612516802,0.6697161990548364,0.28903876801930006,1.5094388204842455,0.4912325562036745,0.28459304737328545,1.3135505057506314,0.5031556273222164,0.4209933793016611,1.2087568012230714,0.6366259007559654,0.6548728546230772,1.0411449364048013,0.6254551398444632,0.49778278087489325,0.9161959128120011,0.5660334909052369,0.3786541422564389,0.9361545238505451,0.5886569310227616,0.3983293275767136,0.931899055288861,0.5260454902714917,0.41919310025756407,0.8880028302622904,0.5350824082228304,0.11823462540970023,1.1999950708257014,0.6359161829672226,-0.12304129466421826,1.029105042786218,0.6340402690671261,0.02571496762697887,0.8606448455723676,0.5760798341569253,0.12593664824387255,0.8644629132959132,0.5836476157509363,0.12040183897898168,0.8216627520400513,0.5800428465564088,0.06597243736253386,0.7573201596265928,0.6296628104987217,7.366666666666666
0.360462059042485,0.694505186696586,0.6732251992825772,0.3611882937057681,0.33765038507861417,0.6012369644052853,0.32115314372489195,-0.04818502101269996,0.7993923453470039,0.28012034255296014,-0.10591135232094728,0.6101225445167273,0.3565669813320982,-0.12320796825847431,0.6764462650021322,0.2834257468529677,-0.1295960038694176,0.8958553901801098,0.16084672917260337,0.7052100173818991,0.6678482422661962,0.13390479786157714,0.35545331246879164,0.5693748950427789,0.09731996259091295,-0.0513639723596547,0.7630491520121224,0.119523117116276,-0.09657872111869181,0.5609714468940499,0.055674602295632925,-0.08905311290865806,0.614820848155501,0.11449964009205262,-0.13915258934480618,0.8858402677837187,0.27218642049854225,1.2181826156325388,0.6693339507560613,0.28902727582198295,1.50758923690481,0.4913391387385138,0.28618033085768874,1.3130466176483155,0.5038376783832872,0.42176602340501224,1.2075288379259177,0.63650365268067,0.6551525706046817,1.0391773490070364,0.6314350935425836,0.4976898346168447,0.9144501654612731,0.5673391459357691,0.3780349446691175,0.934893280019304,0.5906877224981613,0.399528225360705,0.9295817167735863,0.5278150600832275,0.4201089037980465,0.8835726846722345,0.535788599287337,0.12104564039023155,1.1998632292461995,0.6325051855158986,-0.12163151110485626,1.0283652161525283,0.6288187390152006,0.02578581664173748,0.8589776591171533,0.5750286975311771,0.12727327728858323,0.8624901281222677,0.5840356934593496,0.12284493479111899,0.8122405836183626,0.5839695171816285,0.06671928928336865,0.7573628566374738,0.6214353251967286,7.383333333333334
0.3609078298686353,0.6951909668462033,0.6717008485438705,0.360008230471544,0.3381811185942908,0.6013501389172085,0.32188732171449813,-0.04705730207499452,0.7989657445180157,0.28193004953030415,-0.10521219379595342,0.6101874236848833,0.3561535730515081,-0.12094266449243217,0.6763300482995247,0.2836212682656426,-0.12877373903198333,0.896975811298829,0.16136945141384024,0.7050202072114686,0.6680827303360393,0.1354193383853446,0.35470740466440587,0.5708436006631925,0.09791522183391974,-0.05226829875932021,0.7634078790509214,0.11883505561368726,-0.09503956903066683,0.5596986172753269,0.05630655656584016,-0.08804514360320549,0.6150274448484215,0.11452096033641761,-0.13980045145772382,0.8861069533211124,0.2735216165578985,1.217104105735913,0.6692836297184134,0.28906983895991456,1.5058980387761756,0.4914068140389568,0.2876146528436729,1.3127214691066045,0.5044408179848485,0.422967872023005,1.2065938656089283,0.6360858072884429,0.6556029467181151,1.037352670742902,0.6363636634977509,0.4976908622286265,0.9136228578024292,0.5670136826946257,0.3779536983603661,0.9340356737033575,0.5926492849475664,0.4012116979763767,0.9282856167615141,0.5288958970724763,0.4205920631325655,0.8802041467273977,0.5353876178288621,0.12396783497677888,1.2000637775326102,0.6281696144712293,-0.11975708278305906,1.0280517916169518,0.6220545435840836,0.026830718683399594,0.8579015328387352,0.5733401626253288,0.12895820573605737,0.861028886065912,0.5835509125448493,0.12584387364348304,0.8043479958260005,0.5870116038460897,0.06814380384827255,0.7594672815369452,0.612575713058332,7.4
0.361126154863854,0.6962172165061223,0.6695804773172918,0.3586763068079505,0.3395664768355069,0.6001218570293624,0.3227372876123515,-0.04553446269693602,0.798172655781334,0.2838513241981448,-0.10482779140040221,0.6102874401122446,0.3558541265869086,-0.11889142090386078,0.6761886539610403,0.2838579663736804,-0.1278162899844593,0.8979408002278931,0.1617939882528147,0.7048742428588877,0.6680721090433885,0.1365009015721439,0.35391157074902824,0.5729462187515896,0.09846622290898654,-0.053156816585449365,0.7635806536046396,0.11819061672821098,-0.09298582334453394,0.5579902381757035,0.05679805110701119,-0.08704534867967581,0.6153796715879936,0.11471639791198078,-0.14041185626620564,0.8856247927598968,0.27533986071462035,1.2158032985473846,0.6693302392510136,0.28905900630744685,1.5044567948382397,0.49156798073404606,0.2886223193916693,1.3125661641859836,0.5048110069200514,0.42449337792209607,1.2060963262728857,0.6354620544592341,0.6561600170979831,1.035575780692353,0.6394342232321983,0.49801358240142857,0.9133908444975661,0.5653601154413666,0.3785579568109467,0.9336034799370991,0.5943570785957464,0.40315766289113414,0.9278971756661869,0.5289649420821699,0.4204596056065638,0.8781484141578129,0.5339516943264379,0.12664048896454752,1.2004693525789374,0.6240341512367523,-0.11730824205409643,1.0278385376220078,0.6144221559250183,0.02874524370840869,0.8572690577901536,0.5713507665092776,0.13113117345280664,0.8599290952738579,0.5820985165787502,0.12909040216082074,0.7985960085867502,0.5881671335592734,0.07039341077550694,0.7625837941827671,0.6034756041337777,7.416666666666667
0.36105616252812595,0.6974160436647803,0.6672537255631323,0.3572781002027576,0.3415622498755987,0.5979347666639377,0.32354563158970506,-0.043814100560559524,0.7971815852430686,0.28569841856827105,-0.1047612271318698,0.6103400215389465,0.35571431260560216,-0.11740903517337122,0.6761127873572007,0.2841190892631397,-0.12686419096718918,0.8989653995035208,0.16209488123998883,0.7046895194817906,0.6678101074232845,0.13723503749596733,0.3531734783998103,0.575188919762032,0.09894172110340223,-0.054107640556388795,0.7637692753681681,0.11777078789048245,-0.09065191036328556,0.5556945820525377,0.05721385479012164,-0.08611124253497429,0.615227206623921,0.11507378694235273,-0.14099563939330767,0.8848975366728504,0.27746173801421903,1.2145169150647481,0.6693695188091308,0.2889520259296305,1.5034162750669444,0.4919229239937397,0.2891375713471517,1.3125880195100843,0.5049113713133654,0.42624262531736423,1.2060472097075012,0.6348411355278052,0.6567358221069126,1.033835215367119,0.6402091965245618,0.49885171057959454,0.913363554452737,0.5625370170094286,0.3800118283558818,0.9334915022993239,0.5952930720210818,0.4049631511922686,0.9282663052864103,0.5278545417203366,0.41983882402381056,0.8772220065498053,0.5316507126293678,0.12875943611436094,1.2009448853104443,0.6210010931129721,-0.11421854321920213,1.0275033829306202,0.6066467344273594,0.03113013987651521,0.8571637169309358,0.5693737421292483,0.1336917617379137,0.8590405352513739,0.5800868285131936,0.13217630477947934,0.7951655723444957,0.5871625797101687,0.07344256481243995,0.7658095918092493,0.5950378076927094,7.433333333333334
0.3607507928386735,0.6985574737785504,0.6649954239142462,0.35587777927194963,0.3438019407396629,0.5952728553346935,0.32417262300251376,-0.04205132486866213,0.7961052971288918,0.28721648588224813,-0.1049699933940396,0.6101984532814254,0.355725961086672,-0.11664002620915755,0.67604443549661,0.28441036118548674,-0.12610827941204739,0.9002692937187536,0.16228050038948905,0.7044008615278453,0.6674353845194861,0.1377539795530596,0.35254761911209664,0.5770696109868799,0.09933613303361645,-0.055121177421631,0.7641290641239528,0.11759393416756198,-0.08869233968030103,0.553590202657613,0.057620117990875463,-0.08531454436948324,0.6143578964541488,0.1155329681055998,-0.141415174080096,0.8843084650837366,0.2797104921971838,1.213499232061213,0.6694513518703687,0.2888355702509203,1.5029268268926572,0.4922709777009203,0.2892929706651648,1.3126775163164663,0.5048391205980107,0.4280632096309216,1.2062517162767206,0.6344873845406611,0.6572947011991197,1.0322436421968422,0.6386382879614703,0.5001860725417735,0.9132626265263305,0.5586903322453001,0.38233590996481576,0.9335481809523558,0.5949924449311733,0.4063941165576677,0.929055605290792,0.5258380049484226,0.4190760247896039,0.876690128957154,0.5289369392885829,0.1301976372152153,1.2013630971797513,0.6192770210970354,-0.11048815504802133,1.0271193330922135,0.5991262264602709,0.03351851906226935,0.8575518569871743,0.5676312870678805,0.13627263837615086,0.858313923736246,0.5780056436313211,0.13478970461932616,0.7936443659866466,0.5845818616465511,0.07718686039301488,0.7685866575478046,0.587819315625101,7.45
0.36038830185868176,0.6994856758558773,0.6628253806830628,0.3545564969053095,0.3459255834832003,0.592542565034242,0.32455274920083627,-0.040290303453759155,0.7949961531107372,0.28813770252019844,-0.105429936378703,0.6098889927139617,0.3558348587375705,-0.11655802515074393,0.6759365672723807,0.284734971878288,-0.12560982181636526,0.9018685834815601,0.16235708171433244,0.7039918193505994,0.6671109857968424,0.13815563723921792,0.3520259534692163,0.5783670350157504,0.09965122046692253,-0.05611350257755368,0.7646485877978842,0.11758254087290415,-0.08785876981982747,0.5529626180782189,0.058029467816400004,-0.08480843096133836,0.6133555058237908,0.11601414992591928,-0.14153122768256243,0.8839202738279999,0.2819174544498445,1.212897643736311,0.6696828978151599,0.2888948371150827,1.5030113348446648,0.49219007857976077,0.2892239644978414,1.3127304394561676,0.5047015577394033,0.42973359207691597,1.2064534658725712,0.6345372980815712,0.6578708209249824,1.0308163087768893,0.6353105235676778,0.5018268229366517,0.9130086422331603,0.5540366904899298,0.3852883089870638,0.933635377548411,0.593436852123128,0.4074802507556235,0.9298743851471292,0.5233282557018717,0.41846726369735765,0.8758481245129804,0.5262643957930434,0.1310694704594324,1.2016723166608707,0.6183332801244409,-0.10626681924214491,1.0269401158604972,0.5918881526554289,0.03550410614366731,0.858125903946414,0.5663218821703875,0.13842460162982442,0.857767156975521,0.5762098569391538,0.13681910543130343,0.7932019662551468,0.5814202653255186,0.08152159927010111,0.7708472106777077,0.5816268598214525,7.466666666666667
0.36015068176882226,0.700177593478225,0.6606302941832769,0.35336093169225274,0.34772552975104587,0.5899498791619,0.32467626994447435,-0.03850182286612534,0.7939052076610278,0.28830999789517314,-0.10616194397268368,0.6097733932066096,0.35595757913242015,-0.11695256651724772,0.6758127194765291,0.2850771232133239,-0.12525899649921765,0.9035018978336978,0.16233922823134797,0.7034823273909703,0.6669741720497887,0.13842818028929044,0.3515687496915845,0.5792021927878811,0.09988044701203644,-0.05699464183174362,0.7652113234307986,0.11757506654779623,-0.0885403552550291,0.5545994702456001,0.05841344817999855,-0.08474685682206262,0.6130219618125586,0.11645198203355181,-0.1413479019778039,0.8836053297584809,0.2838893857206086,1.2126993919278526,0.6701584307537748,0.28929028518808025,1.5034663457169066,0.4913772354026285,0.2890414247176286,1.3127389144701158,0.5045750243493203,0.4310923581773627,1.206552861625286,0.6347817513218517,0.6584957770183426,1.0293071728069612,0.6314533652499181,0.5035414796181122,0.9125664440754848,0.5489910084144991,0.3883949092190415,0.9334599609570722,0.5912053576113732,0.4083523283377201,0.9304457972493663,0.5206385867913335,0.4181207965797379,0.8744527232704545,0.5239856547535156,0.13165956441172066,1.2019315933945205,0.6173956317569455,-0.10189302415612037,1.0271083203855254,0.5850230031996848,0.036844186517523775,0.8585186663197986,0.565633801851791,0.13988360728395283,0.857405788384608,0.5749433361148386,0.13832844440194256,0.7930520201174478,0.5784717563064875,0.08620614909085517,0.7727756003553472,0.5761029716885373,7.483333333333333
0.36009393776072723,0.7007327186518512,0.6583093265321989,0.352293621119748,0.34913829782572825,0.587559945672653,0.324563993055165,-0.03668386612357606,0.7929182414343908,0.2878254073169209,-0.10714800913270095,0.6103039756975638,0.3560328786510828,-0.11748463793865542,0.6757365992382567,0.28540664114169784,-0.12496929712672385,0.904863528879717,0.16227049145987338,0.7029002108159834,0.6670579149733894,0.13850918949255286,0.351176572385155,0.5797827267945852,0.10000978430074632,-0.057718209442274224,0.7657098588083798,0.11736093786760675,-0.09059552436099019,0.558310887603767,0.058748958571903,-0.08511988994019973,0.6135969450527663,0.11679425982988548,-0.1409844004512598,0.883232153642142,0.2854526118758182,1.2127631946945836,0.6708976369415216,0.29005181025716564,1.5040064882943807,0.48982709647764744,0.288903913405577,1.3127332697885348,0.504539334283839,0.43217353574207906,1.2066224491533968,0.634736272601993,0.6591298768809283,1.027390741587732,0.628364190084607,0.5051119363362319,0.9117661340310368,0.5442703641749567,0.3911328404395417,0.9326110764290817,0.5891830395894858,0.4091029827966004,0.9305684756226676,0.5180634467607409,0.41796790781582593,0.8725391914426041,0.5225531512950761,0.1322752641172495,1.2022419062655567,0.615955213496308,-0.09774699632400852,1.0275443277456966,0.5790203620312933,0.03756579869085743,0.8585861697630048,0.565610643637778,0.14065419524512635,0.8571828643572641,0.5743455078604637,0.13946391294233831,0.7928072843584348,0.576194264777941,0.09080161185493371,0.7744814243688654,0.5713092408864469,7.5
0.3601810652124745,0.7012647904617672,0.6558452232454826,0.351338582788645,0.35016555655571135,0.585420962414994,0.32426905043393267,-0.03497157287714733,0.7921296369778378,0.28695561122845004,-0.10820427505645994,0.6115906115108355,0.35603349551125124,-0.1177694190067667,0.6757289700761122,0.2856879404132174,-0.12477300024979233,0.9058236853493268,0.16221561214003077,0.7022754636512405,0.6672238685980334,0.1383988154934575,0.3509206434052527,0.5801608416318145,0.10002870882176094,-0.0582564881493956,0.7660878040040507,0.1169139487805011,-0.09350069204697145,0.5633152458317414,0.059027235754525204,-0.08566705894280899,0.6145994781941284,0.11701669578299591,-0.14047319996592378,0.882627299931574,0.28656363259828327,1.212915003212229,0.671754610789002,0.2910372793227732,1.504515836562073,0.4877340612297175,0.28896355733351947,1.3127216367243952,0.5046707934280119,0.4331703692451999,1.206759332299283,0.6340260527465198,0.6596724852136775,1.0249911939402698,0.6267075926819671,0.5063537206873933,0.9104373903498226,0.5406690946519154,0.3931483195162663,0.9309941728714957,0.587791515212527,0.4097552019216724,0.9300627199517258,0.5159582874373265,0.4177851327698661,0.870105399573311,0.5223735988178232,0.13310555849780004,1.2026554336499786,0.6139086397816849,-0.09406173882926619,1.0280737845702783,0.5744963029628857,0.03798197009075503,0.8584347875783664,0.5660360195430615,0.1409370273630128,0.8570369592770428,0.5743634991944107,0.1403664194310926,0.7924270304290214,0.5748667771917582,0.09492769157049247,0.7759636432672963,0.5674993401891035,7.516666666666667
0.3604010866928743,0.7017535044902145,0.6532866160186321,0.3504788829097126,0.3508359253345612,0.5835809989106338,0.3238623570874596,-0.03361530109423955,0.7916162178184407,0.28595595721969663,-0.1090732030501496,0.6134020631223077,0.35593114231332024,-0.11746717828174967,0.6757504337220056,0.2858888704731781,-0.12469867048819044,0.9063773182134919,0.16222533459334132,0.7015814495545953,0.6672638137974987,0.13816998806401162,0.350856821441754,0.5802527525971282,0.09994669378822685,-0.058588624081116966,0.7663400762932665,0.11648893498657037,-0.09655329141455236,0.5686866397369529,0.059218405224454165,-0.08604789898793556,0.6153510700392747,0.11715369840427142,-0.1396876805719363,0.8815746968758826,0.287311431373461,1.213053083826755,0.6723817723939617,0.29196219283549973,1.505091427869039,0.4853766378121879,0.28926353650505565,1.3126879541818042,0.5050186588094369,0.4342290071060029,1.207008861599076,0.6325813733084746,0.660006213539696,1.0223572009553474,0.6262082089583895,0.507153912423455,0.9086413641077234,0.5386664604278459,0.39439741887710694,0.9290841375698757,0.5864998512371771,0.4102675408791059,0.9288284002423106,0.5146611452496499,0.41727949460200475,0.8671103366839457,0.5234063630480533,0.1341257146519986,1.2031461076968248,0.6114868509250416,-0.09089812856623289,1.0285109278845292,0.5717443380353214,0.038525108751135635,0.8582376286766714,0.5665972580409183,0.14103888692918876,0.8569782886175069,0.5747183327318968,0.14113746963857982,0.7919732931615612,0.5745398834223161,0.09848912422589495,0.7771843906157397,0.5647310276417199,7.533333333333333
0.36078121979423805,0.7020382611396351,0.6506429056748883,0.349709602182478,0.35119339438787434,0.5820521507481732,0.32338184330845726,-0.03280996461391526,0.7914303780362819,0.28496769846045544,-0.10962527421765393,0.6154480895118135,0.35571429780928393,-0.1164742700927518,0.6757945576000195,0.2859955299102237,-0.12468763031307054,0.9065158341061248,0.1622994404840344,0.7006838136398675,0.6670360096223747,0.13790357902252215,0.3509303098065283,0.5800197482717715,0.09979777045168527,-0.058728929479017075,0.7664950801958247,0.11635649065478856,-0.0990470184320509,0.573406422266219,0.05929101279757236,-0.08612877426650864,0.6155806493165444,0.11726736089948742,-0.138540984749616,0.8800704572731227,0.287776060325172,1.2131830887295763,0.6723778177075097,0.29257554294988675,1.505905185283412,0.4831393746973638,0.28976561149381463,1.312623901534877,0.5055544612652039,0.43529357026012105,1.2073920535986158,0.6304360104150991,0.6600533505466789,1.0198677798831564,0.6259285143538118,0.5075303727269995,0.906592110176389,0.5382086834354458,0.3951134272353606,0.9275798488811632,0.5842744298022887,0.41060335124218106,0.9269343703862408,0.5142924153293675,0.4162633178309012,0.8635796854215292,0.5252094596761081,0.13514559966506384,1.203638505066222,0.6091085349480634,-0.0882358224553324,1.0286596618900314,0.5705874593589109,0.03949677063213119,0.8580853592035438,0.567163978899785,0.14125304846392397,0.8571094267509418,0.5750694386566714,0.14186758227092056,0.791552872219411,0.574911859933746,0.10161386379577103,0.7780354871787097,0.5629817952318629,7.55
0.3613273262280129,0.7019704158714805,0.647941622579082,0.34904728351665915,0.3512875145176586,0.5808217320509327,0.3228252098990163,-0.03259364304652679,0.7915776740035075,0.2840629523427502,-0.10982529070502195,0.6173990761537174,0.35542574481751266,-0.11502124263646568,0.6759374748379052,0.28602192441904195,-0.12467145913920197,0.9062156082262408,0.16239611639745077,0.6994619454206384,0.6664835722922614,0.13766226786891514,0.3510235177680892,0.5795556269831847,0.09961943045462422,-0.05870752480852193,0.7665803531435992,0.11659134035463013,-0.10043927360524815,0.5764046283028144,0.05927198753294832,-0.08603590285482003,0.6154967333619037,0.11737151138840761,-0.13714745894997835,0.8785085442006404,0.2879379447210021,1.2133527431550613,0.6715452801117145,0.2928665023612383,1.5070116437576966,0.48157057317368457,0.29046777967037063,1.3125616695058002,0.5060554405160507,0.4362139363723557,1.2079081583990245,0.6275844712432093,0.6598264268655827,1.0177557529000023,0.6250142186774139,0.5076462476825461,0.9044085367426569,0.5388062328560413,0.395609835639567,0.9268425596444846,0.580420370037281,0.4108245563599374,0.9245836641693715,0.5146281779024934,0.41479029630239717,0.859632566947477,0.5273021793427617,0.13595213353150992,1.204048798526125,0.6072049227646193,-0.08603548570223347,1.02839710857516,0.5704826841425725,0.040939367346739114,0.8579908068755195,0.5677968239427558,0.141727398698289,0.8575146929931227,0.5752263887185024,0.14264394353538373,0.7912921669848566,0.5755139630157062,0.1045242878415211,0.7783527485860907,0.5623301692049221,7.566666666666666
0.3620125670391205,0.7015251606539716,0.6454415783068719,0.3485231887126494,0.35116233758980797,0.5798699329948998,0.32220993698964956,-0.03290941794938372,0.7920562502988583,0.2833139611997285,-0.10961604624747565,0.6188420290214438,0.35514010333754975,-0.11351440007676154,0.6762546228454349,0.2859990374425581,-0.12466518484016881,0.9054920073838231,0.16248306086702358,0.6979612420599858,0.6656827276443722,0.13749612152729732,0.3510881569815961,0.5789648047207459,0.09943650857435972,-0.05852516828485724,0.7666111831673587,0.11712626800619014,-0.10047435478959575,0.5769156904734357,0.059227551950622556,-0.08594715470516151,0.6153905456068179,0.11742950981752985,-0.13576011326514864,0.8774702947062007,0.28775175596819325,1.2135834415659563,0.6699746063791112,0.2930272650595966,1.5082493776294248,0.48122854353836964,0.29142151739473565,1.3125623521415468,0.5061240143112331,0.4369658980258746,1.2084753018753986,0.6241649150608368,0.6594112212969075,1.0159229032168957,0.6232691547226821,0.5077394544345005,0.9020593917604177,0.5398127838157563,0.3961444748362849,0.9267604449484186,0.5749063441723844,0.41106119177078493,0.9218633001727206,0.5152983781153487,0.4131673222662252,0.8554942981831604,0.529208264859096,0.13640822585614137,1.2043125702371675,0.6060799720059056,-0.08422449230401982,1.027747732755592,0.5708597262329704,0.0426711111129325,0.8579510159109968,0.5685516945678987,0.14243954141117782,0.8580876719203472,0.5752039320272703,0.14349404211816771,0.7911570762122199,0.5760412260121197,0.10746784216882788,0.778058223976771,0.5627846558125823,7.583333333333333
0.36278365024752435,0.7007710025330431,0.6435485082374071,0.3481648524346849,0.35085711623028965,0.579153160297975,0.32158606066941037,-0.033688239831850195,0.7929407019808953,0.2827920588082252,-0.10895367567233735,0.6194172713434464,0.35492483784363854,-0.1123447408954809,0.6767155116775223,0.2859492362763013,-0.12473679396623882,0.9044437997761735,0.16256744372139717,0.6963539566536956,0.6649158418460525,0.1374316596042652,0.35117945171941195,0.5782363317343804,0.09927071495839089,-0.058174146753497136,0.7666143399043918,0.11786235083666693,-0.09930114457205644,0.5749987475225589,0.059198233734440955,-0.08593445155420322,0.6153629522324081,0.11742691059858577,-0.13462308432855874,0.8772429834325539,0.28726206006247357,1.2138641026883,0.6679156895408892,0.2932740583950735,1.509401680700187,0.48230352383592123,0.29262042144583544,1.3126624859188223,0.5054492294256285,0.4376558953528615,1.2089268084037597,0.6206100622887165,0.6589131186755736,1.0140648671509354,0.6210336227298388,0.5080001858752058,0.8994939287173996,0.5406915360500464,0.396950663495284,0.9270324823845406,0.5681135844417569,0.4113750783935143,0.9185554067823332,0.5161098927274782,0.41183767153078366,0.8514478118459418,0.5303485233181174,0.13650921885265144,1.2044137559508097,0.605756115411758,-0.0826363068951749,1.0268228228700969,0.5714965459698494,0.04442298584491802,0.8579459524049313,0.5693774580604514,0.143272787483046,0.858475491396783,0.5752096837691113,0.14434987129844654,0.7909328773321598,0.5764148608673413,0.11065799772124436,0.7772597077978824,0.5639986881106313,7.6
0.3635583835739891,0.6997749044751956,0.642510962453718,0.34798634673537215,0.35042569556120823,0.5785970171053858,0.32097977310912185,-0.034846811297294375,0.7943173379396998,0.2824718691423337,-0.1079185770689509,0.619000137593888,0.35482606180350895,-0.11180111847519951,0.6771781768025885,0.2858772344817778,-0.12490538471215362,0.9032670487924105,0.1626846635841706,0.6948050146407505,0.6645228832724825,0.1374477438056494,0.3513422939456615,0.5773028771114684,0.099140070590202,-0.057676606712031064,0.7666473878182447,0.11872405516892343,-0.09749917992106237,0.5717180537638556,0.05918493556293109,-0.08598227950832335,0.6153844645689008,0.11740008809021839,-0.13382043339921318,0.8775580617921095,0.28663363888528115,1.2141567535732836,0.6656673609390337,0.2937906264179704,1.5103908006335653,0.48442876632659526,0.29393846223349157,1.312837285867035,0.5040078380340889,0.4383500603391397,1.2091117047640711,0.6174718319396008,0.6584351759036218,1.0119574888968612,0.6187290010830493,0.5084458467556042,0.8967272911179183,0.5411748686279635,0.3982247178470764,0.927273539554146,0.560673324828288,0.4116864173163386,0.9142948447008576,0.5170529752377555,0.4111748080572093,0.8477745954149927,0.5301972003033445,0.1363919462911413,1.2044037837962178,0.6058849912331574,-0.08103521518114547,1.0256613117629354,0.5726180531115527,0.046009503310038,0.8579204000904658,0.5701520787955647,0.14409071163051484,0.8582439924107513,0.5755698017299928,0.14508087921726565,0.7904253132439103,0.5766330607742567,0.11422975300854352,0.776195252048556,0.5653156568007935,7.616666666666666
0.3642912411972222,0.6985917405641241,0.6423488480265126,0.3479859305915085,0.34992954357141054,0.5781283333892955,0.3203669896752783,-0.03625376393278151,0.7960908200145169,0.282158202816535,-0.10679243644347118,0.6178396562732588,0.3548649399333738,-0.11202289479939981,0.6774815516920359,0.2857859387398788,-0.12513646647497,0.9021991237851595,0.16287365556609856,0.6934546267196886,0.6646440648325135,0.13746411869363565,0.3514896460716873,0.576211592633869,0.09905065116276127,-0.05709501658475766,0.7667979490004905,0.11961997743531816,-0.09581907657567837,0.5685668553144384,0.05917535532669248,-0.08604597280505084,0.6154136344209953,0.11738997731786868,-0.13323343960437328,0.8779452517344422,0.2860674711441648,1.2143934802000669,0.6635470155413372,0.29469983296732305,1.5112078225194583,0.4869570251648603,0.29519551768474933,1.3130193676550153,0.5020123946222632,0.439035517075644,1.208981554184735,0.6150736721752337,0.6580964013235816,1.0095079229769812,0.6166451763995363,0.5088941243763707,0.8937515135018079,0.5412464810361346,0.3999972300721474,0.9267856900393773,0.5535869803563453,0.41185311400575564,0.9088276613075874,0.5180848407904449,0.41130708136121674,0.8447639538457916,0.5285328515904824,0.13623201533196846,1.2043674915706697,0.6059642116056836,-0.07921455058651392,1.0241205215005862,0.5747188012395326,0.047402093040987234,0.8577866612371094,0.570724449813584,0.14477590982016833,0.8570894029364955,0.5765371605847041,0.14556671921272468,0.7895444107119514,0.5766919026994379,0.11814728668285912,0.7750752405053289,0.5661936226698828,7.633333333333334
0.3650539668523243,0.6973448390963374,0.6430147482277717,0.3481343623213065,0.34937310254921394,0.5777458221177638,0.3197068371647187,-0.037775211556153376,0.7979684439037625,0.281646959982348,-0.10596014395761728,0.616495390277582,0.355032593853294,-0.11297681455475674,0.677545071049041,0.28568244922550073,-0.12544654348581102,0.9013834265623272,0.1631545887941386,0.6924934098157048,0.6652298787110913,0.1373879464892646,0.3514295311321839,0.5752165058366814,0.09900626393118446,-0.05652752705121397,0.7671365441906651,0.12033375505056329,-0.09492857784675215,0.5667387071386317,0.05916205909632278,-0.08608601410872359,0.615433171844232,0.11739977543677539,-0.13272276522255416,0.8782619461232605,0.2856810641272045,1.2145075280743214,0.6618557921177259,0.2959775424382674,1.5117978916426056,0.4893587543487816,0.2962588228223746,1.3131606748246143,0.4997712152773543,0.4397238776775441,1.2085896293638212,0.6133324087084648,0.6580518246121341,1.0066257725305743,0.6150439162451028,0.5090779586434533,0.890333298227241,0.5410918598461851,0.4020331613454244,0.9245055474820001,0.5481928511524483,0.4118247087949207,0.9020670639504894,0.519057437416776,0.4120678043729086,0.8426312953154829,0.5256391913942958,0.13612256189265404,1.2043522939500388,0.6057671527636814,-0.07696213779221962,1.0219492238211105,0.5782556209456978,0.048659660694921524,0.8573525648075003,0.5709090190147735,0.14528090952154896,0.8548245629366669,0.578212452190798,0.1458135071102637,0.7882417895682287,0.5766372141249703,0.12212338865663125,0.7739640970577915,0.5665677888868164,7.65
0.36598002544180097,0.6962000350849304,0.644591567477692,0.3483754852166314,0.3486840807601875,0.5775385357028369,0.3189972378916328,-0.03931504398831122,0.7996338777133553,0.2809989482313334,-0.10559176521775802,0.6154727257378514,0.3552787804721313,-0.11442398375224422,0.6774031797843053,0.28556664953101024,-0.12592158352153396,0.9007971867378757,0.16350596128075698,0.6921386151943787,0.6662423433640295,0.13719998972661732,0.35104736687552407,0.574635425536482,0.09900391644169253,-0.05604621486172348,0.7676114474896286,0.12059351123693934,-0.09531915971513928,0.5669215264117948,0.059145264045962515,-0.08608692938281806,0.6154436261291398,0.11739907681960994,-0.13227186206161437,0.8786432501112162,0.2854713921660809,1.2145130828569952,0.6608224231178776,0.2974420365384137,1.512157340650646,0.491304753632053,0.29708598668246716,1.3133046766566552,0.49760145127934696,0.44045598722844737,1.208051526386429,0.6119841795231556,0.6584323656253521,1.0032921212984582,0.6142516054618883,0.5087632268146486,0.8859616160698006,0.5410955360367311,0.4037856575019626,0.9194666008110858,0.5457618310481904,0.411676843520432,0.8940902178763455,0.5197812757296938,0.4130424567308124,0.8412334357090427,0.5224258551261056,0.13608948815449598,1.2043349948573054,0.6055527848384914,-0.07401602954154501,1.0188483840179214,0.5834724458497638,0.04986696424381294,0.856215135322212,0.5706428309403606,0.1456928455495727,0.8512120507174745,0.5806384689524747,0.1460352647740836,0.786465442267352,0.5766486905347326,0.12578526584987781,0.7727795464869169,0.5667654147188234,7.666666666666667
0.3671342649727872,0.6952607098563869,0.647313870991131,0.34865560308974103,0.3478139592067131,0.5775612429969328,0.3182921243080397,-0.04073684308563137,0.8008200831529616,0.28050247453643473,-0.10548660186485324,0.6149356051948377,0.3555130015322536,-0.11590287043998557,0.677159464452021,0.28541997328937235,-0.12658387485320993,0.9003505602018494,0.16385964136993292,0.692497196336569,0.667702457372477,0.13697181973769593,0.35047043941336936,0.5746008101850357,0.09901514268932711,-0.05562642457693624,0.7680304849239724,0.12033180530246687,-0.09708543153300961,0.569269894742717,0.05912949704227627,-0.08605282640123192,0.6154486595024998,0.11735197414317707,-0.13187439457826877,0.8791029765141883,0.28536612126521355,1.2145489431530647,0.6605016220034658,0.29883773591536245,1.5124356373656085,0.49259463142292403,0.2976742241558424,1.3136490418136828,0.495777438239739,0.44119779861998665,1.207521309244046,0.6109792553008503,0.6591909374867493,0.9997841810609259,0.6144225717874989,0.5078006203560299,0.8802009474582346,0.5415602711791713,0.4044838068450032,0.9114041048838835,0.5468904542642503,0.4114543596877951,0.8852556013896025,0.52004510172187,0.41373113437584136,0.8397623677870922,0.5201059915622351,0.136164211151765,1.2042560065085244,0.6058336943404365,-0.07023521152620804,1.0143777337927031,0.5904580132461342,0.05120296677677878,0.8538000021404054,0.570331022303163,0.14620487648948322,0.8459860849888678,0.5837742527043354,0.1465522453411297,0.7842145630107782,0.5769727655622523,0.12899246223329214,0.7712934415381021,0.5671023421168349,7.683333333333334
0.36847553206386835,0.6945866163729147,0.6513517156988379,0.34893871477581617,0.3468272211550625,0.5777448570937673,0.31764809705972247,-0.04188950702177931,0.8013640887613263,0.28033174686606066,-0.10539903169485408,0.6148157608065778,0.35565633968258337,-0.11691227033717039,0.6769030635737094,0.2851961856435888,-0.12728943879137594,0.899979192215758,0.1641384135788074,0.6935144222533892,0.6696283728350729,0.1367911581212202,0.350020404698228,0.5750283521905788,0.09899558199586464,-0.05516706180732485,0.7682028789033335,0.11972175667947782,-0.09985448158620017,0.5734194005950489,0.05911833837504147,-0.0859957668212835,0.615450494477297,0.11726085818620657,-0.1314145709415367,0.8794122522799492,0.28531702396908165,1.2148046103385208,0.66068350892936,0.2999331654908166,1.512861287494727,0.49327677907077094,0.2979858641837946,1.3144971468219,0.494543767263816,0.44181142371385224,1.2071652548953482,0.6105438490675201,0.6599634778002272,0.9965703787484804,0.615385551055632,0.5062055059850274,0.8731254612389653,0.5423146733098696,0.4035176085616077,0.900846838126366,0.5512398803532468,0.41102745884863245,0.8762658629995667,0.5196333107591915,0.4138203204075431,0.8367586434459497,0.5194376027816063,0.13638043871817873,1.204081508039819,0.6069377640662015,-0.06572442103316412,1.0080298543980475,0.5990948556682922,0.05304497214165891,0.8496023998661364,0.5707676442623606,0.1470475150418213,0.8391317242299492,0.5871839023386262,0.14762980922127117,0.7817637896290843,0.5775682348562755,0.131891370126609,0.769051573944102,0.5677466386771204,7.7
0.36992759563436717,0.694258219745786,0.6566467972596324,0.34919502940426744,0.3458760905170809,0.578040239134604,0.3170802411795683,-0.04279764025225753,0.8013609477965259,0.2803856152908859,-0.10534547085138599,0.6149212901023623,0.3557176657147121,-0.11722886668157204,0.6766662689969297,0.2848446467804069,-0.1278164709697331,0.8996143099567334,0.16430657048894823,0.6951038489173188,0.672059633969434,0.13668611361077293,0.3499858445687266,0.5758133604185293,0.09892108829423928,-0.054572411342602045,0.7680637504032253,0.11894315546471837,-0.10307691073135014,0.5786355585421049,0.05911175363359693,-0.08593441135958618,0.6154543525579941,0.11718757056968167,-0.13072792074130918,0.8792530089724012,0.28535810525661415,1.2154213137561927,0.6610881561131268,0.30060670019026997,1.5136126451623884,0.49376916367057916,0.29797736046006434,1.3160100505738874,0.4941241916030578,0.4421422616314965,1.207101627848769,0.6108741564954483,0.660061748643189,0.9937848159416565,0.6172224228631771,0.5041942826550385,0.8651977826899819,0.5429995716640026,0.4008582448539223,0.8886793332005438,0.5580050109482676,0.41012192593432906,0.8679140618990288,0.5185239146140824,0.41324620529963724,0.8306597415898929,0.5203263893983653,0.13674791491939006,1.2038344540059371,0.6087821639450065,-0.06073330063827247,0.999640010822453,0.6088041828841293,0.0559039385529396,0.843473813504633,0.5724634568853235,0.1484726652863379,0.831094506505917,0.5897952933786975,0.14943396141065368,0.7797139879928372,0.5778474754300031,0.13469715425338355,0.7654253605265904,0.5689228223611995,7.716666666666667
0.3714666242388382,0.6943922383696535,0.6629233187511245,0.3494007175327779,0.34513162035271044,0.5785855350518398,0.3165971430474527,-0.043648612376606014,0.8011086765588609,0.2804694999736252,-0.10545624418712538,0.6149078283720018,0.355792975295122,-0.11697330951949855,0.6764436705169455,0.28436644594915234,-0.12806613730781344,0.8991691559225996,0.16437932736606636,0.6972779525787702,0.6750786424202251,0.13661989117632756,0.3504631823474631,0.5769437697265352,0.09882169605448946,-0.05382230729403312,0.7676695987933199,0.11807119680881861,-0.1062507849500382,0.5839745669828902,0.059107161554219835,-0.08589294218957774,0.6154695534136405,0.11720139746911966,-0.12975023214283846,0.8784362110557178,0.285555761784059,1.2164894905268204,0.6616982898241193,0.30087664835349387,1.5147010544896669,0.4946275117320844,0.2976870327128829,1.318025347976252,0.4945313595971462,0.4421480454655279,1.2073311589604332,0.6119367024823652,0.6586550575908896,0.9908945683829777,0.6208346348284333,0.5020680370729885,0.856835154173724,0.5437943689241235,0.3970750455840417,0.8757588646473704,0.5663607188224078,0.4084251769810644,0.8604180002832071,0.5171700769495854,0.4119795748430188,0.8206131959560768,0.5222369486019702,0.1372589068719302,1.203566086335123,0.6109870240864093,-0.05558164457307922,0.989739751966313,0.6185322116874005,0.06014762754789185,0.8356839180021779,0.5752238959872902,0.1506762649675188,0.822683806271185,0.5902288469526744,0.1520404872302032,0.7784483553721463,0.5769975165132399,0.13763081766859728,0.7599235458027344,0.5708451573864333,7.733333333333333
0.37312397962355576,0.6951971882927875,0.6697416493927641,0.34954469840839075,0.34473981880645055,0.5796414312810148,0.31625141907213583,-0.04452890817095127,0.8007870756426956,0.28049499424107016,-0.10577700064518605,0.6145008478982815,0.3559405910824034,-0.11643419956215639,0.6762461611668155,0.2838233591980881,-0.1281238942464557,0.8985582863859498,0.16438285717534443,0.7001480444342296,0.6787108155343254,0.13653410324104515,0.35140340201971404,0.5784625550677711,0.09876578021372232,-0.0529597557247905,0.7671006861897551,0.11717690243751813,-0.10894928616109323,0.5885351293321884,0.05910219784287343,-0.08589245089102583,0.615503658939299,0.11732283283232674,-0.12859794303239927,0.8770089170037207,0.2859252246941201,1.2180678025952465,0.6626676514974672,0.3008247652981554,1.515953008881167,0.4961675561447448,0.2972132192598604,1.32021916117771,0.4954375350829144,0.44197347258347086,1.2077126401467093,0.6136098855476568,0.6550915316670599,0.9870198375828888,0.6273812010390621,0.5000671310049071,0.8482614230367195,0.5454508237009328,0.3930371922362273,0.8626836177298668,0.5750442310242782,0.40575646888192896,0.852789158065408,0.516371002458221,0.4100217240035938,0.8069205199579066,0.5247605284442962,0.13786503437859063,1.2032854265616555,0.613170475512593,-0.050661763467433146,0.979411197060396,0.6271994605304904,0.06581961887883801,0.8267417726357844,0.5782403263755322,0.1538294017497386,0.8148037680023464,0.587367237520266,0.15555992059340362,0.7775647113903417,0.5743074107034543,0.14100009379934822,0.7523937549865614,0.5733783847711785,7.75
0.3748821892134311,0.6969483864190145,0.6766425344663483,0.34962124181136967,0.34479438900054693,0.5814478618286005,0.31612239205243103,-0.04530122690298234,0.8002993718297366,0.28048307589894583,-0.10626633976031853,0.6137400381579917,0.3560353231546296,-0.11599938641887056,0.676171176060921,0.28328713682342477,-0.12810850677251992,0.8977124663625399,0.16432148769066335,0.7038426049706665,0.6828142869741198,0.13637437285189064,0.3527105944152659,0.5804815720292966,0.09878216872211025,-0.052005924540105664,0.7663407013017659,0.11644069402455165,-0.11083788074857627,0.5916980386327509,0.0590964512527281,-0.08593634932064946,0.615555130325065,0.11753728474001443,-0.12746995867850697,0.8751187500436012,0.2864107300209213,1.2201712481275797,0.6639707690795499,0.30050400975920555,1.5172159213595688,0.49839009023861947,0.29664370107278787,1.3224006356700915,0.49638679056378693,0.4418732052608024,1.2080337663903296,0.6158429990125672,0.6491651240929159,0.981613772812019,0.6371074843775739,0.49827042540241345,0.8394403329894391,0.5485871927820608,0.3895597332596996,0.8493696695626156,0.5820787479135733,0.40229683971799346,0.8432033989000052,0.5166686099913551,0.4076213903002419,0.790885257530122,0.5275878905892929,0.13841122853099486,1.2029168343459427,0.6152186797589215,-0.04631917313085399,0.9697416997671297,0.6342114858278413,0.07275504431781285,0.8172532360703035,0.5802450438577754,0.1582874213242395,0.808137900416966,0.5805795207734623,0.16025870682138668,0.7760463765851706,0.5690507270714147,0.14504591943678208,0.7429040182916881,0.5758959796154328,7.766666666666667
0.3765983606189213,0.6997458650538273,0.6833796902903034,0.34962058520999123,0.345324505749365,0.58416585826657,0.3162397259869873,-0.04577571709651804,0.7994888294761721,0.28047398502661786,-0.10681308724048975,0.6128883351519745,0.35579117681336037,-0.11607559552513498,0.6764004536775432,0.28280161396162107,-0.12804040863308808,0.8966382964238113,0.16419858202959747,0.7083428462471482,0.6871256211131445,0.13611604079049544,0.354269650965097,0.5831649284304807,0.09881150971041837,-0.05094483410769897,0.7652671541698225,0.1161466648144926,-0.11174768852459481,0.5932341109300528,0.05909020070593424,-0.08599617742542842,0.6156078477498812,0.11782723709885908,-0.12650586972687228,0.8728606630747405,0.28691158879415307,1.2228707472157967,0.6653598832584502,0.2999294846155399,1.518582715827859,0.5011545994793323,0.2960288422137284,1.3246852641221891,0.4970692598806205,0.4420480644582023,1.208153585184167,0.6185252271454368,0.6410832076023398,0.9749029028914786,0.6486561049431638,0.4965631172318177,0.8299532364026052,0.5531007974157413,0.38707759492480664,0.8349341361550706,0.5858140145370465,0.3985096938032914,0.8302773826102099,0.5180956119192834,0.4052035124541045,0.7743323514507588,0.5301941071646343,0.1386555720609805,1.2024103229127598,0.6172690429998456,-0.04262842856619437,0.9614169402227138,0.6395198357420717,0.08065496470474129,0.8078987024198364,0.5799136354848895,0.16438848751110302,0.8028075331071073,0.5698396415865059,0.16625360528296673,0.7728211773775729,0.5607356753811277,0.14966101052411174,0.7316923182566147,0.5774222950218723,7.783333333333333
0.3780652095898351,0.7033998467427246,0.6899397139689455,0.3495354892885018,0.346304823469336,0.5878474412176504,0.3165356750277003,-0.04594181360494941,0.7984015561572867,0.2804745317424879,-0.10725785179031379,0.6122203419657398,0.35498801600158125,-0.11680391829808874,0.6769891011285656,0.2823852195106419,-0.12790386359855313,0.8954271469633602,0.1640414119338931,0.7134146268515791,0.6913809916707869,0.1357908519238593,0.3559825154973925,0.5865614595613714,0.09874710888134436,-0.0497894519544876,0.7637866742420214,0.11651305544818544,-0.1118184283435312,0.5934509975861213,0.05908382549183623,-0.08602245759843297,0.6156319625273462,0.11816682369335949,-0.12576688913938006,0.8703250284225551,0.28731327229176695,1.226465848173667,0.6665762590634232,0.2990814731333208,1.520398842377664,0.5042937053032375,0.29531709664863987,1.3275613914098425,0.4974462393985484,0.4425249157473653,1.208116962653911,0.6212080807030836,0.6312069849332098,0.9677505133005472,0.6593574811496337,0.49477521354046505,0.8191768646574676,0.5581978990106603,0.38555909356611223,0.818508081654371,0.5859804682486741,0.3947237601137442,0.8138433886893817,0.5206425671664451,0.40305732725329874,0.7589841923862071,0.5319576281351233,0.13841842149938405,1.2019520324698387,0.6194469800107303,-0.03927495941983608,0.954772736582063,0.6431714500399313,0.08896531372902255,0.7993403143297347,0.576548732451905,0.17189168230482077,0.7982117270837813,0.555976757494888,0.17309738686614318,0.7671086739997119,0.5497310630074392,0.1543623127217505,0.719321177719489,0.5770311492199993,7.8
0.37913059606972066,0.7076743248462634,0.6962906518843678,0.34937103389243007,0.34760743570826996,0.5924856567624778,0.31689390002388484,-0.04597866348375412,0.7972215825463688,0.28046230669710115,-0.10746043578675808,0.6119010635313332,0.35369438752663346,-0.1179260260157174,0.677632342352703,0.28205198225866296,-0.12779078358584206,0.8941626683815893,0.16387330365115244,0.7188182753907626,0.6953071978375321,0.13542063530525295,0.35780846345796535,0.5905616431081041,0.09851332398496482,-0.04859404670568579,0.7619655396323378,0.11751791151347346,-0.11156797462434898,0.5932438255015187,0.05908116262747325,-0.08599132453340923,0.6155985521034661,0.11849027188439902,-0.12524092873996212,0.8676768238465863,0.28752260166649335,1.2314345930063026,0.6674905709128893,0.2979052673306173,1.523102636484577,0.5076313714739678,0.294372259374118,1.3317688916310715,0.4976835253896834,0.44316773577957974,1.2081510345964137,0.6230997779432627,0.6200094779129461,0.9612027161226651,0.6664402023151897,0.49281971309868544,0.8066899120592341,0.5629624921770843,0.3846694763411366,0.8001491134489005,0.583374292853682,0.3910092347389791,0.7947359650226926,0.5245344502491209,0.4011884070671923,0.745863999874835,0.5326608623638421,0.1377023811804539,1.201925791913988,0.6217822517041833,-0.035639026956347665,0.9500498963961733,0.6448550923448135,0.09691452992646324,0.7919962002372596,0.5704120641649733,0.17989568146816431,0.7932265504176876,0.5407125542774978,0.17991283386334656,0.7586256116994016,0.5372490838169006,0.15853515250472047,0.706732342615249,0.5742683517709989,7.816666666666666
0.3797565241505207,0.7125132516592712,0.702252571863153,0.34912312131607603,0.3489214439429414,0.5981580167716447,0.31724065956536185,-0.046068154232928205,0.7960322235762356,0.2804139011007584,-0.10734757852142775,0.6119560657503674,0.35227687583271144,-0.11901585816036377,0.6778841314086754,0.2818129497068235,-0.12791430066653628,0.8928533204267561,0.16367498169354777,0.724509660471798,0.6986094277277491,0.1349190914359662,0.3597131958868057,0.5951105202613733,0.09811761275605782,-0.04740134268513821,0.7600182455431739,0.11896330393828705,-0.1116176164703179,0.5936268167247053,0.05908914360021156,-0.08594304364256697,0.6155153638608278,0.11868644427061031,-0.12483969424666619,0.8651026031794384,0.28750880001236734,1.2381166779064117,0.6681307682520612,0.2963862074443737,1.5270026785927875,0.5109337788404218,0.29315482472887716,1.33793137455501,0.4979352709665321,0.44383567020241377,1.2085263417462802,0.6234778349083651,0.6082735519124762,0.9562362872504704,0.6681695629866649,0.49060050112445014,0.7925491380271009,0.566863553348264,0.38388470836307675,0.7808585354702722,0.5791580323403602,0.38742247569171506,0.7743684065772377,0.5298114002304154,0.3993947941788041,0.7349927226396729,0.532727772817174,0.13667896098949833,1.202567112360238,0.624345057520142,-0.03104477302571615,0.9473689177626566,0.6441251874124998,0.10378227839710896,0.785902811741451,0.5626543620765222,0.18728971596874233,0.7866593792061785,0.5262424118626072,0.18584569475740653,0.7477528627478979,0.5247916565711506,0.16172306440908268,0.6950704471160889,0.569194880165922,7.833333333333333
0.37998556016465806,0.7179821433688264,0.7076622962953224,0.348758057941307,0.3499053693302424,0.605017618491644,0.31757014488720287,-0.04628379851237821,0.7947864252665743,0.2803386551393334,-0.10692390592414051,0.6123041161498759,0.35119525629470816,-0.11975747212923453,0.6776245448995486,0.2816472269604167,-0.1284221977849822,0.8914087522844402,0.1633891700094666,0.73057891094891,0.7011396279810995,0.1341495386265514,0.361565796967362,0.6003806993350522,0.09764053878347204,-0.04621948353911508,0.7581835302099222,0.12064995514519807,-0.11226167659855178,0.5950413814880718,0.05910836825346523,-0.08595919299996999,0.6154567302959516,0.11866323739677884,-0.12448332797113304,0.862731732452099,0.2873090023708109,1.2464327237634265,0.6686353575355697,0.29463866748566403,1.532126731698771,0.5138933224244351,0.29178965408556135,1.346249095468983,0.4982442341096569,0.44444411318336535,1.209395451486405,0.6221915580407201,0.5970490600906686,0.9536731471594464,0.6641022142615525,0.48796761041691483,0.777459902664474,0.569726850695162,0.38261327716612786,0.7620361184875507,0.57464072727085,0.38404340288960914,0.7544887707046427,0.5360628576314461,0.3974826786283166,0.7254732660730856,0.5328395470081572,0.13559303414846402,1.2037694628630868,0.627204862991928,-0.025075484911042466,0.9464855965923626,0.6410942271635435,0.10910273518049518,0.7808732691098419,0.5549938295488759,0.1931731390084486,0.7777488859748222,0.5144882998444394,0.1903174070405299,0.7355229722417042,0.513716706306,0.16376491038773983,0.6853491190459003,0.5620745198908598,7.85
0.37987202158662947,0.7240753443951948,0.7124802631977952,0.34824518279253025,0.3504939438146031,0.6130776200670318,0.3179016662117808,-0.046600299227111855,0.7934498221000026,0.2803047641645489,-0.10634055345496002,0.6128676843318336,0.35077010119175933,-0.1200259288477515,0.6770929057133561,0.28150283827948014,-0.12920376595878183,0.8896563375782741,0.16296167126452746,0.7370243385108528,0.7030085154770964,0.13308772879245453,0.3631354196071018,0.6066717152192524,0.09717900572423317,-0.04505942364818477,0.7566209892249414,0.12240120215913448,-0.1134029109968435,0.5972569276869818,0.05912807756810924,-0.08609526047506842,0.6155149400327677,0.11841292019702068,-0.12416932516004996,0.8606487784891047,0.2869562648165942,1.2558488062433724,0.6690620815878128,0.2928864011651204,1.5382386976008398,0.5163442641123648,0.2903857740201873,1.3563992971009422,0.4986569431381167,0.44482224945812987,1.2107385860343154,0.6198759270032587,0.5872858114309463,0.9539067769983492,0.6550486171164387,0.4849428331356192,0.76284415414948,0.5715277647448646,0.3805232049274321,0.7451010309657721,0.5710443990483323,0.3808118452789431,0.7369663798574598,0.5427588916056316,0.3955099980186063,0.7160621592379319,0.5333260336515443,0.13466067311915936,1.2052768377746874,0.630145336453537,-0.017770189366448925,0.9468720367595931,0.6364884644799961,0.11267807338799922,0.7768500556996265,0.5488268722399949,0.1970765886989992,0.7665821288430333,0.5063854848513278,0.1930814907815597,0.7234349991297633,0.5048677013211311,0.16468894340841383,0.6781567162375683,0.5532441129398317,7.866666666666666
0.3794417848133021,0.7306421574786527,0.7165625264793788,0.347588626276837,0.35089079946157764,0.6221181801938804,0.3182478197014233,-0.046905650395737575,0.7920660614177552,0.28041041856848226,-0.1059728329763036,0.6137302200097533,0.3510750237838649,-0.1198476508199813,0.6765788156038471,0.28135259968314863,-0.1299846700593077,0.8874765374525276,0.16237926701923697,0.743603194949758,0.7044424833860049,0.13185279451743578,0.3642643980066679,0.6141348208202781,0.09680861108097503,-0.0439585649582525,0.7553827808331693,0.12401451350018347,-0.11480498249779078,0.5997878138163931,0.059138078080799295,-0.08633382188525539,0.6157000342261248,0.11799224077350311,-0.12390061193576613,0.8589133709601289,0.28640681139209956,1.265562524069904,0.6692331625685493,0.29137031707311567,1.5449206335938397,0.5185190780682211,0.28888222288782306,1.367475035358606,0.4992919143230941,0.4446792779386931,1.2124125431961934,0.617622725438532,0.5795021051856921,0.956563902942771,0.6431520839942404,0.4818428713754991,0.7505138484697164,0.5725570580899516,0.3777636754721867,0.7313965499421516,0.5691910625239558,0.37763642513910123,0.7235043587587102,0.5493889227788753,0.3937719726742256,0.7062258593437832,0.5339790481105875,0.1339881562899998,1.2069784156350636,0.6324738156823735,-0.009717675664186087,0.9480974461455489,0.6310519406797865,0.11450057430123264,0.7740702418755369,0.5443393253466275,0.1989903699453442,0.7544018328073543,0.5017213789632408,0.19421831201733689,0.7130728869871249,0.4983847377041129,0.16456673719566747,0.6736034244122442,0.5435526010190224,7.883333333333334
0.37867457727722315,0.7375048266716726,0.7194396726046073,0.34679697981917684,0.35128345226635216,0.6318546757505176,0.31861350780329145,-0.047064635795539544,0.7907150568839567,0.28070609816163056,-0.106224786162753,0.6150711148918937,0.3519350866836731,-0.1193364351538098,0.6762325156627275,0.2812192905641256,-0.13059541551532045,0.8849386204842401,0.16166214494867964,0.7499866638408605,0.7055530411777279,0.13057929851344385,0.36506157919127685,0.6225861579589759,0.09658581084434735,-0.04293558184331715,0.754442616686676,0.12529993366950387,-0.11624907304661083,0.6021838292031683,0.059139973105702286,-0.08656674580367506,0.6159191511483911,0.1174841816045224,-0.12358585273615733,0.8574928250845262,0.2855867567578947,1.274778374742888,0.6688336081062208,0.290291519783954,1.551643053100595,0.5209290630483636,0.28714939437194914,1.3781534858840856,0.5001614393939,0.44381262047093617,1.2142353417847322,0.6163150947708063,0.5737602451544951,0.9606128129840488,0.6313607041651734,0.4790985227304565,0.7421687023000597,0.5735495648143063,0.37481224350666,0.7220801338115923,0.5693034734795885,0.37472251115361954,0.715121082217269,0.5550990388975707,0.392607798757989,0.6969371332634244,0.5343534321716795,0.13351885982602513,1.208941615542462,0.6332597586918918,-0.002112038846599069,0.949935299930897,0.6254954625631642,0.11470917441872625,0.7728280152377703,0.5407071558739601,0.19921021173344644,0.7436229426004011,0.4996532868701408,0.19409795823959997,0.7055687845817628,0.4939681797715879,0.1635307691630195,0.6713978164589823,0.5348219467989505,7.9
0.3775211374182086,0.744466198547572,0.7205470357204679,0.3458407207875288,0.3517191212416544,0.64207214878817,0.318992216925286,-0.047046251402589806,0.7894581248711543,0.2811612832984259,-0.10714966068041437,0.616791884395878,0.35297056761383894,-0.11867929010000672,0.6761035695253513,0.2811357003370225,-0.13101802636745885,0.8822419790444692,0.16083149142392542,0.7559705067480491,0.7062333006388073,0.1293145551011602,0.3658469409378048,0.6315851512463321,0.09654256207353559,-0.04195117760558488,0.7537602837026288,0.12617039443431782,-0.11749789010250788,0.6040809278577366,0.05913992785021094,-0.08660714655025264,0.6160345939318518,0.11699470467932367,-0.12307526147410315,0.8562298372531487,0.28449746676397636,1.2828558702937876,0.6675803405992263,0.289752083648582,1.557868782695105,0.5238732465574443,0.28518551154155836,1.3872524020816293,0.5010110812682425,0.4422683298730362,1.2160745088361549,0.6163047820833338,0.56990713259773,0.9649590742080296,0.6222060440166712,0.477036534074583,0.7390460952241672,0.5751455681884741,0.3721905549134823,0.7177150428667939,0.5708070668633025,0.3726708143662317,0.7116566394383101,0.5586299754959478,0.39240235885230546,0.6902914344409797,0.534098218694036,0.1330571836797178,1.2111877574610128,0.6319620446490093,0.0035313510925468654,0.9521497245245455,0.6209054750445882,0.11362244065142216,0.7731556816349995,0.5369398975813763,0.19824284108657284,0.737101540675579,0.49921643469463356,0.19334311673785448,0.7014058823108339,0.49114702408062066,0.1617893016976557,0.670881951875264,0.5294034706832156,7.916666666666667
0.3759507710391402,0.7511827759299653,0.7196702579635662,0.34466868315122257,0.3521819920081115,0.6525583966693177,0.3193661553391906,-0.04695981107933296,0.7883305224519532,0.2817066783800669,-0.10841314815721069,0.6183626318781801,0.35372063904771095,-0.11812994981434193,0.676224136047073,0.28112678603942665,-0.13126231481258027,0.8795682913681169,0.15990678626235935,0.7613677145241675,0.706263947570992,0.12802101958487722,0.366859140488825,0.6407084146365315,0.09665603881733985,-0.04094930141853864,0.7533186666517327,0.12668309442818984,-0.11823395563848677,0.6052147525347968,0.059136490543392345,-0.08633171927148721,0.6159691256140535,0.11660836526119794,-0.12229298372984562,0.8549693751505949,0.2832104855052971,1.2893567308876106,0.6653967282190754,0.2896707978879372,1.5632025049909601,0.527075740124264,0.2831700995677395,1.3943041631052182,0.5014306762191029,0.4402507165551891,1.217922717294483,0.617543068994675,0.5677735348170004,0.9689657499508102,0.6168871953607499,0.47577379567740496,0.7414702398744002,0.5773052739919468,0.3702579939669888,0.7177532264026293,0.5726549775088328,0.37220405691502156,0.7120765487111189,0.558918772174849,0.3935629889720972,0.6881930303612325,0.5330289401837736,0.13239855908836154,1.2136175508624123,0.628830416110012,0.006020887330401136,0.9544430729910944,0.6185717680729074,0.11171007767209049,0.7748149235289113,0.5324405916208217,0.19668042739383063,0.7367025198087475,0.49954220676507416,0.19252632778034673,0.7007088388700549,0.4895779077345096,0.1595949401690689,0.6712800091858345,0.5288195793654465,7.933333333333334
0.37396056290192203,0.757293594940236,0.7171473543946563,0.3432671208776243,0.35264949171733756,0.663045992017625,0.3197339652397653,-0.04695488807102913,0.787373979586202,0.2822903306282723,-0.10958474821677155,0.6191843068405747,0.353888403429945,-0.11778013824110976,0.6764251492272018,0.2812332534385042,-0.13136081653437282,0.8770308086054692,0.15891975298293934,0.7659081263349701,0.705508527191619,0.1266333200124067,0.36806713034494876,0.6497315422688014,0.09685134359742074,-0.03992317552870686,0.7531107537773022,0.12696431910512768,-0.11820219885597602,0.6055111182189578,0.05911356970520325,-0.08589266315576793,0.6158850768524287,0.11632352332165817,-0.12129508943331557,0.8536999776921715,0.2817613999296282,1.2942753686770285,0.6626454070361164,0.28976230058831104,1.5675878558269818,0.5299552286773066,0.2813367249910605,1.3998104430242584,0.5011360443132105,0.4379606315193827,1.2199476497416486,0.6196806982937398,0.5670999608724723,0.9725792445133687,0.6151802065484222,0.47527049370564756,0.7486273351065035,0.5793227495694282,0.3691739287736311,0.7207475855256356,0.5742330785244711,0.3736513532671345,0.7153534035390225,0.5558180804674897,0.39617245917682553,0.6912809505266866,0.5311810919176747,0.1314927521660612,1.216248884294941,0.6246255845959012,0.004968945153467278,0.9567415991167254,0.6193387736737852,0.10936937033082182,0.7775265952036454,0.527359146730544,0.19475373438914273,0.742229214395209,0.5003798834786735,0.19156045159387147,0.7033838824088499,0.48976843482978105,0.1572487643672964,0.6722559266981757,0.5328240273736927,7.95
0.3715717361974072,0.7626484542938644,0.7137204883443493,0.3416969075313988,0.35309534974713197,0.6732807882095434,0.32012637211103867,-0.04712463785717161,0.786651295785354,0.28290159432350437,-0.11029777534518304,0.6189627024178095,0.3535331261929556,-0.11731784009302951,0.6761073910369121,0.2815024309528388,-0.13142511422544825,0.8746919195143343,0.1579161607476134,0.7694523369409725,0.7040281579501346,0.1251236557662441,0.36926662101458135,0.6585680404758224,0.09705809258039434,-0.038934538946784045,0.753137750212385,0.12703125438705842,-0.11747889930754138,0.6051799797729234,0.05904468979403515,-0.08568244852499156,0.6162046545788862,0.11607801891745516,-0.12021756879054091,0.8525287689821527,0.2801339593139419,1.2982374549605822,0.6600856123106615,0.28958818500706757,1.5714238128883598,0.532357392244192,0.27979053305559504,1.4049978096975835,0.5002587184383045,0.43554778148221224,1.222495217413924,0.622052681619025,0.5673780590374067,0.9761316190248972,0.6159811284340727,0.475526315782821,0.759096864378146,0.5801299692188026,0.36907225701680024,0.7253784285343738,0.5755545159318463,0.37659462419644124,0.7207931449000133,0.5502905429220732,0.3997229849729755,0.6987370916656396,0.5289402339040468,0.13046018603762963,1.2193591158737949,0.6201445945483608,0.0008300052678849462,0.959501435751031,0.6231265248214948,0.10669725777994679,0.7811179856180676,0.5227073699314372,0.1920967204085901,0.751669607200819,0.502530399937641,0.1896360028914551,0.7089630677869334,0.4931022728375344,0.15497347487831603,0.6741448878938447,0.5399055175202101,7.966666666666667
0.36887010220259736,0.7672596465427446,0.7100783483809865,0.34006729512618605,0.3535068866382402,0.6830821609059289,0.32057732422605706,-0.04746806946652117,0.7862196679064551,0.28354064948665236,-0.11027976022941682,0.6177154237282164,0.3530082906102994,-0.11626083961737861,0.6745306881768681,0.2819437318497557,-0.13158327879438983,0.8725871044134378,0.15694060688549433,0.7721508167003837,0.7020711540607364,0.12352493258842459,0.3702615407605892,0.6671523825089773,0.09725097188534909,-0.038097864334973724,0.7534319065128654,0.12673603878601739,-0.11646992327322025,0.6046133470355234,0.058914396669992194,-0.08604067582698376,0.6173065791726529,0.11582654477277608,-0.1192213111839394,0.8515675179466495,0.27838043067392043,1.3021856731120187,0.6584406568989625,0.28871788392121533,1.5753064429576569,0.5349287063392573,0.278468915820576,1.4110814387340698,0.4993657059947646,0.433174530839768,1.2259542293841579,0.6238632802034528,0.5680011245764007,0.9800108460852583,0.6181019637080021,0.4765887895972074,0.7714581961332374,0.5787743617381026,0.3701179057396884,0.731051817713793,0.5765953412265463,0.38015582322412617,0.7276980941105591,0.5438262041765451,0.403306865021409,0.7087387837797917,0.5269134289502082,0.1293663937959429,1.2232276448497923,0.616115999376548,-0.005372092979999132,0.963588350642487,0.6289417963159332,0.10348131353143339,0.7854725515572099,0.5200717314340186,0.18816118404269333,0.7623882282773747,0.5072316052654319,0.18598835083327608,0.716686092235607,0.5005772978453552,0.1527105528992627,0.6775850549070745,0.5483105514849,7.983333333333333
0.3660171530803102,0.7711249296417113,0.7064483188408576,0.33847321568702776,0.3538811205604287,0.6923428361498151,0.3211014648290122,-0.047869609334672325,0.7860755112279101,0.28413791996070437,-0.10946059846490136,0.6156320650696332,0.3527326620841278,-0.11441674218977499,0.6714792102768037,0.28251739138314896,-0.13183477908228025,0.8707639941697981,0.15599759686989983,0.7742905240413843,0.6998698849543269,0.12189617842592937,0.3709170168646976,0.6754177574294399,0.09744019963594237,-0.03754317310083646,0.7540524622372927,0.12597748653921775,-0.11568365681612382,0.6042013385823483,0.058730378015192305,-0.08706610781876321,0.6192666519417237,0.11557718938860814,-0.11845106834950658,0.8508989398354975,0.2766618552956821,1.3067875861797331,0.6580752432215238,0.2869956570335711,1.579523426479894,0.5386643852277424,0.2772691991537605,1.4185532007061663,0.49909338393687286,0.43109006134305905,1.2304705452473415,0.6245632973799399,0.5685974230698265,0.9844592163190989,0.620757168304733,0.47828412323290287,0.7843166110973919,0.5750286439620138,0.372263090795857,0.737491414389676,0.5771501110915901,0.38353944723521766,0.7350858652825345,0.5377502962208461,0.4060383684504516,0.7190932722420568,0.5256173110806361,0.12801953066863347,1.227787215170027,0.6132062173971238,-0.012450367799719152,0.9696542709481385,0.6354663341625028,0.09933802163067451,0.790495123344151,0.5210657908462563,0.18270725644809405,0.7721047360040989,0.5151146824378491,0.18049568180928793,0.725743621029417,0.5119530082710015,0.15010627990303688,0.6831736477034693,0.5564238693877991,8.0
0.363201424768669,0.7741830065131757,0.7027091414507746,0.33697134275622104,0.3541731631714745,0.7010237492277458,0.3217042310222233,-0.048134233405003224,0.7860899606523023,0.28451991994506676,-0.10806861084039728,0.613052725603099,0.3529754080112737,-0.11199149754766358,0.6675159103405932,0.28317141863537504,-0.13201931620350815,0.869293759256685,0.15504572751223752,0.7760783964344389,0.6973833043180897,0.12027468503530572,0.3711335577336936,0.6833077207573083,0.09764639618755432,-0.037358560656713405,0.755043838667825,0.12485860914811509,-0.11554094036517239,0.6042613619834204,0.05850934589763021,-0.08864771584273416,0.6218961736609682,0.11538020058455344,-0.11795585752430024,0.8506157087046621,0.27509491619780196,1.3121332105312244,0.6590006884396882,0.28463554234177657,1.5839016838158322,0.544232571898081,0.27615401285667723,1.4270608159819396,0.4997546011817001,0.42953024479418284,1.235768002978615,0.624087828168547,0.5690864514626498,0.9895217533313143,0.6235378644583052,0.48018454744908956,0.7962370689156822,0.5696766303328091,0.3751550343860009,0.7441670607109404,0.5772904832144657,0.38613896430195205,0.7417371972410837,0.5332308637668567,0.407392591950236,0.7277986149297735,0.5253619901490865,0.12606881206834095,1.2325940454468558,0.6118818905683543,-0.019399332760171892,0.9775874253679602,0.6416954534187992,0.09390400198255641,0.7962070325803257,0.5264812753993682,0.17594208695272318,0.7791979803468072,0.5258555291369474,0.17359055825792186,0.7352859217935306,0.5260792142641992,0.1466317610441597,0.6913417794349725,0.5628003260942658,8.016666666666667
0.36061950750940436,0.776455473133867,0.698763742014556,0.33558532233973176,0.3542899527080142,0.7091155186024537,0.3223794048133751,-0.04812856784373487,0.7860465321222078,0.2845030422000552,-0.10657150507785043,0.6105329265758312,0.35373302957797753,-0.1093519679357874,0.6635332628730412,0.28386511075547916,-0.1319900082810965,0.8682146443159068,0.15407354084856256,0.7776353240557526,0.6943726628458963,0.11865793913459394,0.37087122444146564,0.6908058700556028,0.09788294911128166,-0.0375428936324093,0.756381797577082,0.123568767548352,-0.11614198140654514,0.6048469935598718,0.058264496983887956,-0.09054584239592331,0.6248523885287384,0.11527788346615185,-0.11765731905198848,0.8507935172802182,0.2736269059408446,1.3178348645893132,0.6608915283695767,0.28201668569668187,1.588106777939913,0.5519248484535921,0.27511214596391154,1.4358264692283718,0.5012464821509104,0.4285405272806414,1.2412835133050086,0.6228014310248715,0.569466015059956,0.9949961184361402,0.6261490273699353,0.481941997980281,0.8060495877810213,0.5642015793764215,0.37837961928879993,0.7502994917778606,0.577355473720911,0.3874766155427184,0.7465812935224329,0.5313472085528322,0.407367590300423,0.7335336548432205,0.5262731248646221,0.1232769297512539,1.237102977973225,0.6122272899952101,-0.025545067266816445,0.9865940844692564,0.6469680150621591,0.08707047532015788,0.802731283020085,0.5355485246933668,0.16844116259497266,0.7828211379339756,0.538454420515911,0.16597661393265126,0.7443622108003124,0.5413440434527608,0.1416360965684681,0.7020068137116845,0.5665232015411148,8.033333333333333
0.358457310144523,0.778170644504098,0.694659777663515,0.334300840765807,0.35416519303803956,0.7165631230261964,0.3230829390176311,-0.04792366965168866,0.7858383328021264,0.28402781345579053,-0.10547353196751785,0.6087791631450611,0.354722798064949,-0.10680027353997064,0.6601715225768614,0.2845570203665549,-0.13177156243912116,0.867498683116519,0.15314050589351502,0.7790713109828693,0.6907580642603454,0.11705133088492484,0.3702153180876276,0.6979421732411961,0.09814592601510311,-0.03796781031827942,0.7579182101908128,0.12227303104765923,-0.117213353406139,0.6056319740653774,0.05801382482853916,-0.09244358610860184,0.627694428645209,0.11525821727407275,-0.11742534993099737,0.8513694755501049,0.272148654830886,1.323383087570186,0.6630850808555193,0.2794777775346664,1.5918648633951782,0.5620422281847475,0.27410274719967764,1.4441112194902344,0.5032126144553521,0.42799833614594207,1.2464172890673617,0.621196846933382,0.5696300443825495,1.0003948761356978,0.6281380548276948,0.48342105155725806,0.8131716904675318,0.560074750065074,0.38156374429414097,0.7551425420714232,0.5776150543494762,0.3874420219366091,0.7492008417296636,0.5323864409566297,0.40642818189896956,0.7360648707482594,0.5281750200334632,0.11967684677010992,1.240984369944246,0.6137683017218218,-0.030602777891324637,0.9956606800287842,0.6507588084338571,0.07916760818319603,0.8100539883836969,0.5461632982788384,0.16097987832915817,0.7831711293780858,0.5515751797057062,0.15850775427415514,0.752059541983558,0.5558357095494584,0.1344337299631545,0.7141593330134154,0.5677145107675716,8.05
0.3568061935881652,0.7796344390724874,0.6905078403233822,0.3331045244112867,0.35381430538109787,0.7232426343221907,0.3237334239886148,-0.04771284083775107,0.7855656086670183,0.28318685415921896,-0.10502092723903708,0.6082953367444459,0.35551341118092084,-0.10461201292690869,0.6576971701999299,0.2852002472260356,-0.13148177197286257,0.8671230661974697,0.15230589459651786,0.7804146529031415,0.6867795363691462,0.11552787238935776,0.36940301007796894,0.704660917760863,0.09841040249215981,-0.03837855000405746,0.7593932260382452,0.12113604765503758,-0.11850303186722415,0.6064090097424147,0.05778668930261444,-0.093987224742761,0.629975401286981,0.11526530899750018,-0.1171380477198317,0.8520875274867664,0.27069165027232434,1.32851232682161,0.6648248587904018,0.2772636965738052,1.5949206767762258,0.5748695501281137,0.2731021698365636,1.4513931994786424,0.5052958741138989,0.4277432271674335,1.2506437233793124,0.6196345045408876,0.5694037435607899,1.0050288833662748,0.6289118679315516,0.4844972358670737,0.8175698600726302,0.5581212542087621,0.3842365022223721,0.7581556010764147,0.5782574244051256,0.3864444605172962,0.7498770128588514,0.5353465497055484,0.40526849462961506,0.736272158701929,0.5304831762292946,0.11547584014161011,1.244163641059394,0.615734929224938,-0.03465566535139415,1.0038535397727464,0.652905878830267,0.07091361335133514,0.817754872763269,0.5560485592549376,0.1542553720350468,0.7815015755762877,0.5637678838447698,0.151985224081024,0.7578069438534597,0.5676436495929282,0.12465197408273446,0.7259293541763806,0.5675282090044101,8.066666666666666
0.35563181099217334,0.7810608092766758,0.686373864409015,0.332053607668716,0.353317884875852,0.7290280117773953,0.3242549045461534,-0.04756946632157495,0.7853919847160239,0.28213974849672774,-0.10505538062632051,0.609000120913661,0.3557690164403512,-0.103216351764257,0.6563335446603918,0.28575543057873654,-0.13117558539469495,0.8671399317125392,0.15158557529820557,0.7816058284276537,0.6828128476821486,0.11419391081540768,0.3687605942903809,0.7107027896610115,0.09864359639522882,-0.038507917709273365,0.7605851462355677,0.12027742451598655,-0.12008663985921668,0.6076048389956628,0.05761064121108038,-0.0948779620304616,0.6313658197068556,0.11524813395480223,-0.11670006148134153,0.8526523655681262,0.26942388362647574,1.3332055835480243,0.665611475508129,0.27543908458306815,1.597015414115497,0.5900640926902065,0.27211536381967627,1.4573235418048378,0.5073439112917267,0.4276076591158986,1.2535381789262936,0.6184099715101404,0.5687372490401288,1.0082428268996935,0.6281014292567104,0.484979139485858,0.8195135771604833,0.558342213458444,0.38588812140799383,0.7591992878517764,0.5792806803092962,0.38506581437236653,0.7491172943089919,0.5387183207513234,0.40447298417437105,0.735526407312918,0.5324592583197442,0.11089685250939527,1.24658034795723,0.617782225867922,-0.037911901130638685,1.0104313570876424,0.6537810573075088,0.06308352953589713,0.8248440678445854,0.563854780466637,0.14847924604781387,0.7793958533726705,0.5737253507682435,0.14656237558501345,0.7616309423790408,0.5754294068224843,0.11266176776389447,0.7351662521640562,0.5674395444152299,8.083333333333334
0.35485975990704693,0.782578234648988,0.6822264069052044,0.3312621375970342,0.3527787533631014,0.7339008815088441,0.32461636991722215,-0.04742886938576524,0.7854395626099635,0.28103951027414054,-0.10525688790869221,0.6103609175670576,0.35544099391500805,-0.10304659122306584,0.6562868845646548,0.2862092150686135,-0.1308510899230581,0.8676249231520612,0.151004087956697,0.7827084146404755,0.679134276245245,0.11310975331326138,0.3685498170919028,0.7157601027818832,0.09883394205157847,-0.03822577360183321,0.761449944729944,0.11967357207909998,-0.12210616091070968,0.6099138449659373,0.0574950043192496,-0.09506311429984016,0.6317956819091691,0.11519126455135141,-0.11607573424093398,0.8529465134850541,0.2684440790580658,1.3373775940974633,0.665371357981544,0.2738106442303892,1.598005329874488,0.6062423165854152,0.27111762453374705,1.4617323035303622,0.5093575003964712,0.4273923859705112,1.2548265470305686,0.6178621909001706,0.5677566928658897,1.0097015132775375,0.6257842662678075,0.4847735884187722,0.8193928422839643,0.5601183688433093,0.3862895359377327,0.75854860643586,0.5801516403268645,0.38368684419824883,0.7473049700621595,0.5415503284102146,0.4042186779306166,0.7348652351936396,0.5335498307527163,0.10618309393857644,1.2481105413374367,0.6201798212506563,-0.040448403228346905,1.0149881674970727,0.6538992923716742,0.056196216511788966,0.8298797732173794,0.5693700309908062,0.14317495079733558,0.7778055460021125,0.5806514233037764,0.141264259103698,0.7639542402854538,0.5789092918698548,0.09968004125294358,0.7402189824098901,0.5683075517593961,8.1
0.35446070918257555,0.784248304662021,0.6780213832792892,0.33080845808765813,0.352278340824222,0.7379981419729955,0.32484029938263553,-0.04727281035868716,0.7858023607847175,0.2800380882337554,-0.10543229000149433,0.6119123181708397,0.3547398067236883,-0.10411126790262953,0.6572599760258832,0.2865883507227305,-0.13054411035528488,0.8685600663669809,0.15063128351245594,0.7839756513381463,0.67585875985025,0.11227467516840059,0.3688126820953683,0.719761922790456,0.09900748194562536,-0.03757817252330564,0.7620756007652385,0.11916743243876249,-0.12442913893119528,0.6135441652147182,0.05742614741429669,-0.09482876460039578,0.6315677396041575,0.11510035636259978,-0.11529568282851084,0.853048398285199,0.26763887343279835,1.3407256543786958,0.6644879302335642,0.2720530341574111,1.5980039942559614,0.6214961228935707,0.27009516147734053,1.4647206433274613,0.5112562735880077,0.42685671806369685,1.2544374166512013,0.6183515991827704,0.5665691665223734,1.009538722136205,0.6223255127255856,0.48404213370343585,0.8176793359923233,0.5624040867354156,0.3856690662047234,0.7565557563852077,0.5799811054747788,0.3824985157342943,0.7447852152630463,0.54351351541352,0.4042739273145466,0.7346852801974796,0.5333889445840964,0.10162185059115739,1.248730417629175,0.623348579253584,-0.04222040460714113,1.0175861530203174,0.6535718959807024,0.05045289781533485,0.8314811922277738,0.5729063115155502,0.13759787844810498,0.7768181039800351,0.5845903756560401,0.13454615868080644,0.764831464056251,0.5787647147230813,0.08734085598194744,0.7403689223825272,0.5700209672103342,8.116666666666667
0.3544602104014288,0.7860878426146359,0.6738114015575103,0.3306758011184442,0.3518697881540505,0.7415019886782708,0.32498742875230274,-0.047131622648904234,0.7864592855706115,0.27932344731931985,-0.10549900759071315,0.6134017203273214,0.3539807165928799,-0.10594762019692783,0.6585213444054235,0.28693612215438397,-0.13031038935047543,0.8697535363485615,0.15055068317427622,0.7856432857390149,0.6729697352530226,0.11166670478759119,0.3693735314264388,0.7229318585871736,0.09920548475877897,-0.036696708014956544,0.7625376908627013,0.11855719938353121,-0.12678179804722362,0.6180733893315428,0.057380562500956564,-0.09456843617349764,0.6311920912885935,0.11497725164324332,-0.11443243990366292,0.8530798822841877,0.2667732524120334,1.3429335443681532,0.6636828096478585,0.2699388028823144,1.5973829084739195,0.6343909272600483,0.26906543472913763,1.4665776186888644,0.5129271427048152,0.4257086120991356,1.2525209875309544,0.6203155732414614,0.565039837888226,1.0082107243757852,0.6182096009739503,0.48317524516852267,0.8147920487827802,0.5640251196580099,0.3844299997601965,0.7534557747449679,0.5781967715662432,0.38156918103040494,0.7420159686985228,0.5443883818056041,0.4042680361042792,0.7348253072353348,0.5317326894472175,0.09744654377862547,1.2485628668968811,0.6275403627550751,-0.04322132628906414,1.018671707273245,0.6529961445122988,0.045753432864899884,0.8288627366761373,0.5746828335840874,0.1314448444337628,0.7760750193259239,0.5863004760331876,0.12556908019053825,0.7634593209806017,0.576021129001836,0.07694568460757435,0.735584060901068,0.5720062600554541,8.133333333333333
0.3548841578443688,0.7881610017086316,0.6697631649468975,0.33077642922829936,0.3516230482991819,0.7444940742530375,0.32512634109006744,-0.04694917452798368,0.7871838525523666,0.27910475835612014,-0.10540267636592628,0.6144819222747421,0.35349096284853426,-0.10800659997833527,0.6595787711056206,0.2872630761531285,-0.13012976264005285,0.8708829530767614,0.1507978824373187,0.7878236237916036,0.6703757224683152,0.11126672980979999,0.37002152341764916,0.7255846137414815,0.09942667091960693,-0.03565702978431326,0.7628019116612035,0.1177218623698886,-0.12905794796183587,0.6228832397582083,0.057350118554593016,-0.09446758495786643,0.6309943407525691,0.11482169645653961,-0.11356728611883657,0.8530877014306285,0.26569096524084423,1.343974160923452,0.6636480255841055,0.26750801039929456,1.5965473429920995,0.6443945395869419,0.2679072775511606,1.4675399228766082,0.5145157778183567,0.42367093556625707,1.2494353340086273,0.624071495433149,0.5627652315807452,1.006133449376225,0.6142706206800022,0.48249544127996236,0.8107530496236639,0.5643892784261093,0.382688352822026,0.7494516784712965,0.5749940827265991,0.38082281940082363,0.7393764911266348,0.5439904012712142,0.4039572187139527,0.734628983847297,0.5285774654450937,0.09372950387432463,1.2477820449936665,0.632733444769004,-0.04359008225133368,1.018654468857789,0.6524803769087824,0.04170117938655034,0.8220751176225416,0.5748741052737047,0.12504908476034468,0.774921933131724,0.5865822216378865,0.11479181522035793,0.7586653910366281,0.5716325792760567,0.06896155454238133,0.72631127903437,0.5738281961633691,8.15
0.35568191095154844,0.790563768718007,0.6661074501295747,0.3310284533839905,0.35162835828033345,0.7469802977666492,0.32529625069087054,-0.04662196464975954,0.7877105614142842,0.2794921051137159,-0.10513390283754522,0.6146394794629978,0.35354268184011534,-0.10991282976351037,0.6603694102927138,0.2875404476255448,-0.1299196578356016,0.871697659208799,0.15132769754887548,0.790532235528728,0.6680261570966096,0.11106496646971387,0.3706933983399723,0.7279038077836084,0.09959884985221058,-0.03443615203336382,0.7627413962754813,0.11673164925885554,-0.1313420716677697,0.6275138425458829,0.05734919089086478,-0.09446660094519632,0.6309690144814881,0.11463986206884488,-0.11274036955088232,0.8530447940194958,0.26439185393881626,1.3441551470024216,0.6647010348177496,0.26509256304175016,1.5957149633696777,0.6515577526966378,0.2663310574076011,1.4676812723198325,0.5163965100368682,0.42067132842303717,1.245690962584757,0.6293334420164653,0.5592919251310638,1.003451554299605,0.6119687168334489,0.48189799178232406,0.805161633316134,0.5638865707340768,0.38025448054008687,0.7447436800073599,0.5712578730432827,0.3800706348759992,0.736748491518679,0.5427145544767003,0.40333566750069844,0.7331286772635227,0.5242026478693953,0.09040156871525007,1.246559913416436,0.6385375749685855,-0.043543204235733074,1.0174061173072875,0.6524606435030883,0.03773876614961412,0.8120354649421757,0.5739323609315653,0.11892730254804465,0.772117325849867,0.585875578551712,0.10338722108908557,0.7498071393537645,0.5666345112929836,0.06307416646243126,0.7138372530496285,0.5752553503931699,8.166666666666666
0.3567177553386243,0.7933313057206486,0.6630313770076866,0.33140657309952587,0.3519488658416585,0.7489610163915834,0.3254859665950861,-0.04614502017291973,0.7879770830046093,0.28037977867229424,-0.10471834602528796,0.6135454271779484,0.3542558855503061,-0.11142182615285762,0.6609513022266067,0.28774136640472375,-0.12964146936351878,0.872173823776017,0.1520463982455701,0.7936386758393054,0.6659693616702598,0.11108768727332158,0.37148876362371935,0.7298641613259441,0.09963724832210501,-0.03301284330767268,0.7622774673906956,0.11578600236540151,-0.13364539320782418,0.6316270696851192,0.057392850024386835,-0.0944346932475288,0.6309699639920584,0.11443926402414112,-0.11194389941043414,0.8529261939414103,0.2629373829033754,1.34380561333202,0.6667442813150324,0.2631086130731781,1.5949672972619815,0.6561046308109432,0.26415513448022065,1.4670056880881692,0.5188533157971937,0.4169758435618848,1.2418411651170917,0.6351882325898772,0.5543497737929934,1.0001552704164638,0.6129239079780463,0.48088856660126955,0.7976839595315901,0.5634763399084659,0.3770342664681884,0.7395157458682267,0.5679336518301532,0.37903112211165924,0.7333097026276375,0.5418863727301578,0.40257774883058817,0.7294120444522176,0.5190170409987912,0.08742103757367473,1.2450466828785718,0.6442843343338313,-0.04315346303817166,1.0142404019786277,0.6531857790848508,0.03339919379706073,0.8002813677306847,0.5724954483825057,0.11328151767818778,0.766055709304767,0.5844237017434354,0.09238167930357963,0.7372237352079053,0.5621794025744863,0.058520736358678146,0.7002766856160241,0.5761291531027712,8.183333333333334
0.3578455849718894,0.7964625575555893,0.6605505510054881,0.33192101269352464,0.35257252074896656,0.7504188888042443,0.32565220536180617,-0.04562186940972253,0.7881017207631708,0.2815152483089308,-0.10416362801813048,0.6112703449265982,0.3555576644872906,-0.11231896713351906,0.6612866962497972,0.2878668007017732,-0.12934922887707398,0.8724257151040457,0.15286101250445558,0.7969482638149238,0.6642348066694916,0.11136127226722664,0.372495156562596,0.731346563739709,0.09952233199997086,-0.031442731369767954,0.7615037986172017,0.11504507361580371,-0.13565970966153063,0.6347567396943061,0.05747550603886784,-0.09430172447393655,0.6309024757132652,0.11422173891949654,-0.11117270789993788,0.8527370198120655,0.26135953074332785,1.343032678472229,0.6694107764824642,0.2617549725791892,1.594406131585431,0.6583616376509052,0.2614720367479195,1.4656553712740799,0.5219623615085589,0.4131036944286487,1.2383859032575053,0.6405553274837978,0.5478628791626817,0.9963336046262901,0.6178989588844798,0.47896905714812477,0.7885387129108854,0.5640961180436497,0.3732169468711887,0.7340158263623762,0.5652333466224703,0.3773596488581104,0.7279492182819423,0.5430198905988886,0.4019313273533347,0.7229448292028137,0.5135521767914811,0.08494194841163095,1.2433716804360126,0.6492594074473442,-0.04225334260124386,1.0085038052179156,0.6544615339931121,0.02855332295172202,0.7884572093521472,0.5710673479519036,0.10791670572837966,0.7557871370073316,0.5823587858937306,0.0824217617124162,0.7220635867250553,0.559158001320528,0.0543101187002326,0.6875807339605293,0.5764565328100913,8.2
0.3589652050578276,0.7999322219728767,0.6584934203057283,0.3325576917141042,0.35334035987463364,0.751381166135555,0.325755058820086,-0.045159109657725904,0.7881873102374163,0.2826918517741428,-0.10344478392722353,0.6081710863417714,0.3572098960545799,-0.11247410558981459,0.6612597901747249,0.2879237168221347,-0.12914104907116408,0.8725381540669316,0.15369103635194573,0.8003963630381976,0.6626778542549763,0.1117981029226502,0.3735874184890946,0.7323564270466806,0.0993125671053792,-0.029822306365809542,0.7606530871729164,0.11458707665244383,-0.13695960116040695,0.63642559178445,0.05757456579058755,-0.09407501648458517,0.6307593446733681,0.11398367901591719,-0.11041888353678866,0.8524564253006591,0.25970478599884694,1.3419147267778788,0.6722093052463801,0.26093871986336825,1.5941234075305828,0.6588595436857656,0.25853521451138894,1.4640397533278442,0.5257098601237425,0.40957897447629943,1.2357000175138482,0.6446374652255658,0.5399506957440109,0.9922455151644681,0.6262993586120326,0.4758893905445558,0.7786711883217443,0.5662189220224926,0.36898424779064026,0.7285859836311472,0.5625720479643046,0.3747632267837474,0.7202247444437688,0.5465155995059863,0.4016188554366654,0.7138323761637823,0.5087317522679541,0.0832315646481763,1.2416919859106659,0.6528923249108707,-0.04061520701640761,1.0002306225746083,0.6558537840395929,0.02349996331753253,0.7778994449764122,0.5699420783110779,0.10246050804333746,0.7417182201434311,0.5797869007664278,0.07396089913824885,0.7058530134693026,0.5580370285087064,0.04942384373449222,0.6766364885430753,0.5764849395806615,8.216666666666667
0.3600273091094813,0.8035966142684244,0.6566856984401096,0.33323289764922026,0.35399447800430145,0.7519695209971222,0.32577156663041085,-0.044802353754239105,0.7882433701468312,0.28382460591965664,-0.1025415795489579,0.6047617147544045,0.3588612271152347,-0.11202929889042999,0.6609249327390261,0.28788883048313746,-0.1290724399912721,0.8725272498381256,0.15446935688141739,0.803981773696308,0.6611152287449973,0.11222551979682541,0.37443870223885756,0.7331058818383169,0.09910675358387816,-0.02823639387634412,0.7599504823791938,0.1144383267562985,-0.13752676629237023,0.6367523318769607,0.05766803627582061,-0.09380555470359025,0.630578882315436,0.11372617721857932,-0.10962870489015958,0.8520343374903067,0.25810843360571684,1.3407677647973832,0.6746518451081085,0.2604597185013044,1.5940785494657816,0.6583439260432954,0.2556038858838574,1.462669449445921,0.5300827670948852,0.40670050524973766,1.2339314801032044,0.6472729588842444,0.5311430943593298,0.9882015689426682,0.636646325489841,0.4716673780467065,0.7695119471506402,0.5696223654064496,0.36423018904179694,0.7236100135549614,0.5592912199630644,0.3710952975860563,0.7109670870825837,0.5513155582517559,0.40165549865647265,0.702998272458711,0.5058972399980128,0.08230725714238273,1.2401893545451101,0.6550866075326146,-0.038192503552881785,0.9902964525667916,0.6570126726711558,0.018748496441818176,0.7694367901884231,0.569394155248455,0.09656027547714581,0.7254185664201928,0.5769672025909851,0.06710346084056043,0.6902373268323777,0.5589598655814081,0.04329796044977123,0.667413538462765,0.576449935090286,8.233333333333333
0.36101234710964747,0.8071885881328069,0.6551491697722898,0.33382491683524895,0.354437758956672,0.7522510386721587,0.32569001001832054,-0.044534099698572485,0.7882548919496607,0.2848654246026524,-0.10148589709695925,0.6016199908097704,0.3601376741689577,-0.11140195011892656,0.6606295476822396,0.2877184185542845,-0.12911425757761683,0.872392876531347,0.1551464250384047,0.807565598459428,0.6596677675318139,0.11257611023413797,0.3747620434967083,0.7338550269374892,0.09899186135611432,-0.0267432776257044,0.7594937171323847,0.11452854177328954,-0.1378354414538344,0.6365924092617009,0.05774399891330506,-0.09355801845737181,0.6304057299621213,0.1134672612640935,-0.10874702849351817,0.8514905845804506,0.2567434819642223,1.339991653544585,0.6763684990340186,0.2601292279963905,1.5941287096456989,0.6576052896671006,0.25282961735348347,1.4618308858195292,0.53506819753893,0.4045234792628678,1.232960973107988,0.6489423235326328,0.5224446742761126,0.9844918759580534,0.6473212118321393,0.46654144007981935,0.7624113773198581,0.5734129146234261,0.35878757131520234,0.7195799181822304,0.5550199211405163,0.3663884742010128,0.7018374274857639,0.5558073836536759,0.40164670507970945,0.6920525451619304,0.5061269436540577,0.08176230931785203,1.239004349124623,0.6564207076231636,-0.035194011190410546,0.9800260623361412,0.6577921004004896,0.014663005547191958,0.7632697148886338,0.5697589854974262,0.09005058658391882,0.7090371474920377,0.5739919210681613,0.061261686621400434,0.6768512207130902,0.5615348024445598,0.0362028895503603,0.6596507537094898,0.5763225736664207,8.25
0.36187552066301254,0.8104437248723011,0.6539903403698784,0.33425409022812475,0.3548522170667995,0.7521312325796378,0.325507259614931,-0.04427023307101931,0.7882337394038219,0.2857263718713298,-0.10039385329336567,0.5992378993580532,0.36073946763601067,-0.11089987692665015,0.6605210909891064,0.2874036971763084,-0.1291778190821649,0.8721587404676445,0.15565998044575552,0.8108921683668624,0.6586951560565683,0.11294072723645429,0.3745713529601667,0.7346698934402806,0.09900715261288623,-0.025374688124776376,0.7592468050310626,0.11468896947513901,-0.13829005687116672,0.6367365147434955,0.05780016952587483,-0.09338598310289577,0.6302725581484665,0.11323223353661101,-0.10777095667938633,0.8509393698311992,0.25568951548161156,1.339681717702012,0.6771855619875046,0.25972457050865294,1.594165428044598,0.6571572910785786,0.25018645529672023,1.461450253611338,0.540589229856317,0.40300451567928997,1.232506847561695,0.6502649293398259,0.5149297426709198,0.9814488676199081,0.6568167991584946,0.46089388201636833,0.758237340928241,0.5761919768414154,0.3528576036473281,0.7170994771567041,0.5494473544140664,0.36089811502455005,0.6944266905761293,0.5587998986822313,0.4008131408496599,0.6829653858701172,0.5091777384099494,0.08106476891737696,1.238235679008843,0.6576860652929944,-0.0319751630315072,0.9706592605681309,0.6583358379667222,0.011323980689369937,0.7590643332002327,0.5710883417794118,0.08323468024461766,0.6947655824851974,0.5703093367670337,0.055601452235495695,0.6670077592599317,0.5642937226882638,0.028989288181396906,0.6532032403077919,0.5759297759049645,8.266666666666667
0.36250400823871154,0.8132333195104231,0.6530798690819252,0.3344907878591333,0.3554564025426995,0.7515064023095877,0.32523378054412666,-0.04389742469741009,0.7881922324243661,0.2863027006121242,-0.0994411199245679,0.5978641727299729,0.360502779002018,-0.11042704583770797,0.6601429041851158,0.2869951645437396,-0.12917548753475838,0.8718675529332404,0.15590618303434367,0.8137799457441046,0.6583573925763657,0.11341110694093552,0.3742388281146557,0.735338560683085,0.0991509883919563,-0.02413403219346763,0.7591171433059547,0.11476277055054056,-0.13875382688043758,0.6371508491839942,0.057840549633453905,-0.0933108757377133,0.6301982041743376,0.11303167765993814,-0.10671541495222292,0.8504722115971782,0.25487620536591915,1.3395372021268255,0.6771423638038675,0.2590266612654451,1.5941632666791747,0.6570206256292587,0.24757260406981763,1.4612293618579044,0.5463759440857935,0.4020335391646412,1.232270987732856,0.6516368255979367,0.5092384591315886,0.9794361500312012,0.6637512648661229,0.45519920925128,0.7572898479801998,0.5767000587384772,0.34703055928585924,0.7165533383431575,0.5424823096579869,0.3550769104431817,0.6898969835522998,0.5596860374822867,0.39833305848719036,0.6777156929962427,0.5132197408655802,0.07989667806254469,1.2379562780927544,0.6593245409189834,-0.028880292826215882,0.9630578817954657,0.6590508950560494,0.008691680083821448,0.7562707981657749,0.5728229866730312,0.07708274829741005,0.6844807968661563,0.5649110189988791,0.0501686878486921,0.6612996125881049,0.5646868910919629,0.022523039937253676,0.6478825088187288,0.5752321337088921,8.283333333333333
0.362760333199036,0.8155751517445985,0.6520549897353688,0.33450394514771287,0.35627881832497516,0.7504176787197191,0.32489472702924754,-0.04338619876895851,0.78811814404348,0.28652622664188343,-0.09877497744796357,0.5973668523729764,0.35948614411577107,-0.10969501854246597,0.6589488068372713,0.28656232218182637,-0.12908245991757608,0.8715580896929227,0.1557796966783998,0.8162087935831163,0.6584844730931132,0.11395757918317717,0.37426158030228,0.7355404663050481,0.09940087262025786,-0.022999069578219483,0.7590303187311521,0.11468432235213175,-0.13877244350823745,0.6371741588119084,0.05786781162988376,-0.09332344095046921,0.6301885679376577,0.11286255426771655,-0.10560069145634313,0.8500878754677923,0.2541160421517754,1.3392091976368117,0.6763936080858013,0.2579485003946781,1.59413613361771,0.6568307464433814,0.24498303127338744,1.4608907458461269,0.5519527658200093,0.40137340618814177,1.2320392113126846,0.6533145657485324,0.5054568728051756,0.9786192136058105,0.6673163309635324,0.44995334314857766,0.7592805623769598,0.5747343798039003,0.3418564215146912,0.7178469542170364,0.5347394403161126,0.3493989510219466,0.689090181201039,0.5581225606311514,0.3937147939303344,0.6775801946611322,0.5161527119599516,0.0782414261422825,1.2381554607698875,0.6613586224215271,-0.026180735324188582,0.957714835094675,0.6603213075543953,0.0068386077334409694,0.7543952525304893,0.574041649234182,0.07295439903315584,0.6793740521565199,0.5570071650825834,0.04621126464296898,0.6594988306149756,0.5603929869575944,0.017381967353287196,0.6433011601286269,0.5744214756173893,8.3
0.3625577871619283,0.8174607587440151,0.6507375670500932,0.3342571042812063,0.3572354514870013,0.7489671242065036,0.32451984126759736,-0.04285369853265457,0.7880038462280013,0.28634394680276504,-0.09850014816878477,0.5973109238472715,0.35800234280026016,-0.10855825762004985,0.6568868281820051,0.2861570508732345,-0.12896629821505928,0.8712657746726641,0.15523350533531333,0.8181909018696137,0.6588142754543505,0.1144699386411768,0.37488526599435384,0.7351205065976886,0.09970638112743237,-0.02195120197955762,0.7589557945878586,0.11447504787993829,-0.13807880777636947,0.6362350694310127,0.057875668470729044,-0.09340228225399776,0.6302324624554716,0.11271846933361593,-0.10449647707697275,0.849742378227575,0.2531801906736756,1.3386823881369943,0.6750653082981676,0.25656283280345143,1.594098620471662,0.6561638372506913,0.24249559019819472,1.4603396343163446,0.5568543904349801,0.4007695957814814,1.2317792310813998,0.6553103083325453,0.5033682476257461,0.9787332838792867,0.66799315856048,0.44547230831363305,0.7634593682166552,0.5711971267385734,0.3375632122705067,0.7205472117399665,0.5275207141564314,0.34422754694359814,0.6923628741120201,0.5540705096595309,0.3869885607942575,0.6823608188857735,0.5172835758018155,0.07633557473529577,1.2387014857860743,0.6635218569999874,-0.024063276071927295,0.9548279212108866,0.6622932011325301,0.005965572898657697,0.7531982015200673,0.5740173563155326,0.07187666693751044,0.6793727900954757,0.5465721677652756,0.045192923336204546,0.6608477327141945,0.5509664415092833,0.01389432741673301,0.6392644069815618,0.5737385276037696,8.316666666666666
0.3618556945529441,0.8187753807004857,0.6494293863094698,0.33375288748293364,0.35827911776552196,0.7472090428116106,0.324140563986165,-0.04247217218856328,0.7878759391185847,0.2856850541020723,-0.09875344777318229,0.5974256561241154,0.35644594365904747,-0.10709963979373105,0.6542858471249542,0.28582652178699386,-0.12894799903250517,0.8710345092603268,0.15428444850004566,0.8196276917379024,0.6591997489147473,0.11485570803792224,0.3759353063920579,0.7342104699594398,0.09998471009669528,-0.02102507584995579,0.7588907486715485,0.1142089824188315,-0.136720474878745,0.6341949811053058,0.05785402461948069,-0.09352466370112378,0.6303092911370884,0.11258120328068393,-0.10350520412249481,0.8493976694258947,0.25190719598992106,1.3382267139835453,0.6732417016214637,0.2550316329922381,1.59405650645545,0.6547889611049422,0.24018595024541411,1.4596281613084514,0.5608118539639133,0.4001297733250827,1.2316498952469355,0.6572445351546885,0.5027368995708756,0.9791712506014306,0.6674834192232199,0.44173420207980774,0.7689821003724988,0.5671418330515288,0.33422668647398845,0.724127324799548,0.5221950499250528,0.33982970673481605,0.6991055383152259,0.5482517039905428,0.3787351902334797,0.6904863494252886,0.5174361989603917,0.07452145624884657,1.239406481609542,0.6654212516643727,-0.022556909816532994,0.9541841353796012,0.6648763680773964,0.006140350088333541,0.7527887326244879,0.5725483092295337,0.07392215695113254,0.6829499839944402,0.5344565785364724,0.04771496318479222,0.6644913069532431,0.5379356053321155,0.012305311872563904,0.6363013524102035,0.5732006697610966,8.333333333333334
0.3606230808575695,0.8194518968402372,0.6487557736054805,0.33305316431373383,0.3593955953343275,0.7452238565791865,0.32379597280001,-0.042322033540536985,0.7877729166202917,0.2845341370671865,-0.09967667484939215,0.5979230357327392,0.35509785073562866,-0.10553413889786818,0.6515536379731334,0.28561554770113284,-0.1290805358338034,0.8708910650983991,0.1529810363378712,0.8203862586579466,0.6596365806197084,0.1150929398358571,0.37702512058570536,0.7330808615717447,0.10016712125576233,-0.020309520198708145,0.7588373512289838,0.11396967275508918,-0.1349036232726635,0.6312547733539126,0.0578014315002241,-0.09366776504737628,0.630404878147115,0.11242474349043936,-0.10270868701258984,0.8490486762362165,0.25023854240998505,1.3380217120094426,0.6710333454164579,0.2535103334098826,1.5940122194355035,0.6526307678231705,0.23814198711244888,1.45881138619712,0.5637589775773757,0.39949702038143764,1.2318115049488414,0.6587689056706263,0.5033328074074049,0.9793913080969621,0.6675602410030628,0.43848630314005616,0.7751584094636007,0.5630918931724499,0.3319130791157481,0.7281165115417223,0.5193702525593065,0.33638641147552173,0.7076315371837257,0.5421140542841634,0.36985827274805444,0.699865868831175,0.5176905945392904,0.07306379718510594,1.2401170983972394,0.6667247087346315,-0.021503204964197845,0.9550944097782579,0.667782903635869,0.0070808317104508744,0.7534342878567003,0.5698961240446945,0.07816357409604581,0.6879779071494158,0.5219883831893514,0.05331517802278231,0.6697162888096694,0.5234361919531683,0.012785290450015016,0.6354040688215062,0.572592880317244,8.35
0.35887508404917384,0.8195136155645518,0.6492209352504845,0.33224788541296335,0.36053357295887245,0.7431888555067143,0.3235089883401935,-0.042350887969667655,0.7877148705071237,0.28299935217899946,-0.10129515538531626,0.5991709233475893,0.35410922111880155,-0.1040989997449043,0.6490647671351124,0.28552972155876444,-0.1292623639726292,0.8708214421434253,0.15136912156727983,0.8204626619062511,0.6601808150022102,0.11520894673416834,0.3778720512657189,0.7319154414106104,0.10024602757787199,-0.019887641858080993,0.7587961768522835,0.11378686061583392,-0.132898822302899,0.6278618400365849,0.05772717383241407,-0.09380658921325043,0.6305100752773413,0.11225404199791253,-0.10216569809041447,0.8487586521956298,0.24817512755967575,1.3379286954937608,0.6685761872126528,0.25208115734732334,1.5939757127672851,0.6496674124919233,0.2364720295874469,1.457895342433164,0.5657766252695281,0.3989078696891429,1.2322549767144662,0.6599533477808197,0.504778534261562,0.9792494231721939,0.6690081259333448,0.43552277523348404,0.7815141466409562,0.5591789344518519,0.33056361676247537,0.7322123219096813,0.5185379901319354,0.3339444518608621,0.7159308854109286,0.5369779270020127,0.36129522802601827,0.7086442144430211,0.5186331671145048,0.07206420101660277,1.2407308239378572,0.6672597320483593,-0.0206757187198806,0.9567831949228266,0.6707132971215031,0.008335897132336054,0.7552280641438637,0.5665239224468949,0.08319172250623236,0.6929188778196465,0.510417535313457,0.06093199955955307,0.675838976130166,0.5092415669693233,0.015205890381215803,0.6371364925451366,0.5716572083289275,8.366666666666667
0.3567185296015905,0.8189379205282414,0.6508999402953018,0.331406501326787,0.361582298422866,0.741292722428033,0.3232688983548063,-0.04243200756048131,0.7877097587363583,0.28127967810676835,-0.10347178943079718,0.6012563339533783,0.3535417380965955,-0.10301129462978639,0.6471449406220686,0.2855296084307792,-0.1293034801653557,0.870810676404017,0.14946982748455862,0.8199667449542032,0.6608436844711116,0.11520588467089429,0.37839766492953714,0.7307713997352773,0.10024642179534804,-0.01980290076133355,0.7587687692795404,0.11357167358048534,-0.13103275390590563,0.6247280708969124,0.057642347779485195,-0.09391573174142952,0.6306131047498761,0.11212148672706326,-0.10189012919608206,0.8486197379214462,0.24581167531300946,1.337604799563141,0.666030646861329,0.25077228400117757,1.5939688006285817,0.6460399042246157,0.2352697067812869,1.4569077169557951,0.567020088032694,0.3983428480501282,1.2328345112202714,0.66112663913064,0.5065954149176455,0.9789145935760737,0.6715743211682701,0.4328656516627879,0.7879072666558956,0.5554366869867258,0.32994173549714795,0.7362882515210469,0.5187213910696802,0.3324223858090689,0.7227633488265108,0.533396090135922,0.3539782762718545,0.715548252525587,0.5207858080324126,0.07145032845882457,1.241168163780638,0.6670834669230487,-0.01992193754277358,0.958885147755791,0.6735804241618883,0.00965322074419634,0.7579586459317984,0.5629174953724748,0.08775434246508501,0.697270118339442,0.5007974407914798,0.06930657124000968,0.6820504418800992,0.49687529368835304,0.019078724187159998,0.6412276735111617,0.570062206635334,8.383333333333333
0.3543097959896456,0.8176184506618945,0.6535460518958589,0.33056223374265165,0.362393599571956,0.7396443866107464,0.32308328288581317,-0.04244156749399512,0.7877727038360436,0.2796155308487257,-0.10596463108278757,0.6039855468483469,0.3533544809676579,-0.10242559266491379,0.64604434870544,0.2855766059222207,-0.12906350050529705,0.8708830081278608,0.1472993258756849,0.8189637894119515,0.6615010341519444,0.11504199139937121,0.37863512093035906,0.7296680311799696,0.10017618069372372,-0.020036378341117225,0.7587573278442873,0.11315039441588798,-0.12966409685645902,0.6227100856013871,0.057556010686685546,-0.09397641157390822,0.6307012454833845,0.11207758990209209,-0.10180734248208793,0.8486536458684054,0.24339556098577195,1.336774343113204,0.6636464030777681,0.24961803958352236,1.5940012960479837,0.6421142522179164,0.2345926576434023,1.455935969698551,0.5676213886618695,0.3977510600258796,1.233370594785153,0.6626447357351368,0.5084406664802738,0.9785344925744339,0.6745851261178927,0.43069971008961827,0.7944056119560885,0.5519676674316021,0.32976443777351583,0.7402201429530189,0.519473175229975,0.33173816256023025,0.7279357620063049,0.5314844429544505,0.348769003009222,0.7199323817654749,0.5250389472198504,0.07099203669694132,1.2413964792362162,0.666519327330614,-0.01921191974212029,0.961411640011754,0.676409278146365,0.011070621498941138,0.761281597682256,0.5595025017817148,0.09112052349403568,0.7013875252267606,0.4939514203865385,0.07707243665168687,0.6876161327815273,0.4876921167215966,0.023864146019717588,0.6469977366794708,0.5672284140694812,8.4
0.35178047032107657,0.8155001121645398,0.6568092586033601,0.3297331054386857,0.36284944062868735,0.7382803172282699,0.3230141258954985,-0.04233358359023377,0.7879168135092453,0.27825279928003716,-0.10850719659821138,0.6070598173895286,0.3534098998766626,-0.10233422511722512,0.6457994469771062,0.28566305606352044,-0.12854236713376568,0.8710669751449951,0.14493634893865232,0.8174454621238189,0.6618884401214657,0.1146905014859978,0.3786511514178543,0.7286043787634114,0.10004162228761312,-0.02047555366762034,0.7587674136835884,0.11240191996741584,-0.1290759148533356,0.6224255354914492,0.05748470288707577,-0.09397420501385811,0.630757215605883,0.11211284388508397,-0.10181135327712346,0.8488094348357316,0.24125122963616524,1.3353873684687951,0.6617711780748158,0.24865446593966833,1.5940268870144993,0.6382845558632864,0.23440898798028836,1.4550606424852395,0.5676822850799077,0.3971021548291883,1.233722434240501,0.6647278262521039,0.5101579302909078,0.9780921610131416,0.6774438212554101,0.42917611609031303,0.8008163336121771,0.5489950106082503,0.329872672422616,0.7437613645807908,0.5210779403642352,0.3318806412099074,0.7316502455871194,0.5314775618838038,0.3460864134659206,0.7216939323409269,0.5321410727886865,0.07044050266001131,1.241486298770863,0.6659683111619357,-0.018588501229730693,0.9643344181467223,0.6792221095638014,0.012718257165244521,0.7649799121291989,0.5565169679731669,0.09313171974698345,0.7060750011139184,0.4900338867737919,0.08303890952486606,0.6922342902372514,0.4822744902722853,0.029211623249529084,0.6538448289061557,0.5625277302832535,8.416666666666666
0.34922075717458506,0.8127535901979007,0.660285862760709,0.32893330048708863,0.3629523414596062,0.7371850199345455,0.3231203702628903,-0.04216673556585339,0.788115433448543,0.2773851496463446,-0.11080043179349944,0.610051990158856,0.3535336249785643,-0.1025218606623365,0.6461069245674698,0.2858003938323125,-0.12787073648148772,0.8713401365065558,0.14254387419661685,0.8155124936417674,0.6617426629496623,0.11416567775351519,0.3785153751284669,0.7275541549431717,0.09989403113340135,-0.020990746965483628,0.7588128873906197,0.11133094210745689,-0.12930953880252355,0.6238873006939636,0.05745590318983061,-0.0938953757698923,0.6307564004769686,0.1121716709636173,-0.10185939643550222,0.8490425736347633,0.23964436002390593,1.3335956306632557,0.6607222412595046,0.24786669532686978,1.5939507679682976,0.6347999177505536,0.23452635559330576,1.4542916187011412,0.567399995398432,0.3964218459816714,1.2338351810515278,0.6672701912299237,0.5116294703557749,0.9775360003610672,0.6797297743939695,0.4283259683543734,0.8065076350446014,0.5468613752210078,0.3302808172018804,0.7466215646890487,0.5239582517534671,0.33279049800856464,0.7339969158858504,0.5336379514522596,0.3456091560173263,0.7212793319867147,0.5417075180349672,0.06972479472751957,1.2415573074368376,0.6656162057962158,-0.018065340449445823,0.9673790124635822,0.6821200263438804,0.01461869986606392,0.7689755581551193,0.5539351387858291,0.094078385448856,0.712024536599968,0.4882660628687528,0.08678571698131143,0.6960701858814683,0.47991049164883337,0.034874657525233596,0.6612655055847777,0.5557581009102629,8.433333333333334
0.34668286993655845,0.8097870628155748,0.6635898680728041,0.3281679245153274,0.36283253247021513,0.7363005320236411,0.3233916851665082,-0.04204378205694659,0.7883033473689355,0.2770887911551415,-0.11241701775410898,0.6123397332869155,0.35358182323534104,-0.10270815052451163,0.6464948545093595,0.28600412494796973,-0.12717295765475436,0.8716476981781366,0.14026609146570182,0.8134724408573022,0.6610159558859066,0.11351819256648449,0.37826262245590125,0.7265246901419791,0.09981919015862371,-0.02153933711804884,0.758898989285222,0.11001895645604992,-0.13010053079735756,0.6265019826354516,0.057490889448407266,-0.09373654201708484,0.6306813812417548,0.11221949462966313,-0.10196922191172869,0.8493375309048999,0.23871271432355526,1.3316782410369195,0.6605872786685419,0.24719462284241522,1.5937025027890102,0.6317333756582724,0.23467876861597714,1.4535850008024938,0.5670642377153554,0.39573984834792364,1.2337388976923078,0.6698551908490783,0.5127095795016281,0.9768964572074526,0.6811719669879426,0.4281164883506863,0.8107437318335539,0.5461488164058967,0.3310498667861268,0.7485616672620863,0.5281524120457548,0.3342496422929824,0.7350968527174957,0.5377936344986369,0.34649927732834873,0.719649082366774,0.5520378452324511,0.06896641418296345,1.2416220529336512,0.665402826524571,-0.017612660158319228,0.9701798017713951,0.6850803137439696,0.0167041184152006,0.7730481054930411,0.5516863308862093,0.09453166438342575,0.7195191347474732,0.4872827979634351,0.0888421660743677,0.6994208358708554,0.479077144872198,0.04061647120091638,0.6686545289976089,0.5473457956595877,8.45
0.344172573870895,0.8070456586045189,0.6665133838228278,0.32744341200391097,0.3626479271231553,0.7355734312556027,0.32375108059348,-0.04199849037180109,0.7884361826478019,0.2772672698706249,-0.1128885404423024,0.6134052976521344,0.3535025783505209,-0.10274440170300368,0.6466433643339743,0.2862818585893855,-0.12642372587953585,0.8719552266477736,0.13813350040482053,0.8116900092284337,0.6599551625764567,0.11282970714437653,0.37791624627528925,0.7255492905829339,0.09986210926192152,-0.02212093529550213,0.7590049428524651,0.10859451244872469,-0.13105714487785342,0.6294842823471642,0.057586004428539554,-0.09351647553042203,0.6305383144197778,0.11226850028414545,-0.10216086512187443,0.8496753870358897,0.23841868543068023,1.3299678992958353,0.6611215483091735,0.24657240851172135,1.5932652375984522,0.6289148506259772,0.23472587509927456,1.4528796330017146,0.5668655779130116,0.39504509164845836,1.2335072808476462,0.6719745470530494,0.51331775509571,0.9762465017471098,0.6817466307894591,0.42848676103757327,0.8130828353256697,0.5474267007048109,0.33210932523981274,0.7494687824728267,0.5332316112218374,0.33592627876312087,0.7353029633994591,0.5431738929834257,0.3479369597381963,0.7178053436593731,0.5613126815118314,0.06834345412632781,1.2415533760859705,0.6652184993414345,-0.017273342112652725,0.9725447619955985,0.6876306570570486,0.018990345340684618,0.7767190042946497,0.5499593308423484,0.09513721089134503,0.7284538884059533,0.48595918503558794,0.09013691973913954,0.7024035661079915,0.47865709848585763,0.04629419522256635,0.6752512436273388,0.5382042335263358,8.466666666666667
0.34168660688638114,0.8047890689843862,0.6690712212601833,0.3267873152921588,0.36248279820441703,0.7349989950786874,0.32410651546607927,-0.041943029034153825,0.7885114203160866,0.27764652877613183,-0.11208249530465104,0.6133038193134304,0.3533716827821546,-0.10261734168003186,0.6464859098025942,0.2866097625074345,-0.1255095933158895,0.8722427654657327,0.13612166697241837,0.8104302480686302,0.6588885343556308,0.11215797807381418,0.3775577895420257,0.7246041470721597,0.09998262529240746,-0.022706573213895076,0.759103915296651,0.10725356072201042,-0.1319222145051379,0.6323075354169893,0.05770786038813152,-0.09327826890662932,0.630360621074527,0.11234159481651976,-0.10241490394496244,0.8500186102110734,0.23850633291782575,1.3287095566846836,0.6618629517528759,0.24592876234686667,1.5926433371928541,0.6259984945019321,0.23469319512193415,1.4521034725967241,0.5668193340831491,0.39433212978643917,1.2332027049428185,0.6732471317051609,0.5135323784477528,0.9756271741228358,0.681761210232653,0.4293345576741446,0.813544108089813,0.5506454887782711,0.3332393297685452,0.7494052771812039,0.5384569520864504,0.3374907738681172,0.7349839466061159,0.5487113145975179,0.3494942522313269,0.7162210782613365,0.5688540405357095,0.06799037822475582,1.241222690967255,0.6650286926908785,-0.017237600073732547,0.974526717927436,0.6889914307122978,0.021567336120157696,0.7795485926153842,0.5491077846258068,0.0963739326965729,0.7382515488331638,0.4842206345949741,0.09135136835343982,0.7049636889049442,0.4785087434422317,0.051919325454352044,0.6804217477419983,0.5293854675970491,8.483333333333333
0.3392635015600913,0.8030259797716981,0.6713512362650539,0.3262424253853293,0.36232082309272245,0.7346109484192002,0.3244004058506204,-0.04177314688574374,0.788527719513589,0.27794045418067315,-0.11038629857576077,0.6126528297050476,0.3533564680541713,-0.10236038940663936,0.64619364197692,0.28693343842232544,-0.1244163571011103,0.8724864245067334,0.13425320198109184,0.8098095905237771,0.6579251669583264,0.11149008198943208,0.3773122996452619,0.7236175749753062,0.10010100260798173,-0.02326460035217727,0.7591837357793627,0.10620997804004141,-0.13262299999806665,0.634698864896492,0.05780606537718816,-0.09307126857235946,0.630196185873351,0.11244098137355797,-0.10266527303540463,0.850334123099144,0.23858400541694652,1.3279134733236082,0.6623039785273543,0.2451674166506687,1.591881166613068,0.6227336007170661,0.23465645478795133,1.4511549119592704,0.5668629177503834,0.3936133067209265,1.232837203520889,0.6736120151358507,0.5135230065748544,0.9750521726323692,0.6816472557310261,0.43052549723144806,0.8124749098707051,0.5551352470434039,0.33424467073122976,0.7485402091648533,0.5429735912604841,0.33874477499705014,0.7342632468342456,0.553382649484718,0.35109196236052165,0.7148634147239524,0.5749251501730678,0.06794629996045795,1.2406095006918167,0.6648542820391056,-0.017771172525199042,0.9762017324225316,0.6884536061912965,0.024371876084601726,0.7814083104156393,0.549277045207893,0.09841330476315577,0.7477886899161215,0.48308951969224123,0.09273319441777947,0.7070420788661571,0.4789168053223518,0.05754265883285907,0.6840395732865814,0.5217676689080604,8.5
0.3369788809516437,0.8016181979038582,0.6733506642937344,0.3258320052250608,0.3621071474447574,0.7344418139680421,0.32462099728662674,-0.04149890791936839,0.7884764440553339,0.27807706198953336,-0.10838348510282013,0.6121126809799015,0.35363443541285133,-0.10211524473679907,0.6461964368411948,0.2872081881522735,-0.12326037467430112,0.8726818572764893,0.13259529420118843,0.8097508530298523,0.6569406734770391,0.11078394994581167,0.3772573865067513,0.7225473473196762,0.10016546394751594,-0.023781582498764553,0.7592393932667606,0.10562339488159422,-0.13313895567729858,0.6363369388625806,0.057846285112453655,-0.09291652271597736,0.6300758284980497,0.11255462790849338,-0.10283885972308421,0.8506190117230256,0.23832416887501845,1.327366191831341,0.6619939102245023,0.24417965724403723,1.591098266994227,0.6190754408981853,0.2346644918252227,1.449876280487052,0.5669601092270622,0.39286679242065203,1.2324067082738739,0.6733943552972501,0.5133988886414987,0.9745516977075694,0.6816161310409781,0.4319111835717738,0.8102668020559449,0.5601259067697549,0.33510424448450615,0.7470980699774794,0.5460620075957405,0.3397115611616244,0.7331486778035377,0.5563055238312404,0.3526047946185529,0.7136366036437791,0.5796400279679679,0.06811691681208043,1.2397929633316123,0.6646979077637151,-0.019050907303654253,0.977480379228438,0.6857044019027468,0.02711611651959939,0.7823706398145566,0.5502656260206936,0.1011310455352637,0.7556994194057756,0.48397961671379064,0.09429826839795583,0.7086151094348322,0.48002427840641143,0.06303833117349569,0.6863796328384979,0.5161277134214232,8.516666666666667
0.3349201646604711,0.8004477128265807,0.6749674253505845,0.3255390522443411,0.3618497741626117,0.7344767428790442,0.32478187237530326,-0.04122712818980734,0.7883706408260927,0.2781779862033599,-0.10648465102954141,0.611967420361515,0.35432029287827266,-0.10215922461149322,0.6469854236755462,0.28742659178191143,-0.12216715650898158,0.8728519457550409,0.13117349577879572,0.809993930391587,0.6558472525842638,0.11003216054410471,0.37738383196839215,0.7214056993441708,0.10016934306627016,-0.02423790636877765,0.7592625765268299,0.105623486874418,-0.13339724392421534,0.636826459626387,0.05783048506847421,-0.09280443179246761,0.6300005749168229,0.11267639151965787,-0.10290483426067862,0.8508876464663544,0.23760777384264034,1.3267795587462083,0.6606934320730092,0.24292823470272906,1.5904212412692724,0.6151739048268902,0.23473668770864686,1.4481030934120813,0.5671405646806267,0.39206412423865045,1.23195823449761,0.67307179119544,0.5131514326065603,0.9741678783602342,0.6815961654915118,0.4333721903388066,0.8072613767906112,0.5649564932453307,0.3359678351986456,0.7452929003708515,0.547649582466141,0.3405513036011909,0.7317095903532898,0.557126851105145,0.35373253229898816,0.7125861597023382,0.5826051124971411,0.06830164247493134,1.2388944805932034,0.6644999571307169,-0.02101117833757701,0.9782397512313814,0.6810700085609944,0.029490148591519563,0.7824641718292642,0.5517206264487344,0.1042284340350162,0.7609057604524092,0.4878670485070864,0.09604350606675802,0.7096339196519229,0.4819012359700522,0.06799852177703306,0.6876297618032654,0.5132285545342155,8.533333333333333
0.33316921842794184,0.7995102008829381,0.676088726914658,0.32533104374158217,0.3616258643660366,0.7346415713996364,0.32490040252207586,-0.04105633555472639,0.7882454700765688,0.2783653174573607,-0.10491233505544992,0.6121808402224799,0.35540408660116163,-0.10263850483705762,0.6487398876786599,0.2876062345444044,-0.1211987239025451,0.873019768384658,0.12991840948015668,0.8102422927974882,0.6547907636667833,0.1092739373340241,0.3776577302052497,0.7202340533320265,0.10012737415093273,-0.024605576637816748,0.759242126081591,0.10636500402184781,-0.13323595314097467,0.6359280689677562,0.05777351879197237,-0.09274115524684941,0.6299751112804938,0.11281437753968661,-0.10287547287445373,0.8511447572764554,0.23652191023580849,1.3259337147025934,0.6584957437546988,0.2415203296248754,1.5898946770969888,0.6114144265711561,0.23486428204594878,1.4457899294508798,0.5674162838613614,0.3912595895232108,1.2315838004827826,0.6729314948975997,0.5126762918198196,0.9739110192826413,0.6814572192666063,0.4349006152372152,0.8038643191361403,0.5690171430350226,0.3370492842097921,0.7431288372426903,0.5486558593933426,0.3413875140393174,0.7299516784583016,0.5566298884363701,0.35440376401974105,0.7117292937344163,0.5836185176818645,0.06830539222718601,1.2380357883145585,0.6641748694679419,-0.023344265629278674,0.9785280250643931,0.6753313001889314,0.031359600557178416,0.7816621586895449,0.5533318266915382,0.10741187817781891,0.7630218625732967,0.4948252665000339,0.09788645053014464,0.7100477625856839,0.48467923291940684,0.0719336677792923,0.6877914453056232,0.5134053659915975,8.55
0.3317735647249107,0.7988724583594533,0.676674610883147,0.32520113819898655,0.36148308706420745,0.7348596187849579,0.3249880150174113,-0.04100785473226329,0.788137953010172,0.2786761021651102,-0.10383112022786059,0.6126720278741606,0.3567335022176529,-0.1033455932730955,0.6512496355465305,0.2877658543954628,-0.12037325496074232,0.8731914251067643,0.12873275960830396,0.8103110379737821,0.6540562187890991,0.10857411637253149,0.3780917634678693,0.7190672458012083,0.10004904741743097,-0.024886180257698426,0.7591752870958333,0.10796917183275281,-0.13245224570833053,0.6336215607148384,0.05768082223114139,-0.09276527785438987,0.6300240480636379,0.11298474242214296,-0.10276937961362068,0.8513885101698377,0.2352583093338066,1.32476735168925,0.6557477708216307,0.2401530290176656,1.589480205188226,0.6082996442709425,0.23499032659543936,1.443069599391982,0.5676053131431116,0.3905912689478882,1.2313634689542496,0.672984032876461,0.5118145875659535,0.9737587615211655,0.6812024176402489,0.43658569074443465,0.8005062258309581,0.571953001899663,0.3385023614558569,0.7403689025813036,0.5504459026101675,0.3423220335904242,0.7277344603815853,0.5564466435760695,0.35496130304706924,0.710886234638559,0.5833688338409405,0.06803720696962029,1.2373263230563976,0.6636930461592911,-0.02567890473747049,0.9785074528726191,0.6693468390455215,0.032758343444182,0.7800920850258399,0.5548307185246901,0.11043932350977737,0.7623878266378541,0.5042182107092721,0.09955836428782427,0.7099068132558671,0.4883239399627124,0.07456408209359065,0.6869933678716088,0.5162027533477045,8.566666666666666
0.3307208284545919,0.7985443271805671,0.6768106729323096,0.3251678906353226,0.3613882116608456,0.7350778435600882,0.32504586115252815,-0.04104622954858006,0.7880735025508205,0.27908678683294363,-0.10335538587699868,0.6133919337852879,0.3580766548333837,-0.1039004853605841,0.6541477034027583,0.2879161102475129,-0.11969492089600135,0.8733626460661965,0.12759741964553523,0.8101457412628208,0.653833214203726,0.10798512433330147,0.3786819463190907,0.7179163386594349,0.09993237037280238,-0.025128981117336316,0.7590786647719765,0.11034586226423532,-0.13095376048870894,0.6300432141474682,0.05756126669830426,-0.09290404641503572,0.6301578223749347,0.1131893745519034,-0.10258703442004788,0.8516384407245232,0.23402348933008682,1.3233968846672268,0.652902273637014,0.23900293820806756,1.5891007535868606,0.6061983465452347,0.2350192394087579,1.44021688459609,0.5673367903242853,0.3901924593478755,1.2313368881166622,0.6731245692064165,0.5104544107038619,0.9737112401704082,0.6809485715759063,0.4384647702608898,0.7973420307592993,0.5739944080380762,0.34038205609123384,0.7368184648235021,0.5539325377259241,0.34353994798155074,0.7249275800087648,0.5580029901317594,0.3557506048350564,0.7097118801357907,0.5831983266843663,0.06751685986889618,1.2368482419738478,0.6631187278545092,-0.027775628087524575,0.9782834029242806,0.6640514275385929,0.033753353534729615,0.7781409366658452,0.5559588760169387,0.11300193261253771,0.7596659417403306,0.5152230438340797,0.10077806834985552,0.7093447244569446,0.4924498154143308,0.07581280388846282,0.6855853152351286,0.5206854625403008,8.583333333333334
0.3299573758151059,0.7983612737583817,0.6766752202369205,0.3252323447673873,0.36125146537837993,0.7352433239523556,0.3250659741341804,-0.04114567156970682,0.7880586443277584,0.27954275737283424,-0.10343032256723138,0.6141725203765697,0.3592191460467469,-0.10409414684564734,0.6570781652000994,0.2880595547107501,-0.11914566642854202,0.8735382552475891,0.1265707596088914,0.8097622465204998,0.6541101444817369,0.10749573336380103,0.37926746958673424,0.7167716630520304,0.0997751835361093,-0.025385455740265697,0.7589801047440635,0.11312812524593024,-0.12886012415576648,0.6255211069008255,0.05743375764489396,-0.09314762207552638,0.6303564919393208,0.11338363381134056,-0.10232798511683282,0.8519607502986093,0.2330110938046848,1.3220512307378165,0.6504373870540646,0.23817608527325057,1.5886989420510313,0.6052031802846325,0.2348771065718666,1.437565001511799,0.5663322836366681,0.39009926476945056,1.2315036124442285,0.6732817076070543,0.5086444325377337,0.9738163179454857,0.6807883212764447,0.44043031729114723,0.7940896080784501,0.5758038734500281,0.34265316836764703,0.7325433523442784,0.5592349660604811,0.345185551122188,0.7215457934669935,0.5618846623557856,0.35676030987140606,0.7078476001989323,0.5841010754792644,0.06683030283585642,1.2366134976520506,0.6625848563477947,-0.02957787466460054,0.977934559694173,0.6603904882290427,0.03432330819961054,0.7762524758178435,0.556512353136021,0.11474116314322258,0.7554618889286311,0.5268568486261322,0.10147225657025136,0.7084073183370939,0.496509354492475,0.07566081517159254,0.6839306502255351,0.525993448222523,8.6
0.3294380407283175,0.7980215618284575,0.6764468395993635,0.3253507852923753,0.3609730934744949,0.7353311970576183,0.32503957764512637,-0.04130793094060267,0.788086639433218,0.27997448280079124,-0.10377430582323968,0.6147080156375688,0.36003709668801076,-0.10405435646735445,0.6597199181426635,0.288191132050979,-0.11867904210799868,0.8737413826232304,0.12570021806196516,0.8091836279967898,0.6547814460914699,0.10703204713867233,0.3795827610555532,0.7156016746162711,0.09958358838429475,-0.02565758808509913,0.7589011680276161,0.11584559194479829,-0.1264517567660278,0.6206006950278472,0.05731508006742298,-0.09346023226130597,0.6305875578235668,0.11349105463799226,-0.10203556271124757,0.8524388671644424,0.2323665307287558,1.320989084709926,0.6487310820057426,0.23768747477647933,1.588278729022312,0.6050363447949734,0.23455621957402184,1.4353547795217538,0.5646180409696647,0.390210711212222,1.2318239153205257,0.6734296503200456,0.5065925733743846,0.9741293274486396,0.6807078778013875,0.4422668347398791,0.7903001090323789,0.5778703426635853,0.34515393337835953,0.7278272121444742,0.5658225463611765,0.3471277869921833,0.7177559608293506,0.5678831944915564,0.3577586994555698,0.7051441131493518,0.5860158917914876,0.06609083296085419,1.2365378191157095,0.6622401654392343,-0.031119995783421728,0.9776262285598877,0.6588504489020702,0.03432694139097521,0.7746701267031838,0.5564031250283143,0.11543885749043033,0.7504015918932944,0.5376418476551887,0.10169693121277568,0.7070056331855753,0.5000889903155006,0.07420639246826094,0.6822213418999584,0.5315338746169801,8.616666666666667
0.3291369258184004,0.7973235460506567,0.6763002024965543,0.3254527321669713,0.36051131267734143,0.7353665232934036,0.3249632694553879,-0.0415381168393425,0.7881504122584482,0.28030697026291723,-0.10406840316331821,0.6148514211167511,0.3605133854018763,-0.10408853971022074,0.6617978724898679,0.28830541790445596,-0.11827557511081221,0.8739947214439785,0.12496097296289536,0.8083909017439186,0.6558885047946947,0.10653365072710146,0.37949961510951324,0.7143697099801544,0.09936605658696662,-0.025909542611570982,0.7588458588511366,0.11812524468916429,-0.12406381563469535,0.6159435184462841,0.0572177847058298,-0.09378637854979091,0.6308145437353267,0.11348254510365553,-0.1017906800060326,0.8530527794073948,0.2320970684743352,1.3204196155207717,0.647817006646176,0.23743910337408158,1.5878715989596812,0.605062780450246,0.2341075772943932,1.4336117377429902,0.5624682777132348,0.3903580429187945,1.2322157192824565,0.6735247243013931,0.5045593525708698,0.9746496704908754,0.6806043828131404,0.44373319282637247,0.7858367532836179,0.5801737553861315,0.3475833630273282,0.723082774884596,0.5727968033182533,0.3489795223011853,0.7138290552662427,0.5752585466683419,0.35858810622241377,0.7018033248089697,0.5881897713485256,0.06540475774166854,1.2365035060278236,0.6621359543017337,-0.032440493836957324,0.977543242371303,0.6592777821945823,0.033567339311415735,0.7734763635984029,0.5557009934950279,0.11509551163683368,0.745247082514599,0.5458611615807629,0.10140887797374289,0.7051322241340704,0.502974193312766,0.07174092260238711,0.6804734373173373,0.536800249217057,8.633333333333333
0.3290078610629304,0.7963359846497283,0.6764468049382459,0.3254878067380096,0.35991052576762445,0.7353829707214432,0.32483823159511577,-0.04183406729819046,0.7882448603583687,0.28047254547968914,-0.10420814757439005,0.6147990712194289,0.36068806853301527,-0.10432660290996627,0.6630966782501767,0.2884038926973686,-0.11800678061399936,0.8742967873543611,0.12426110406117288,0.8073293420738753,0.65768216591398,0.10599783389146239,0.37914085816138676,0.713069574338264,0.09912543591942155,-0.0261243223338207,0.7588021525524015,0.11973570258248795,-0.12201376741823855,0.6121658769419979,0.0571476044403867,-0.09406075725605419,0.6310004119775783,0.11341295300996548,-0.10162662174571696,0.8535962149453902,0.23202918551428986,1.3203779924602863,0.6472799478739081,0.23724992472226208,1.587494765600163,0.6046647036717562,0.23363042338139556,1.432215865362626,0.5602469533441365,0.3904327465111314,1.232569358734125,0.6735089710794241,0.5027694873711336,0.9752599051119581,0.6804159311921189,0.444659716006488,0.7811355997128552,0.5824688636057673,0.3495977634488186,0.7188246607535604,0.5791020432002488,0.3503693704016145,0.7100936235155629,0.582930512419804,0.35923257163208666,0.6982955147315261,0.5900833140962011,0.06483680303379519,1.236466316566295,0.6620749861577012,-0.03358029347030657,0.9777437358260456,0.66115777050941,0.031913130065057534,0.7727640903036896,0.5546076062388874,0.11384069643862002,0.7406565199200004,0.5502670946202679,0.1004558248189025,0.7030301704703438,0.5050188785048283,0.06861294499097459,0.6787034909714699,0.5411848167169733,8.65
0.3289686886386153,0.7952752234268902,0.6770420732102094,0.32545675592563933,0.35925069257810066,0.7353896244790817,0.32466471135792857,-0.0421922119428821,0.788355796766588,0.2804466897981459,-0.10429416309274052,0.6148712112883513,0.36060870413929647,-0.10465842819584026,0.6634657486987452,0.28849030860474295,-0.11799997526015688,0.8746212569890693,0.1234935759762061,0.8059916551021689,0.6602284685171871,0.10544443697245662,0.37875165952428463,0.7117243902057365,0.09886503476707449,-0.02633065985339876,0.7587621725566516,0.1205426487557654,-0.12055430841304617,0.6096543820846535,0.05709396153790158,-0.09422840415012629,0.6311170740115476,0.11336934791975328,-0.10146830458246026,0.8537694152235659,0.23192184188586057,1.3206448880751638,0.6465121894277459,0.2369340131854899,1.587183448592281,0.6036438551854921,0.2332644868303887,1.431016690694846,0.5583047650718644,0.39042803522631914,1.2328383827410547,0.6733718778377239,0.501414787565052,0.9757321830994554,0.6803248670463651,0.4450125609540031,0.7770087841388256,0.5847238884591553,0.35096743457540736,0.7156885569068301,0.583589263022545,0.3511504584321823,0.7069685338278169,0.5895695213674935,0.35965785146663426,0.695226727357478,0.5916095037862271,0.06440051548817541,1.2364719344186779,0.6616588210990626,-0.03460133140282716,0.9781517816271899,0.66380144448142,0.029396390300214823,0.772605850280678,0.5533658422329543,0.11180266380168445,0.7370362766831684,0.5503555885660716,0.09877183056295971,0.7010552397318979,0.5061110877624089,0.06506319131187235,0.6770415242265472,0.5442141114937309,8.666666666666666
0.3289507807927522,0.7942620269722286,0.6780411332628434,0.32539278768793384,0.35859236535308214,0.7353748220402881,0.32443502631013355,-0.042614381729091155,0.7884482316429506,0.2803037122854455,-0.10441624019245632,0.6152123636632822,0.3603429611427845,-0.1050575859229552,0.6628763416194486,0.2885619543616268,-0.11834091025722546,0.8749328741487775,0.12261421960269853,0.8044378415518341,0.6630703111996877,0.10489296055374153,0.3785061129806318,0.7103662859526073,0.09859347362344723,-0.02656920001011928,0.7587320225775056,0.12054223742419168,-0.11982061886857313,0.608428460155079,0.05704366069475196,-0.09425991742847677,0.6311527308960914,0.11341948000352096,-0.10119331338834206,0.8533588321180985,0.23163901098517226,1.3208499774316418,0.6451239531739474,0.2364038924834979,1.5869970579527128,0.6021136891799257,0.23311658767298502,1.4297808649728503,0.5569382322967382,0.3903830996337069,1.233158002290263,0.6731436922638415,0.500684251353362,0.9758439101679529,0.680748248191382,0.4448617989067609,0.7741807522625292,0.5870609340959867,0.35157699508038187,0.7144007862840037,0.5851743144999916,0.3513406761943576,0.7050081636351192,0.5937030438960536,0.35966758451394665,0.6932421137485689,0.5925987773712504,0.0640674272156608,1.2365776162310553,0.6605749856656984,-0.03554036566796636,0.9786730136929341,0.6664736981981558,0.026218286466363358,0.7729470443314712,0.5521775622140166,0.10903215213178678,0.7347513495522092,0.5461925061906515,0.09649565705494403,0.6994700399857083,0.5062411248063534,0.06115506679209835,0.6755623181805513,0.5460903256033903,8.683333333333334
0.32894619672117165,0.7932645778013715,0.6792334972043652,0.3253245024260485,0.3579654104425076,0.7353266234433878,0.32413642256825187,-0.04310776316862183,0.7884846696369535,0.2802146245779533,-0.10447919815934104,0.6156381541398823,0.359982487932062,-0.10563169448015032,0.6614443938812079,0.2886083380754843,-0.11904188775019145,0.8752036403202149,0.12169835931395916,0.8027063382130748,0.665559815546967,0.10438668618032076,0.37841894362484746,0.7090445760968102,0.09831421669689613,-0.02686083170096991,0.7587168517029588,0.11995859422627055,-0.1197445392453869,0.6081948566223027,0.05700463542515759,-0.0941651609761228,0.6311152726662895,0.1135827612791776,-0.10076338965225014,0.8523677078799784,0.23120099676340083,1.3206659673223171,0.6431384014139239,0.23576979548740182,1.5869432894066047,0.6001204380129505,0.23319715153544351,1.4282177450042868,0.5562935493655059,0.39032982385643206,1.2337492257428502,0.6728650687066935,0.5006921967341843,0.9754914496378624,0.6820071278915156,0.44434287470402917,0.7730506483099462,0.5892835926839226,0.35122644350729826,0.7154466550175707,0.5833406142592579,0.35091725667326457,0.7047412742935502,0.5941143004880476,0.3590421816098255,0.6927809047331398,0.5925776134510176,0.06377144863935048,1.236793125373945,0.6587784963818383,-0.036330380454609026,0.9792736299496834,0.6686099011330833,0.02270128417418946,0.7736643895351252,0.551134631978661,0.10558487187732152,0.7342057587171085,0.5382821271290007,0.09390232373455279,0.698409936042981,0.5054900756797034,0.056823701462899875,0.6741444577047582,0.547681334317913,8.7
0.32896786169822934,0.7922541408456513,0.6804367890001219,0.3252624232919468,0.3573787857809297,0.735251708389898,0.3237701285542481,-0.04367261109938417,0.7884762017751508,0.2803239618721184,-0.10422698558935294,0.6156445204694282,0.35958303174435613,-0.1062629358360676,0.6593538935782055,0.2886197152427922,-0.12006054470065294,0.875430578900719,0.12092747641045065,0.8008162855314036,0.6674182510547803,0.10399397890544715,0.378386439319166,0.7078310645951353,0.09801906916344197,-0.027224424344921228,0.7587152645245243,0.11920033921813908,-0.12001122553557193,0.6085415818216628,0.05700057289307349,-0.09399390166477865,0.6310230401296665,0.11379784360831367,-0.10025866908645353,0.8510092774068464,0.230709510656596,1.3199111113814772,0.6408683287680246,0.23530083318740905,1.5869587164495953,0.5976282828501593,0.2334855665707134,1.426247971480114,0.5561677517579008,0.39027848183751646,1.2346352940786787,0.6725913603409439,0.5013374620001001,0.9747417226813759,0.6840707560231226,0.443680055178892,0.7738196457899731,0.5907914303590537,0.34961780952137556,0.7186690562634697,0.5785572078317368,0.349791761513743,0.706382780082392,0.5904373595823738,0.3578155256683909,0.6938338545342477,0.591295396377223,0.06344397309011722,1.2370849556318015,0.6564421589445307,-0.036833022949564705,0.9799595148102108,0.6698867976320625,0.01921404187479369,0.7746669747870201,0.5501831984731326,0.1017093944441741,0.7356244027555208,0.5276259730699305,0.09123930131412042,0.6979095291691669,0.5039882823751615,0.05212988853434615,0.6726538568123279,0.5497266752463452,8.716666666666667
0.32899535386661305,0.7912769602184484,0.6816511001496129,0.3252064988835804,0.356821206666096,0.7351822352886849,0.32336553933742995,-0.044280648268038625,0.7884919130852126,0.2806384790699382,-0.1034314520287004,0.6145943087351843,0.35914080384502634,-0.1065541368392863,0.6568369789630923,0.288595077957469,-0.12127830150359593,0.875641482952131,0.12050113906917692,0.7988608465837778,0.668809651938131,0.10376286962466877,0.37829181938765327,0.7067975869812051,0.09769395317547618,-0.027694115568026062,0.7587259564485336,0.11863380892563766,-0.12019445776236518,0.6090619618466251,0.05705246094223225,-0.09380288164237001,0.6308812082957043,0.1139542535558948,-0.09977893056434702,0.8495480458997456,0.23026848455034296,1.3185608065520167,0.63870394738462,0.23524346722662218,1.5869801072764216,0.5948562715747937,0.23398573547413726,1.424119937285062,0.5559953641526394,0.3902263160988002,1.2355447814497869,0.6723663043702848,0.5023075851020573,0.9738370060723079,0.6866328056483921,0.44307430732853204,0.7765254810572302,0.5910626495174801,0.3466509364962631,0.7233622682869079,0.5719833525340504,0.3479864263991499,0.7097085863787425,0.5833475996118618,0.3562882226240779,0.6960138727465122,0.589190518198122,0.06307263618766464,1.237404808415682,0.6538669492577337,-0.03699787908512481,0.9806960205600218,0.6702653993039512,0.01607321146615856,0.7758825382829424,0.5491920226482061,0.09791108986554486,0.7389078295134487,0.5158090527098089,0.08867588404484024,0.6979232636568597,0.5018992868446559,0.047497607914895705,0.6711494784145792,0.5522417694883424,8.733333333333333
0.3290180258372938,0.7903084716279901,0.6830738296922977,0.3251560795437937,0.35624694326905937,0.7351667190766124,0.32296765990392523,-0.04486798550295375,0.7885963891345479,0.2810663032169494,-0.10203792081897224,0.6120164375779,0.35865517375136236,-0.10621420781331027,0.6541926835801868,0.2885346722667049,-0.12249086999603806,0.8758695518906234,0.12049977297927368,0.7969899408016002,0.6700286430407295,0.10368712331521088,0.37808913052143467,0.7059997104169745,0.09732664716368077,-0.028288795879225573,0.7587450095957098,0.11841379197162144,-0.11996100977434182,0.6093348472725819,0.05717147053463423,-0.09362609986056435,0.6306804180340089,0.11400121458583026,-0.09936657488097789,0.8481619951192861,0.2299569716822765,1.316740693676961,0.6369995903848151,0.23568874355383154,1.586987216745999,0.5922709729739537,0.23466998275492293,1.4221344364258366,0.555239579541464,0.39017082679295617,1.2360727485068144,0.6721965380746667,0.5032750815650624,0.9730853149274187,0.6893029943014941,0.44244362626938794,0.7808187491787946,0.5899237445644634,0.34257935181227955,0.7287176080517771,0.5647191015764145,0.3456473157202966,0.7141139120540694,0.5742470679193087,0.35480539024792646,0.6987649190493788,0.5870859855790418,0.06270711946348922,1.2377059190284936,0.6514237966609595,-0.03696153305591699,0.9813936644577583,0.6701050649149982,0.013504495644140212,0.7772180753263709,0.5480874978290782,0.09479577857054364,0.7436138844882443,0.5047765949365786,0.08643612165257138,0.6983904567202086,0.4994265472666912,0.043596094966305995,0.6698320698878878,0.5547178798731489,8.75
0.3290708459444243,0.7892104459712099,0.6849846507596888,0.32511292768987776,0.3555891470614885,0.7352423540560517,0.3226176554882539,-0.04536322743456546,0.7888061095728286,0.2815048979253258,-0.10016558511128903,0.6079054135767803,0.3581890490578936,-0.10533345794669058,0.6517468525483001,0.28843367693557487,-0.12349398477346207,0.876137435974984,0.12079407344409211,0.7953574320956932,0.6713329598197288,0.10371584788039016,0.3778053685716286,0.7054815777959291,0.09691023852962806,-0.028989967061260988,0.7587636596277131,0.11854725957047495,-0.11918590190965987,0.6089408547454799,0.05734849961760893,-0.09349080097851498,0.630454377539671,0.1139855680423601,-0.09900312749255921,0.8469341377952619,0.2298220799105853,1.3146800567505126,0.6360040760582523,0.236545784205427,1.5869894438627627,0.5899907564887608,0.23544590099395696,1.4203238042005284,0.5537920564595683,0.3901119300420909,1.2359104131196408,0.6720775324858407,0.5040526656637576,0.9727056480927885,0.6916994795752738,0.44144238218037335,0.785952509180707,0.5873076456989496,0.3378482504643653,0.7340806897212715,0.5573191040490527,0.34284786217932545,0.718783385481433,0.5647581723930086,0.3535869341346649,0.7015207063968754,0.585479816009854,0.062417524737598984,1.2379467165936129,0.6494910717762398,-0.03693821509538485,0.9820782714721452,0.6699457071477688,0.011665090848985555,0.7785506839115298,0.546989199342168,0.09279173037561703,0.7489832800037196,0.49621947862592264,0.08489207595656906,0.6992733800534606,0.4968304571910963,0.04099495540460016,0.6688904334214556,0.556632001819463,8.766666666666667
0.3291558735391236,0.787970234471486,0.6875449056269403,0.3250806350652787,0.35482315802608627,0.7354078118941457,0.3223643234810505,-0.04572052858913715,0.789106504672615,0.2818747478301523,-0.09800600926999843,0.6027654418783758,0.35785407401069713,-0.1043204852384349,0.6498177018491355,0.28830428792316104,-0.12418883504738992,0.8764706433140395,0.12111722484465903,0.7941390433925785,0.6730462660262879,0.10378343092581836,0.37746544843343544,0.7052688402001698,0.09644942378663623,-0.029769322395697073,0.7587791152401578,0.11901991469523754,-0.11795096352999918,0.6075804786724892,0.057517055354392665,-0.0934346419691449,0.6303283559401511,0.11396440280996314,-0.09861433747109544,0.8458751974101536,0.22985726878713472,1.312628410897045,0.6357417027073788,0.23756721609110718,1.5870052592470856,0.5874015565920658,0.23619555075963783,1.4184768678939983,0.5519438559185059,0.39004515900475134,1.2350163520448327,0.6720038878811061,0.5045706700331225,0.9727860078433749,0.6934746028848189,0.439806430848375,0.7911523830226463,0.5831410584022023,0.3329479321202672,0.7389437870338761,0.5499564068561896,0.3395626392203316,0.7229701233373684,0.5562089031520594,0.35267404522768386,0.7039008560497015,0.5842439517941844,0.06225675677417569,1.2380963804804865,0.6483557348251403,-0.037030882148024455,0.9829851564401563,0.6700361519796361,0.010644750164729828,0.7797230367841037,0.5462514207095033,0.09195973838885423,0.7541407342104863,0.4911017163837984,0.08439336683699862,0.7005048154660586,0.4944138617948205,0.040008422870711616,0.6684321629736797,0.55768961853664,8.783333333333333
0.3291808903045704,0.7868078791280706,0.6906051171309918,0.32506477772511827,0.3540021523540788,0.7356238399526883,0.3222866232035554,-0.04592867586434904,0.7894688631105853,0.2821208662585271,-0.09575378680535915,0.597332917532585,0.35772163223820647,-0.1035811213273742,0.6486520431308205,0.2881975722136676,-0.124603504531496,0.8768866508084111,0.12125330147627555,0.7933804138896575,0.6755596169817923,0.10384155162375645,0.37701478241201963,0.7053237649473812,0.09598571944841028,-0.030593944573227297,0.7588043748424883,0.11979820715442399,-0.11639422494196039,0.6051170765850659,0.05753373187877976,-0.09346905564739955,0.6303888761800335,0.11393302481210205,-0.09812598814434716,0.8449631938066129,0.2299899880980184,1.31080578414094,0.6359436526292126,0.23846138563699681,1.5870494653013678,0.5837119849725243,0.23684554744547615,1.4164390545212135,0.5500538743086685,0.38996371282596454,1.2336106321868607,0.6719496167296843,0.5048078835652042,0.9732753791598612,0.694397214380706,0.4375368511396649,0.7959724702601527,0.5776121253041842,0.3283698098237391,0.7429308704226829,0.5428937947026772,0.33588292300835276,0.7262518954665422,0.5493379907515586,0.3519268444174207,0.7058349013239982,0.5829746465206086,0.06222983615504709,1.2381483736034782,0.6480514519710319,-0.037204717592265985,0.9842645538946319,0.6702610356989481,0.010490497932155656,0.7805754608219468,0.5462374702386145,0.09211909914349511,0.7583208383052201,0.4897294412169468,0.08496550434713684,0.7019259336816577,0.4924967732461625,0.04078776631518551,0.668507846721527,0.557767749016443,8.8
0.3290224558699364,0.7858988876946302,0.6937401857167542,0.3250691050344436,0.35323158349550926,0.7358361267342721,0.3224648931217321,-0.04600834886757259,0.7898468505843687,0.28219960548641265,-0.09371315844946437,0.592337364731959,0.3577474585970825,-0.10321065131925757,0.6482623573124225,0.2881814996913705,-0.1248352630036469,0.8773578988818581,0.12116680483339684,0.7927789536686832,0.6789780252060541,0.10388409128412777,0.37633806999329267,0.7055365192992062,0.0956129707210599,-0.03143076909630621,0.7588618408835595,0.12079243973474045,-0.11461348287913702,0.6016772000301506,0.057278257359529114,-0.09353014325253976,0.6304273629514353,0.11385586246728749,-0.09759253039145004,0.8442454958689961,0.23012674437718822,1.3093729058884602,0.6362403359282983,0.23905138873961485,1.5871241651062626,0.5788157267271918,0.2374496089136062,1.4143067488029468,0.5482466022208335,0.38987382073729615,1.2320248590798366,0.6718893384214298,0.5048000435625948,0.9739307013111997,0.694527327180849,0.43481728900533767,0.8003039271871202,0.5713056523318701,0.3244992821417101,0.7458900932495228,0.5365513111286555,0.33213280473765033,0.7285719499745548,0.5443001538721687,0.3510755102242288,0.707488714643406,0.5815237599643039,0.06228251860438683,1.2381318554366514,0.6482741461841162,-0.03740131263081641,0.9856517019589862,0.6704777057871003,0.011305847636851538,0.7809783986285035,0.5470089601372149,0.09318149072279462,0.7608710331398251,0.4919976833722234,0.0863076364974374,0.7033079544250264,0.49139174610240843,0.043322557364321314,0.6691271473837119,0.5568831607660327,8.816666666666666
0.32861717969875226,0.7850983943311239,0.696581310858223,0.3250883347397817,0.35263960431006686,0.7360000317236811,0.3229107099657587,-0.04599394187564951,0.7901923999619401,0.28209533595019304,-0.09236830938692074,0.588486170653353,0.35781835412325586,-0.10306183975528867,0.648335564792687,0.28829676446751235,-0.12497462516021765,0.877810657969549,0.12096865835591283,0.7918976313639159,0.6827710817260674,0.1039547828406718,0.37535871576989577,0.7058310230126043,0.09542668445398576,-0.032298036720773485,0.7589579879035782,0.12187468911410276,-0.11276685812768245,0.5978076037886981,0.056800459946694276,-0.09350778977874032,0.6299689223196383,0.11373368386163345,-0.09722813474421617,0.8438717669336017,0.23021800262955783,1.3083932173027795,0.6364525605469731,0.23931857951716323,1.587217113565533,0.573356103806868,0.23815786480640122,1.4123042882205201,0.5463987790251217,0.3898004586937286,1.230559667707703,0.6718402409042492,0.504657078363733,0.9743751487200407,0.6942450135628954,0.43187803084179627,0.8040841625585252,0.5649964080524028,0.32145323686030525,0.7479313113728777,0.5312194846683304,0.3286586415762095,0.730001434119065,0.5409630087313646,0.34980433153228974,0.7090848457751532,0.5800545230723272,0.062340182690969,1.2381000960377968,0.6485914574957113,-0.03760390509589753,0.9866209144031252,0.6706953304963508,0.013280560678233907,0.78081155444866,0.5483533230546184,0.09527467897361074,0.7612825099659423,0.4974576441711127,0.08814426001509397,0.7044692396088933,0.49126927319364244,0.04727875370498148,0.6701968461793119,0.5552918880698025,8.833333333333334
0.3279705471609284,0.7839887881588599,0.6990577869639597,0.32511118210657364,0.3523284361420991,0.7361000796696202,0.3235286303744669,-0.04590123709337024,0.7904907005031657,0.28189507482970033,-0.09212693590815166,0.586418833776014,0.3578633499195399,-0.10303095641509656,0.6484504616885857,0.288530242476982,-0.12506389713399174,0.878166431943032,0.12077867619809744,0.7905641505660165,0.686008605746468,0.10411767038513445,0.37410302187558603,0.706239778197792,0.09543513478790253,-0.033217470454743714,0.759056910259582,0.12290560779834325,-0.11113902829632932,0.59429729766475,0.05632697307786693,-0.09332168320411427,0.6286728789159669,0.11362004432713974,-0.09722373361208395,0.8439548756389337,0.23026510493467706,1.3078168326718833,0.6366033187572318,0.23936488720181281,1.5873120960951255,0.5680853247460004,0.23903487527189643,1.4105586627155111,0.5443882648332624,0.3897704065514086,1.229396757140908,0.6718499672366591,0.5044843438459995,0.9742828127126024,0.6938928449335204,0.4287711306640265,0.8070546474422606,0.5594017848487217,0.31883012759559326,0.7492013198135204,0.5271223338160226,0.3253864201131485,0.7304577164070354,0.5394471970728746,0.34780822145449924,0.7106624210293574,0.5786452446892485,0.06236418287218627,1.2381004833902716,0.6487647333806035,-0.03778747415512164,0.9868388262619942,0.6709034444563999,0.016552396839746835,0.7799737542014091,0.55011339305604,0.09855936958603201,0.7594590489958569,0.5053915677163766,0.09043924613173286,0.7053819475695625,0.49190369605064344,0.051981429894775374,0.6714777950922692,0.5535059692033969,8.85
0.3271199854942014,0.7821690529365476,0.7012750451890463,0.3251349495349939,0.3523094075280442,0.7361525693369267,0.324158341554149,-0.04570434421543837,0.7907541283983189,0.2818020617337915,-0.09298214744750025,0.5864329202128455,0.35788010628101063,-0.10309501578569696,0.6484264755864565,0.2888093861733758,-0.1251037711514117,0.8783776239247327,0.12064880350455116,0.788853471784389,0.6880698392696618,0.10439146408752496,0.37267435892054784,0.7068233712372592,0.09554126322785583,-0.034105534292039816,0.7591023127716171,0.12374126296637736,-0.11002503521829644,0.591803604592634,0.05613702471246116,-0.09292064613488203,0.6265898606183627,0.11358095832587417,-0.09753996076819144,0.844407336226433,0.23028582693927002,1.3075101823354156,0.636729259506946,0.2394332646008054,1.5874015824118448,0.5634164694439355,0.2399973910746298,1.4091238974048625,0.5422135939599306,0.389794782826618,1.228552669019725,0.6719590602227614,0.5043031922299273,0.9734906787413471,0.6934592935670773,0.4251712022080075,0.8088222404267464,0.5551596093314196,0.3156134323954211,0.749545073209736,0.5249787127035404,0.32163109279512725,0.7297543723571279,0.5403964394489247,0.3448902495255157,0.7119349621914671,0.5770647221001106,0.06236232226538101,1.238139073743352,0.6487893041985949,-0.037831847356041136,0.9863535980235967,0.6708379496899488,0.021030398916571817,0.778444095632279,0.5524314310637883,0.10300871264995493,0.7558937378234921,0.514970375505355,0.09325090188317035,0.7061077229900038,0.49272084076137257,0.05666626382920963,0.6727130861906565,0.5520071920615534,8.866666666666667
0.3261287424783303,0.779531561242091,0.7032870973336155,0.32517230120638735,0.35250862232037966,0.7361840811993206,0.3246770645297059,-0.045353875121713766,0.790975639084313,0.28200001456740204,-0.09450260223775472,0.5882330482114787,0.35788074701647155,-0.10316045860895741,0.6483757128381964,0.2890319432135839,-0.12510247209027317,0.878443700135734,0.12059288677073095,0.7868246715727429,0.6889950852435976,0.10473045283838266,0.37117738063878836,0.7075861763880837,0.09563121787342521,-0.034839743020644506,0.759079546133298,0.12426520301316485,-0.10954083218501662,0.5906718050490205,0.05642879563892071,-0.0922486745908495,0.6240282644718006,0.11365064018039968,-0.09794507789425227,0.8449710229830815,0.23029019778371257,1.3073341648678583,0.6367881378699238,0.23985466933705357,1.5874844797830308,0.5595684021366378,0.24096114669252,1.4081509962993708,0.5398940385230843,0.3898672495517752,1.2279379405735846,0.6721773279179684,0.5040986978903147,0.9720748054983608,0.6928018233597154,0.4205379720858008,0.8091061368343974,0.5530055781167561,0.31072604097478734,0.7485418499176026,0.5261617102557765,0.3165499847939275,0.7279462406579608,0.5445396774480469,0.3409697015596391,0.7125395927192527,0.5750254485666554,0.062361439548882555,1.2381472086356515,0.6487144979875855,-0.037556127107843854,0.9853765868496168,0.6700418314621557,0.026354536964191967,0.7763053041092657,0.5555809069191328,0.10837035414704456,0.7514676287970848,0.5252801138187931,0.09656173614165062,0.7065785700206285,0.4933385450714466,0.06083245435413074,0.6738523516637882,0.5507089890690003,8.883333333333333
0.32508814022092775,0.7762783420847358,0.7050287420698131,0.3252445181657374,0.3528324881819863,0.736216095524632,0.3250567713055349,-0.04484658489072178,0.7911278557104143,0.28251013954728604,-0.0961241955895047,0.5910382316667013,0.35785716489883107,-0.10306590701444945,0.6484362436258587,0.28913621447170124,-0.12511081768508078,0.8784059130674778,0.1206146197644206,0.7844539819522022,0.6891588418820046,0.10509646301986038,0.3696669728090169,0.7084897476614267,0.09566317584799472,-0.03538305508553714,0.759029859735895,0.12446462770001164,-0.10958245684740156,0.5908762711021067,0.05725220152149686,-0.09126646585908882,0.621343116133483,0.11382777661479833,-0.0982379331514425,0.8454249671022732,0.2302714515253138,1.3072065256941865,0.6366919765825884,0.24082887572444017,1.5875540564093336,0.5568588973226449,0.24189362210912757,1.407807553780105,0.5374832648784451,0.3899690418297745,1.227521310573601,0.6724560106297365,0.5038614005049752,0.9704607998725183,0.6919402981242195,0.41444458503349113,0.8079796478937251,0.5537001800467277,0.30369517849400407,0.7462411466884611,0.5316970512792649,0.30963662263053277,0.725672584108328,0.5518890128676995,0.3357306811546899,0.7125281796874974,0.5727140239547434,0.06238202456532983,1.2380048987061638,0.6485663884916585,-0.036884760893777485,0.9840129008154304,0.6682404518971343,0.03202362512946759,0.7737756643029341,0.5594387915026167,0.11434420704981683,0.7470468296722845,0.5353295343542184,0.10035785413792742,0.706375885759839,0.49419739529647455,0.06454072984237166,0.6750374082456294,0.5488893767013064,8.9
0.3240966425569497,0.7726817231221776,0.7063770889636678,0.32537033960561307,0.3531993986745074,0.7362756932274975,0.3253228594310163,-0.04425695580386438,0.7912075825794961,0.2831732906786557,-0.09742276891274848,0.5939974053505459,0.3577899289373879,-0.10270450667013202,0.6485580222649386,0.28914054554855384,-0.12517535058671908,0.8783128328497466,0.1206901041877424,0.7816994309620673,0.6888928102632164,0.1055088105925817,0.3681442609496367,0.7094954835469026,0.09566274454525399,-0.035760948238669266,0.7590028575270366,0.12446740994712166,-0.11002694637225909,0.5919908336815933,0.05852642150876622,-0.08996925916189052,0.6188817037048573,0.11410233657906628,-0.09837295414016295,0.8457121583180275,0.23021674218350288,1.3070828014360514,0.6364272181624017,0.2422939128123906,1.587600709647948,0.5555554670644587,0.24271146751078698,1.4080149445719277,0.5352014269857612,0.3900740358928994,1.2274018822877961,0.6726992500430489,0.5035039498857018,0.9693202894130962,0.6908591853230108,0.4065868492277226,0.8061533533842518,0.5573305493528726,0.2944707843805146,0.7442906692440675,0.5407970828631559,0.30055084684026856,0.7245437639690235,0.5610932452109608,0.32830892421023095,0.712727112871303,0.5707691555117054,0.06242162571936308,1.237628480768496,0.648415634112661,-0.03590072354593548,0.9822214022145982,0.6656380420396846,0.037592532060132924,0.7712712810643736,0.5632158053607408,0.1206888098407476,0.7432491839840635,0.5442845822194359,0.1048007002139075,0.7047239188539911,0.4968635636619125,0.06853682560927171,0.6762612096230081,0.546161258030279,8.916666666666666
0.3232297384727831,0.7688913997279901,0.7072392264680758,0.3255518366340016,0.35351875037485303,0.7363907946650616,0.32550789534927294,-0.04366322701430783,0.7912354091080758,0.2837379335432484,-0.09816884808561659,0.5965587007347712,0.3576781439989005,-0.10209222842136098,0.6486329540083404,0.28910130708790255,-0.12528652935823056,0.8781956024368434,0.1207517922617115,0.7785050072409047,0.6884594111217983,0.1059859479665397,0.36658208764698186,0.710583082782939,0.0956692596152623,-0.036000933999391596,0.7590173372535455,0.12445395864427033,-0.1108883641242886,0.5933546324495985,0.06008058106165545,-0.08839687990147752,0.6169957969238902,0.11446893167914897,-0.09841884045396299,0.8458814868360084,0.23013985290023298,1.3069058482120512,0.6362153923373306,0.24402788969038058,1.5876330086090888,0.5554677580350031,0.24328306137685293,1.4084328864171736,0.5334048660769349,0.3901549923054066,1.227709563462827,0.67283562146542,0.5028330007569726,0.96922789669031,0.6891931356882723,0.39656892007447725,0.8052797228963212,0.5625543654416854,0.28291417688291964,0.7462201170697202,0.5506356529151121,0.2888473855432198,0.7273297007583074,0.5694044624298147,0.3175816396632256,0.7148997579693837,0.5692630326372224,0.06243985963738936,1.237018103081117,0.648396841795678,-0.03469909433916023,0.9799295885541217,0.6628108809673724,0.04285683216610893,0.7693233396700185,0.5658521492740017,0.1270404978276938,0.7405492794349894,0.551770946509284,0.11016095797068759,0.701075031564873,0.503381549460336,0.07397469677819651,0.6771590204928313,0.5434665627113033,8.933333333333334
0.32251029671814196,0.764994637405431,0.707637948594521,0.3257674570121356,0.3536887772213091,0.7365624217641397,0.3256609607526557,-0.0430632638148518,0.7912036841008128,0.2840048493560297,-0.09822363815074138,0.5984497656684775,0.35757085155443613,-0.10136966186331733,0.6487934166572997,0.28904948758891935,-0.1254073046556861,0.8780666039609509,0.12072289292768643,0.7748764660496954,0.6881075343366322,0.10648388486062547,0.36497335965192773,0.71173484565973,0.09570606388399092,-0.03613341795851145,0.7590674409981278,0.12452876374871172,-0.11206119063071417,0.5943278445924126,0.061662869169025004,-0.08665898460356064,0.6159577644516024,0.11491758604889331,-0.09847197773691298,0.8460025279383334,0.23010558609067255,1.306657781229577,0.6364660520835637,0.24582726350284975,1.5876875946981663,0.555956771676064,0.24357120512714003,1.4087374821986813,0.5323981707544365,0.39019535218450097,1.2284763567391124,0.6728446613482207,0.5016837464463135,0.9704526328844143,0.6863015593662641,0.3838943129168536,0.8079024125549534,0.5668611731494542,0.26881865859805987,0.7559874296048321,0.5581609936478834,0.27419714350227276,0.7371414240965835,0.5738272960157359,0.30280609428345445,0.721484355449673,0.5670144418888905,0.06235769219649302,1.2362145130625195,0.6485970277438691,-0.03328909551387163,0.9771725005258177,0.6603510155952702,0.04796672428224219,0.768396864894429,0.5665510939442071,0.13286695161076892,0.7394784228178124,0.557899669309293,0.1165680505257844,0.696130652438383,0.514572304942336,0.08177104871181357,0.6773735865139712,0.5426261228748525,8.95
0.3219044950503184,0.7611509794793965,0.7077724094408577,0.3259868632779828,0.35365022475908603,0.7367687911396672,0.3258474963033634,-0.04239610886100767,0.7910477053955006,0.2839117798688236,-0.09751661585580004,0.599427137430377,0.3575559020685951,-0.10074090374137461,0.6493959041892423,0.28897409079286085,-0.12551047908491503,0.8779223950346683,0.12059182701586711,0.7710478407616896,0.688001327869731,0.10692869357848225,0.36335623849904747,0.7129126158583845,0.0957767549030376,-0.03621049933301826,0.7591517034661017,0.12469701920759216,-0.11300296588402345,0.5944398644433503,0.06296148453831965,-0.08493425022243163,0.6158121503436232,0.1154211665034787,-0.09859276285272288,0.8461426617581636,0.23023029204290105,1.30649463591827,0.6374870124682306,0.2476214268853577,1.5877906231582075,0.5564496099010491,0.24371892381294052,1.4088287078944388,0.5322259843133827,0.390223488662224,1.2295954950032917,0.672712411457759,0.5000092375189218,0.9729826339907753,0.6815722155780207,0.3683446464771164,0.8167904193585849,0.5678363143826817,0.2520827744923013,0.7761184090637786,0.5622698047844311,0.25659420439555897,0.7560593531584562,0.5728377329728754,0.2839949347362213,0.7347157169495595,0.5625165724378989,0.062103019730158804,1.2352406097495718,0.6489713969985154,-0.03168473526212724,0.9741977152327785,0.658650209220496,0.053361406921420246,0.7689529088770447,0.5648191210912024,0.1379450540872128,0.7405783802976281,0.5627608211993743,0.12401585077971852,0.69220552091375,0.5287384039880854,0.09207151889250668,0.6772447242082444,0.5448535103921557,8.966666666666667
0.3213607882164847,0.7575571967942255,0.7079433528610677,0.32619154256902944,0.3534232052497005,0.7369920270130041,0.32610487840055585,-0.04165050367745099,0.7906982422968752,0.28349264711279154,-0.09625294826252759,0.5993569573382216,0.35769962532457666,-0.1003771627823174,0.6506815292869268,0.2888464477579689,-0.1255580795960173,0.8777657824236228,0.12042295853252263,0.7674006009548012,0.6880854795565234,0.10727051392979083,0.36177745988045634,0.7140630920090595,0.0958711334899312,-0.03629529288325967,0.7592797516353644,0.12490274787226871,-0.11303477165323467,0.5936507281555399,0.06369813900688914,-0.08348124540449614,0.6164001654356585,0.11592974634811122,-0.09879824534844345,0.8463526924799788,0.2306379904245311,1.3067342579026295,0.6393216364352321,0.24943081117641341,1.5878910848722343,0.5568122453167234,0.24397767255077862,1.4087995087662573,0.5325363472826208,0.3903314887290099,1.230895764289075,0.6724784977050766,0.4977496908950535,0.9765367719348843,0.6747225373465997,0.35051097274632836,0.8339548058547798,0.5641499255213185,0.2328328934286911,0.8072470676734274,0.5638829020354209,0.2363290779295352,0.7847599247551509,0.5669856832166984,0.26189288647909315,0.7558292845071284,0.5554909730526497,0.06172883017150524,1.2341828649430786,0.6493836974726522,-0.030018962501299665,0.9715403801636251,0.6578763736752055,0.05948413692197417,0.7716633544165561,0.5603248816642878,0.1428144986111774,0.7441731108445064,0.5656859910824249,0.13257609845579224,0.692289623867577,0.5421834949904634,0.10414150278950329,0.678039423465126,0.5498882989678974,8.983333333333333
0.32085411580053647,0.7543095277566161,0.7083376744243576,0.3263755556572899,0.353077567095951,0.7372234208545703,0.3263975736353276,-0.04093677309038872,0.7901928773234979,0.28282681127311615,-0.09505262413895912,0.5986368109967232,0.35800993585630875,-0.10035718392516538,0.6525864297626769,0.28864873051472606,-0.12549630870347403,0.8776173969158341,0.1202876666269007,0.7641103069123012,0.6880852190475376,0.10749004631909335,0.36025159506648946,0.7151471998766444,0.09597709584229848,-0.03641613619271686,0.7594531161841126,0.1250224975495067,-0.11194165894640808,0.5925500765466689,0.06374134132178144,-0.08263286727866602,0.6175929949864128,0.1163939274838272,-0.09911372860569692,0.8466197441912174,0.23139280054241118,1.3076350215259362,0.6418043174137462,0.25122499085603084,1.5878757006444364,0.557141866857765,0.24453442263951602,1.4088075558299127,0.5327432807371391,0.39057312690379203,1.23232272233039,0.6724015785324274,0.49458690261165367,0.9805583080314452,0.6660437682256833,0.3318491037502019,0.8599156093711796,0.5557152211061269,0.21190665940507067,0.8485854803988317,0.5639899710920542,0.21429351518615297,0.8230491483780892,0.5580661196967978,0.23799702413107957,0.7851712381868219,0.5470451137178991,0.06158896766547045,1.2334209388722739,0.6496995393452085,-0.028521529033249553,0.9699486984278121,0.6579278864072571,0.06647193134867736,0.7772815103749819,0.5531386390389847,0.14842850074253522,0.7502360142852812,0.5653478088636421,0.1422941917575897,0.6985565023717659,0.5510041679228004,0.11668066693680428,0.6813833885752801,0.5562331913681753,9.0
0.3203942895775482,0.7514118450081188,0.7089177815641858,0.32653445564099526,0.3526826746417738,0.7374563386426685,0.326620963254961,-0.040436967370467924,0.7897027728939233,0.28204663950282094,-0.09465482520183253,0.5982264314815354,0.3584549216477234,-0.10064532820331851,0.6548482533542889,0.2883909440693533,-0.12534398855781959,0.8774671924049354,0.12022915755964275,0.7610288430663561,0.6877787257861034,0.10758595349691372,0.3587805801091711,0.7161486308524536,0.09608650636852087,-0.03655874643271169,0.7596569732999884,0.12485918252643613,-0.11014518330270757,0.5920291232925343,0.06314560145797644,-0.08265127094508612,0.6194029173326022,0.11682471200014585,-0.09959341604271982,0.8468086866990201,0.23252909831297586,1.3091618765253568,0.6445892105443992,0.2529978273888397,1.5876863825427106,0.557347537263805,0.24542334317646317,1.4089627802160947,0.5324689424946529,0.39082346631195963,1.2341063016528449,0.6729203859889568,0.4898580820556995,0.9844528462679955,0.6560452522997904,0.31401655485833313,0.8936911045043201,0.5435656184036372,0.19122477269190774,0.8981414165623605,0.5622028493832867,0.19239510914585253,0.8701759586148581,0.5479027969375591,0.21467399077024724,0.8229914728510482,0.5383516877045678,0.06234272925324881,1.2336020966517927,0.6499467761141762,-0.027386688581070906,0.9699698905972678,0.658411802337286,0.07402928117727742,0.7861699033799038,0.5441552646349928,0.15531468087670536,0.7584811889771028,0.5608248606602533,0.15284021220733995,0.7114274663615427,0.5525892104551066,0.1283850884990004,0.6884498347010739,0.5618394408841786,9.016666666666667
0.3200064834926454,0.7489506809310466,0.7095337212284263,0.32666232882962726,0.35227859807418693,0.7376811297683674,0.3266656968299758,-0.040294188413567245,0.7894081591242433,0.28133154352453,-0.09542522519917485,0.598999729983667,0.35898806217053547,-0.10108608385601005,0.6571708765612564,0.2881129869756086,-0.12527106898040258,0.8772212101190556,0.12027556252328225,0.7579815349774593,0.6872523409682536,0.10756540475295272,0.35739658818738534,0.7170395550891788,0.09619072961745442,-0.03671949268143024,0.7598695283114224,0.12419243556273879,-0.10844193637688906,0.5927996715181502,0.06209656514160016,-0.08355238497926698,0.6218298769754594,0.1173045722021278,-0.10024639112439113,0.8466618316133049,0.23410541903815402,1.3109503089774857,0.6471439229224036,0.2550336269856681,1.587377378295032,0.5571163162450725,0.2466605977096417,1.4092694167615547,0.5316707705093362,0.39083798178932383,1.2367151383919381,0.6743043002520215,0.48279470997030016,0.9880483135013836,0.6444848010999302,0.2982274841393021,0.9333601521872872,0.5294789180144083,0.17343850240359804,0.9529772304995238,0.5574207063799586,0.17329606235331513,0.9249345181812813,0.5375147112389499,0.19481500471501825,0.8698094018549181,0.5295176957875245,0.06455765789908596,1.2351177966880935,0.6504570960792688,-0.026669102555956198,0.9715438146592754,0.6588094702579357,0.0815552277836022,0.7979011092780499,0.5350672545562434,0.1632196538030936,0.7685622513112489,0.5522080145991194,0.16345222888475974,0.7295261978897121,0.5462855331367168,0.1383825561643381,0.699555088589845,0.5646815611465384,9.033333333333331
0.31971544232320404,0.7471438356658627,0.7100584683060936,0.32675503212061363,0.3518776118768335,0.7378816951972211,0.32647647404124513,-0.0405621854642049,0.789384866477902,0.28084473643910335,-0.0971838128426569,0.6011627301716171,0.3595343760150562,-0.10150462348805833,0.6592952065257264,0.2878535289176126,-0.12551179172542154,0.8767590461276358,0.12044572629074328,0.7550094326474845,0.686746497616363,0.10743674336928608,0.35616137917042046,0.7177599680431478,0.09628134806646255,-0.03693602249709742,0.7600764058146889,0.12286025904968789,-0.1075982209238497,0.5952114379186212,0.06080824460388924,-0.0851151144612381,0.6247043385709847,0.11789738154457569,-0.10097737599378873,0.8459294912739427,0.23609682609055693,1.3124872604946802,0.6489213708538584,0.25784974829016294,1.5870399775346622,0.5562332189357944,0.24836242678624598,1.4096282285108213,0.53033324754109,0.3904539761953547,1.240616013079802,0.6764239788117755,0.47297947146558206,0.9918341612057398,0.6303085173753988,0.28530919286686796,0.9765025966434424,0.5153828425948833,0.16119001364309335,1.009943615166083,0.5491414809068058,0.15974693559140124,0.9856604698273826,0.5269194295125648,0.18113436266074956,0.9255160236367045,0.5194392188356991,0.06823915325121792,1.237623091961427,0.6516967053248812,-0.026305425152979574,0.9740067792992844,0.6587503633992912,0.0885343018460362,0.8112285806549137,0.5276856587803029,0.17145920909070672,0.7799801846470249,0.5403216867176193,0.17327345624076052,0.7501968216464968,0.5334666414582231,0.14636102434441353,0.714148617461333,0.5631425602215423,9.05
0.3195461227150309,0.746155633484683,0.7104066550391794,0.3268116923032047,0.35148295326637835,0.738035824332977,0.32604996578382234,-0.04123158016648586,0.7896172752416922,0.28064251254740163,-0.09944886198622763,0.6043220081222216,0.35996000578855736,-0.10192043209767872,0.6609893245779537,0.28760372167856696,-0.12616528233280788,0.8760928847855618,0.1207505051580044,0.752271668314542,0.6862915510373244,0.10721279796623077,0.355134209178163,0.7182518747668205,0.09635674438666038,-0.03725125949204294,0.760278810469615,0.12085484565508642,-0.10806615162569157,0.5992027565281886,0.059463223342595045,-0.08700502325279309,0.6277052743157187,0.11858052059138871,-0.10165720502066675,0.8445516455044981,0.2382765031459697,1.3133097524580046,0.6497584339244535,0.2617445513384303,1.5867270205023498,0.5547664784617647,0.2505291403632084,1.4098458306547543,0.5285680344234951,0.38965376586635236,1.2459442742385975,0.6789400295318611,0.46068980071930304,0.9966674064018815,0.612958609292641,0.2760099002085152,1.0205070758902766,0.5030546953456262,0.15630897284719794,1.0664474281234084,0.5374578739010765,0.15398301880286072,1.049843569106026,0.5153842515097717,0.17542588810284115,0.9881463218364187,0.5066771184683801,0.07275026506332935,1.2401971431675765,0.6538915496304559,-0.026168678988700733,0.9763740705054588,0.6581885222674747,0.09484361860634942,0.8245552386528336,0.5231952708010257,0.1794054813925262,0.7918097470315304,0.5265286394247668,0.18172056292442257,0.7702115791995712,0.5171227451408202,0.1525343796839145,0.7308710238180522,0.5566509422841092,9.066666666666666
0.3195239362210991,0.7459521578132078,0.7105110075561993,0.3268342985385544,0.35110261078154054,0.738121005312583,0.3254110990081551,-0.04225957532290035,0.7900658152464095,0.280628747416867,-0.10175954873983886,0.6078746738483909,0.3601094280080813,-0.10258468402669854,0.6620638737674236,0.287308420919982,-0.12711264387416285,0.875420412600317,0.12119261535200533,0.7498503980841348,0.6857053955864356,0.10692399630161048,0.35435308719398945,0.7185009187002287,0.09641534182021097,-0.03766465892081643,0.7604790898479806,0.11841464032318513,-0.10997859397811731,0.604309867386421,0.058223076985987804,-0.08884984983549186,0.6304661685829235,0.11927008449200857,-0.10224712176554221,0.8427172405148203,0.24029782341651892,1.3131125145568394,0.6501332546398328,0.26651425027776987,1.5864636320631607,0.5529755706243784,0.2527414346883177,1.4096590980220862,0.5271396987157517,0.3884621795456108,1.2521603048675334,0.6816790628657938,0.44684395093636614,1.0031713901690322,0.5932468020202635,0.2707864908423304,1.0631205786512388,0.49378544249775785,0.1591660831176594,1.120797773095215,0.5226441264796118,0.15691875693534668,1.1140630953851236,0.5019171852649401,0.17780348207242125,1.0540715160899061,0.4907000393458304,0.07707900589507959,1.2419745354391538,0.6568952648651767,-0.026063902739596197,0.977720770462783,0.6573942478549438,0.1006086569416968,0.8365513251049621,0.5218922708737147,0.18668043742043566,0.8029726068461962,0.5127804731700563,0.18857176668212625,0.7866340908228189,0.5011451220777977,0.1576077308642858,0.7477521222933177,0.5463124791525005,9.083333333333334
0.31966234771005503,0.74639400617084,0.7103406827527852,0.3268274908063007,0.35074857016110916,0.7381380167103972,0.3246109551994704,-0.04356389945258904,0.790716208128558,0.28063304416642176,-0.10379393668956435,0.6112718054651155,0.3598999010753228,-0.10374474878231273,0.6625117208497201,0.2869142614002303,-0.12814521028981257,0.8749706141229758,0.12176068603620367,0.7477216466283463,0.6850038571747992,0.1066208878078289,0.3538247614669554,0.718533457617589,0.09644658464830835,-0.03813706727558559,0.7606663793346268,0.11604208058819537,-0.11314996551483546,0.6098212292259875,0.057241612894736185,-0.09031293853096847,0.6326432915902583,0.11986212779496708,-0.1028243775122904,0.840762619679069,0.2418765253468153,1.3118332605292382,0.6508655688865994,0.27162363400123773,1.5862864014793545,0.5511578527133778,0.2542849340556449,1.4088263253911635,0.5272669293147556,0.3868951348641171,1.258064649126482,0.6847207401819829,0.4327325883710385,1.011355148347131,0.5728342491065267,0.2692890392272975,1.1029038337874917,0.4877629275935584,0.1686028054488417,1.1718257492647384,0.5060238658235617,0.1674634549830553,1.1747346776259575,0.48617405003451686,0.18658138084774617,1.1192364244836779,0.4720932048859571,0.08022200732298534,1.2426257566126357,0.66029876880273,-0.025761541927595527,0.9775144991578416,0.6567912322332583,0.10592381105405849,0.8463571542918022,0.5233492003740453,0.19314437246168858,0.8128378526038328,0.5013351306751623,0.19385114081725932,0.7979030038113324,0.4890775058961071,0.16256569204507548,0.7627692071920924,0.5344595806261218,9.1
0.31995428484920163,0.747414405279327,0.7099478070583256,0.3267999285327941,0.3504095517281657,0.7381535791343679,0.3237281325645837,-0.04501247025485915,0.7915881678408992,0.280545176624997,-0.10532657296878487,0.6140872454262056,0.3593442887594541,-0.1054686530230351,0.6626171727846479,0.286405567129569,-0.12913081152734052,0.8748510243117159,0.12242673290515234,0.7459273747163803,0.6845387809175917,0.10634844114922343,0.35351950813331734,0.7183748871589608,0.09643934691297916,-0.038630008212834605,0.7608279302902136,0.11434393839215401,-0.11694938057010695,0.6149842764094411,0.056639635871122695,-0.09119638143838611,0.6339669446193693,0.12027486607290949,-0.10347267565220533,0.8389727556774943,0.24289020478425133,1.3097173842986591,0.6525720822406723,0.2765191296973619,1.5862342912465432,0.5495679691368597,0.2546303306294872,1.4072488832997618,0.5297061304819741,0.3850394359267112,1.262389343829549,0.6880857071508629,0.41982947365432943,1.0207298624776187,0.5532956431081787,0.27038196189149327,1.1392103088402352,0.4840576639395254,0.18226543025037067,1.2180911985516127,0.49102866937341133,0.18273631776682575,1.228684137073672,0.4696021728048017,0.19907419900688583,1.1797156300009972,0.4520537002446944,0.08152659236245956,1.2423330993107113,0.6635372490945478,-0.02508221902303725,0.9757992048996197,0.656632400755883,0.11081718787875196,0.8534941226299604,0.5267800167651815,0.19891257547995492,0.8212432335625199,0.49396254343402535,0.19782123709323607,0.8044951629566165,0.48248507467594737,0.16807717844165043,0.7745646396594124,0.5232795358736848,9.116666666666667
0.32037333127840717,0.7490231406460959,0.7094855665862791,0.32675907553260886,0.3500221073766506,0.7383026143691104,0.3228388914836096,-0.04647690485567356,0.7926954231384375,0.2803754364358644,-0.10619472531745666,0.6159670324737878,0.35849026875739887,-0.10766710561825049,0.6627844084740516,0.2858068115073681,-0.13007912834321095,0.875058090473321,0.123134622593359,0.7447582413376292,0.6845352314866289,0.1061161252076974,0.353403296933095,0.7180190779539728,0.09638971242775622,-0.039124203210801206,0.7609607371225998,0.11373927738824174,-0.12044371570035209,0.6190975973538743,0.056441709506604903,-0.09150685328272917,0.6343887002802057,0.12050506119412788,-0.1041855179338689,0.8374434603299791,0.24336794415406904,1.307271165117099,0.6554577071523976,0.28075904856798306,1.5862873578418517,0.548405665962299,0.2536973927413257,1.4050428523891247,0.5342998713438789,0.38311910489653134,1.2644247185239632,0.6915033355103954,0.4095433846575977,1.0306122178005355,0.535791855812052,0.27283267414150364,1.1717965320914274,0.4814368374080706,0.1970512219974349,1.257801561420444,0.4822802599571718,0.1990174964782135,1.2732784377568145,0.45554941316746256,0.21249030127747448,1.231637964315009,0.4324589936242781,0.08089054145811801,1.2414724470740721,0.6660996506671046,-0.023926873006379634,0.9732494291772552,0.6566812172472583,0.11529048281568507,0.8579250239019122,0.5313252760454146,0.20433049183738816,0.8281123760680462,0.49100147395896276,0.2010717949706138,0.8082927117498411,0.48036365717190815,0.17401646752519345,0.7828820371165167,0.5138812688995819,9.133333333333333
0.3208605263123669,0.75118863913109,0.7091493057319753,0.326705422425162,0.3495217557408409,0.7386531656364334,0.3219787436005117,-0.04794713892335298,0.794000054247404,0.28024874462646565,-0.10635882612220668,0.6166160364770256,0.3573913334003558,-0.11011398401154629,0.663252500076917,0.2851636932651736,-0.13110795898759015,0.8755569832340274,0.12378296137919866,0.744624315377842,0.6848028060828117,0.10590148082283236,0.353482347352133,0.7174460669221804,0.09629964169742342,-0.039614700269264336,0.7610680954203947,0.11426383853197072,-0.12283998369702592,0.6215627085686354,0.05652909578288484,-0.09145321234831323,0.6342056754553801,0.12062727147525457,-0.10490237095978001,0.8361456331101088,0.24342126786861706,1.3050816069996236,0.6593443173433597,0.2839703284415878,1.5863418775745037,0.5477938305985425,0.2517192904333369,1.4025170555998592,0.5402369186510104,0.38142101468170353,1.264166850189544,0.6945915677529961,0.40279746463789967,1.0401928620640495,0.5214368542009036,0.275880771087021,1.2003422299286182,0.4790593910842581,0.20999783223382998,1.2895952067816787,0.4828804525031205,0.2129006689736762,1.3069564821277546,0.447482593300337,0.22442052859772302,1.2717574258085202,0.4159021711998172,0.07880960040243755,1.2404571435766536,0.6678499272458253,-0.022294121201082113,0.9709848130065077,0.6562873187964728,0.11922567212420812,0.8601331003875305,0.5360695417015834,0.20967774250965374,0.8333287677878826,0.49112884025624376,0.20423742189657756,0.8110789075026122,0.48036364525844144,0.1796430129326208,0.7883792258481717,0.5063723466033114,9.15
0.3213066387897418,0.7538704372536293,0.7090357791809024,0.32664464816137306,0.3489572800330467,0.7390169912634432,0.32114700770222204,-0.04955266325280207,0.7954249534387454,0.28034102299302177,-0.1059780812878508,0.6159428353418539,0.3561558310211632,-0.11236830918997924,0.6639767088105825,0.2845187474249506,-0.13232880197403002,0.8763166875849638,0.12426784605840421,0.7456957055500438,0.6851216823227229,0.10567373820213442,0.3537813566593052,0.7166643336060736,0.09618300370866377,-0.04010024670674875,0.7611535815670541,0.11560420946622645,-0.1237637984965804,0.6221017031632229,0.05671022524386975,-0.09131885708388367,0.6338744683411234,0.12070653617089482,-0.10558071923533224,0.835063059432256,0.24319102342727753,1.3035775890673553,0.663673706012956,0.2858685919235332,1.586302358986195,0.5476863522030517,0.24903974975316617,1.4000670967601039,0.546481257118588,0.3801274422081523,1.2622012483506466,0.6972112355088729,0.3996740681313513,1.048535615891589,0.5114947956721645,0.2791546698599617,1.2242475430308533,0.4766704037933848,0.21939907853963742,1.3130617383720058,0.4922587236889703,0.22241740798820508,1.3298903650706784,0.4466516974910445,0.23325716290851772,1.2987472791773615,0.4046656701967644,0.07625906028736439,1.2397914899728808,0.6690960001591745,-0.020317311868748175,0.9699967917455277,0.6548856967214974,0.12229661141548022,0.8609190085045417,0.5400010487408392,0.2147299330789186,0.8367153184457986,0.49242583361745784,0.2073921835866512,0.8135469199666487,0.48066101234138403,0.1841448058828563,0.7918929938202279,0.5003568524161489,9.166666666666666
0.3215840456642409,0.7571235355063552,0.7090317751126426,0.32658933063556544,0.3484899417473165,0.739041627241273,0.32034695129405166,-0.051400450552896715,0.7969009698040485,0.2807632207129491,-0.10532168249331302,0.6141528622318516,0.3550050480957265,-0.11380384102292915,0.6646047766383432,0.28389997075895484,-0.13376627192120816,0.8772995447975351,0.12457243798168931,0.7477575587890388,0.6855329796760468,0.10540843208706105,0.3542639522048263,0.7157266852364055,0.09607507562526929,-0.040571923456831194,0.7612159851457488,0.11727745344517765,-0.12328642084013317,0.6209402766806333,0.056859743324775315,-0.09127256059580283,0.6336675025762899,0.12074063643741989,-0.10620496560431597,0.8342291377353419,0.24284923470839712,1.3028501743338277,0.6676667081627148,0.2864667018240721,1.5861889971473155,0.5478301837480142,0.2460901945544961,1.3980398136275454,0.5521009370334353,0.37925785945768786,1.2595201042714086,0.6995632464278264,0.399409676922906,1.0549557925609485,0.5064435187993319,0.28233660572784586,1.2429561999950256,0.47444692578529657,0.2251717497344878,1.328671823952348,0.5065316439008415,0.22748404882583245,1.3439322719764748,0.4511832879875753,0.23849550047768897,1.3140296072254407,0.39952875431009477,0.07432170613599848,1.2399008859939862,0.670370901297527,-0.01821108950349119,0.9705200513718046,0.6524404838323471,0.12409711728133824,0.860951274193349,0.5422170429995625,0.21872820338332177,0.837933267313446,0.49378117748544614,0.20996849325160183,0.8153951176756642,0.4808196937312174,0.1870673349931706,0.7938001336029629,0.49530812719093165,9.183333333333334
0.3216184992770684,0.760914389808538,0.7089003597077134,0.3265331504289207,0.34823674642357716,0.738570084326678,0.3196092624512317,-0.053427335194383516,0.7983766955187382,0.2815103023519637,-0.10458074794146843,0.6116157435580954,0.35422233744742204,-0.11392935090914556,0.6645994644933625,0.2833251305069954,-0.13538822951327015,0.8784506623712849,0.12476659603827962,0.750310023452255,0.6860146982233535,0.10508896394707203,0.3548064310022716,0.714712078389568,0.09602120126363585,-0.04101023712233723,0.761245467684413,0.11879205251165229,-0.12185156382171863,0.6186562590651323,0.05695604656726018,-0.09132459290633052,0.6336028604517212,0.12070533370025355,-0.10677841373744351,0.8336945521137044,0.24253204024772945,1.3026706079205346,0.6708245327325467,0.28619154354173165,1.5860846136342808,0.5479485611636836,0.2434486882134472,1.3966429117081958,0.556334518956905,0.37879124789223595,1.2571435460666591,0.7019159852051714,0.40079930702014344,1.0595728764647694,0.5047988644351978,0.2851220499411444,1.2564899137724692,0.47247804003104843,0.2282687188655439,1.3377360877447237,0.5209757093911442,0.22921962225588097,1.351903555928465,0.45735259179303644,0.24055580953711814,1.3210829149764851,0.3994891238861106,0.07365950221250192,1.2407342626509936,0.6722001968696546,-0.016159738661348493,0.9720004563395847,0.6494194379197371,0.12447139273978075,0.8603085472975492,0.5421899630230327,0.22094377854336214,0.8366438962923073,0.49507397896687355,0.21138019996291146,0.8159191688615821,0.48130994601607846,0.1885183075934581,0.7939581432826139,0.49088814580738804,9.2
0.3214252976558698,0.7648288491783205,0.7085441816659496,0.32644202179937604,0.34817988234401065,0.7377626742090595,0.3189699347565208,-0.055451431211630584,0.7998032057331032,0.2825021447383922,-0.10382252676944256,0.6087171872468778,0.3539906047013871,-0.11273294530023562,0.6635892098720299,0.2828084737424639,-0.1371410780922846,0.8797080997560344,0.1249147572389543,0.7528270907510795,0.6861118797977803,0.10470171629785313,0.3552957475851837,0.713711938438795,0.09604045483582416,-0.04139536921521482,0.761226894796604,0.11975154608604174,-0.12003898571555169,0.6158562317962563,0.05701775214211718,-0.09141730231452173,0.6336064276407972,0.12061030249736754,-0.10734357041521883,0.8334995661382736,0.24222671168020027,1.3026876673530952,0.6734296380116239,0.2856453583253227,1.5859866099726019,0.5479567888286165,0.24169679688071039,1.3959175737685134,0.558598529565556,0.37874412383550043,1.2557070044549639,0.7043514519110363,0.402783957243156,1.063217741160254,0.5038941096206373,0.28741737461785916,1.2655869193951916,0.47052803535549337,0.22983763798022733,1.3422908862331162,0.5322430258789701,0.22906335959034085,1.356602362191871,0.46202445526330727,0.240548265999617,1.3235267396397425,0.4021261849526605,0.07426229349849357,1.2417357018051502,0.6747999732080634,-0.014263471503650137,0.9735908709306094,0.6464183196306054,0.12374566401455063,0.8584347995289525,0.539835935383169,0.22114033645576356,0.8328884847080645,0.4963490886941988,0.21148035695783507,0.8144756462118636,0.48252531261885057,0.1890149691859272,0.7918935593818628,0.48741013938668365,9.216666666666669
0.3210816527936639,0.7682420078123062,0.708117720505895,0.3262792402625972,0.34824621413806955,0.736891193622147,0.3184271503272218,-0.05731146754610736,0.8011428542417804,0.2836197078049008,-0.10307062702330402,0.6058217461417988,0.35429597841603677,-0.11068870816844431,0.6615818648255057,0.2823547137880754,-0.1389364677050038,0.8810211006730713,0.12502629524486356,0.7551701304088767,0.685104361196966,0.10423526316662386,0.3557494799775285,0.7128185887575152,0.09610165804922104,-0.04171439779757791,0.7611509822769167,0.1199627260830669,-0.11826096943942639,0.6129856863184245,0.05705806759463502,-0.09149332986641623,0.6336176374185186,0.12050970920703849,-0.10796782213936686,0.8336444354928907,0.24182621942284865,1.3026141135644944,0.6764384915149165,0.2852474666987753,1.585791519657306,0.5479267486901389,0.2410389561863519,1.395736979530389,0.5589271042864966,0.3790842046728611,1.2552714355210821,0.7068576380744613,0.4048194009213094,1.0666605231300386,0.5021235617322852,0.28942392023614355,1.2713942162236305,0.4685128638594779,0.23072699505787697,1.3444509801301492,0.538822804024127,0.22843332898857094,1.3598654996470219,0.4641370193526274,0.23996698801396435,1.3237617298187814,0.40469915918270416,0.07562974814010474,1.2422880295004448,0.6777768552597976,-0.01253549837298678,0.9746071802767331,0.6438948624292311,0.12248393255406868,0.8546585608565751,0.5355517397749923,0.21946229674494605,0.8272113243899731,0.4973709609893739,0.21043174200404383,0.8106850242984839,0.4842648515553516,0.18897122551266604,0.786930156829574,0.48596427478056226,9.233333333333333
0.3206725232471927,0.7708185735098012,0.7078033924184146,0.32604648382324675,0.3484104608640126,0.7361295693776382,0.3179281144460273,-0.05893484377226166,0.8023832951130854,0.2847144448146438,-0.10236206922075576,0.6032764057804714,0.35499577971195984,-0.10840266856393747,0.658860635443797,0.28193509677159256,-0.1406566397396144,0.8823619969645027,0.12507188223118693,0.7576309940856479,0.6826492129542314,0.10368654227900932,0.35628031721310716,0.7120995797333484,0.09614750014508133,-0.04195333902417642,0.7610257869650977,0.11951345846522154,-0.11667620780786245,0.6103496729726736,0.057079802315680064,-0.09151700102553127,0.6336102341181936,0.1204816800142577,-0.10863831804839386,0.8340283453251376,0.24129855592220895,1.3023196678827014,0.6806628301684289,0.285125063313,1.5854218448059776,0.5479318517367381,0.24112187499812054,1.395855238279136,0.5582705897778963,0.37967478987461994,1.2554104417099414,0.7094645213292234,0.4067711048602234,1.070192659357612,0.4996909661532144,0.2914970716102453,1.275043486736012,0.4668064147238228,0.23149011790982432,1.345642205776775,0.5407625118795999,0.22841034627188386,1.362316427650071,0.4645210951813307,0.23987374307486486,1.3231315602592006,0.40577955992776715,0.07708733742692778,1.2421004395214257,0.6802760387443751,-0.010967267815902735,0.9747722867954096,0.64216712473356,0.12096588598142305,0.8487071805693112,0.5301235277839077,0.2163113686561431,0.8203649294812773,0.49787517020600197,0.20849084903175719,0.8043990676816469,0.48606405330442704,0.18832209736807115,0.7785509311488896,0.4874839535625002,9.25
0.3202724558877756,0.7727342177492765,0.7075692417875241,0.3258049336056297,0.34871583408389395,0.7354576629144263,0.31740597079244953,-0.06030931968567456,0.8035188150747612,0.2856276308769701,-0.10176145100132875,0.6014151623477708,0.35591110525532194,-0.10623712868488466,0.6558364339835152,0.2814866818263076,-0.14218305033604656,0.8837278959588789,0.1250180769008121,0.7604308809937295,0.6792224931794909,0.10308049674320606,0.3569382240049322,0.7115875096103847,0.09614483451818662,-0.042091049814565615,0.7608840459876548,0.1187486400417023,-0.11527405695569856,0.6081428512994866,0.05707992042721306,-0.09147587805926914,0.6335904473808943,0.12056137249832072,-0.10921362252854233,0.8344226770049084,0.2407671196315539,1.3018505367414284,0.6859026535257123,0.28525170719307696,1.5848991758799555,0.5480066427526809,0.24137886355407562,1.396029148720698,0.5577488677001831,0.3803868741242303,1.255613821748409,0.7120173198366301,0.40860046832366925,1.0739307095876067,0.4973100349580255,0.2939563375149443,1.2773157049047583,0.46590928002808485,0.23257576109302616,1.3464595759568005,0.539517476216755,0.22940241423805152,1.3640403132168082,0.4648783557150919,0.2404136621157411,1.3224688631883112,0.40566747394676816,0.07807863299602717,1.2412730237536507,0.6815124879858512,-0.00962302529411423,0.9741906058504173,0.6414146144195683,0.11907841438161168,0.8407618367316958,0.5243065466330652,0.2124843468051411,0.8128241771170417,0.4978093730455151,0.2060543975141596,0.7956100859255364,0.4876234346897352,0.18652522050127204,0.7669390291048523,0.4915219437946369,9.266666666666667
0.3199757909437577,0.7744662413087319,0.7071792285000797,0.325631353364876,0.34921326210987325,0.7347520085212785,0.31683334431857674,-0.061417118948611696,0.8045219508447835,0.28623235142638503,-0.1013432620322588,0.6004933266505058,0.3568377156471476,-0.10434028878747766,0.65297431854224,0.2809727940506936,-0.14342607244622219,0.8851281851450189,0.12485374699786636,0.7634371121045455,0.6757304061977578,0.1024963759559547,0.35764657385306126,0.7112594161938516,0.09610421459432496,-0.04211545926503546,0.7607755694357098,0.1181216884719722,-0.11399258693856157,0.6063860690941039,0.05705677898493658,-0.09136891848341967,0.633578210102413,0.12069293751324423,-0.1095609298706525,0.8346057096640747,0.24042716924669677,1.301365305488464,0.690954808465156,0.2855442218325033,1.5842882768611313,0.548187323251982,0.24153987674847455,1.3961341050746576,0.5576607154006634,0.3811959228499072,1.255754488035385,0.7139557152845674,0.4102413304240985,1.0780989217710437,0.4950189741381107,0.29696568737325524,1.2786526521071693,0.46601519723114915,0.2342671432750577,1.3471841849317847,0.5371817996235362,0.23129310373657558,1.3653338891736941,0.4666594393912508,0.24123757609572982,1.3222081101860104,0.4052590605664176,0.07838040320657563,1.2401572979577817,0.6811363024705906,-0.008605464507745611,0.9730489731815412,0.6416089028035461,0.11671095744671432,0.8313789289556575,0.5184910432827665,0.20902318762153227,0.80457432412943,0.4970766722422325,0.20368445057999043,0.7844622950827996,0.48876548586292534,0.1827014179229483,0.7531274514714322,0.4962894994315673,9.283333333333331
0.31989659220903494,0.776394410343744,0.7063535320471359,0.3255530245568247,0.3498703711712323,0.7339887767662394,0.3162499609903193,-0.062215782296230246,0.8053511497409006,0.2864979790125844,-0.10114114949894397,0.6005126743768406,0.3575685364997641,-0.10288005205086682,0.6507218843640187,0.28043114138997177,-0.14436242764848217,0.886566271027713,0.12459917072657826,0.7663977123617577,0.6727519813906544,0.10204586742772634,0.35828403995060404,0.7110084254337921,0.09605394891781636,-0.042050382117649665,0.7607300168455929,0.11796613216941265,-0.112923169994475,0.6050076404696348,0.05701757300482462,-0.09121362571854463,0.633577350330488,0.12078611813883566,-0.10967860525988082,0.8345396818584805,0.24040062411416024,1.3010323980253202,0.6944644474710446,0.2857946794726998,1.5836266851946605,0.5484588269092832,0.2417305280175812,1.3961816995417191,0.5575395561641907,0.38209327519049596,1.2561374017696918,0.7145925442062822,0.4116694348415031,1.0829027050752198,0.49228388607481444,0.3004262535365373,1.2795007137165735,0.4668730236315849,0.23647490533787346,1.3482224174108148,0.5353119536616021,0.2338145802442657,1.3667305853184935,0.4704386189638188,0.24204048764011965,1.3225110084371434,0.4050818783599538,0.07811142757779578,1.2391312914587254,0.6793008465339297,-0.007951332557675038,0.9713945533548858,0.6426173999069417,0.11401603646020947,0.8214798545801344,0.5127952915309925,0.20662400770997735,0.7953534291783144,0.4953012979975029,0.20183204053251697,0.7712556363146056,0.4894926508101549,0.1759904079725499,0.7385800029331393,0.4998705015445787,9.3
0.3201064734593029,0.7785551610410453,0.7049221652581784,0.32554515480911567,0.3505638750794385,0.7332684799479817,0.3157530404257582,-0.06265600270473366,0.8059789727731301,0.2865249661946912,-0.10110340334973143,0.6011031989690039,0.3579717360785255,-0.10198169047703678,0.6494187371063063,0.2799307865509365,-0.1450289268767135,0.8880527727365226,0.12431550636505093,0.7691662185031568,0.670351361257721,0.1017933419809865,0.358779822154806,0.710695246122315,0.09601202483090798,-0.04195978530856437,0.7607232247928088,0.11836693832415959,-0.11235672829980325,0.6040288161467925,0.05698070200314609,-0.09108118741061051,0.6335473092465848,0.12079654282827186,-0.10964430698246527,0.8343387633865947,0.24070743962756608,1.3009736198380453,0.6955809892555,0.28567996754752145,1.5829476493607006,0.5485966754236866,0.2421605815974056,1.396242118738505,0.5568516790744293,0.38298400667881716,1.2571283195667666,0.7135655389911426,0.41301914253135696,1.0883215393217502,0.48861979303646264,0.30392388658560576,1.2804542770605758,0.46801656653486245,0.23880113714615187,1.349961898119374,0.5344287587098142,0.2367096770981269,1.368608689490957,0.47584602611085125,0.24268691856813074,1.32345323501029,0.4052399787889869,0.07755530826872842,1.238387614872475,0.6765964000314744,-0.0076430107043835745,0.9692324345253094,0.6444211848160867,0.11112905921115179,0.8121086287088896,0.5074149853435879,0.20506000613297448,0.7848559384193836,0.4926144662315772,0.2003987274098352,0.7564886743104984,0.4902028492417375,0.16611640042499318,0.7246516186280691,0.5011977145783618,9.316666666666666
0.3205912059770875,0.7807801723559245,0.7028714344156537,0.32556985777632974,0.35118642629680447,0.7326838164661427,0.31545747421575143,-0.06268993768707838,0.8064102035665281,0.2864669242050569,-0.10111718843790285,0.60171961285803,0.35804619533631576,-0.10152934664929972,0.6491457557473067,0.2794984146892691,-0.14547384864197502,0.8896433135735885,0.12408916441582966,0.7716985033354193,0.6684014669932388,0.10171104103894651,0.35915298543321367,0.7102323843847841,0.09598656036436815,-0.04190865262966116,0.7607020021136328,0.11924206771148134,-0.11249325858284659,0.6035632769898275,0.05696921412729651,-0.09109171703550789,0.633416411700677,0.1207316253818104,-0.10952854904319867,0.8341175918386075,0.24131283095634481,1.3012435917837293,0.6940461175680672,0.2850013557715568,1.5823370541353818,0.5481949173725944,0.24285459797750758,1.3963679322140181,0.5552867471680645,0.383763751938499,1.258818612517833,0.711056507281488,0.4146170520040252,1.094069537426782,0.483793892413934,0.30691860737289567,1.2819448330193177,0.46913011730319765,0.24086310521333426,1.3524052390911654,0.5341385501042758,0.23976146365561657,1.370918383059798,0.48169647445281466,0.24315478975586652,1.3250092815648844,0.40569336914288623,0.07696503765092297,1.2378526112875452,0.6737964720083014,-0.007656627320556213,0.9667124158726879,0.6471041024498116,0.1077630648078366,0.8039926514138613,0.5030521388857591,0.20311303840497372,0.7726581369307028,0.4908644257563635,0.19847872686532378,0.74102757956991,0.4914847715671221,0.1536332868563195,0.7123544959521809,0.5001170437503245,9.333333333333334
0.3212767558884992,0.7829855884301551,0.7002883829776299,0.32560084744075535,0.35172642709416485,0.7322585874501335,0.3154405715265269,-0.06230542436495408,0.8066992405227229,0.28641260607897207,-0.10110685411545502,0.6020405789372895,0.35791263632315307,-0.10125328397519856,0.6496060998162166,0.27911307557276954,-0.14573378446546853,0.8913974344359499,0.12398462186236289,0.7740494236619746,0.6667980061653237,0.10172911646748496,0.35948782446861194,0.7096025468412368,0.09598534866590379,-0.04192165822000567,0.7606507947811988,0.12044632112072365,-0.11326584491969728,0.6036934878108162,0.056994085141788525,-0.09134189941858739,0.6331476882494101,0.12061661609286158,-0.10937041262039482,0.8339386093719228,0.24208746989569602,1.3018008328580581,0.6901892571640789,0.2838237674138744,1.5819028898160983,0.5469719974206982,0.24365762386895926,1.396572572290753,0.5526966935577386,0.3844601661225904,1.2609661939375745,0.70775436219644,0.41690988305030907,1.0997536497737173,0.4777345759469336,0.3091393663885492,1.2839187390719617,0.4701284106506889,0.24256882068959396,1.3550627352653934,0.5335236775351132,0.24281349023514942,1.3731256212473917,0.48629392117923786,0.2435486081514503,1.3269470836409996,0.406395177239888,0.07648685189438958,1.237293142357861,0.671506852910123,-0.007936279011671618,0.9641337997804834,0.6506256176431346,0.10334524283745947,0.7972516732207577,0.5010102043653336,0.19927892513696968,0.7583801636953963,0.4931250763890349,0.19462130178338932,0.726133733765678,0.4935923805400924,0.1396475355985742,0.70223967227326,0.49718105541733526,9.35
0.3220885662169742,0.7852273165707497,0.6972998594105183,0.32562951202487583,0.35222151557434034,0.7319792639334508,0.31569981807052067,-0.06157242602581112,0.8069381036280819,0.2863796720602069,-0.1011051551265589,0.6021180049891872,0.35773260172905674,-0.10099723755775132,0.6502947885217144,0.2787724297717865,-0.14581500799312438,0.8932495191630139,0.1240388901682998,0.7763721542465372,0.6654367293089406,0.10181346041383016,0.3598589402263919,0.7088306208854216,0.09601177005290085,-0.04201024202814678,0.760631990733918,0.12173047324797803,-0.11448982257575126,0.6043857848958148,0.05704435124220169,-0.09184774747862653,0.6327754454548462,0.12047096415366368,-0.10918819821563841,0.8338185605820545,0.2427456007106899,1.3024995268632087,0.6849815498402989,0.28228556880249966,1.5816828748186846,0.5449805013549349,0.24437875450280577,1.396832442040473,0.5491592690208553,0.38520640203827494,1.263118139118147,0.7045389024739297,0.42044080346527024,1.105088397693963,0.47072266399546325,0.310783565604362,1.2859891583170044,0.4709279343741557,0.24414237233396974,1.3571601795995147,0.5317776924309523,0.24572351920184257,1.374464682342501,0.4881255422870022,0.2440947281599079,1.3288020969536285,0.40720034170191444,0.07617771396298106,1.236549111271027,0.6700180832071452,-0.00840728592304322,0.9617867062137885,0.6546454984137149,0.09752071961445595,0.7914430217769813,0.502566582062373,0.19269197548408878,0.7422689559368735,0.5013153057186504,0.18756991755867042,0.7131561596697652,0.4961096137789188,0.12535122863545856,0.6941220573556589,0.4939077261453655,9.366666666666667
0.32298936358509245,0.7875417412028963,0.694031458600148,0.32565761131766036,0.3526753604586059,0.7318309126817844,0.316151089937823,-0.06062918460002942,0.8071908095266157,0.2863781581383051,-0.10120892227612754,0.6021658685823911,0.3576166967186841,-0.10076162997076844,0.6508195276828135,0.2785318919166304,-0.1456701968188733,0.8949664541028579,0.12427645260353544,0.7787505815441066,0.6642051443082865,0.10197976345439806,0.3602866043299324,0.7079488868814299,0.09605665904306866,-0.04220742927432106,0.7607404975129598,0.12273788104029415,-0.11599503745761448,0.6054884943840871,0.05710243693913083,-0.09254717530020615,0.6323669952077735,0.12030187270610557,-0.10900914489227609,0.8337215006739367,0.2429625389526775,1.3031426103097,0.6798252955450476,0.28043965055147513,1.5816123442971357,0.5425124417357099,0.2448782094480229,1.3970970300742602,0.5450588903252197,0.38606620612121517,1.2648111989285913,0.7020887700202161,0.42582447706599025,1.1098544584989354,0.46378673201286386,0.3122951382492889,1.2878700218193253,0.47125587872013097,0.24592276343350983,1.3580193451382736,0.5286920053181586,0.24831167989140862,1.374438273842612,0.48676641107261065,0.24499038265588702,1.3300363618365314,0.4077713172963926,0.07600953332461266,1.235682503142049,0.6693161549865465,-0.009026379911059482,0.9598146975717271,0.6585545971525202,0.09034687900994233,0.7859318719891111,0.5082415665926353,0.18328141566362338,0.7255976899382586,0.5144998185937377,0.17687439756472328,0.7030743493338913,0.4981486396771884,0.11168349159827513,0.6869993092419874,0.4929958701415491,9.383333333333333
0.32397121950539304,0.7898397717200466,0.6905744763085219,0.3256841362787616,0.353036266976658,0.7318074905131225,0.31666670449331424,-0.059621978741026246,0.807448463539864,0.2864208041150328,-0.10144733822030161,0.6022933994347285,0.3576129101900678,-0.10054292682329091,0.6509813743839146,0.2784632263730282,-0.14523690862431696,0.8962568528407228,0.12468941073795457,0.7810040247844063,0.6631408346912874,0.1022520713460608,0.3607588340163093,0.7069773893107978,0.09610067255924809,-0.042524700215812186,0.7609805293710058,0.1231698274405735,-0.11760779019599876,0.6067993175457087,0.057168572873396835,-0.09333277283636937,0.631981839571184,0.12011220418128347,-0.10888461902182497,0.833591922768321,0.24259901052311034,1.3035717001747298,0.6759600191543973,0.2783775080083016,1.581604626287058,0.5399228432197003,0.2450704475848104,1.3973224633342451,0.5409852052380024,0.3869657905716636,1.2658000652721813,0.70072016174388,0.43348163890611424,1.1137404255705332,0.45862410051781444,0.314037164698282,1.2895078994980236,0.47064645074243794,0.24814714629839726,1.3573818578736614,0.5246150356117942,0.2504546711053725,1.3730904356713964,0.48318315532267253,0.24623994605057548,1.330313046167488,0.4077958650079474,0.07587098308247812,1.234871602216391,0.66911422962209,-0.0097717415966511,0.9582699074977042,0.6617648188485857,0.08211825480742725,0.7802680921751235,0.517732247750519,0.17137356658494773,0.7103310200682428,0.529557275007523,0.16302754266517355,0.6961752809900191,0.49901451671093927,0.09921629655766542,0.6795399505357181,0.49735587614588544,9.4
0.32502726396235,0.7919777043642624,0.6869830543070818,0.32570154051985256,0.3532286882991739,0.7319094369508848,0.3171429040764049,-0.0586466270830292,0.8076433564566827,0.28648230325352214,-0.10166935479160802,0.6024059407434932,0.35771002862986745,-0.10029953749911308,0.6507784241963409,0.2786134559180993,-0.14452695421378423,0.8969011617354673,0.1252340068193851,0.7828013480375089,0.6625410992873756,0.10263398440316446,0.3612616978441605,0.7059244888559284,0.09612818715417779,-0.04291403548108427,0.7612137229626994,0.12292682154347995,-0.11909389491243388,0.6080806239040305,0.057261649753881164,-0.09408976818122466,0.6316763554055922,0.1199066363593419,-0.10886736836773586,0.8334310253286739,0.2417785406303311,1.3037342325092347,0.6738924043356382,0.27635219545690604,1.5816535317384954,0.5375666210818112,0.24493369904793402,1.397521162791299,0.5375255897614728,0.38780515355129697,1.2662082676501905,0.700359771700571,0.443211236840406,1.116536649709646,0.45676804552189554,0.31618448535169835,1.2908849327370804,0.4685553001583736,0.2508734897308843,1.3554659600444292,0.5200903252730527,0.2522201053490039,1.3708305884655623,0.4789912952768073,0.24763794784213577,1.3296089974525536,0.4073169997847933,0.0756204234091563,1.2341819311359186,0.6690414188212757,-0.010643247344954908,0.9572517750964226,0.6640522049706318,0.07322321184217467,0.7742776030939299,0.5302218688608962,0.1576631920557608,0.6982113015718474,0.5430863017261148,0.14729507767773015,0.6919927680543189,0.4987148535355304,0.08811661468253598,0.6708687067891931,0.5081887948018298,9.416666666666666
0.3261375591302593,0.7938613201289901,0.6833016240806437,0.3257027973586574,0.3531968704462111,0.7321386567467432,0.31755586249366763,-0.0577205885474589,0.8076809045817367,0.2864934544598336,-0.101584747348517,0.6022873879654559,0.35779078348352356,-0.10009291414101319,0.6505576833237477,0.2789970773692242,-0.14365379236568995,0.8968266747199855,0.12585870657906068,0.7839635516098796,0.6627317484036668,0.10311429009260069,0.36177973026679006,0.7047919007124136,0.0961468770082073,-0.04328909336007038,0.761271069650616,0.12212431715944563,-0.12014192680048988,0.6089995079311848,0.05737866746355267,-0.09471241369978409,0.6314963107961399,0.11968640173427975,-0.10897805853451598,0.8333208053627725,0.24078586331890034,1.3036925459425468,0.6732817972155106,0.2746594901531775,1.581805507014555,0.5357869226597135,0.2445674718733583,1.3977722915085744,0.5350279133522289,0.3885625056859505,1.2664151916193065,0.7005649194928374,0.4540471391118101,1.118439668069008,0.45870434882580435,0.318782719296889,1.2919235909247837,0.46465571639476666,0.2540150229217296,1.3527710029118654,0.5155591208818076,0.2538177476760294,1.36810927697192,0.4753404393209041,0.24891390135970945,1.3281293294760088,0.4066979818616728,0.07516646175625795,1.2335343690220002,0.6689027462170825,-0.011662726503849297,0.9568529981408032,0.6655807387034091,0.06418778858840209,0.7680746305374776,0.5443563664514949,0.1433710478179435,0.690044553447527,0.5525248261108674,0.13130753467041859,0.6895118224967312,0.4979500653790297,0.07809007605681742,0.6610920253427048,0.5238269149837654,9.433333333333334
0.3272740009075402,0.7954129710489243,0.6795839949017607,0.3256872948116256,0.35291953664759634,0.7324951945208678,0.31794327670319794,-0.056809615767069985,0.8074781183539502,0.2864028481490033,-0.10095619196611694,0.6017640758216983,0.3576605051173545,-0.10017426320365908,0.6509142656105503,0.2795714462172695,-0.14273621685146493,0.8961494362451197,0.12652181649062658,0.7845001851015919,0.6637284931715931,0.10368012613533216,0.36228624938590126,0.7035869842331397,0.09618302054614966,-0.043556805229791495,0.7610712556981658,0.12104418453491952,-0.12050982869441569,0.6092328187225956,0.057440531719513126,-0.09510500307132287,0.6314274693650822,0.11944951760947127,-0.10919493019709214,0.8333381262403511,0.2398814160768158,1.3035644948773244,0.6733384727201416,0.27339185309401387,1.582015271978078,0.5348242452323595,0.24420513550227144,1.3981668128235702,0.533458453234503,0.3892532090288118,1.2667446290303186,0.7007813045663196,0.464644435460031,1.1199081721984656,0.46375982270288574,0.32183065217165874,1.2925770463797186,0.4593250256188878,0.2573388175787213,1.3498614239094717,0.5112797093392999,0.2553681630714472,1.3652944978223294,0.47251967723209587,0.2499519873087298,1.3262700841374493,0.40631845330260485,0.07451758997359288,1.2328919485177912,0.6686948100024339,-0.012811048542052585,0.9569475008770785,0.666698437837939,0.05569271810679731,0.7622004465812926,0.5580492478322566,0.12990269853499026,0.6856505493729822,0.5562436229430462,0.11652626781130461,0.6874558858498744,0.49799784615914566,0.0685067828916168,0.6511830358651609,0.5406632025905593,9.45
0.32841675601877734,0.7965178492056791,0.6758811142648392,0.3256588260526084,0.3523913197648397,0.7329762440585281,0.3183468902329035,-0.05587255396020392,0.8069869733947511,0.2861694926028271,-0.09977713995936623,0.6008587793322306,0.3571912845311199,-0.1008077756450784,0.6522464354522569,0.2802365211859409,-0.14179797952395834,0.8951421077191422,0.1271964928236007,0.7844321048083915,0.6652423092667106,0.10431869247482967,0.36274574974440005,0.7023396194719451,0.09623853828310108,-0.043646259294980616,0.7606134234207262,0.12000673165613152,-0.12028961687822415,0.6088059996067864,0.0573120745064723,-0.09521684498314897,0.6313760387887988,0.1191958228286829,-0.109467086817986,0.8334355648674854,0.23915907085007307,1.303436681826333,0.6734061931383567,0.2723474691713632,1.5821103065148097,0.5346545023138645,0.2440406179845549,1.3987468324136514,0.5325435341758298,0.38983100520864755,1.2673249002431521,0.7006993583392206,0.4738893135141293,1.1212986663124143,0.47058918466532274,0.32532254822730955,1.2929194968256077,0.45379187800441634,0.2604207676025158,1.347270600884579,0.507431350364282,0.2567189636180567,1.362834095558639,0.470483626039527,0.2508949605445189,1.3245834195161499,0.4063725011155726,0.07376368621979436,1.232345426254145,0.6684389089012003,-0.014027606844580768,0.9571442014292224,0.6678286938751967,0.048306273044755765,0.7574988153137313,0.5689655052910143,0.1181461072402085,0.684075295184394,0.5540718352316807,0.10382627596353584,0.6845393010112535,0.5005458083676958,0.058771420891101184,0.6423194336439857,0.5555774459547231,9.466666666666669
0.32956636422702174,0.7970968362256338,0.6722270024652609,0.32562260065955667,0.35161494364518003,0.7335796668420963,0.31878849811128496,-0.05488041244084721,0.8061864875103038,0.28565521675338645,-0.09833352997230646,0.5999061766603192,0.3564045939895464,-0.10201814822993775,0.6545305652447136,0.28090245877616676,-0.14083393853595613,0.8940566672293793,0.12787791797911371,0.7837603600451313,0.6669650865417952,0.10501395982056444,0.36311973244290835,0.7011009081432049,0.09627154082433456,-0.04352253601141838,0.759917781149348,0.11923055307817029,-0.1198777767277403,0.608144459629964,0.05690723812181627,-0.0950919914715458,0.6312223422202372,0.11892506485201376,-0.10973804956957936,0.8334417296481851,0.23856686302103686,1.3033341581231266,0.6732637664492815,0.2712696871467149,1.581953229619946,0.53494698086674,0.24399435434740677,1.3994701932241769,0.5320504606893429,0.3902028982906576,1.2681619351028015,0.7003296557935942,0.4812428288095779,1.1227539647226916,0.47764066735612265,0.32928291351365463,1.2930769504576636,0.4496010094258686,0.26282010293602576,1.3453917083632128,0.5042109518730536,0.25759045093868776,1.3613050850713342,0.46932071760779814,0.2521200726004433,1.3235643774025936,0.4067960776189895,0.07302692073781117,1.2319922533029661,0.6681303817252064,-0.01529276813682861,0.9570372983418713,0.6693123240728239,0.04203410550329796,0.7545132030372824,0.5757523210747939,0.10803953826193623,0.6837847764990004,0.5482461560279147,0.09320517087146911,0.6799087518183214,0.5069143499256237,0.04855793957375844,0.6352674883552752,0.5676183564655755,9.483333333333333
0.33072632700640736,0.7971786809833926,0.6686786438009572,0.3255875725804305,0.35061273272014454,0.7343186460194869,0.31926008936944433,-0.05384675244849989,0.8051116619642925,0.28467884764175677,-0.09709966302149342,0.5994722464249721,0.35541890090490647,-0.10362231048351607,0.6574638586607715,0.28154061556056675,-0.13994289005305097,0.8929483857869922,0.1285896613402131,0.7825769272756571,0.6687216961370173,0.10575076378949715,0.3633630942458116,0.6999228374498029,0.09623376452409502,-0.043188938066891405,0.7590027693787933,0.11880844804763452,-0.11959668492878592,0.6076412172269142,0.05625012043903281,-0.09484417896754986,0.6309001812785838,0.11864422895186197,-0.10997190440366168,0.8331956798763248,0.23801093767763254,1.3032514193410667,0.6730444099100288,0.270169181661384,1.5815543901522997,0.5352587420348683,0.24377633986866898,1.4001815175435706,0.5319136836839482,0.3903501592248967,1.269166362038162,0.6998238599697606,0.4866438032377014,1.1242646879544105,0.4834617113409261,0.3339197091960522,1.2929074462984356,0.44806506346235575,0.2645555125982446,1.3442282915671468,0.5018912447096469,0.2580613958643777,1.3609266415384695,0.46908667170489216,0.25428387988919643,1.3234231707843542,0.40729813024327977,0.07243226198795255,1.2318222643296353,0.6678113096243732,-0.016628079898091584,0.9564680489968156,0.6711537981250055,0.0361822150787313,0.7530167776418436,0.5790149433278045,0.09878795291400626,0.6831339101740928,0.542894657612958,0.08373225369909296,0.6736021299346,0.51703783599356,0.03776163733650171,0.6301774361501975,0.5775928159807144,9.5
0.3318609012808301,0.7968601594265561,0.665391842527562,0.3255655585723217,0.34942173152480765,0.7352153277473132,0.3197099716787423,-0.05287779200916698,0.8039065409454159,0.2832550892843835,-0.09651837338956205,0.6000092561550359,0.35437416246982034,-0.1054306462627476,0.6606296501389849,0.2821628687502379,-0.1392974766798422,0.8917181895485322,0.12939008526918216,0.7811365184522069,0.6703177649550033,0.10651975826492287,0.36343891391204997,0.6988378720743638,0.09610324277559093,-0.04269229353769412,0.7578950733836752,0.118720064143255,-0.1195039348326623,0.6073814983287107,0.05543669672238766,-0.09457072949070053,0.6304352903104218,0.11837159226650065,-0.11015992704379424,0.8326460124163924,0.2374153465170967,1.3031997562724178,0.6728439738012817,0.26926519889062117,1.5809797054784456,0.5352462844449243,0.24319436449775866,1.4006463409345835,0.5322401731036671,0.39037251538882495,1.2701062556395544,0.6993005256787096,0.49026436915241023,1.1257372596417499,0.48703401270158353,0.33972432616782444,1.2917935264527447,0.45008697426229527,0.2663915137028509,1.3432293894635752,0.5009628790118583,0.25889144719548934,1.3611037242295332,0.4696323848312135,0.25833028164622407,1.3240096545863602,0.4075666624051173,0.0720772827446368,1.2317628567175822,0.6675732789878259,-0.018019623037630318,0.9555158683080036,0.6730170524340158,0.029824963557196296,0.7521807481154233,0.5809494925338334,0.08954903084808354,0.681075142403932,0.541694659709153,0.07407243972585896,0.6664768726631601,0.529362813001482,0.02646506016419334,0.6265802188042624,0.5867572848561289,9.516666666666667
0.3328807117953076,0.7962378055809725,0.6626006326033047,0.32555977500321803,0.3480901441303015,0.7362239097678192,0.3200728804387191,-0.052145775931169064,0.8027388640828383,0.2816665932171047,-0.09686795532717535,0.6015809792169903,0.3534100185989308,-0.10730367922196896,0.6635565126374539,0.28278506875761716,-0.1390141270255457,0.8902756487084854,0.13037121299522753,0.779789771692188,0.6713944049111878,0.10730711831501083,0.3633676669613156,0.6978541943386909,0.09588184712683136,-0.04208882733308254,0.7566304060697999,0.11881356080659826,-0.11952875759283044,0.6072763800628633,0.05458098849863378,-0.09431513790320616,0.6299152181285412,0.11811465647593294,-0.11030431997260262,0.8318279564304314,0.23671338037861522,1.3032408641747126,0.6722889684861799,0.2686263013365314,1.5802383714932091,0.5346971143971322,0.24227420742029887,1.4006733743299664,0.5332576845870479,0.39034458410999295,1.270647032261972,0.6987915503025874,0.4924689066124093,1.1270801414109801,0.4881506974566041,0.3471611059169929,1.2890398117280855,0.4558266506868256,0.26948201504377345,1.341595697921206,0.5020535252624535,0.26112481024213746,1.3608301664640279,0.47082054501165604,0.2651606499736993,1.324916172723857,0.4074761726710142,0.07197890521150016,1.2317898874201028,0.667467735082921,-0.019391531355916685,0.9543237920167366,0.6744509498035302,0.02243851233595881,0.7511154088285631,0.5838421661022377,0.07989995257556524,0.6775210173494176,0.5458237937525103,0.06337795098352939,0.6596914685758261,0.541720238045669,0.014974873859381713,0.6235276845043422,0.5962843935007268,9.533333333333331
0.33368486140016224,0.7953838553239085,0.6604635620395303,0.32556110007038086,0.34671616702783536,0.7371404624483431,0.32032917354951856,-0.051783578915983494,0.8016359865493846,0.28027611302266675,-0.09824017356854997,0.6039157726614254,0.3526737562560976,-0.10907977335557666,0.6657679183853669,0.2834099360594208,-0.13909832391365526,0.8886047835317081,0.13160637721414634,0.7787712102859641,0.6716566488345076,0.10807998450979299,0.36324389515703687,0.6969713604693097,0.09558039732651281,-0.041397029199147506,0.7552353493815859,0.11889004660101099,-0.1196071252736165,0.6072292243590817,0.053797256309234716,-0.09409188249988064,0.6294307663616497,0.1178591355735699,-0.1104113186251392,0.8307886990098918,0.23584008154371905,1.303441866387664,0.6707099287837088,0.26809021514392717,1.5792891975862307,0.5335022358661009,0.24113464707810317,1.4002045869897697,0.5351588862400458,0.3901785877477313,1.2705387281515303,0.6982870971458758,0.49385344773868256,1.128242523543567,0.48751428815066433,0.35615716360138233,1.2845083205832755,0.46431489937803627,0.2746816746782484,1.338905504146758,0.5054403758976902,0.26534573388027155,1.3594998130371518,0.4726808505598894,0.2750881337891469,1.3257303084565957,0.407221133215595,0.07204664185497531,1.231921292596427,0.6674579144561671,-0.02062751408250496,0.9530154323515982,0.6751034020237625,0.01407158057925106,0.7492683572632047,0.5890124334953672,0.06975249300058187,0.6731231394524315,0.5538833983377096,0.051776575774460515,0.6542022024792937,0.5522803859668521,0.0038479843829005373,0.6201026474495274,0.6071373485846734,9.55
0.3342192335486798,0.7943758307100085,0.6589800039704276,0.3255569514955241,0.34545266346642783,0.737686501492653,0.3205110194439461,-0.0518079240831429,0.8005023540664301,0.27933385151710816,-0.10049414614929172,0.6065981783164417,0.35229570219037476,-0.11057756753908374,0.6669136559613993,0.28402145851104615,-0.13946724726096318,0.8867393537913514,0.1330678675714915,0.778084256365263,0.671163452490824,0.10879309791561867,0.36317689971848344,0.696200537820146,0.09520024365198448,-0.04061740744331975,0.7537160906733733,0.11885845810828263,-0.11970556304847894,0.607182231812665,0.053195182963343565,-0.09391357576438068,0.6290483436832889,0.11758802574884415,-0.1105006659556241,0.8295355286162295,0.23482182529796047,1.3037720735275677,0.6678102728741522,0.2675321363682917,1.5781129138013636,0.5316770936279784,0.23991448751937677,1.399325190042406,0.5378918987572942,0.3897374525525833,1.269809605073559,0.6977810864234963,0.4950479909151253,1.1291859528987562,0.48635356079070735,0.3659438163312121,1.278760947262765,0.4736860252445053,0.2820651197396617,1.3354037034645356,0.5107474615220478,0.27145916839963025,1.3571997119867156,0.47527242923188673,0.2875783532763352,1.3262504443132503,0.4073805933786017,0.0721483276574748,1.232113539133062,0.6674677216866409,-0.021622841492996217,0.9517627107878619,0.6749258113025706,0.005088164276576024,0.7464786277807258,0.5968571108764807,0.059278095743038696,0.6688199637886134,0.5632494749667614,0.0401224624293222,0.6504082359762544,0.5601823353398323,-0.006184834497537033,0.6159264767366223,0.6194260067396005,9.566666666666666
0.3344922740876797,0.7933345900238088,0.65810637573805,0.32552614416508796,0.3444080977311683,0.7377926456352538,0.3206647771784709,-0.05208287932259005,0.7992626822384823,0.2789226036749175,-0.10322257507557817,0.6091634719994558,0.3523057906733845,-0.11172782656865266,0.6669869033213196,0.2845920644845888,-0.13999697033766104,0.8847549964693855,0.13460185194584606,0.7776620344766193,0.6701944039933362,0.10940386154880218,0.3632218520615122,0.6955683057559917,0.09473292713661055,-0.03976755212715459,0.7520765727976271,0.11875227441275155,-0.11980583180865123,0.6071145153411353,0.05285600363663766,-0.09379698421436918,0.6288098710006251,0.11730305866471044,-0.11059949169910543,0.8280602709695323,0.23386749939521154,1.304092522873603,0.6639553671472289,0.2670027339200915,1.5767742265315337,0.5294384652042186,0.2388553119720966,1.3982535822486695,0.5409400303797676,0.3890201879674325,1.2687775575972264,0.6972724266800046,0.4964200044711746,1.1298797891971237,0.48577777525221577,0.3754033137650234,1.2727336316598814,0.4818826437749082,0.29088253713995044,1.3317137928922724,0.5172438968751492,0.27894669905535097,1.354393077567719,0.4785056567740391,0.3015334329730248,1.3265325770641592,0.40854358824975456,0.07221167018925444,1.232221443604833,0.6674583289211582,-0.02235635149777012,0.9508063142721808,0.6742647866122212,-0.004012987386330665,0.7428850594989144,0.607098317013313,0.04906103848105085,0.6654205566216558,0.5715373147166581,0.02936020601431815,0.6479750075557836,0.5658179249465801,-0.014508022785508518,0.6111610691405047,0.6319061214239571,9.583333333333334
0.33453270346842184,0.7923646262748492,0.6578836348598185,0.32543742104303613,0.3435732802414105,0.7376977414998059,0.3208218162831577,-0.052368867220344784,0.7979136963840402,0.2790088973131268,-0.10586409953379491,0.6111614490880641,0.35257736020161395,-0.1126517454616995,0.6664091247282871,0.28509383479304495,-0.14055339334662179,0.8827693602109612,0.1359879454717575,0.7775082192775955,0.6689643036249713,0.10986227450854211,0.36337121253214727,0.6951068663859129,0.09418709723442097,-0.038880938455071457,0.7503631071052771,0.11863304297107978,-0.11989067978016076,0.6070242981611247,0.052781611734655176,-0.0937454922844532,0.6287162540778515,0.11703668667808768,-0.11071206385315424,0.826426725437922,0.23328743829123855,1.3042616432181908,0.6598703798573842,0.266604339723849,1.5754092174577625,0.527292172377058,0.2383463337675512,1.397284450168321,0.5432901890255493,0.3881452802040498,1.2678152299692855,0.6967620370548977,0.4980776892733332,1.130324909736413,0.4863045282196213,0.38360588714702204,1.267373808225631,0.4873698267197327,0.29992807546771916,1.3283762182771672,0.5242505710576487,0.28703356227950205,1.3514512298423331,0.4821360695168406,0.3157696321032197,1.3267628107897804,0.4108115537712267,0.0722404268937503,1.2320506365991215,0.6674552256867439,-0.022866763292683303,0.9503004322702495,0.6736160501858727,-0.01258473659890157,0.7389149111105902,0.6187254267438558,0.03987358088582897,0.6632891360813692,0.5775320259699307,0.019958760436186534,0.6459695224472485,0.5707801240312238,-0.020821008025745012,0.6063052119833978,0.642456191525288,9.6
0.33435133340435036,0.7914614184780762,0.6583803847749425,0.3252794549899859,0.3428847694772649,0.7376665536594995,0.3209808666309985,-0.05249383276847033,0.7965002746702664,0.27951049250434423,-0.10793242602120875,0.6122911377577008,0.3529140717320689,-0.11352157505104507,0.6657415334323722,0.28550084696623573,-0.14100556081344148,0.8808922925547823,0.13705994656299372,0.7776222261351775,0.6675549533379961,0.1101045828574306,0.3635937464700042,0.6948465809543479,0.09360147829026058,-0.03799732659421576,0.7486802889623669,0.11853613585856602,-0.11994385265012528,0.6069169596093165,0.05286758553690892,-0.09373197801252696,0.628710264794873,0.1168413794212663,-0.11080698533109501,0.8247859821422004,0.23328721254509244,1.3042134781184822,0.6562046137074471,0.26635352398346457,1.5741611467614256,0.5259088826099487,0.23874008913653252,1.3966691509131077,0.5438607676590899,0.38723594655707727,1.2670862318310707,0.6962631198073261,0.5001056295839218,1.1305437891364933,0.48787192575760063,0.39009664695583224,1.2633772250552138,0.48979679828949085,0.3079993855679686,1.3256612334785536,0.5310519014425323,0.29473931313961005,1.3485726243670135,0.48583652166030744,0.329229045094905,1.3270183722890672,0.41394867799489377,0.07225911409193275,1.2314464713052191,0.667516539799915,-0.023160866823409128,0.950188838228526,0.673253983836364,-0.019966190974227752,0.7352173005239662,0.6301488962365781,0.03202986403632107,0.6621632340664827,0.5816608649756907,0.011751246248367625,0.6432471859162756,0.5773714835732543,-0.025095771726879216,0.6020578667301351,0.649344862947787,9.616666666666667
0.3339651097368546,0.790565162121269,0.6595381245118868,0.32508666674544867,0.34231986992559726,0.7377569515974377,0.3211116533200432,-0.05245603555533089,0.7950946983716356,0.28025895421379626,-0.10921612047081004,0.6125454683364343,0.3532004051063347,-0.11436678697751725,0.6652922097758628,0.2857855068838038,-0.14125762786078624,0.8791663975308636,0.13780208492202997,0.7779433549615917,0.6659705600734009,0.11010597024239839,0.3638578753043229,0.6948122030541517,0.09302830532712973,-0.03713306496429214,0.7471348767660777,0.11847199558921925,-0.11995807673715658,0.6068053134269201,0.052971511977376436,-0.0937161813369141,0.6287159854039731,0.11674943841080729,-0.11083561140382756,0.8232592489271899,0.23384087804007653,1.3039546291705815,0.6533084522670387,0.26620816363724004,1.5731660490179682,0.5257193066909801,0.24006472919205452,1.3965264782250604,0.5421115229564873,0.3864088681282001,1.2665688887108646,0.6958111055323064,0.5026516094752087,1.130528533797411,0.4901695992308338,0.39484973864337786,1.2610071008760502,0.49018913498353356,0.31417251224042514,1.3236511947983667,0.5367360292837418,0.30103659448853176,1.3460327265239391,0.48923008870669504,0.34102316424927176,1.3270711927159533,0.4177663234420594,0.07227713039554205,1.2303854613091307,0.6676845136496821,-0.023240484446950087,0.9503103526494998,0.6731645283853407,-0.02580205278711723,0.7323347388409898,0.6399100772024905,0.025177854607490936,0.6612445541900892,0.5857651474391303,0.00422178707227773,0.6389682611450792,0.5874552185891271,-0.02765250450866183,0.5990732236024154,0.652488815782265,9.633333333333333
0.3334352428107451,0.7896747888091505,0.6611212167714219,0.32492931681784376,0.34191288358222705,0.7378698373672854,0.321178844596654,-0.05234993591501598,0.7937737012972247,0.2809579600731802,-0.10983980457822558,0.6122606736604403,0.35342536275048086,-0.11506827339953131,0.6650728146233099,0.2859239995728966,-0.14128433421634862,0.8775784375233582,0.13831292361590272,0.7783723747648525,0.6642426313510267,0.10993714592932824,0.3641136813485507,0.6950072445341563,0.09251556593694223,-0.036260974516065345,0.7457755842213003,0.11843516718010397,-0.1199394647635822,0.6067053198046908,0.053019002683420455,-0.09367787158706602,0.6286976899895168,0.11673938359571327,-0.11074574416104935,0.8218425067525318,0.23473184017609827,1.303531894771125,0.651359673177423,0.2662145044562184,1.572569520407068,0.5265820259279532,0.24197162451659454,1.3968142934567256,0.5383086672987127,0.385847983431458,1.2662602022785887,0.6954608229460185,0.5058054503665477,1.1302041135898497,0.49287773302474536,0.3981766059321316,1.2600133525521653,0.4902102465078444,0.31799065971267637,1.3222260841348628,0.5408895509976395,0.30526555542305356,1.3440245558205064,0.4921639245652244,0.35061533845370657,1.3264054009388224,0.42207454961279933,0.07229024521289057,1.2290010958356585,0.6679641077311217,-0.023194429920890783,0.9505781828840996,0.6732274323351041,-0.03017503745126806,0.7303953422387237,0.6473623453024114,0.018858484528651777,0.659718915123731,0.5916745918887594,-0.003115082236315827,0.6331457383050727,0.6012193160004908,-0.029268156701518548,0.5976230513969761,0.6535040410567612,9.65
0.3328545400808625,0.7888579793965967,0.6628247987288653,0.3248697878288325,0.34170914514341666,0.7378903446516825,0.321163630551051,-0.05225403264502064,0.7925918571240983,0.28135555133951606,-0.1101175997790534,0.6119194414625317,0.35359124152501775,-0.11547856811701869,0.6649974760561826,0.28592224704592606,-0.14112293993736602,0.8761336100175805,0.13869204045107902,0.7787757332653156,0.6625145274801023,0.10972995112416825,0.36428460567035437,0.6953711044050916,0.09209366401858401,-0.03535227435822473,0.7446096100899908,0.11841120264504974,-0.11990638358053997,0.6066265977071502,0.05301919784189485,-0.0936241601788056,0.6286620305443512,0.11674995590134635,-0.1104899286725716,0.820456274942959,0.23568315662459854,1.303000741194718,0.6506338489748944,0.2665376404107691,1.5724738953748725,0.5278590943800987,0.2440103388013644,1.3973434456493534,0.5333539166068813,0.385799079873272,1.2662198710684027,0.6952676363950995,0.5094794653999059,1.1294760068226297,0.49565306700958023,0.40067850149207274,1.2596838868806366,0.49113236371906654,0.3197444659379202,1.3208956826977591,0.5446535364899598,0.30768048424488037,1.3421444903422524,0.4952167165018047,0.3580182666842703,1.324509039305521,0.42657776631393074,0.07229398666156983,1.2275030616762461,0.6683256398945336,-0.023145193577559883,0.9510044473078099,0.6733502128326316,-0.033422324049169914,0.7291992901699126,0.6527073827784782,0.012978462430097605,0.6572909597633301,0.5998081178999741,-0.010478503423321796,0.6267596685593898,0.6169890861936658,-0.030824057013072885,0.5974842428999008,0.6543148222104953,9.666666666666666
0.33230378095763785,0.788199563758717,0.6644159280006404,0.3249149034218738,0.34170675333032346,0.737842950715534,0.32108351636146387,-0.052189361149244815,0.7915816309801721,0.2814463835692582,-0.11031826341023643,0.6117979986832172,0.35366027190782556,-0.11552967598986423,0.6650217552589809,0.28582831588793395,-0.14082526874994733,0.8749066461815045,0.13899426339778834,0.7790508423353169,0.6609643805889719,0.10959124612797001,0.36431054192938417,0.6957595373853891,0.09176666174288545,-0.03443785090248809,0.7436485957780611,0.11838983924982485,-0.11988203875482589,0.6065626626730388,0.053005375979544786,-0.0935724934095816,0.6286276209741435,0.11673776897514723,-0.11004559279276702,0.8190630098613523,0.23647945536875253,1.302430338805933,0.6513570031036288,0.2672896809194834,1.5728553697974377,0.528801177935564,0.24589941934175408,1.39788384049195,0.5283256149247211,0.386407327783738,1.266419163392234,0.6952801278066585,0.5134191104649716,1.128329478964569,0.4980887619909484,0.40301878180312084,1.259150251355798,0.49340734724921487,0.3205403512045969,1.31892362000874,0.5503958052357215,0.30942824471938796,1.3395471305151947,0.4996196144885482,0.3636946680884794,1.3212162520867665,0.4310995135341458,0.07229367397080197,1.2260644903929825,0.6687030938111173,-0.02309891057927446,0.9516119638697297,0.6734892655826424,-0.03586045781986015,0.7284896520853351,0.6565570690327022,0.007605223146498851,0.654205600126354,0.6093704235052928,-0.017683065676997692,0.6211601879709463,0.6322394483549697,-0.032726328669287104,0.5982260200207591,0.6558792778559509,9.683333333333334
0.33182134373792815,0.7877336544369333,0.6658081659297195,0.325019187492224,0.34184464485077587,0.737892208745277,0.3209964253428268,-0.05212914791725799,0.7907824495342738,0.28139372148881253,-0.11055534287904235,0.6118608423204599,0.35358948889445135,-0.11527198563251645,0.6651831576003157,0.28569258255784236,-0.1404241708382154,0.8740157450042539,0.139260934970562,0.7791924295219783,0.6596713568342755,0.10955531620764677,0.3641938456642553,0.6960317234751103,0.09152660983560529,-0.03361290752651683,0.7429065337016669,0.11838568287522627,-0.11987405275382626,0.6064707651944021,0.052994990559424665,-0.09353895879224775,0.6286116936967567,0.116716797482173,-0.10942449565101443,0.8177195211850248,0.2369945522864027,1.3019274599033108,0.6532905724551934,0.26837986089387184,1.5735642662175777,0.5289005282300167,0.24750628487455323,1.3982999851271678,0.524046036295842,0.38752481793056825,1.266616343292977,0.6955403857402789,0.517300288290753,1.1268780990496403,0.4998467391305499,0.4055501732486023,1.257866096314569,0.4967396978783123,0.32169927566788303,1.3158769188677322,0.5598101151211067,0.31165042219566,1.3358465420097085,0.5062834843929847,0.3682078817231666,1.3168072272229534,0.43572330227043554,0.07230269580208636,1.2247842699940232,0.6690035131186964,-0.02293080911086043,0.9523804048044339,0.6736399505231945,-0.0376450051514642,0.7280681585948725,0.6594735150507889,0.0026410503954074206,0.650910284969522,0.6193743636094963,-0.024149860454200804,0.6173249191242528,0.6448059455101322,-0.034787428004624574,0.5995466792343606,0.658231930606658,9.7
0.3314030135988451,0.7874059367717403,0.6670529543501282,0.32513407019384244,0.3420542969732981,0.7381038737515715,0.32096352194203387,-0.05201282408908808,0.7902488738292321,0.28131996343380966,-0.11078811077678452,0.6119834939006015,0.3534078343583926,-0.11479255549095786,0.6654857198989027,0.2855246145577667,-0.1399326663319397,0.8735554333690826,0.1395380936780069,0.7792241027000768,0.6586199813870424,0.10959124805563718,0.3639954719726465,0.6961627597784557,0.09137606775537424,-0.03296913416209363,0.7423857066255715,0.11844398501217673,-0.11985452622488448,0.6062692267452616,0.052988404539471685,-0.09353848732682793,0.628627193282279,0.11673345187348932,-0.10865849556073719,0.8165266087127097,0.23715809537387278,1.3015982300991724,0.6557871602328144,0.269572365174784,1.5743942217328792,0.5280100782729862,0.24869971522944562,1.3985626221743865,0.5210224605844729,0.3887061778109408,1.266458925288821,0.6959940114425311,0.5208292213278058,1.1253292165479003,0.5007523633373194,0.40815321713244074,1.255837291347275,0.5003256267857228,0.32389594328508076,1.3120164306799116,0.5724820918112518,0.3147002319705753,1.331577912733926,0.5150157873709038,0.37192958760274003,1.3118505454535416,0.44065248585757516,0.07233162087164252,1.2237129328658196,0.6691463668022916,-0.022526715818871577,0.9532449105666844,0.6738327153509522,-0.03887437917877488,0.7277654796622798,0.6618256386288071,-0.0019965240544285784,0.6478127460718958,0.6288773981125587,-0.029143718177464722,0.6155394304896588,0.6534979415864403,-0.03659113154097102,0.601258244830797,0.6610926442446334,9.716666666666669
0.3310290203693791,0.7871360490797632,0.6682455653196505,0.3252403670635279,0.342311542426618,0.7383343973427583,0.3210045439236826,-0.05177194928666773,0.7900264128802547,0.28124930401126635,-0.11088429705720511,0.6121473588797413,0.3532541850460403,-0.11414703276621557,0.6656625440242361,0.28531295109491583,-0.13935465315349552,0.8735394102585761,0.13984090680549252,0.7791328449325731,0.6577935828439236,0.10964553806155525,0.3638007063676299,0.6962249731296657,0.09132725096607965,-0.03253409250612621,0.7420996690106152,0.11857926932993729,-0.11978424518015426,0.605941043948785,0.052980556636056886,-0.09358267140679491,0.6286786111612667,0.11682023729339465,-0.10778734190036929,0.8155583912992337,0.23700037182462858,1.3014862716961613,0.6581615465753582,0.2706520808616608,1.575137377236031,0.5262770303241413,0.24938246446705856,1.398696268725103,0.5194406887160945,0.38948057944317593,1.2657478966254399,0.6963574804813135,0.5238186405413994,1.1238723220733808,0.5008793875904585,0.41040456046770324,1.2534490384193573,0.5033172075709784,0.3268447500784445,1.308079262120947,0.5862093269022473,0.3182554696680333,1.3276770590928635,0.5247359366681478,0.37498976706481213,1.3070143371829481,0.445945959272826,0.07238178859460534,1.2228519681845058,0.6691013970964195,-0.02188611464276359,0.954090746711225,0.6741018536927877,-0.03975358679200148,0.727411848543422,0.6638887470790839,-0.005953860546167063,0.6452782755850848,0.6365584448793233,-0.03215625697694411,0.6154118600574646,0.6582192390778157,-0.03790127335375941,0.6030632497852804,0.6640966119507868,9.733333333333333
0.3306872419621623,0.7868907624120193,0.6694316431274132,0.32533569675547475,0.34263848370093536,0.7384036598829119,0.3210997293759854,-0.051364656649139584,0.7901173398665882,0.2811698073422791,-0.11074492501801934,0.6124074354566356,0.3532972782314751,-0.11344781472685546,0.665192586438809,0.28507967529316813,-0.13868645498784798,0.8738530690820269,0.140128630374196,0.7789453856118013,0.6572193062012553,0.10968458502174433,0.36367309419526034,0.6962870362672801,0.09138989144240552,-0.03228722267366184,0.742084638499505,0.11867102588845665,-0.11967918594109773,0.6057014594306946,0.0529681009962066,-0.0936720059287553,0.6287624122787832,0.11698052325981365,-0.10685969664882843,0.8148372685131752,0.23669980832104548,1.301548144500422,0.6598922948951772,0.2715058101323339,1.5756081421371202,0.5240834624854399,0.24968294166556482,1.3987805698549731,0.5188701342114015,0.38963384708039694,1.2645611118271303,0.696212140699905,0.5262310659276608,1.122562628589655,0.5008054795288709,0.4119209570029403,1.2511694182381705,0.5052766511159569,0.3296705561513851,1.304771455198741,0.5982088845545525,0.32180670014159324,1.324708420277169,0.5341306051099637,0.3774234634213516,1.3029866578165077,0.4511545341694339,0.07244775851438857,1.2221425860644024,0.6688980439701293,-0.021101654957902775,0.9547336678305899,0.6744415980418403,-0.04046595714932714,0.7269299284298458,0.6657141926119359,-0.008569974768202128,0.6436137495044086,0.6411007371671592,-0.033234449985653405,0.6160996453329374,0.6598628240301787,-0.03876373823725668,0.6045591927623593,0.6667672660529236,9.75
0.3303728208400856,0.7866804773518679,0.6706017886849902,0.3254014821654775,0.3430499303070441,0.7382438428697958,0.32122586767134764,-0.05076816696105185,0.7904238742060555,0.281075076308384,-0.11036495846631744,0.6127881408866982,0.35361425268657143,-0.11285993101505111,0.6636833483283089,0.28489145877995176,-0.1378953648719908,0.8742626043767997,0.14035069178294265,0.7788012791165545,0.6569501608692532,0.10970481546090062,0.36362218750611275,0.6963660644182172,0.09156727234786063,-0.03220235101190588,0.7423546106619007,0.11848920675367886,-0.11965149601476482,0.6059608304936617,0.052950323246505775,-0.0937900041533353,0.6288699100136946,0.11719825864458001,-0.10592193516476334,0.8143223604211678,0.2364757920738822,1.301627895851997,0.6606842837057028,0.2720913619755885,1.5756857034351972,0.5220145910299809,0.24998385080409402,1.3989242616842636,0.5182612856079349,0.38919768577635283,1.2631326446293272,0.6953002829755877,0.5281544398678647,1.1213439245561723,0.5015163305647026,0.4125957165695844,1.2493521132156145,0.5062566220952687,0.33151592613682757,1.302507540239434,0.6061023444398843,0.32492324275502016,1.3226290382460408,0.5421204710155119,0.37926196590997263,1.3003355732005897,0.45537535359760584,0.07252118465782084,1.2215026982965314,0.6686098985383065,-0.020298919744795058,0.9549662732158956,0.6748089480343323,-0.040923386599153504,0.7264656157920781,0.6669009184808758,-0.009520589861939282,0.6429280481546422,0.642331090128161,-0.03295304860730365,0.6167981331959601,0.6598863904740766,-0.039237043020629976,0.6055344556278242,0.6685098844977749,9.766666666666667
0.33008515573144176,0.7865229893900186,0.6717323999763353,0.3253956641039178,0.34350670349763235,0.737875103638024,0.32137425254131324,-0.049968854229205495,0.7907318253807025,0.28096847195193586,-0.10979205846435298,0.613256113867181,0.35417703932899014,-0.11235077145055317,0.6611644357136403,0.28480282095947296,-0.1369285068492604,0.8745468571476501,0.1404989650596043,0.7788478774263052,0.6570192132771422,0.1097137797334263,0.3636295725478317,0.6964398605776019,0.09185195832460648,-0.032244428099953745,0.7428330809444218,0.11788358498654763,-0.11988937168303403,0.607039090084722,0.05292940003955618,-0.09390885470319241,0.6289869685825963,0.11745613303812107,-0.10499555516207423,0.8139227208635049,0.2364425786244005,1.3014946163956655,0.6604297819376284,0.2723854945843256,1.5753768555809815,0.5206273582034532,0.2506610997844074,1.3991578704718133,0.5166180784860397,0.38831690160551957,1.2616971749933992,0.6936678217810719,0.5296714304271616,1.1201529701738533,0.5037119245399927,0.41253601138165524,1.2481245568960162,0.5067171292260431,0.33192020014467294,1.3014468235264498,0.6085496011265593,0.3272770560393711,1.3211268895829316,0.548065589202817,0.38049128834138013,1.2992549753007758,0.4579130440755359,0.07259235799972033,1.220896422534088,0.6683192176418701,-0.01960029879026945,0.9546977969438066,0.6751514557690805,-0.040880367330247705,0.7263051380848753,0.666886036537784,-0.008994290317321605,0.6431252742239761,0.6412496374206782,-0.031961309352600845,0.6172017642932192,0.6595083091022788,-0.03922471807350178,0.60612500543312,0.6688216770747375,9.783333333333331
0.3298320356624008,0.7864055782494613,0.6727996928216681,0.32528379584179323,0.34394600659336716,0.7373369128064792,0.32154289943907804,-0.049006188420802524,0.7908304819333793,0.28086046134663356,-0.109103762069239,0.6137472022694593,0.35490546196354333,-0.11159119576141781,0.6580272431372606,0.28481187688180304,-0.13578901850312766,0.874629974697566,0.14059673763600133,0.7790715443114515,0.6573880168571127,0.10970976623908678,0.36369574907810254,0.6964759410772315,0.09222280214996412,-0.03235216811618524,0.743350587941318,0.1168974092747902,-0.1205715441423878,0.6089659247198036,0.05291052485145151,-0.09400645910093917,0.6290955953322616,0.11775366601912149,-0.10409332245596442,0.813601420222655,0.23659378553984342,1.300988725700182,0.6591509095368657,0.27241241542069544,1.5747945462983308,0.5200838796083894,0.2518202662308494,1.3993864842438122,0.5136592313730556,0.3872346657069379,1.2604465709954136,0.6915688928018955,0.5307357217829622,1.1189141429474712,0.5072741087825194,0.4119378171187807,1.247323234269567,0.5074409013917396,0.3309154325020363,1.3015064717058613,0.6057568682812049,0.32858539125237907,1.3199371812907896,0.5518192557690436,0.38111887065083594,1.2994376702685129,0.45869209490527957,0.07265174018908802,1.2203774517706418,0.6680825678263218,-0.019103287955050584,0.9540365497767803,0.6754138904453013,-0.040277324051082086,0.726603014490194,0.6655300028025037,-0.007234309506408159,0.6440830751908893,0.6386841209344059,-0.030603722013696464,0.6175191166645656,0.6590326333109615,-0.03869636146383749,0.6066141888736559,0.6676991814553908,9.8
0.32962610439615364,0.7862794734102913,0.6737616138659137,0.325072713402117,0.34433056750623614,0.7366599131131133,0.3217323187908237,-0.04798210922788995,0.7906563919398497,0.2807698179082271,-0.10842237860578637,0.6142056192305221,0.3556899059923304,-0.11023625035703764,0.6547975100953123,0.28488968578563967,-0.13458175147374588,0.8745670412809246,0.1406583639439472,0.7793201678964123,0.6579175250735225,0.10968482648572286,0.3638305087498882,0.6964622421527594,0.09265780053651657,-0.03246214294728779,0.7437632396350757,0.11569467401308997,-0.12174989383142586,0.6115184908678969,0.052898625527199386,-0.09407460027671502,0.6291809125839435,0.11810587067042845,-0.10326169065952037,0.8134874684479282,0.23686384872692218,1.300100192121208,0.6570772657820974,0.2723355288867821,1.5740557733868834,0.5200930741517137,0.2532962811341964,1.3994814110300888,0.509803689289773,0.3862838225964661,1.2595422119828004,0.6893290925831544,0.5312433218477721,1.1174870368735617,0.5114192829894093,0.41107957692048264,1.246561765683494,0.5090950752431307,0.3289946103723135,1.302289383544347,0.5996352237848882,0.3287535821375702,1.318787606832517,0.5536478994776071,0.3812836953787579,1.3002004365893745,0.4581459867256973,0.07269294400866765,1.2200448993169586,0.6679230920622695,-0.018858701694100668,0.9531959582723235,0.6755561491194791,-0.03928715873900478,0.727260768585541,0.6632135447098017,-0.0043279962974786396,0.6457360042390351,0.6345638625769465,-0.02904176376112343,0.6180975807997557,0.6580502460361378,-0.037828513580299816,0.6071671143251809,0.6656787055346193,9.816666666666666
0.32947286484347305,0.786117396490314,0.6745598304200761,0.32480146534846455,0.3446512812694486,0.7358609837362609,0.3219440176215592,-0.046990881656039984,0.7902843800628312,0.28072650984132885,-0.10789408768151663,0.614608974465564,0.356408759004472,-0.10825759818040426,0.6519524315143096,0.2850123374010149,-0.13345027031108148,0.8744530890740486,0.14067331115606146,0.7794856972486418,0.6584096059377638,0.10964608454951481,0.3640009483031298,0.6964210027368274,0.09314511777131194,-0.032542917851277706,0.7440639714132966,0.1144556996983193,-0.12331204682091468,0.6143505392454764,0.05289314749751546,-0.09411118908898401,0.6292380945626694,0.1185181893520293,-0.10256416341424074,0.8137897251758693,0.23716498891053225,1.2989043888715937,0.6547295937488494,0.27240850037045816,1.5732544824826318,0.5202897256253085,0.25482829139956514,1.3993796280563604,0.5057220338720818,0.3857745021276937,1.2590853181712218,0.6872775734280729,0.531220053685486,1.115741706379542,0.5152196277039982,0.4102556826763629,1.2455008859331187,0.5116286103207104,0.3269338175419651,1.3032003146820765,0.5930292201678083,0.32817045647707965,1.3174544124723766,0.5537751446308522,0.38116241117090277,1.3007918920444597,0.45710470129335734,0.07271617795579423,1.219938477456245,0.6678348871689836,-0.01883675248233373,0.9523461530737924,0.6755894220152692,-0.038075272396361895,0.7280688177313237,0.660486268626745,-0.0004954605860902825,0.6479886534870438,0.6285999788372165,-0.02740023313190673,0.6191523722021178,0.6560267153185176,-0.03680820757882093,0.6077950157658153,0.6634081826399696,9.833333333333334
0.3293651984313248,0.7859452400372309,0.6751544122543389,0.3245003050615573,0.3449113036902826,0.7349453462534156,0.3221723744909395,-0.04607500933687199,0.7898169247745602,0.28076552642311847,-0.10763471289780183,0.6149487364969124,0.3569659538369046,-0.10601149675519839,0.6498679278249879,0.28515490189599363,-0.13247635473350916,0.8743630879450508,0.14061343765706838,0.7795805490321709,0.6587422062307401,0.10962644390037997,0.3641222454593192,0.6963919293518044,0.09366030123238772,-0.03260768281056747,0.7443368414436313,0.11334615968308742,-0.12505894531953357,0.6171048818791174,0.052888299272722955,-0.09411574459115943,0.6292730805739024,0.11896661312692343,-0.1020227340749869,0.8145555937663757,0.2374139745128957,1.297509361790329,0.652764602336821,0.2727736051611709,1.5725272393095981,0.5205978150907039,0.25621254889354955,1.3990925869559971,0.5019784414403488,0.38585741019513087,1.259022364342332,0.6857223596741313,0.5308614065134367,1.1136878259375529,0.5179976510915574,0.409647671816537,1.244101189139314,0.5143335171684207,0.3254406210600983,1.3038133336398947,0.5880778262269707,0.3274728692627018,1.3161421589522573,0.5518936981668312,0.3808451997780248,1.3006737664282442,0.4565724906493027,0.07272880311451783,1.2199865374266738,0.6677867934217361,-0.018905723476126755,0.9515790817881216,0.6755885571986406,-0.036704768423237416,0.7288491393625746,0.6578562285944856,0.0037133442238045213,0.6506586893522853,0.6210511628193801,-0.02551410564311313,0.6208550874027113,0.6522679085392744,-0.03565645358561957,0.6084834720830399,0.6612961332334242,9.85
0.3292872586870268,0.7858116772167312,0.6755514871261682,0.3241896767467213,0.3451292287335817,0.7339141547232062,0.3224030370993428,-0.045248931841696025,0.7893220401750284,0.2808876641215415,-0.10767700566641836,0.6151788514682378,0.35732210307980633,-0.10400959313468988,0.6488010668354148,0.2852969593197279,-0.1316643604174396,0.8743279479184496,0.14043855281014586,0.7796702746687195,0.6589786754477482,0.10966240594785363,0.364119575532892,0.6963958041385239,0.09414223946180758,-0.032698387941868204,0.7446424748544149,0.11251539415524903,-0.1268079921399354,0.6195057459919562,0.05287890461525645,-0.094096611711104,0.6292981574183952,0.11940748986054989,-0.10161630015157605,0.8155984600761155,0.23756987337840602,1.296095021851388,0.6516386462165006,0.27338498268778355,1.5720643554605185,0.5211194068044563,0.2573629521023626,1.3986700295144399,0.4989423817245031,0.3864427324458093,1.259124461479637,0.6848845846356548,0.5303724965511324,1.111498282956151,0.5193665291518944,0.4093049500458049,1.242552284166497,0.5164824164437927,0.32487367577186305,1.3040902580689884,0.5851330545040625,0.32688573027884527,1.3155171521954634,0.5474463306988424,0.38037982320389985,1.2996311024413691,0.4571154929231101,0.07273906226692929,1.2200684375360085,0.6677438982749577,-0.018913273677167143,0.9509570817830172,0.6756793807445411,-0.03524363072488993,0.7294742861407328,0.655748872431468,0.007646964235444651,0.6534769271623139,0.6127898733495071,-0.022848284588557546,0.6234105895108218,0.64588161691464,-0.034294931864846945,0.6092153337177031,0.6594475116312982,9.866666666666667
0.3292227996704409,0.7858044490065585,0.6757988405254528,0.323911262565564,0.3453663862112746,0.7327747827459821,0.32261398515583983,-0.04453717247669803,0.788856374451147,0.28100136686273913,-0.10792771785412492,0.6151954556491323,0.35751216016057485,-0.10260266869931851,0.64873443089845,0.28543575782500025,-0.13100975527878939,0.874330973834602,0.14011739788507238,0.7798369570159686,0.6592845088578774,0.10976238610789453,0.3640103258053241,0.6963951290513352,0.09452467593764223,-0.0328331323264395,0.7449732575881927,0.11206353200782525,-0.12844378985706623,0.6214353114399602,0.05286331830756803,-0.09407481043807396,0.6293271589226568,0.1198129453749951,-0.10133055859824285,0.8166883023325734,0.23765435629041481,1.294953941364391,0.6513753692399086,0.27413691082967573,1.5720186223581816,0.521737162959744,0.2582814885991659,1.3981761739827376,0.49685597347308996,0.38722388260202767,1.2592060857805292,0.6847575995491716,0.5298227236314141,1.1094263336278765,0.5190490092886615,0.4091954031515085,1.2410339280918952,0.5177229893021232,0.32526970568242736,1.304184319066996,0.5833597625720235,0.3261935838304455,1.3161564273553334,0.5403712440991603,0.3798261798154331,1.2978044752754203,0.45846019673539734,0.07274869407448001,1.2201125658844598,0.6676937147823196,-0.018843931936598307,0.9505442563484224,0.675915734446936,-0.03380458672085722,0.7298719789586514,0.6544030359505397,0.010993698222922996,0.6561239333102158,0.6048692579846834,-0.018884600640547124,0.6268443849045858,0.6364113432553358,-0.032743043001470316,0.6098658111411034,0.6578172799928512,9.883333333333333
0.3291702771743662,0.7860824278170564,0.6759378473796864,0.32371887126541293,0.34573888827378096,0.7315500515271719,0.3227698352947999,-0.04399533503084048,0.7885137378937868,0.28094271800325965,-0.10821275713984888,0.614884702582465,0.35763555861314994,-0.10191803952304336,0.649239372762109,0.28557625204274234,-0.13052341000675977,0.8743243411844724,0.1396611941495384,0.780184882901143,0.659717048906353,0.10991532061542762,0.36393906398635495,0.6962792669264648,0.09477951622417762,-0.03297691237353702,0.7452664332558422,0.11198251382021432,-0.12983126664528039,0.6228570765816401,0.052841222953390075,-0.094070360995613,0.6293663492831922,0.12019516287466515,-0.10116436282476157,0.8177110455808981,0.2377333625673943,1.2944034476879005,0.6516171315127905,0.27499262343640385,1.5724249666007548,0.5220320195010693,0.25899137317114107,1.3977114559559871,0.4957837133235963,0.38786508943931153,1.2593494541979005,0.6850548657887354,0.5291809573954883,1.1076707493958085,0.5170347634530585,0.4092367959111527,1.2396727925870112,0.5181105186357867,0.326435639342451,1.3042436629765621,0.5816880133186555,0.32527181913920644,1.318097501991057,0.5313840897533404,0.37922276240809943,1.2957009791274157,0.4597373631858662,0.07275494236025061,1.2201156022931234,0.6676455315665879,-0.018848171621935812,0.9503936412196019,0.6760470914912192,-0.032475545196529544,0.7300481563655834,0.653775453481037,0.013950254044027555,0.658387451256095,0.5979379914130301,-0.013535713479963327,0.6308334755811656,0.6243775989437156,-0.031191623896815165,0.6102369129432048,0.6563485788316258,9.9
0.32916167259827783,0.7867742868819256,0.6759191247970062,0.3236514904165314,0.34635509286041755,0.7302745265432573,0.32283644479632023,-0.04368070793330274,0.7883903264622749,0.2805909608623863,-0.10842432838991628,0.6141886993959059,0.3577827298526629,-0.1020279669340344,0.6497181750270364,0.28571811463651037,-0.13019525998602996,0.8742613781342736,0.1391150451913427,0.7807727403403777,0.6601225690188341,0.11011602939820292,0.36407697418212887,0.6959364036567178,0.09490453206687118,-0.03306180100561275,0.7454204118440864,0.1121563003728453,-0.13062182335913397,0.6235144581499071,0.05281205364248551,-0.09408267242692797,0.6294025708977439,0.12057477954364017,-0.10107727370172612,0.818612898606831,0.23784558305557765,1.2945734968679858,0.6519376260866705,0.2759646789303359,1.5732024230145594,0.5216141610705314,0.2594916338713524,1.3974395870173544,0.49552449593748105,0.3882133634808661,1.2597632319278327,0.6854160980506587,0.5284833671585575,1.1062639257014262,0.5141371052001583,0.4093546261484966,1.2386305503576127,0.5180320452172643,0.3278776406700387,1.3045008269853446,0.5789552636726742,0.3242843318925848,1.3209036915870227,0.5217192450061665,0.37858684394801334,1.2941367591703075,0.459983834439358,0.07276031827910577,1.2200982436811882,0.6676155622112963,-0.0191018651431693,0.9504944340020719,0.6755368230855638,-0.031217534750659935,0.7301290303272622,0.6534411203479735,0.01689590123246481,0.6602469855373787,0.5922041107005245,-0.007325687246513509,0.6348802615028245,0.6111740383597727,-0.029810900394808132,0.6102436230942189,0.6548735827339868,9.916666666666666
0.3292691853370058,0.7877803906035821,0.6755450031642204,0.3237407879805032,0.34720631465568547,0.7289796068033022,0.32282311854872514,-0.04358035024500147,0.7884589962056906,0.2799409278562073,-0.10858069519643151,0.6131293051035652,0.35797016286110345,-0.10291348415973482,0.6498483337154338,0.28585728798707305,-0.12999337566762278,0.8741273943412121,0.1385359218465779,0.7815105262909467,0.6601979605402984,0.1103466531521908,0.36441404571942004,0.6954031270751824,0.09489685657392188,-0.0330116160312028,0.7453328504749331,0.11246970679327714,-0.13030108844494376,0.6228402029880296,0.052780482693277925,-0.09409024172371964,0.6294069841874116,0.12091800198608679,-0.10099637537294412,0.8193425697199161,0.23792135372641354,1.2952877763815995,0.6521024474795251,0.27699933058532283,1.5741921543118864,0.5203816287085059,0.2597415924438309,1.397494911687728,0.49580174358505835,0.3882991293353616,1.2604957730331898,0.6856687169317501,0.5279874848950521,1.1050409688767069,0.5120331449616113,0.40952793787742503,1.238063462141292,0.5179737849164274,0.3288532818409304,1.3052281875270502,0.5743230665906174,0.32344524878204095,1.3239500035400915,0.5127748150618673,0.37795205336813376,1.2940311728279488,0.4586072563217156,0.07278169436974985,1.220073329114601,0.6676191561737184,-0.019697071120624726,0.9507364132828297,0.6739401411636794,-0.029774378432181614,0.7303944710056103,0.65248937546876,0.02005201227341305,0.661729757932161,0.5878442598646564,-0.0011552519778874305,0.638655334772606,0.5984117103878134,-0.028603630023251468,0.6099572829599852,0.6531319128532886,9.933333333333334
0.3295665141939804,0.7887326943603641,0.6745869916841193,0.324021748696323,0.3481504907046005,0.7276890498236488,0.3227836301247274,-0.04362168313577784,0.7885644290652564,0.279077104418244,-0.10871870684244082,0.611830329265205,0.35816477783649625,-0.10423384193409772,0.6496874944883346,0.2859853283510921,-0.12989115309846344,0.8739508834080134,0.13801531264557979,0.7821950398255403,0.6595906278239655,0.1105488637649164,0.36470847154013547,0.6948962606828495,0.09475845680924273,-0.03279803489102802,0.7449941895941238,0.11290181816402448,-0.12858229531211157,0.620373268602974,0.05276705032354835,-0.09407001607210434,0.6293546922188401,0.12113463431071951,-0.10091479606889338,0.8199449207038766,0.23782376885972717,1.2962139284273844,0.6520338231842635,0.2778921244002586,1.5751939511459223,0.5184854364709973,0.2596850371799732,1.397837755359139,0.49648959471384124,0.3882142918561846,1.261422527767931,0.6858314349000849,0.5281739713332239,1.1036308244931334,0.5125698497580936,0.40969007684214237,1.2379567884381193,0.5182097431614711,0.3287336090910957,1.3063461210351213,0.5680193235162077,0.3227162332470299,1.3266711650433198,0.5058819245369337,0.37735114322429,1.2959676669281495,0.4555788459605419,0.07284720045685969,1.2200451749179568,0.6676565818405054,-0.020622731928924318,0.9509664543349308,0.671193380720976,-0.027734776693045728,0.7311819961829139,0.6497880202041377,0.023512670112028188,0.6627776773770123,0.5849274384258076,0.00430678616232434,0.6421496607634477,0.5871182004961772,-0.0275630317397595,0.609458101307764,0.6511442098728112,9.95
0.33004556671284835,0.7892181348402277,0.6730629099454892,0.32449823447542386,0.3490123278954707,0.7264301521617799,0.32275824542721243,-0.043763878646801785,0.7885932722247532,0.2781447961883999,-0.10878747482067448,0.6105652959461293,0.35831985145652834,-0.10540719514860915,0.649419989508662,0.28607927925765025,-0.12986660134308797,0.8737936285596661,0.13767267041859485,0.7826409135442592,0.6580622906882343,0.11064847679870726,0.3647009672208472,0.6946388345335058,0.09451033125488313,-0.032499986316874716,0.7445454215294436,0.1134837259178938,-0.1256676728757255,0.6161298499547101,0.052804255266589786,-0.09400811687871329,0.6292366136639583,0.12115279409200831,-0.1009233432535129,0.8206087772781785,0.2374882769002969,1.297103892361371,0.6516933522564972,0.27835408940495976,1.5760094253302819,0.516210236757547,0.25929923475163075,1.3982975603106722,0.4975602716774016,0.3880392381449911,1.2624094401772228,0.6859446564729135,0.5295872336562726,1.1014916502057224,0.5169806672927473,0.40959437955317324,1.237930434295226,0.5187036815665448,0.3274551571741337,1.3071760787802917,0.561410768383558,0.32169460229091795,1.3286960376237336,0.50210636964815,0.3766403343670735,1.2996902336710408,0.4511658288851004,0.0729578253052427,1.2200221360313903,0.6676864027711911,-0.021790601327860114,0.9511293645557446,0.6676314896797713,-0.024749898318394838,0.7327099622091049,0.6446019441443854,0.027297401836610367,0.6632353397018677,0.5832285759904737,0.008949285170502598,0.6454665431619397,0.5776970058213603,-0.026760503781352835,0.6087746808674814,0.6493161672197186,9.966666666666669
0.33058020594431814,0.7889305318663775,0.6713392285583526,0.32509819109442856,0.34964507822180446,0.725249632927178,0.32274634315945333,-0.04398939478090412,0.7885593569950897,0.2773377466056173,-0.10871558779593503,0.6096857611265941,0.35838613607228154,-0.10602017278379836,0.6491262102956444,0.2861080656845208,-0.1298823946867583,0.873727847122497,0.1375590212209024,0.7826598942562594,0.6557781488067617,0.11059785677026994,0.3643092885128146,0.69470956581185,0.09420277991634991,-0.032255133718580214,0.7442247129805367,0.11420275642727493,-0.12212933611266118,0.61052739570816,0.05289505805197598,-0.09388556908068806,0.62905838985575,0.12097357917667946,-0.10111053028976613,0.8215603452804093,0.23695411465748129,1.2978476402759929,0.6511242643408142,0.27821393264028205,1.576496398079308,0.5138960311823951,0.2585896414180188,1.3987206859896506,0.49901281852818563,0.3878050175921183,1.2633559462500306,0.6860424623937464,0.532635569033777,1.0981285970418493,0.5251773774529499,0.40896082884185003,1.2370666066193683,0.519159680344355,0.3256257084653271,1.306889447906834,0.5570588100869923,0.31984891919252406,1.3297109640686189,0.5016835662266895,0.3752076098505964,1.3038815680658564,0.4455967772082257,0.0730317754737105,1.2200172468445094,0.6676287757560395,-0.023147807891275036,0.9514147947732273,0.6639279280898963,-0.020719222483829423,0.7350296145323874,0.6369290835540635,0.03128089133992708,0.6629631878423631,0.5825301176090892,0.012996995462743306,0.6485395099107885,0.5706626799891092,-0.026015009340761716,0.6081684881809449,0.6478107410181553,9.983333333333333
0.33100215088167495,0.7875579923124039,0.669913263567969,0.32569126837260726,0.3499104601386755,0.7242286926991578,0.32273100068769933,-0.04424845713077251,0.7885282143985247,0.27682929283298907,-0.10859888599191767,0.6094161866637193,0.3583569089273552,-0.1060949052741066,0.6488182239781438,0.286065910543326,-0.12988457143619603,0.8738020936158889,0.1375839339392467,0.7819641525214978,0.6533655270094829,0.11038441251111492,0.3635928186652483,0.6950718058980208,0.09391265061378419,-0.032160174498125554,0.7442814927189181,0.11497442859011844,-0.11865354135798112,0.6042742755592424,0.052964932147926705,-0.09366903839299993,0.6288417644584845,0.1206530369495378,-0.10147046668560554,0.8229560351063491,0.23630231738532798,1.2983872807705403,0.6505961423576988,0.2774768543806475,1.576627133562138,0.5118638356822903,0.2575141052124048,1.3989761637647187,0.5010164456072856,0.3875300717402749,1.264070544822274,0.686289919731906,0.5374296588032776,1.0934310939297174,0.5355775228159324,0.40791424523993186,1.2340554576239704,0.5188150357836785,0.32400447751024397,1.3052228799777001,0.5590042650814807,0.3169691957339086,1.3291102051525299,0.5033777297777585,0.3721763467780632,1.306158816166341,0.43909138290780725,0.07292353394343115,1.2200355849986932,0.6674198263442058,-0.024783701873271058,0.9522377920942409,0.660900377232811,-0.01581139681293091,0.738133536067142,0.6272689588201168,0.035351190427524395,0.662233311428805,0.5825658127032183,0.016841402932330614,0.6511807291109548,0.5666975456350031,-0.024554271643504197,0.608470523255285,0.6459437463111467,10.0
0.33120689365445827,0.7847789130929927,0.6691539859166518,0.32615866595399057,0.3496941369023447,0.7234861623089938,0.3226992365039358,-0.044505297682442296,0.7885411488962024,0.27668462502058977,-0.10871469128503986,0.609770563842308,0.35831314666466246,-0.105978663769466,0.6486777917492607,0.2859867608532919,-0.12982300627205867,0.874007688657509,0.1375618087984275,0.7802626120721035,0.6514859954612353,0.11002211125683048,0.3625940756488294,0.6956838873341988,0.09370719178169001,-0.03223992734185015,0.7448705463010569,0.11569117056261238,-0.11589501583764729,0.5984527287719968,0.05288746097943575,-0.09336192215021959,0.6286281702077974,0.12024493631611506,-0.10193424151265393,0.824861517922185,0.23567501654359058,1.298663532687238,0.6505994655684817,0.2761559372685084,1.5765003090446894,0.5103826019820523,0.25601916833892424,1.3989333543631903,0.5038580434230892,0.38730378340625204,1.2642299586575823,0.6869547951711492,0.5436732067287315,1.0878472303750957,0.5462142663756209,0.4072125922472698,1.2277836341067156,0.5162718593806679,0.32288765983824547,1.3020451032092293,0.570624099635473,0.3133955339816872,1.3256265390527053,0.5047860420883232,0.3672353750949243,1.3031504769723772,0.4320958396887311,0.07253225261153433,1.220069210658455,0.6670588355851467,-0.026933518325564544,0.9539429167115455,0.6592116339243692,-0.010342728201176241,0.742041362939343,0.6162463569501281,0.03966864473535967,0.6622162351198102,0.5823898891153638,0.021082766492435612,0.6533558875142964,0.5657179532505453,-0.021241321061536346,0.6107777231305443,0.6425177715619351,10.016666666666667
0.33117835727228206,0.7805270283618401,0.6692326962057087,0.3264507564974334,0.3489904819018135,0.7231283152499146,0.3226482832049975,-0.044779061091372016,0.7885976038284136,0.27682055180349724,-0.10925303761510244,0.6105947443545223,0.3583820850041471,-0.10600726986905729,0.6490930344776976,0.2859151311929053,-0.12966349694476345,0.8742791352988551,0.13730261698367585,0.7774566492799844,0.6504283981868996,0.10955062243290813,0.3612493348978809,0.6965731061571652,0.09360392807871293,-0.03247327219905209,0.7459246575733326,0.11627693420214907,-0.11444757059844121,0.59437821378779,0.052594313611533716,-0.09308843981163407,0.6284744545136396,0.11975623513464288,-0.10246392000568731,0.8272713122777584,0.23531576375627422,1.2986179586261377,0.6515825687103565,0.274182793353867,1.5762421799111654,0.5096773237766663,0.25425567715652164,1.3985549344650388,0.5074310701524205,0.38724809295567786,1.2636490580502198,0.6881904363093806,0.5506651946141299,1.0822191726026045,0.5561075887087045,0.4078529859482435,1.2177045338388781,0.5102421620474624,0.3221607734618097,1.295785100462394,0.5896357588030441,0.3098938845543441,1.3171027365503976,0.5032644907272533,0.36090111276812953,1.291248853053312,0.42516614638228545,0.07187251466768027,1.2201018945301283,0.6665999852468801,-0.02993701563101253,0.9565465758923273,0.6592862916884784,-0.0046876913738652425,0.7466979962857355,0.6045479472362684,0.044613718365387744,0.6649698465512368,0.5802478016787794,0.0263349135276668,0.6553873102731779,0.5663830656218334,-0.01519616388627986,0.6156770456062142,0.6367287509048013,10.033333333333331
0.3309424683623623,0.7751319828230151,0.6701723033992535,0.3266058235729786,0.34795088218723313,0.7231441176200305,0.3225844593215571,-0.04510570078362705,0.7886739883750545,0.2770599811349509,-0.11005830488573369,0.611596193696111,0.3586382273197712,-0.1062842856962891,0.6503658904079334,0.2858821969572198,-0.12940125327044041,0.8745505260373738,0.13669026793503497,0.773684271439475,0.6501701723127016,0.10902747803215944,0.35945362216765286,0.6978281602209303,0.09357342299071318,-0.03282681826431594,0.7471848944616986,0.11668923312361285,-0.11472394946522042,0.5930486930660142,0.052178583416671115,-0.09307265189920795,0.6284505552657613,0.11917006832206876,-0.10306470625682865,0.8301045732556009,0.23544832401092158,1.2982306310604803,0.6536412452655074,0.27151595184765054,1.5758848613613852,0.5098418802116454,0.2525803074384722,1.3979425112990245,0.5111137944532614,0.3873992331727669,1.2625166539551012,0.6899980715085361,0.5575115740911892,1.077390767504254,0.5651713754514954,0.41043792656779554,1.2036377868800978,0.5005334168274594,0.32189190780353105,1.2832200901731068,0.6069274332048964,0.30736444041993705,1.300937736344988,0.4964983884872384,0.35384112500473053,1.2682296489764613,0.4184097175552711,0.07104406559288512,1.220115634542927,0.6661117600709423,-0.03411342792197529,0.9598817925073766,0.6612941197166682,0.0007557703661918674,0.7518175820399675,0.5930594479702518,0.0505158580023567,0.6725711150948126,0.5745345912153119,0.03293239893475142,0.6580654979070358,0.566547214871131,-0.006289461804848616,0.6229316602007984,0.6286315573959462,10.05
0.330523561801045,0.7691412009514642,0.6718653270002155,0.32671897666117483,0.34680830211300373,0.7233780468092414,0.3225132364206905,-0.04549801382050962,0.7887555000380705,0.2773352516137969,-0.11070162020907504,0.6124866176400104,0.35906880980755684,-0.10675389587351458,0.6525181314250641,0.28590988454752553,-0.12908034187867856,0.8748180792635697,0.13574560764110463,0.7692116901603939,0.6506630241363003,0.10850033269292532,0.3571945253105836,0.6995109180339446,0.09357374358324927,-0.03326366526805628,0.7484148820351129,0.11691113711552503,-0.11667368836134152,0.5945790598780372,0.05187146419490482,-0.0934845935204,0.6286274773893411,0.11852611337347782,-0.10372289898711336,0.833143177762266,0.23603850022036926,1.297555895767163,0.6563672987558692,0.2682542747019171,1.5753997480131432,0.5107634624829979,0.25121370822920003,1.3972724464234911,0.5144103433933735,0.38769371880008285,1.2612007172672437,0.6922119857266942,0.5634407832566053,1.073887090184733,0.573303959139345,0.41495245024693916,1.1856748404959205,0.4877855888210219,0.3224463569821321,1.261606887655894,0.61256596973606,0.30642410991564056,1.2753157218490485,0.48310185882516565,0.34667415163407583,1.2344399213849968,0.41128690632900333,0.07017291327878039,1.220098041713836,0.6656511769463754,-0.03950619581863758,0.9638961329356753,0.6649534726940988,0.005702615951033826,0.756998396070528,0.582835659959096,0.0575284777333276,0.6858165691950606,0.565249948700062,0.04088937943880471,0.6626122509104998,0.5641306035418797,0.004746623424580814,0.6318247559999549,0.6188919691862689,10.066666666666666
0.32994973699613483,0.7630518416267452,0.6740778102373254,0.32686951465818675,0.34572608067194555,0.7236401871223256,0.3224357687233103,-0.045925545587315514,0.7888469328658988,0.27777490406790156,-0.11086083045065605,0.6131548757966643,0.3596194403328853,-0.10736166536282342,0.6553658097049351,0.2860130816869578,-0.1287698914964744,0.8751234063791655,0.13458834571750572,0.7643072163252171,0.6519466166139577,0.10798036344108516,0.35462589081825036,0.7015401164673184,0.09357864861057269,-0.03372977516829499,0.7495251938599728,0.11697121242680224,-0.11957755031888168,0.5980901275587941,0.05188475578994664,-0.09432436210600417,0.6290307722741592,0.11793227930156266,-0.10438545739197426,0.836006318583959,0.23673532680776482,1.2967008721631321,0.6590048006960804,0.26462520457452393,1.5748156613574507,0.5121882093441215,0.2501129042508479,1.3967086054756461,0.5172708331133304,0.38808478990835715,1.2599201583499802,0.6942124388240957,0.5679937626821616,1.0718568889304034,0.5801816678824859,0.42087647621128954,1.1643897399882635,0.47284139249724033,0.32366967110049577,1.230468031606601,0.6020098128841628,0.3069599071724562,1.240115855044623,0.46379430085255585,0.34045327606866177,1.1923986351202425,0.40349673301171374,0.06938465404743488,1.2200470449361198,0.6652710535754537,-0.045683686419554725,0.9686431995845112,0.6694395485018784,0.010163103554785531,0.7620362621868174,0.5748124959527057,0.06575165979843371,0.7035515938688546,0.5546078793631741,0.04995760015657072,0.670246578573161,0.5582352094135163,0.0166964498069235,0.6415873456401825,0.6083569542056622,10.083333333333334
0.32928961252897854,0.7571400828115596,0.6765563140869311,0.32706668894317753,0.3447168270128379,0.7237853891259385,0.32235620781916674,-0.0463134385575375,0.7889580009165067,0.2784760637727225,-0.11056275924117577,0.6135595964071944,0.36021673241500185,-0.10805453685348398,0.6585626617413236,0.286192651352807,-0.128502998479792,0.8754812306063797,0.1333144494775751,0.7591504081429202,0.6540359370351156,0.10744654563293317,0.35201329908312834,0.70367548224274,0.09358552306503623,-0.034161581105118535,0.7504963995467343,0.1169570308612125,-0.12226336413902943,0.6022102821118835,0.052278389868391326,-0.09545238913738537,0.6295998954340529,0.11745526782081034,-0.10498455863896726,0.8383025193389252,0.23713459019183086,1.295783825679828,0.6608117664882702,0.2608852407315038,1.5741906069197256,0.5137213605267973,0.24922191646210845,1.3962497953077737,0.5197225777839621,0.38865469000711317,1.2586650681734672,0.6948775398497128,0.5710904179027492,1.0711181025128969,0.585572541291171,0.4272139388696865,1.1406169260738457,0.4573835509561609,0.3243738002462167,1.1913127338448575,0.5771425862209397,0.3079446642778591,1.1968504769324013,0.44228286776201226,0.3361651124505581,1.145480891057448,0.3964360050964062,0.06879525834266373,1.2199709479231489,0.665023994566559,-0.051831915869288245,0.9739463377538334,0.6734937630680942,0.014436054987437573,0.7669979894270886,0.5695082149809173,0.07523319976680504,0.7231305391944327,0.5460981355602967,0.05976309738406618,0.681421682916531,0.5497849883633049,0.02858677383866856,0.6516259729806777,0.5979357966131441,10.1
0.32863940056572716,0.7514428347123469,0.6791711021789841,0.32726154838182886,0.3437025452946469,0.7237014343027235,0.32228517199143375,-0.04657840789579826,0.7890893589825382,0.2793683063047994,-0.10998411123936604,0.6134956619039883,0.3607405257502056,-0.10866619855334876,0.6615099082710091,0.2864331522739668,-0.12824930786033903,0.8758541350384433,0.13195506825742623,0.7538098019536258,0.6568965600990755,0.10687350146182956,0.3495963496965422,0.705646547431378,0.09360272014343105,-0.03452172355855407,0.7512837412114565,0.1170199186546687,-0.1237406983303815,0.6056955017529784,0.052967465694798696,-0.09669178288069179,0.6302021034558013,0.11705352662252057,-0.10546888395276056,0.8398578420157694,0.23710725316352443,1.2949353028549475,0.6612222014325378,0.2572320607336457,1.573497381990187,0.5148311160031157,0.24864104522818675,1.3956552384757066,0.5215660211647,0.38955792993705396,1.257328034988951,0.6931551326328151,0.5730087042839743,1.0711440648318782,0.5895926974959764,0.4325446700839557,1.114811378764686,0.44463284055941454,0.3230548514795967,1.146866391336039,0.5440275781710182,0.3077199262641699,1.1483220483972563,0.424649285039739,0.3335083522925868,1.0970258691563195,0.3933980496665608,0.06847888588946224,1.219894287172535,0.6649235790626138,-0.05704119937639406,0.9790881770889227,0.675730549800168,0.018922090906781278,0.7719705499345787,0.5669028113986838,0.08572906842576744,0.7414828370658314,0.5426688464159672,0.07017345754656318,0.6954408260036363,0.5407065645551133,0.04028851868493564,0.6615286584270297,0.5888449901466319,10.116666666666667
0.32805611352630526,0.7458954599359735,0.681921148405739,0.32739906587273443,0.342623557583343,0.7233558589666378,0.32223303887837257,-0.0466757798775809,0.7892344772136909,0.2803723854762354,-0.10916499952620456,0.6127369057512432,0.3610347284857125,-0.10891303876334493,0.6634465752502299,0.2867126673228099,-0.1279586280021729,0.8761925269133671,0.13053991504684437,0.7483522938496103,0.6605303265189845,0.10625016262963995,0.34750910592724116,0.707282616592734,0.09363283595525841,-0.03482363011901177,0.7518306698845483,0.11733990043663978,-0.1237040127993119,0.6076467696369953,0.05380130876433507,-0.09790458679902962,0.6306966075624117,0.11664983834753906,-0.10584205733855587,0.8407703563901755,0.23682350084915188,1.294314170161253,0.6598138195726782,0.25383191807022476,1.572658545697976,0.5150671960675441,0.24851194245679323,1.3946640202129605,0.5224667251191055,0.3908292267572262,1.255827754408255,0.6887285068373024,0.5741732331350431,1.0711123605908441,0.5925942410352583,0.43547026099985076,1.086949092164497,0.43827681825273757,0.3190288056917271,1.1008305639994076,0.51057816749661,0.3046951239664627,1.0982831985544022,0.4173179844577671,0.3309470711148259,1.0500295926141978,0.39760436578999747,0.06840853624203294,1.2198679025908616,0.6649017541547526,-0.060496622404935474,0.9829222255093754,0.6752442880583714,0.024084070952704373,0.7769026537587195,0.5664156072915443,0.09681210177851968,0.7561499696650763,0.5451001794334679,0.08160129411978184,0.7109524025128633,0.5325123458622183,0.05252701760266664,0.6709529612325783,0.5823906582324093,10.133333333333333
0.32753381045055385,0.7405186236153627,0.6848219588956298,0.3274338485781891,0.3414763809716531,0.7228452861999646,0.32220313623286395,-0.0466171908545982,0.7893841337242007,0.28149302431767104,-0.10808264621530467,0.6114538540399853,0.36099178766100926,-0.10857175998559844,0.6638470754815188,0.28702034790821124,-0.12764213398854105,0.8764862483422713,0.12914041589355724,0.7429740289466823,0.664911079674088,0.10558422597355926,0.3457819414080844,0.70854226974607,0.09367660017247684,-0.035112993642690105,0.752129082384523,0.11801383112219346,-0.12248272709930089,0.6075967695299467,0.05456972440708632,-0.09900032757676162,0.6310165425382798,0.1162123406775456,-0.10617939670110238,0.8412645744659121,0.23647303348236487,1.2940824645995856,0.656413894255562,0.25091319318525207,1.5716901988535492,0.5142433496638796,0.2487443811870938,1.3932110145402494,0.5223553072416729,0.3922934969154148,1.2540328413376067,0.6822019660730698,0.5748145123712696,1.0700674262398662,0.5945800040466187,0.4353144679585156,1.057175888942347,0.4404475335367438,0.312732601441991,1.0573578734362303,0.48541552138266386,0.298150875900506,1.0505627953141967,0.4245214636097769,0.32691946877298983,1.0068435592979281,0.4100031550893468,0.06844114041793237,1.2199402043875107,0.6648455955696417,-0.06158538243733244,0.984439409409788,0.6720332780253515,0.030621545116150263,0.7817638461695495,0.5670100472347479,0.10841625808866506,0.7660427076453122,0.5513779494391675,0.09485760877677366,0.7267089689151447,0.5257941321888562,0.06635640462041234,0.6799147711208152,0.57850501626982,10.15
0.32704283863851247,0.7354870654859341,0.6878263725109528,0.3273040685829889,0.3402768918592963,0.7222651967374983,0.3221923253011823,-0.046461679867376135,0.7895229261073605,0.28270860944589765,-0.10689940765794068,0.6101674049089713,0.36061342852795697,-0.10763212831196009,0.6626975551264658,0.2873632217285192,-0.12740173211294054,0.8767837957014365,0.12784164877759846,0.73793130836821,0.6699500683714108,0.10490383961323128,0.34437587092228056,0.7094672374782681,0.09374144879234142,-0.03542787681252155,0.7522283612044209,0.11899030153766396,-0.12064834688834247,0.6057000954920008,0.055006573995253966,-0.09983503941161366,0.6312077986901206,0.1157582287221046,-0.10659572303962175,0.8415236324158132,0.23611933777236177,1.2943047203700553,0.6513445165191749,0.2487160095219682,1.570727452924904,0.5124203426063012,0.24888930858091335,1.3913732536140129,0.5217801565473376,0.39369900044281136,1.2515943540144985,0.6747730465201567,0.5747973559689186,1.0671589198345433,0.5950811754054677,0.4324275918043009,1.026525236638038,0.4503597083757526,0.30494916879158424,1.0199313808527,0.4764635118050729,0.28865553092016294,1.0079746476977145,0.44641216146226226,0.3208022597130673,0.9686984412403501,0.4290271537585516,0.06843335556145214,1.2200715570629632,0.6647163487473303,-0.06007707165664447,0.9832481781054625,0.666734571101816,0.03947904107965841,0.7866961643113012,0.5674918382451162,0.12104936799781188,0.771708147396378,0.5577009654029047,0.11064547523073699,0.7416412752697508,0.5207411186954851,0.08261364945549088,0.6891751373954089,0.5747818795769464,10.166666666666666
0.32656056892059937,0.7309988533714307,0.6908695589037486,0.32695921118599985,0.3390414293418199,0.72156597559884,0.32219399715397745,-0.046308374973056024,0.7896239648228792,0.2838531465440651,-0.10590710973523251,0.609194267829674,0.35997831749238673,-0.10624716917907474,0.6603153479288881,0.28775518297773006,-0.1273670803381412,0.8771439765992439,0.12669526731262726,0.7333400513840758,0.6755933306731354,0.10424939278011351,0.3432445060593066,0.710114742369502,0.09383052197691436,-0.03578524646198203,0.7521975476163045,0.12013849884980408,-0.11870337271308044,0.6026883202448154,0.05497688745190016,-0.10008020404529865,0.6313261975494584,0.11532964648162504,-0.10718821417995272,0.8416595815022663,0.23584877896775866,1.2948134493574661,0.6454655041420942,0.2473206199605389,1.5698773523994627,0.5099177905399536,0.2484788202993402,1.389302436150322,0.5215620413374207,0.39488546413874337,1.2481178797976582,0.6676873213720319,0.5737625261116637,1.0619191061193336,0.5940418943746262,0.427691082127704,0.9969906036754935,0.46464320185767827,0.29606556650516025,0.9901005950235484,0.48691524161700406,0.2777498965783846,0.9718555784179939,0.47883675457483443,0.3129280088747416,0.9354452349094806,0.4520291621355047,0.06840152525089507,1.220087903214875,0.6646296652187693,-0.05630234829346359,0.9794867577384287,0.6601039463973613,0.05140987040571113,0.7917909246809309,0.5670847891535747,0.1353818232915172,0.7749860646120525,0.5606608067017002,0.12910921421497054,0.7544587366862721,0.5179362857615738,0.10156720129927674,0.6995799428049945,0.5682054832988641,10.183333333333334
0.3260768659964319,0.7271186114607845,0.6939242239977528,0.3264378190753691,0.3378159894741688,0.7206207190332623,0.322203673784433,-0.046277111995004686,0.7896468787100427,0.2846136278886321,-0.10526517078804852,0.6083753784946317,0.3591830333380108,-0.10459436673624954,0.6570117053565143,0.28820191244182725,-0.12760403604048004,0.8775475586841337,0.12569658357022967,0.7291338116181472,0.6818126028165339,0.10364737311740499,0.3423519465571835,0.7105194737647569,0.09393196713802197,-0.03619835877025246,0.752097783144955,0.12132069193264103,-0.1169618003146741,0.5994253188536866,0.05464290201930971,-0.0993710309877638,0.6312266240114999,0.1149720357689426,-0.10800467774752931,0.8418161382143411,0.23582985433335224,1.2952428551965676,0.6397577263849514,0.24659006213082446,1.569078425221808,0.5073588543043194,0.24747508397023632,1.3872417507180637,0.5220240621736072,0.3957445821931529,1.243634560282476,0.6619815276280494,0.5713961255303532,1.0543871840001804,0.5923744725116027,0.4216933856604952,0.9706388819573727,0.47963984246685987,0.28618745425404546,0.9670020846000276,0.5112179570813897,0.26704440555201003,0.9422853351648468,0.514885276766971,0.3036241929704101,0.90611338445103,0.4766140945527747,0.06850790493294472,1.2197589051716702,0.6647839198050675,-0.05107830412264768,0.9735386770518176,0.6529765954976823,0.0663567177427794,0.7967337686221283,0.5659562761547413,0.15170631188562897,0.7782631081815523,0.5587709290177104,0.14972867266985046,0.7638804256269929,0.5183245758774819,0.12278921192753584,0.71085287345498,0.5580967219387528,10.2
0.32561443558975034,0.7238255077964274,0.6969122443695499,0.3258660181816368,0.3366779994412814,0.7193584877779395,0.322225445616988,-0.04643205831360296,0.7895601419592898,0.2847119893153265,-0.10492470842088766,0.6073848921476118,0.3583365503781538,-0.10285429906075105,0.6530776374929465,0.2886911178827808,-0.1280696286920724,0.8778900981884443,0.12479590837016974,0.7252263712763122,0.6885288893004633,0.10309320520676953,0.34162821514775243,0.7106916887097267,0.09402773326107788,-0.03669203961239885,0.7519689567526897,0.12238229143412574,-0.11554349677007845,0.5964941157988812,0.054355053174391155,-0.09768375891848113,0.6305695521731997,0.11471252184464828,-0.10904544136775149,0.8421972570725701,0.23609382220279473,1.2952835350238556,0.6347246089115754,0.246288807282047,1.5681461181073826,0.5054016976357385,0.2461329913946963,1.3854473996724361,0.5230039271402006,0.3960956404337054,1.238646445594504,0.6586179624929906,0.5676545746353351,1.0450086057757624,0.5912604541229572,0.4144851648518435,0.9486091564618194,0.49337007854997683,0.27575522538251707,0.9486363396539136,0.537983033518864,0.25749847437534285,0.918754213617502,0.5473094148272963,0.2926962493248715,0.8801624809719892,0.5006253397444836,0.06888249118625425,1.2189149561118646,0.6653069185151498,-0.045245310589765705,0.9661143959199576,0.646415414818134,0.08332965856497285,0.8009304882244274,0.5648464100060618,0.16967146357239285,0.7834576092524944,0.5527128906598184,0.17148088715120785,0.76956270600978,0.5221878290504873,0.1453001993096224,0.7215042296611018,0.5470242473482091,10.216666666666669
0.3252228100999035,0.7211433312761932,0.6996364554421737,0.32536128076884563,0.33570193524352343,0.7177873940414383,0.32226557459023936,-0.04672301496668353,0.7893784150158755,0.2841160328437711,-0.10475075153915754,0.6061352161906759,0.35757813071330946,-0.10127306940283068,0.6489920958009471,0.28919444473882683,-0.12865755545015067,0.8780815273730921,0.12394732640490017,0.721637916707047,0.6956115954717469,0.10257421703780349,0.3409763479563158,0.710626276868568,0.09410586793688266,-0.03729488453806702,0.7518210009072854,0.12314839311179818,-0.11445187345346021,0.5942030408995707,0.05443747885245236,-0.09536746814651492,0.6291372631952193,0.11455034576448393,-0.11026393252467329,0.8429117862957686,0.23637275479124273,1.2948274119193781,0.6302562761660454,0.2462600039421825,1.566946137176828,0.5042423688812498,0.24460933581102395,1.3840407506376278,0.524458057005018,0.395772192479114,1.233673038906649,0.6581961314154341,0.5628289218802557,1.0344715254489347,0.5914042292430054,0.40595958564410384,0.9310294497167134,0.5052996514580078,0.2657069297106376,0.9337037892057463,0.5583727179541402,0.2494485634069308,0.9007053043031235,0.5706328917886632,0.2804313764989783,0.8580891279662872,0.5216691471685232,0.0695189940765485,1.2175081718678848,0.6662041781572753,-0.03915111584892399,0.9584367408131613,0.641272811589297,0.10094352515428608,0.8040225948941971,0.5642330054419485,0.18833056762268408,0.7910818891918898,0.5451298624970242,0.19303969096743023,0.772510237343262,0.5286397092587025,0.16774788814183092,0.7299124091206579,0.538868389124731,10.233333333333333
0.32491187348949463,0.7191313969457211,0.7018969698794224,0.32497766504772524,0.33494898695125974,0.7159567227698772,0.3223220020533309,-0.0470450151324379,0.7891508416903971,0.28294787702596513,-0.10470912702801125,0.6047951401690094,0.35700804004765413,-0.10007379246738757,0.6452968349275934,0.2896829191789219,-0.12929314988517593,0.8781126971123698,0.12315190990839088,0.7184663404325283,0.702902341579619,0.10209525357148186,0.34034873042192215,0.7103056185547817,0.09416249450606543,-0.03801577755331509,0.7516410857024194,0.12348979133640825,-0.11358723875796867,0.5927344232825108,0.05505022698789641,-0.09280936925995371,0.6270274581937514,0.1144721931328865,-0.11157581455593371,0.8438346177612238,0.2363082957107306,1.2938532473204636,0.6261262380609672,0.24649006447301086,1.5654809071146378,0.503490025223696,0.24306281893227544,1.3828617760604494,0.5264162124857271,0.3948765814567953,1.2290056738727977,0.6601759513543918,0.5573891020678755,1.0235521959237033,0.5929647249867609,0.39615773510653496,0.9174359471851723,0.5156518869296496,0.2567199998203257,0.9219038976473923,0.5700884406016904,0.2428167522391416,0.887356108782589,0.5825691394890882,0.2682499597400708,0.8405486844651884,0.5379241820080289,0.07033754897256823,1.2156330919484069,0.6674424490555695,-0.03263025208633181,0.9519884484038419,0.6375116454599904,0.1179231725585092,0.8061102364447699,0.5641841965399147,0.20638862326120316,0.8002460771018877,0.539782893717669,0.21291326598787214,0.7743284070560239,0.5365440650667421,0.1886078119958377,0.7353109728421494,0.5362032462929817,10.25
0.3246474078120355,0.7178590842536092,0.7035872070188701,0.3247449477198359,0.3344757755183486,0.7139291206708736,0.32238933645713175,-0.04732643709821238,0.7889107291743991,0.28128036662104833,-0.10491225995181522,0.6034595286057604,0.35653101051542446,-0.09919355102545631,0.6420934540571668,0.29013935618426795,-0.1299628077995852,0.8780243204798439,0.12245587588369576,0.7158479829414891,0.710202801195261,0.10166188854108585,0.33979277766226823,0.7096924376388299,0.09419890965810555,-0.03880892634845311,0.751399360738714,0.12342299142050853,-0.11271035905101294,0.5920852574047633,0.056129137070981994,-0.0902845772721372,0.6245264903692908,0.11447844689345867,-0.11289050396685948,0.8446768104264144,0.235805930780562,1.292343066861693,0.6224021753274538,0.24700376471761865,1.5638101756100924,0.5025401998568,0.24187689792795558,1.3813969778450184,0.5285700320032284,0.39382384117077124,1.224818810836033,0.6629760274792249,0.5517947837657945,1.012968582865147,0.5955779891655788,0.38534243109576105,0.9069199222499209,0.5254964203564455,0.24858932378484083,0.9132475318867991,0.5748529535740763,0.23706758791167976,0.8775132500679015,0.584494433424812,0.2574757189479274,0.8273616951423803,0.5495707111330209,0.07127968601072769,1.2135040312384264,0.6690121358380583,-0.025507977309707285,0.9478515695552585,0.6342291613912056,0.13312615849523263,0.8075373292711983,0.5646749787952803,0.22246261170237946,0.8095864915114229,0.5397386005552471,0.22966186181631082,0.7760546496178212,0.5455190712724322,0.20666848375230867,0.7379959720288505,0.5394616604465501,10.266666666666667
0.32445287246525806,0.7174738897979346,0.7046022653461403,0.3246971455237925,0.3343286366913231,0.7117671835827613,0.322468018240118,-0.04754004915291517,0.7886614498278255,0.27920848394273584,-0.10541278313134686,0.6019550093519542,0.35585208508934574,-0.0982254130807165,0.6389071663611364,0.2905585079529324,-0.13067645853700874,0.8778569054537757,0.1219330980604857,0.7139528361906374,0.7172303401326907,0.10126357336766445,0.3394250233734542,0.7087380179436478,0.09421340552619309,-0.03954963038542467,0.7510385129758788,0.12314354016337933,-0.11164481807781697,0.5919821509844214,0.05743040895456576,-0.0880524610645252,0.6219424489586839,0.11458547200496777,-0.11413106978964213,0.8451927996719379,0.23509590651591833,1.290372867947717,0.6192532097847677,0.24776078947608604,1.5619744150836856,0.501012649593298,0.24145181386430514,1.3790155041085759,0.5303664776110741,0.3930190698112741,1.221288410519294,0.6651437095665557,0.5463750447801983,1.0033124495814876,0.5985876373251002,0.37410994744741327,0.898235965674692,0.5363694571309015,0.240578716862761,0.9078822391638869,0.5754337286620539,0.23140511049864393,0.8700322020633836,0.5804632025336219,0.2482805509997255,0.8177541885301509,0.5585785267317784,0.07228276117399757,1.211391422103005,0.6708564093200193,-0.018022102076185476,0.9461718064591063,0.6304849719198707,0.14548963921519392,0.8086276083358379,0.5655842104862712,0.235382924449055,0.818044069799862,0.5456926320037229,0.24232578432082325,0.7777882004540129,0.55548862935299,0.22147495297103637,0.7387980170382923,0.5479406942870063,10.283333333333331
0.32445428234700624,0.7181176351894096,0.7047456845356832,0.3248496425843956,0.3345170448061326,0.7095283131410783,0.32256363865046106,-0.047670210406818014,0.7883964706004049,0.276988587437493,-0.10604199918617038,0.6001504578035625,0.35474851801468943,-0.0968252165018285,0.635333126001441,0.2909416348611971,-0.131440860866283,0.8776376485573565,0.1216634083997304,0.7128902486692825,0.7235960461267024,0.10088769053743107,0.33934751898805493,0.7074342503888102,0.09419464751202591,-0.040082167245344316,0.7504873808474163,0.12289870235325048,-0.1105585513178714,0.592062963983103,0.058662245999033406,-0.086408026582416,0.6195813484475651,0.11479388121579154,-0.1152281167575431,0.8453217489193776,0.2344728262740367,1.2881896501932888,0.6166567289937123,0.24866802029696122,1.5600694735742398,0.49893965722765415,0.24183751278894677,1.3755035851180017,0.5313857973148484,0.3925585173284469,1.218567370017832,0.66608377154137,0.5412259027513375,0.9949758100274467,0.6017065625718352,0.3634816605097983,0.890320922371714,0.5490722912562741,0.23218664568150965,0.9059753522594679,0.5744860195830639,0.22533750017555096,0.8642413188223159,0.5750022162326649,0.24043960852254592,0.81099116857921,0.5667591553866822,0.07321996412431021,1.209572302700621,0.6727185894560332,-0.010693756514015336,0.946251640298696,0.6260632074696729,0.15439330258368808,0.8096881759407356,0.5664612160558756,0.244599368371079,0.8251366070535847,0.5555709053122764,0.25078488785395187,0.7794131292683422,0.5655761195595974,0.2331361924133412,0.7384488882990305,0.5604436028795645,10.3
0.32478605447762804,0.7196378434134195,0.703823175884846,0.32519458192214057,0.3349707470306543,0.707269308806195,0.32268068054934396,-0.047699911943672985,0.7881127356933465,0.2749651790964801,-0.10651393245778337,0.5983507533695986,0.35330752129728016,-0.09516100112815429,0.6316708458601439,0.2912866083954907,-0.1322446178453253,0.8773886407443896,0.12170075467738355,0.7125765681110191,0.728876225628874,0.1005163187898341,0.3395170207049946,0.7058939852480101,0.09413713692443551,-0.040320127738859346,0.7497263682585731,0.12281547039912971,-0.10987255460755728,0.5921586559066124,0.05959910406251444,-0.08558059927500486,0.6177614400387242,0.11505407403198495,-0.11612695150261099,0.8451732410494605,0.2340577287507591,1.2861150310823395,0.6144569569041438,0.24961732176310208,1.5583143578690846,0.4966529977614026,0.24259057341322274,1.371433277255582,0.5315988543477662,0.392303822525483,1.216684526020238,0.6657484210708158,0.5362284008002052,0.9879761314077141,0.6054014853948668,0.3546838619041107,0.8828533747998806,0.5628819766537335,0.22353016229070094,0.9070535270913463,0.5736213533819626,0.21908795288638372,0.8597890635103254,0.5708108048414111,0.23422863730668247,0.8064270848531343,0.5743732566796197,0.07402214732941739,1.208282743766646,0.6740849375426103,-0.003985088183922624,0.947177392454099,0.6214528654015743,0.16007058104912059,0.8111810519849171,0.5667237704187164,0.25034515598214624,0.8310230012434554,0.5656095158184573,0.2557167231537971,0.7812891300328997,0.5740132043701327,0.24179225561505258,0.7376938616975381,0.5745304296620033,10.316666666666666
0.325471176622897,0.7215158993492204,0.7018487321584872,0.3257144731829745,0.33552876528559056,0.7050553578485704,0.322814917645248,-0.04763802102493049,0.7878160755740659,0.2734303874591844,-0.10665989389507931,0.5970875448468255,0.3518322906690704,-0.09380407103862362,0.6286437387318896,0.2915776665715327,-0.13304858418100762,0.8771317584058096,0.12207069767913407,0.7127564050727571,0.7327505436489277,0.10010532131022634,0.3396956830123682,0.7043594344263351,0.09406641751894791,-0.04029545745513026,0.7488608580567149,0.12288178164234242,-0.10990956714269969,0.5923119542406403,0.06015726960923282,-0.08551111970743772,0.616726421146074,0.11527731973676958,-0.11684251622498443,0.844969733132034,0.2338234341267797,1.284343553129722,0.6125973668856725,0.25049197022605085,1.5569125055388924,0.49454211300566037,0.24306385409275827,1.3678559808525899,0.5313786120435894,0.39213957270378763,1.2155359103895285,0.664179593707015,0.5312560594208096,0.9819854838024111,0.6103395239289876,0.34858315466867174,0.8762725363691712,0.5758028050370178,0.21504910331420835,0.9097085444468661,0.5730492318528979,0.21337070425540697,0.8562978412011271,0.5681876393662902,0.2301679697732701,0.8033224851167168,0.5805289749990008,0.0748305351210728,1.2076236494707926,0.674417115648517,0.0017457027535571672,0.9483356634904022,0.6173163559866116,0.16336797234794026,0.8135834673885834,0.5662989546635078,0.2533207302595455,0.8361533196269834,0.5725756138160157,0.25821545187685746,0.7838842610622916,0.5793426984279246,0.2474736123879725,0.7375790487516595,0.5865193138993144,10.333333333333334
0.32638512161743677,0.72321601433885,0.6991760502698272,0.32636360084578964,0.3360166836827354,0.7029582467476603,0.32295112211205307,-0.047540981127039875,0.7875211658629735,0.2725434986169066,-0.10660309874959326,0.5966482744667431,0.35058750563289487,-0.09322005309752783,0.6266574938620626,0.29179020540379585,-0.13381265299765802,0.876887781925371,0.1227796678673571,0.7131709941066338,0.7351687498797569,0.09960551022064915,0.3396401152451553,0.7030470328961055,0.09402613557885939,-0.04012324326570112,0.7481102067076407,0.12303311805654858,-0.1106813594343596,0.5925796809314802,0.060422939322234984,-0.085754236210764,0.6164612270380283,0.11540418934123792,-0.11748052082955818,0.844980681027703,0.23374197984218692,1.2828676364860643,0.6112324873696683,0.25117475960807256,1.5558625716704073,0.49291174383547054,0.24295339339572314,1.3655100140854968,0.5311676558292886,0.392070659960792,1.2150378851385728,0.6615029946077727,0.5263820655260604,0.9766818936427257,0.6164898744928138,0.34520421897192843,0.8712592531231175,0.5856899317337081,0.20706854348346532,0.912252536114286,0.5727774739066871,0.208619178035855,0.8533496392283079,0.5666294808033396,0.22833510256488593,0.8008489457078337,0.5844469697737742,0.07588369285146085,1.207501567913083,0.673518258556619,0.006116096716274838,0.949416390889233,0.6140786040689468,0.16505858763233983,0.8169120225734356,0.565948253724522,0.2542710770445093,0.840629022771344,0.5757337753529578,0.2593367843914929,0.7869811517790779,0.5817357840096241,0.25030147284681586,0.7388435234215671,0.5936429583316675,10.35
0.32731454425840295,0.7245020805432775,0.6963959080331253,0.32704286520824344,0.3363342834006521,0.7010383287417116,0.32307072153244426,-0.04748697008214903,0.78724116334591,0.27229086431742144,-0.10672585137365091,0.5970466674596138,0.34971431242158657,-0.0935241789747897,0.6256558877321081,0.2919159196868238,-0.13452843229767442,0.8766776114890443,0.12377052086737618,0.7136301284687817,0.7365531234822972,0.09900791286351339,0.33933286292250103,0.7019950098005562,0.09401892511001866,-0.03992023270229757,0.747665961161361,0.12320415437718496,-0.11191504003980682,0.5929149140332565,0.0605307698985425,-0.08582758540400992,0.6165755995265001,0.115450668116027,-0.11814727159566235,0.8453785880587952,0.23380502500635872,1.2816309491178168,0.6105269970785773,0.2515790940179197,1.554996376520978,0.49194633009023003,0.24243613890294566,1.3644081113564603,0.5310990698275379,0.39212295023055327,1.2152118557591693,0.6582138442252708,0.5218688682133058,0.9719976461791967,0.6230412886391039,0.34381933297334477,0.8681077481374212,0.5916581467847056,0.19979754081907475,0.9135896621697611,0.5736565343473523,0.20452917892494224,0.8507753851386446,0.5663568527713282,0.22804260319204844,0.798283707517095,0.5863104379944178,0.07727551163660673,1.2077015695600402,0.6716030165823736,0.008774227217315132,0.9502020142947071,0.6119123103985865,0.16551164349181624,0.8205942527589628,0.5667108356489523,0.25385003929119526,0.844134225631266,0.5766762924378159,0.2597774225645711,0.7897258826838096,0.5828058477749778,0.25069165570841323,0.741174583273872,0.59607639848192,10.366666666666667
0.32807314781274455,0.7253285100451633,0.6940277471639745,0.32763405461021816,0.3364517467417294,0.6993241413868453,0.3231628632448353,-0.04753256424887879,0.7869796498809769,0.27252890924010476,-0.10738701128246803,0.5982124518774073,0.34931011521963784,-0.09463490013146884,0.6255468140397272,0.2919857352345625,-0.135195927783011,0.8765262461068808,0.12487852838630632,0.7139216090158829,0.7377558556866818,0.09834655439201917,0.3389300522160221,0.701132038003043,0.09398886398792315,-0.03973674164765573,0.7475559645527438,0.12334874002497592,-0.11324030365678266,0.593212731258562,0.06046307392971535,-0.08566895321386228,0.6165082836422251,0.11546682908392733,-0.1188625586875475,0.8461499190016317,0.23395402034854113,1.2806772209127721,0.6103636999655995,0.2517071734531367,1.554179186729185,0.4916399458676909,0.2417967886202907,1.3641373154376493,0.5310166999786585,0.3922423255139597,1.216013401191401,0.6553413870738244,0.5180084192784349,0.968083886867557,0.6290784895400761,0.3435033613322531,0.866518378959733,0.5945313501924583,0.19359432201594237,0.9135576798055662,0.5766625086929258,0.20053427071408875,0.8487382862748009,0.5681227030743188,0.22820861580156931,0.7953747291061922,0.5869460168822964,0.07887625828180787,1.2080250369931762,0.6690676686888741,0.009654020696062743,0.950568377105473,0.6108427353756428,0.16492470595422315,0.8238983464908799,0.5689147910222023,0.25264683637471774,0.8464427617440315,0.5774057460814002,0.25980702581156007,0.7914508874097941,0.5840169179710281,0.24947264655984766,0.7435331129641838,0.5963653647774094,10.383333333333333
0.3285955526361903,0.7256609475225992,0.6922877279748085,0.3280808007658828,0.33638037205684057,0.6978268897248465,0.3232312762688629,-0.04768651754892983,0.7867361888733313,0.27306550895275594,-0.10865146676046997,0.600000733164139,0.34944427945813655,-0.0964215379481206,0.6263718982267655,0.2920509624733759,-0.13578225007133218,0.8764513991859926,0.12590080905565576,0.7138393924376923,0.7394636552535744,0.09766919443726964,0.33852664160775686,0.7004298009085839,0.09389141824738186,-0.03956006130502231,0.747657180144816,0.12345172730791867,-0.11437220551753328,0.5933997044759558,0.0600607137722308,-0.0855343615441399,0.6160006452988762,0.11547506850348084,-0.11959752837703078,0.8471949944522724,0.2340898259621711,1.280066695425112,0.6104112357301721,0.2516794062552047,1.5533949095614563,0.49173298284611355,0.24118151408863087,1.3642713917478526,0.5307732492674516,0.39233485135422774,1.2171686189567612,0.6539751651096957,0.5150088290293913,0.9651452608946318,0.6341046952137877,0.3435339172575903,0.8658419438595706,0.5960669218102579,0.18903056377984648,0.9127006805668773,0.5817213989515082,0.19646315727531544,0.8473210786313436,0.5722590211839613,0.228014784681775,0.792445136633192,0.5869795573632017,0.08044334123684288,1.208397061608189,0.666319280444515,0.00910800515687883,0.9506021853226025,0.6106113632948988,0.16361927270952187,0.8262933570137823,0.571965390653971,0.25109507856307073,0.8477113773519076,0.5789303141800407,0.2594402916677902,0.7921554874439168,0.585603010255409,0.24767116749116125,0.7451045646432053,0.596979617499086,10.4
0.3289361390284116,0.7256054314994738,0.6911209094490305,0.32841942192195817,0.33618591496037054,0.6965880734972889,0.32328996800489335,-0.04790871729280827,0.7865160099811491,0.2737080403289569,-0.11031867035941377,0.6021660946016273,0.3500464237767178,-0.09863320301025394,0.628001657999705,0.2921279592037129,-0.13622973771579192,0.8764379672914493,0.126722681328681,0.7133872304535217,0.7416187507792982,0.0970222593809211,0.33805800336046243,0.6999270454854198,0.09374024422152293,-0.039373883213759314,0.7477848523800582,0.12349280868016829,-0.11514592321337312,0.5934740570027737,0.059240630240514985,-0.08563391219940682,0.6153642612698849,0.11545891155596398,-0.12036995271252526,0.8484708564716748,0.23414714455924784,1.279738866366448,0.6104134942613963,0.25165267569491356,1.5526730356387675,0.49187415271869905,0.24069046085361784,1.3643817842254684,0.53038612713977,0.3924016565982734,1.2182903799407785,0.654429040172344,0.5129729702069175,0.9632381814454121,0.6380005575465539,0.3434431462864407,0.8654259963881041,0.5978086031649822,0.1865194348109004,0.9117951181320373,0.5876881591989807,0.19245597470909148,0.846230085612291,0.5783086252096811,0.22706887150548305,0.7898940789546012,0.5867950391946986,0.08177616694163026,1.208872560253428,0.6637639227126951,0.00770043206347895,0.9505270780046949,0.6106858522424912,0.16202200662508143,0.8274486649741333,0.5750152227453934,0.24934230659796042,0.8483900153602668,0.5811917242225049,0.2586382322045732,0.7922165726442394,0.5869834383103775,0.24602178809570857,0.7457155983497342,0.5986997375918434,10.416666666666666
0.3292062206712751,0.7255294918085424,0.6903465415857165,0.32872546521056095,0.33598457327465164,0.6956450951510484,0.32334891813703104,-0.04812972468174817,0.7863326849515125,0.27432009813760716,-0.11211870534789392,0.6044255682589293,0.350827635450452,-0.10079521003366634,0.629878220162978,0.2921874863965108,-0.13649854374924636,0.8764469839376001,0.12733440538765878,0.712821826761477,0.743670969332996,0.09644015865732905,0.33742300416474397,0.6996493270068118,0.09357284823060927,-0.03918659983530265,0.7477948724794824,0.12340668506642621,-0.1154955868237999,0.5935046595970469,0.058085910558829085,-0.08608647587305082,0.6152290861493637,0.11538655106398497,-0.12122879923616425,0.8499776041096022,0.2341197213191053,1.2795551555888587,0.6102626285873266,0.2516995752248608,1.552023699958594,0.4918968676847574,0.2404425999015447,1.363958707009678,0.5299556403181639,0.39252614818632026,1.2190845259871046,0.6561845584277629,0.5119310005138621,0.9622110124580405,0.6406784496363258,0.3430108579722623,0.864938945581909,0.6001572059832954,0.18582798880108342,0.9114225804581199,0.5932925422091928,0.18858161127296494,0.8452089980288764,0.5853467790770962,0.22522288984133382,0.7877971064587463,0.5868890139906214,0.08277975918180536,1.2095165379891326,0.6617802869393261,0.005897653922264653,0.9504781220847134,0.6107583662288791,0.16047473642676452,0.827198327522173,0.5774710705602811,0.24737496650447316,0.8488815152430538,0.5835702142521608,0.25739496569540765,0.7918463523880307,0.5877650555416638,0.2447725154689918,0.7455037757620837,0.6010399578587247,10.433333333333334
0.32951860088950646,0.7258670415786302,0.6897156125187093,0.3290546701990587,0.3358898982540355,0.6949085369952833,0.32340702551473444,-0.04827498530297672,0.7862033171321274,0.27484124492396156,-0.11380809811991255,0.6065017118156468,0.3514109189554776,-0.10236463961071163,0.6312617639465778,0.29221067732063455,-0.1365941460060498,0.8764577235047382,0.1277659870866822,0.7124373123870859,0.74525810815752,0.0959219129634632,0.3366637153296492,0.6995403244490919,0.09341684444906592,-0.03898673870105948,0.747681577034607,0.12315472541924438,-0.11552122247537436,0.593570263345976,0.05674917238287615,-0.0869559605482485,0.6160392952262062,0.11525626712898542,-0.1221024872032028,0.8515868345555426,0.23404412278148592,1.2794132919006527,0.6099639871772697,0.25179702556023165,1.551459620046248,0.4918496154748691,0.24052063965368775,1.3626480203385274,0.5295243923840265,0.3926916564620305,1.2193827116486622,0.6586058412864697,0.5118487214452554,0.9618508027862228,0.6419320183180155,0.34225283671982,0.8644233860794557,0.6023639319922328,0.18607086101217918,0.9117526461942356,0.5979987760327102,0.18488172792477042,0.8443647641023779,0.5924202508965815,0.2225761061891791,0.7860772858447093,0.5876030329791948,0.08341455737122393,1.210306190451914,0.6605693059616157,0.003980175125409022,0.9504133587584679,0.6110326266133097,0.15915958575876138,0.8255609240613156,0.5790141901989035,0.24535174892103284,0.8490741763343618,0.5853340713613422,0.2558103179330947,0.7908725355468087,0.5881045616607729,0.24393190053440844,0.7444428414514404,0.6033299385196542,10.45
0.3299299071556045,0.7268368580523648,0.6889578457360319,0.3294234588712603,0.3359616792724964,0.6941924875007649,0.3234595683773073,-0.048283746312394404,0.786140501647291,0.2752346813414202,-0.11516063293553375,0.6081202527760391,0.35158199331444434,-0.10308738743777414,0.6317483387043444,0.2922213949707226,-0.13653981987348546,0.8764733811353419,0.12805181513000113,0.712384209609736,0.7463785558964694,0.09543125419144947,0.3360079681697772,0.699478125104379,0.09328881839505272,-0.038691714906044186,0.7475497925013336,0.12279855126048278,-0.11555015315177013,0.5936326232789242,0.055368082579246206,-0.08818185264963466,0.6178075903995439,0.11513780937804091,-0.1227264355453942,0.8529276409282787,0.2339978943542773,1.279284380999253,0.6097360706447786,0.2518984657820365,1.5510329471329012,0.49182350198901803,0.24094956775885285,1.3606031795144349,0.5290777894712612,0.392783335458486,1.219099463668059,0.6611752403087207,0.5125784552436954,0.9619545187063708,0.6418048127440227,0.34133391327136975,0.8639353775428295,0.6034793411768847,0.18629981510443766,0.9126278862203397,0.6018851984417771,0.18165411655191394,0.8438075735762286,0.5985745540530015,0.2195016699633875,0.7847296485459212,0.5886654506112777,0.08367968157990213,1.2111665517849235,0.6599905580346882,0.0021453511280377295,0.9502350563678812,0.6118304771725351,0.15817415905828439,0.822721710787793,0.5795234820386845,0.2437232095043521,0.8483036624619222,0.5857644231144516,0.2541655137610419,0.7890059613377138,0.588247293975755,0.2435036043793243,0.7422746301565136,0.6051039975869416,10.466666666666669
0.3304032550185186,0.7283302312375359,0.687967237362736,0.3298004683154518,0.3361856936561807,0.6934565973368942,0.3235066296790341,-0.04811358532678313,0.7861477018687365,0.27546151738488805,-0.11599207146287319,0.609060568055715,0.3514036392236835,-0.10315590663159313,0.6314629785887863,0.29225412634033,-0.13632273472090792,0.8764929477926076,0.12821069444073155,0.7126853876268953,0.746988572165723,0.09494157311172989,0.3357679506203868,0.6993383498683534,0.0931973474624889,-0.03817161277094626,0.7474795798035037,0.12242604960872734,-0.11593109444370928,0.5935097168990165,0.05407175879935333,-0.08958635602689081,0.6202297013006336,0.11511965072052623,-0.12277518955623701,0.8535615843018386,0.23407621981880608,1.2791906249562923,0.6099892066346402,0.2519761919838042,1.5507911434697095,0.4918605516374912,0.24166609561337044,1.3586124189352287,0.5286348670298264,0.39278485311505335,1.2182672498320521,0.6632957821852671,0.5138633751252284,0.9622528441600354,0.6410431309962883,0.3404555838936845,0.8633324557371571,0.6031093378367389,0.18609071005151956,0.913774210363132,0.6047998535933345,0.17950851273542,0.8434920007225182,0.6027202963714654,0.21646587105892295,0.7838111556222945,0.5893318501648065,0.08368126962324757,1.2120309756602887,0.6596723697815448,0.0005536064062873305,0.9499089160756763,0.6131654510003475,0.15757220182721568,0.8190663902635942,0.5791184033009026,0.24296351383775347,0.8458682509850205,0.5842020114156428,0.2528469774392146,0.7861787729868815,0.5880720179374306,0.24344235521210633,0.7388871205740983,0.6059677582989967,10.483333333333333
0.3308451615772123,0.7299970012567328,0.6869494960046006,0.3301151115004482,0.3364841326045721,0.6929464919387924,0.3235511044525402,-0.047742931362141666,0.7862224313904348,0.27551884751413747,-0.11627273590739337,0.6093067129300804,0.3511500394008956,-0.1029912331212324,0.6308728453161762,0.2923013803978214,-0.13590064193378992,0.8765094479773152,0.12827363808563344,0.7132921063174584,0.7467588803316454,0.09448332585744754,0.33615827727668657,0.6990623400609922,0.09314753136748208,-0.037364905908129895,0.7474772875192564,0.12208627177997422,-0.1166577807207311,0.5931072894770593,0.05302532744590638,-0.09094777893945695,0.6228904783250666,0.11520397768879366,-0.12206488086112185,0.8533330863486459,0.2343293138692199,1.2791790463662287,0.6110390199885234,0.25201993347427787,1.5507012227454848,0.49197187153666644,0.24254659973618437,1.3576995628622157,0.5281036307411552,0.3928125410386565,1.2170364456550224,0.6645880300676402,0.5154398867407946,0.9624758247425241,0.6407522170215857,0.3397396987013264,0.8625748523136049,0.6014724031254508,0.18554967019115615,0.9148156700373161,0.6062591801597035,0.17902626134151867,0.8435484964378854,0.6041997362926755,0.21386700869005554,0.7833558172103295,0.5890293547064884,0.08355541802010844,1.2128159343238687,0.6594653693023853,-0.0007356157795203402,0.9494464233611604,0.6148284115901173,0.15730131410902656,0.8151304605415874,0.5781903188508932,0.24322107573470025,0.8413913009654703,0.5805040095714166,0.25214133268647837,0.7824543068946783,0.5872436807708921,0.24348690783667265,0.7345749947204137,0.6055216254438057,10.5
0.3311544248197746,0.7314866883015922,0.6862759548332805,0.330297125270572,0.33674791273869653,0.6930384668049058,0.32358926753883005,-0.047195588258378135,0.786362717632606,0.27547291120038414,-0.11619450507203775,0.6091295608698981,0.3511587323886929,-0.10292028679896612,0.6305733997019023,0.29230090000728987,-0.13527492028866567,0.8765322475704043,0.12833137788225996,0.7140906674821692,0.7455229497123448,0.0941476058572038,0.33710822015276265,0.698729236680934,0.0931457883232701,-0.03638421367698706,0.7475505498464151,0.12178641625479082,-0.11735992489796662,0.5927129363268605,0.05243109996454644,-0.09206800321968363,0.6253995138354743,0.11533061654297157,-0.12068041833472282,0.852484147921789,0.23472914587578123,1.2793111433091682,0.6129154279374132,0.2520305911965184,1.550677181550367,0.49215518948475856,0.24352350966994546,1.3583325289082813,0.5271012764354491,0.39297883150849894,1.2155737875700903,0.6652306484138426,0.5171098494292656,0.9625069361469336,0.6415658608519135,0.3391584927745436,0.8619784507207918,0.59916434952231,0.18492134163312646,0.9152663439986076,0.6061995605372483,0.18020197087663714,0.8443537562014534,0.6033668669060881,0.21196179086592737,0.7833590662916856,0.5877803547199291,0.08329193890785094,1.2133832056219136,0.6596903233251323,-0.0018036888860767574,0.9488487825978604,0.616708123413255,0.15717639859520502,0.8113182179152663,0.5771858549696486,0.24422539558394232,0.834819470660231,0.5755135180704163,0.25213573397928046,0.7777628731672881,0.5855778417721578,0.24313734132938222,0.7298736516193213,0.6033976332696191,10.516666666666667
0.33123006079331585,0.7326400056824832,0.6861995900735236,0.3303069089564649,0.3368715599880177,0.6939863086398338,0.32360814890180234,-0.04655659962511127,0.7865658176435228,0.2754208205454739,-0.11600452936535938,0.608879807598221,0.35165732749055734,-0.10306009371771813,0.631100950191168,0.2921871972037855,-0.13455589999240875,0.8765937765548966,0.12845109676566738,0.714939597256904,0.7437388569215013,0.0940416142590972,0.3382466890888702,0.6985418024253341,0.09319837748229358,-0.035461427625744224,0.7477707378260814,0.12146308795999253,-0.11769632817872115,0.5929124658857825,0.05243193150222278,-0.0928351133749547,0.6274275303569017,0.11548693066851502,-0.11893552527359187,0.8514142524006098,0.23519698765000396,1.2796307724286442,0.6154282096950611,0.2520311214673937,1.5506804045199714,0.49235231839686544,0.24456693409871785,1.3601180265072235,0.525222482593052,0.39331560861745574,1.2140039204086546,0.6657423130298465,0.5187033595681043,0.9623654965039962,0.6434278850397042,0.33860742973663205,0.8619673905457416,0.5968564811867516,0.1844027076356361,0.9148155548414866,0.604920739823358,0.18234404021415312,0.8462454285878833,0.6008364290616031,0.2107948422760884,0.783908574784367,0.5859757779945568,0.08279090579986285,1.21359266756591,0.6607876776720357,-0.0028254938735455303,0.9481378118946978,0.6188388597315868,0.15695612316402252,0.8077155134120311,0.5763620868577465,0.24548843250001762,0.8264735506994798,0.5706785538227619,0.25275977092714097,0.771976431413262,0.5831345359276046,0.2418989327156446,0.7253047933186959,0.5992913204906238,10.533333333333331
0.3309784356024051,0.7334392940708315,0.6867374180748642,0.33012998835971047,0.3368071448622949,0.6958004584151366,0.32359481370823384,-0.04594499400054443,0.7868217795708701,0.2754116710009635,-0.11577178974472696,0.6087058105148646,0.3526627787969282,-0.10339484931440478,0.6327149237791112,0.2919420809483821,-0.13393772703372886,0.8767290236428683,0.1285549971140303,0.7156945524332403,0.7421328057856696,0.09423165842554274,0.33914102909553734,0.6986814181330178,0.0933071450224728,-0.03478698017286552,0.7482330064587658,0.12104189473898569,-0.11758374402986062,0.5941405330881732,0.052970752451909284,-0.0932389896633481,0.6287219401424002,0.11571414733644482,-0.11716859461273658,0.850392656837457,0.2356491573992619,1.2801476131212983,0.6182785036702432,0.25208822938078235,1.5507694410495203,0.49236309889945906,0.2455976161938238,1.3623573625631542,0.5224059536959369,0.39377314645171546,1.2124629725922345,0.666661770347973,0.5200281372745245,0.9621622846794085,0.6459615887200872,0.3380752478640796,0.8626684824137474,0.5950421387084984,0.1843255884019034,0.913598799739486,0.6021682878739913,0.1848039806067219,0.8492778667170567,0.5966596193056122,0.21034990068872614,0.7852880104107209,0.5839751766281427,0.08202856931650768,1.2134010700355626,0.6628648456552076,-0.003996928123670365,0.9474178518340562,0.6212131556161149,0.15643466246878893,0.8042297410288236,0.5758951677535589,0.2465742840877069,0.8171150828142708,0.5671317733241507,0.2537940846030433,0.7651671653696794,0.5801267273429157,0.23953325524975014,0.7212612847021975,0.5931965943304538,10.55
0.3303432071250661,0.7338969554540602,0.6877715780931737,0.32976976937433816,0.33662640998292037,0.6982764317685809,0.3235433450101895,-0.04548361976717197,0.7871144936688833,0.2754162433005359,-0.11543863602795937,0.6085795160604879,0.35402701629676836,-0.10388395908089319,0.6353266433504786,0.29158022194015654,-0.13354739331654344,0.8769437416639683,0.12847740928481488,0.7162337297423881,0.741063011314014,0.09471558625446619,0.33961989762365274,0.6991662760534514,0.09346162530602282,-0.03444207675376894,0.7489704002580189,0.12053808551042058,-0.11712007150443388,0.596406351513299,0.05381390779430346,-0.09333383794499572,0.6292441422082403,0.11603645885461765,-0.11555325156632933,0.8494571639843436,0.23601909585547237,1.2809211629676287,0.6211032104132053,0.25228826175758406,1.551104069132872,0.49189322044026373,0.24651064322873284,1.3647400397650797,0.5189720686188304,0.3942406154391916,1.2111799926669915,0.6683205178966949,0.5209297987791398,0.9621235532945912,0.6486829169488784,0.33771608852392376,0.8637726271615482,0.5939475015350099,0.18527735544544877,0.9120376223707066,0.5971706262492628,0.18762548415619423,0.8531692104515473,0.590938909505518,0.2108145169230563,0.78778456006961,0.5820660995059499,0.08104377823626452,1.212912798370878,0.6656161290864414,-0.005529582492663549,0.9468605118575146,0.6238145323912907,0.1554530999763346,0.800835466837953,0.5760436758010241,0.2471556620733375,0.8077633165145894,0.5652997492758607,0.25486098695281306,0.7576522418405452,0.576944865943175,0.23592408786667887,0.7179804838897645,0.5857600475696951,10.566666666666666
0.3293517775379949,0.7341037840986234,0.6892374541280968,0.32927124873885677,0.3365114665561619,0.701141729927377,0.32345595207706146,-0.045284938806272865,0.7874207692058213,0.27538865249529104,-0.11501476806802519,0.6085272639251789,0.355546530206125,-0.10450775979567481,0.6386193048829824,0.29110507243110034,-0.13332878779514218,0.8771861051864086,0.12811514981356462,0.7166277284406364,0.7403710786493387,0.09543187576756607,0.3398650592723657,0.6998801344581884,0.09363091899092513,-0.03444649515622873,0.7499359776544152,0.12000208033788895,-0.11646661286086173,0.599382637913718,0.054754018934330774,-0.09323138124001773,0.6292814913502971,0.11643671677120757,-0.11405563273294075,0.8484756419276809,0.23625815537244005,1.2821003622059104,0.6234846006644175,0.25260984978498735,1.5519221475148757,0.49093521150035246,0.2472298536490305,1.367432011375726,0.5154675700567886,0.3946240428331238,1.210473362278052,0.6705989406846817,0.5214289162737976,0.9625151962220918,0.6509306151638075,0.337711280003668,0.8647437114679506,0.5934407887742424,0.18785737656226398,0.9104560523613519,0.5898718023465901,0.19129205358485213,0.8574292128310125,0.5846016186563264,0.21248683159279683,0.791352077132729,0.580627557949744,0.07985000478717336,1.212339144378198,0.6684925495787308,-0.007593373555374414,0.9466367905345309,0.6267832063572999,0.1538413961242998,0.7976241489764094,0.5769698797305851,0.24689141039529372,0.7993120771424407,0.5651294865568928,0.25547689150263353,0.7498343611615441,0.5742890125065571,0.2307804546653986,0.7155063715487069,0.5782014698284772,10.583333333333334
0.328140372499126,0.7343390335912935,0.691137882713809,0.328727112045468,0.3366582170050557,0.7042234772108783,0.3233469454542969,-0.045386240341435874,0.7877083464148096,0.2753709336589303,-0.11458357342070227,0.6087235998864821,0.3570126603097564,-0.10522109102805427,0.6421651273694751,0.29050782069476944,-0.13313492115393688,0.8773499915205644,0.12746216477779534,0.717284710949246,0.7396570460244405,0.0962949042965699,0.3401814074782981,0.7007427332164926,0.0937708845877292,-0.03478999305335376,0.7510546073186762,0.11943813840731707,-0.11576440674078978,0.6025755309822124,0.05570056275932774,-0.09308785590283071,0.6292391735505564,0.11687734277408184,-0.1125398083915137,0.8472871088618965,0.23634741989673946,1.2837896426017217,0.6250168255415127,0.2527844253032236,1.553425249863238,0.49019343228189793,0.24770008697584542,1.3706712462705477,0.5124149024107068,0.39489155696786327,1.2105888167607393,0.6730003188465006,0.521745769448195,0.9635419590128876,0.6519797335151636,0.33813054259581354,0.86515222616754,0.5930148209899991,0.19240681559900724,0.9088999740860175,0.5816493400164919,0.19616862618530817,0.8614645800157337,0.579127027885209,0.21545397189568555,0.7955098426432581,0.5801512375348215,0.07843747742742868,1.211914477491153,0.6709113709003367,-0.010126576670246076,0.9468479059744096,0.6302836095871686,0.15142550793254905,0.7946653072980212,0.5785041208678842,0.24540212973835232,0.7920425472471442,0.5663157236260126,0.255035546164883,0.7420290778033094,0.5729634089785979,0.2237659403545406,0.713570586913199,0.5718211642798451,10.6
0.32690910491635794,0.735058017613167,0.6933538620035493,0.3282188480912039,0.33717351606641666,0.7074749894674036,0.3232386014489326,-0.04567336734974453,0.7879557741567635,0.27549820676746245,-0.1141584492373613,0.6092884824385796,0.35820701487397477,-0.10589217903184789,0.6454686636281999,0.28981422271015383,-0.13287076125599726,0.877352253823799,0.12656261385881115,0.7188096220896616,0.7385974014336523,0.09724172982098371,0.34079356897478086,0.7017951058130282,0.09385509818644527,-0.03540642132507023,0.7522685018499705,0.11887425324811066,-0.11517280959068836,0.6054392624538885,0.05658320139732212,-0.09301810517007951,0.6293194670239664,0.11731787106935025,-0.11095694079972433,0.8458608282657646,0.23632617020350044,1.2859647296221917,0.6255109068975724,0.2523446835561906,1.5556394131580502,0.49092288246098575,0.2478323546364568,1.3744424738208652,0.5102057817408623,0.39502487601364533,1.2115277462387462,0.675034191933847,0.5221033501483681,0.9653447154306214,0.6515473018199123,0.33907837814764386,0.8647045644223097,0.5922583826302745,0.1990402316468176,0.907107028009953,0.5747549061993841,0.20237408790819422,0.8643968114380376,0.5759023104568444,0.21948310060576362,0.7994471800610816,0.5810003290760615,0.07684066283942662,1.2118727013040953,0.6724168777378409,-0.012789384204319885,0.9475177380367944,0.6341570624920502,0.1481349896052454,0.7919144520868594,0.5802148101974454,0.24233653870853467,0.785355101779785,0.5683545285364796,0.2527218089344183,0.7343578350476914,0.5733919360443035,0.2149004428841706,0.7114957341096229,0.5676590006791608,10.616666666666667
0.3258109051977588,0.7366726534122178,0.6956298547779789,0.32776691313105316,0.33804403448053405,0.7108878962915514,0.32313938410341203,-0.04594188939349307,0.7881698889736408,0.27589786099598024,-0.11356073293648719,0.6099659072200062,0.3589274577541718,-0.10632439952162466,0.6480259738042947,0.2891006342168471,-0.1325134194609433,0.8772114866882903,0.1254840270433571,0.7216596362635662,0.7370691115208408,0.09825195574929274,0.34187323252496327,0.7031218096481902,0.09391565685190337,-0.036166791832915365,0.7535488002818914,0.11840819019688631,-0.11500125049131864,0.6074791040193779,0.057274234341359816,-0.0930527043648378,0.6295000264694127,0.11772532573611728,-0.10941279084617966,0.8443456797921705,0.2362703651666229,1.288564410085839,0.6252175941797116,0.2508464262133789,1.558433319632729,0.49428186439565486,0.24748719620549908,1.378499627261613,0.5092926385121261,0.39502648524656403,1.2131247298392143,0.6763515886709823,0.5224735385594966,0.9679598705612935,0.6502937202388129,0.3408814960766371,0.8629772393877901,0.5914668191752908,0.20763112160163688,0.9044122983646127,0.5713197568175311,0.2098757727536531,0.8649884726421377,0.575760550072899,0.22410720267208428,0.8022235295493964,0.5831380874660164,0.0751845420276008,1.212440713564679,0.672773041928128,-0.015184237657977006,0.9486547090402889,0.6378455633285608,0.1440158257106719,0.7892420938509495,0.5816383897629384,0.2373658943601074,0.7782009572912111,0.5705289311111674,0.2476181801007211,0.7267256959343409,0.5754497837863617,0.20464889851341145,0.7083973408460934,0.566327446005365,10.633333333333333
0.32487905612660384,0.7393066700362978,0.6977684310587131,0.3273571912262973,0.33918199388425213,0.714428989643853,0.3230297029636472,-0.04604340157953436,0.7883683315028774,0.2766546701595807,-0.11250495196073466,0.61018576889461,0.35908872187762686,-0.1063635960167005,0.6494850127447865,0.2884459994237368,-0.1320909037453865,0.8770036282545433,0.12428451810793939,0.725879855107926,0.735142699495537,0.0993264034309297,0.3435358545129994,0.7047643204922539,0.09404942659666175,-0.03692648946833467,0.7548636267591388,0.11811919676136678,-0.11547913037046434,0.6083796721741537,0.05763954051588616,-0.09316953317443424,0.6297001641866927,0.11808528861717095,-0.10802627704075941,0.8429293082818853,0.2361832209526439,1.2915310990856526,0.6247871966566031,0.2480424002405791,1.5616522585209773,0.5009335017457076,0.24650427938725508,1.382672196407506,0.5101757342875433,0.39495751303580423,1.2152524216433036,0.6767511083000985,0.5225350919571513,0.9712242692326127,0.6497092713902254,0.34389893288602924,0.8594563197771431,0.5915243170136858,0.2175861103426335,0.8997233434105528,0.5725909248043288,0.21835597623319203,0.8622752763888326,0.5786874386814755,0.22879642882041334,0.803120655544734,0.5861756064526626,0.07362882345109452,1.2137708255706376,0.6720536649237766,-0.017097886292102734,0.9502119590937337,0.6408384503951255,0.13907940972380453,0.7864628970607982,0.5825124533194883,0.23020753014885523,0.7698286016683638,0.5720458531885358,0.23908894809499778,0.7188861004394949,0.5786479959632412,0.19363606230417646,0.703667345488471,0.5678207868197653,10.65
0.32410011235469016,0.7428532860935602,0.6996674043271419,0.32698585682040643,0.34049381478233354,0.7180348972074647,0.32288570803633987,-0.045935545170557784,0.7885568883294282,0.2778312843640259,-0.1108619823666214,0.6095432328963049,0.35884108753281785,-0.10603036433444826,0.6498637526406006,0.2878903635928345,-0.13164964233166263,0.8767655624334354,0.12299023851671197,0.7311670745263306,0.7330069166196862,0.10046626288411033,0.34575049713183903,0.7067026250935189,0.09436550997931026,-0.0375710391842799,0.756121238836059,0.11802177037154729,-0.11635077367172822,0.6082041442295559,0.057665427000481995,-0.09332959028431789,0.629871011468435,0.11840240918261981,-0.10681499798675846,0.8417050845431155,0.23594086325495756,1.2947411527890134,0.6248832944805932,0.2439460074676411,1.5651788505463247,0.5109815354068847,0.24473417807837006,1.3871059459918809,0.5129888459287437,0.3948793993203741,1.2178415387277564,0.67638031396867,0.5218737806609444,0.9747832322084985,0.6512739404660545,0.3481850284618521,0.8540166146935398,0.593087333868735,0.22782443581296807,0.8917285045030854,0.5783992123123307,0.2269787227203086,0.8560697703066922,0.5839101426623463,0.23333320071767255,0.801721261407295,0.5896520771773024,0.07224290144608127,1.2158796032054453,0.6706765094338227,-0.018521005598954907,0.9519417870565534,0.6431967860329396,0.13318178957359042,0.7832442785423169,0.5832226461508114,0.22080610573538123,0.7599351074746543,0.5726550346590881,0.22721300373909967,0.7105290124001155,0.5823450879776034,0.1822608731251586,0.6972181008960883,0.5715981425212074,10.666666666666666
0.3235071809819574,0.7472143886862443,0.7012134576643007,0.3266619782872194,0.34193118689278573,0.7216235563101809,0.32272355217106574,-0.04563428754554473,0.7887297864399404,0.2794207731670155,-0.10874587581911656,0.6080526482596291,0.35854759762208943,-0.10556267613951881,0.6495798672575969,0.2874429309489104,-0.1311983540002705,0.8764913422297231,0.1216262965602794,0.73717542076904,0.7308008863157225,0.10167225694150947,0.3483985078378243,0.708871391305033,0.09491304086914226,-0.03802435747742415,0.7571970036324437,0.11806130734762779,-0.11712046498901027,0.6074850383135365,0.05750776378732752,-0.09351847147674586,0.6300093612950931,0.11868210460397421,-0.10575621059865274,0.8407319118668495,0.23540595740594827,1.2980274230896602,0.6257773317082166,0.23886108324920685,1.5689084890941927,0.5238148510658475,0.24211938125427496,1.3921449769490564,0.5172875148359094,0.39480297197708214,1.2207573121044704,0.6756720700077861,0.5202398897517313,0.9781814882594237,0.6556520397701189,0.3534797150267305,0.8472059153944239,0.5958932611141451,0.23707985206521964,0.8792459854113629,0.5871003959390472,0.23458254423319821,0.846371364619124,0.5903219416549894,0.23822257537535518,0.7975544325213865,0.5931282043675778,0.07096852507345834,1.218619498819109,0.669167870663927,-0.01947252300417262,0.9534026283529999,0.645597404337765,0.12602881328311355,0.7791182923558434,0.5849471334351051,0.20954576109711903,0.7484366946312596,0.5731412293070811,0.2129356984920379,0.7014556932926602,0.5858780051878696,0.1705161003924683,0.6892967907087124,0.5769631522057362,10.683333333333334
0.32312824882051694,0.7523401663164846,0.7022680562442885,0.32638648340438703,0.34349797719098846,0.7250985884873002,0.32260265096114826,-0.045175497472870044,0.7888796229150294,0.28127618856298187,-0.10634146239548224,0.6059321650345016,0.35853965576885866,-0.1052788668662798,0.649142619325707,0.2871040406832815,-0.1307093516466739,0.8761897104726971,0.12025660044082616,0.7437091471435078,0.7284947221384154,0.10293252163115822,0.35140221619763223,0.7111957191655762,0.09564629753979047,-0.0382468986456371,0.7580674948282471,0.11814081407541699,-0.11758645138418782,0.6068824164446892,0.057365275186582236,-0.093735635918347,0.6301378692174499,0.11891162043042358,-0.104858917638817,0.8401033470202438,0.23455982486440552,1.301294430539488,0.6272793061346144,0.2333838974297986,1.5727074728754142,0.5379583804525427,0.23879653388686728,1.3980922025320621,0.5222904196134377,0.3947243390543602,1.2237637783216875,0.6749488621143771,0.5176931605942952,0.9809832638539946,0.6626015358311985,0.3594650550495959,0.839943245318524,0.5989201633643264,0.24442664317513674,0.8615547799967452,0.596316517944718,0.24049412085586838,0.8327558619427815,0.5969141911354701,0.24468640908505362,0.7901355629456327,0.5960960434814128,0.0697171866846423,1.2216882770177142,0.6678113313862425,-0.01989310754664236,0.9541744532657693,0.649054615998172,0.11732846146601697,0.7738847521322768,0.5887135051084283,0.1972771791329121,0.7355955001040355,0.5746844427265988,0.19767912997602938,0.6918863905048382,0.5886269342652197,0.15816891820266704,0.6802618035991893,0.5832973075117421,10.7
0.3229160018846204,0.7581161104186325,0.7027264248737496,0.32614444954256944,0.345208137615389,0.7283559915793252,0.32257575051889065,-0.0446214695747089,0.7890039657067345,0.28309621468752477,-0.10378244322124489,0.6033065928949214,0.35885030175052923,-0.1053507810738806,0.6488159739708479,0.2868725256495008,-0.13016871412181702,0.8758981378866086,0.11898993053752042,0.7506734151020518,0.7259217012527164,0.10419603589475009,0.35470502931767384,0.7136247982358785,0.09645736206958684,-0.038232340331009376,0.7588536849140896,0.11827465880393918,-0.11781276273497884,0.6066794584662989,0.05732803781581852,-0.09391024488239434,0.6302838875269072,0.11906209993243692,-0.10412914892105254,0.8398740726660051,0.2335053357931747,1.304576605246537,0.6289567275687715,0.22832573131873518,1.5764057321960827,0.5513498224684804,0.23510820161364404,1.4051197047045507,0.5273074528744001,0.3946701092323179,1.2266144311990137,0.67428235520923,0.5145304695375057,0.9829138452543547,0.671361998826879,0.3659099228307656,0.8329105048120236,0.6012779246699547,0.24982461528195468,0.838789996520034,0.6039065738949806,0.24535839317817087,0.8149025278357825,0.6030844581657758,0.2541265449270971,0.7794747253055887,0.5980102021051988,0.06847460440631284,1.2247571113779858,0.6665855183736976,-0.019638760571924433,0.9540697037498366,0.6546550311967783,0.10710633901855954,0.7679499716730748,0.5944114422483552,0.1850061906467355,0.7221792769199131,0.5777685520984817,0.18253258468459926,0.6825335722694915,0.5900242421019919,0.14505886189268777,0.6705965870815751,0.5898864980785967,10.716666666666669
0.32280500685626057,0.7643548562725373,0.702570575331471,0.3259182161454175,0.3470476478332751,0.7312945872976557,0.3226531271250485,-0.04406857822140205,0.789105362338191,0.2845014836050592,-0.10125942323418079,0.6002698973635029,0.35921178863349856,-0.10569716237863824,0.6486075990610556,0.2867458977166164,-0.12959121186765574,0.8756526327905491,0.11795257070541429,0.7579560513048974,0.7229083290187928,0.10538213067935787,0.35818104272454987,0.7161504503285977,0.09724348993652916,-0.03799350237193144,0.7596934829793808,0.11860639625151742,-0.11789448849136944,0.6067156597559836,0.05737137246921851,-0.09389662354108555,0.6304779648637595,0.11910707737869691,-0.10353777121782065,0.840010978288508,0.23238044111657172,1.3080204412137957,0.6304841736899488,0.22446775192322957,1.5798865703816478,0.5621701916219186,0.2315307333129994,1.4132921262211806,0.5321665003244652,0.39469981449107083,1.229131996250946,0.6736407604995516,0.5110866322114617,0.9838825514847584,0.6808694194437559,0.37264892957705104,0.8260924553897897,0.6028058353599716,0.254216162555331,0.812320173838293,0.6083961623822866,0.2510142745830806,0.7932362018186436,0.608663745817133,0.26738141526985726,0.7660300611286017,0.5984370380298014,0.06731201143981108,1.2276436046345682,0.6653446917085157,-0.01842042698470779,0.9531910246725199,0.6632400632749044,0.09591473386884619,0.7620960842309492,0.600934960758742,0.17329341256230102,0.7091706224895427,0.5819975690488235,0.1676910670619305,0.6741763955717911,0.5896821824825348,0.13105255841805205,0.6610423327960877,0.5956694947897498,10.733333333333333
0.32278740598398137,0.7708572020484067,0.7018855824447465,0.3257037451299012,0.3489781781218312,0.7338162163777588,0.3228186176972343,-0.0436026483946681,0.7891839562321042,0.28520449966406924,-0.09915494173695684,0.5973667633089306,0.3593045089544006,-0.10608194142780764,0.648453113796221,0.2867238062749979,-0.12899234965537204,0.8754720848576489,0.11723218385728722,0.7653730235767905,0.7194402109204494,0.10642897317827982,0.3616564512067184,0.718781891771755,0.09793420910325158,-0.037554988170350634,0.7606441742297404,0.11915423233625333,-0.11792608807130288,0.6067591946859916,0.05743076623325992,-0.09359490194504327,0.6307364322890758,0.11903680230047281,-0.10306600793861835,0.8404548308390891,0.23127688756686543,1.311792195675731,0.6320017858799397,0.22219394842807816,1.583178157858702,0.5698445815774287,0.2285657148617351,1.422535191573576,0.537144301390474,0.39485395009906565,1.2311767790282695,0.6730516966160973,0.5076003556921904,0.9839261698992358,0.6895355437307376,0.37960246872823833,0.8187627158064048,0.6038572457229141,0.259158545040531,0.7843982765251578,0.6091441658571612,0.25934708527606853,0.7684739307061145,0.6136565131472145,0.2843091980938408,0.7500515482691023,0.5975338200023721,0.06629494330369867,1.2303136350749182,0.6640359305928393,-0.01587603484089571,0.9518388493841395,0.6750038884045197,0.08466770808677936,0.7570317167754969,0.6067552907709651,0.16189618993024518,0.6973007303744179,0.5866335970711593,0.15266483168225542,0.6671061750948734,0.5876055379292785,0.11564519000558678,0.6524318454304222,0.5997898806287603,10.75
0.3228909518309414,0.7773921114927113,0.700799054321982,0.3255129102401637,0.3509590311179363,0.7358245868590945,0.323060473860704,-0.04322432451201007,0.7892375896247406,0.2851497592191302,-0.09793186707767311,0.5956980027656562,0.3589686399392565,-0.10628543173289112,0.6483061006403481,0.28681004841270236,-0.1283462035874179,0.875368578125523,0.11681408145015033,0.7726301504799595,0.7157382914465121,0.10731219994705962,0.3650090635567995,0.7214437181556984,0.09848049364354038,-0.036952466607654944,0.7617105557979309,0.1197001357002,-0.11794637557967672,0.6068758076354405,0.05745234262173199,-0.09302833283852784,0.631043414787231,0.11885922384822882,-0.10276015891523677,0.8411844532670644,0.23023674752439705,1.3159580301686544,0.6340648673298837,0.22132693466326583,1.5863736104393746,0.5752077491775252,0.22653825138527245,1.4324740847585202,0.542325509974515,0.3950551768848869,1.2325614897983104,0.6727631613244078,0.5041401476491556,0.9832419418055687,0.6951812501721458,0.38686919670156383,0.8099423809546356,0.6048290548358899,0.2663395185965802,0.7570044074933848,0.606616269764386,0.271243135667423,0.7411500825641169,0.6179883619718887,0.30402186845813733,0.7312703688121054,0.5968375138545646,0.0653621338253279,1.2327355895834982,0.6629098286332814,-0.011903169490463548,0.9503092875497795,0.6892387419731537,0.07419058186096059,0.7531575568149137,0.6104790518780918,0.1500568300678108,0.6868229152952481,0.5909044617629187,0.13684200585922401,0.6610573654351212,0.5840190972963899,0.09796402859245507,0.6451322737069957,0.6026883948856202,10.766666666666667
0.32311674688383973,0.7836674468143199,0.6994019739237691,0.3253625641371776,0.35294478114657735,0.7372527635082462,0.3233791020470458,-0.04283516468855145,0.7892770252357633,0.28449057855026,-0.09782924700471107,0.5960993983343396,0.35821121637217557,-0.10618417024877334,0.6481273230223098,0.28700178869953613,-0.12757820053792118,0.8753524406966298,0.11659340165705631,0.7793368681613573,0.7120916726485675,0.10801519967810193,0.3681898430577061,0.7239145731983329,0.09887632015549165,-0.0362194541058225,0.7628757222649409,0.12000039570712162,-0.117973546935495,0.6074004991635581,0.05741083057243976,-0.0923057130241666,0.631379490204998,0.11859152919355102,-0.10271277275685434,0.8422148080859698,0.22930366757500426,1.3204732045938143,0.6371007744809047,0.22134926421014517,1.5894706283487747,0.5794792917493558,0.22539613646715317,1.4423661978165772,0.5474147391305535,0.39507035929842493,1.2330851008674681,0.6732139230254385,0.5005656077520443,0.9820936245007744,0.6959236345357662,0.39475910008590476,0.798931473250228,0.6060197269065626,0.27704762016545303,0.7310755559697358,0.6023229335527243,0.28651039173124876,0.7122610574713512,0.621368848098529,0.3253712105632136,0.7093907933748222,0.5991008983626248,0.06435749230294839,1.2348273739884652,0.6624836143911113,-0.006861783461335459,0.948768624584508,0.7043995027807759,0.06470128311328331,0.7504577063935778,0.6117764824746419,0.13699930525638593,0.6777236851638478,0.5940342418528035,0.119700885013911,0.65561157794644,0.5792176172848232,0.07756092093459946,0.6388159867844682,0.6059876589723182,10.783333333333331
0.32343158857689197,0.7894331166198004,0.6977381689185447,0.3252602231688443,0.3548492870619879,0.7381206715168491,0.323774510229558,-0.042330566879507134,0.7893266916190868,0.28348112265695197,-0.09868409023168756,0.5984220889563711,0.3571121959763682,-0.10573402076006595,0.6478913971909304,0.28727702622791645,-0.12664819513716186,0.8754142504873839,0.1164924432754606,0.7851898240755223,0.7086179417437691,0.10849659164876216,0.3711663477228808,0.7259171333270602,0.09918373617322412,-0.03536947046161351,0.764070113646029,0.11998176521878866,-0.11811880755846445,0.6085616973785757,0.057305402231755696,-0.09154592385903668,0.6317417197265052,0.11824802602323517,-0.1029847393242532,0.8435546793037086,0.22851427326759993,1.3252138360736376,0.6410948211779728,0.22173936645791448,1.5923628093035815,0.5833860080790061,0.2248046282881084,1.4512905590800438,0.5521731720564913,0.3946419970361914,1.2327016415008152,0.6746948692237449,0.4965756691324201,0.9805173975192267,0.6914874376893476,0.40363452393870164,0.7855345912250583,0.6078238947729794,0.2916334333914278,0.7068261952481676,0.5982556155923984,0.3043348399250292,0.683837446250894,0.6233004819388375,0.34706740846062994,0.6849865699197077,0.6065376036039842,0.06322206509669331,1.2365226601660029,0.663161583291014,-0.0013736623081677143,0.9473824850296987,0.7184841901829218,0.05555710928336479,0.748431466560295,0.6119311965806989,0.12218751529706641,0.6701193164501997,0.5954245446626352,0.10078286475413908,0.6503977061205466,0.5741731157784223,0.05518474896191716,0.6329970936391505,0.6110301550053059,10.8
0.32381224074308523,0.794575919444094,0.6958309016647772,0.32519201998555053,0.3565375740599543,0.7385425922794093,0.3242334924886062,-0.04171408428296118,0.7893992265471539,0.28240096959202343,-0.1000997771040577,0.6018670550975541,0.3557887726539736,-0.10495543092587488,0.6475820945900052,0.28761016504442977,-0.12563106092952922,0.8755184982345614,0.11651479980547948,0.7901273277915486,0.7053035921991313,0.10869067983612009,0.37389776692385823,0.7272511066079735,0.09948223065595829,-0.03439721922613616,0.7651845207982271,0.11970143146445579,-0.118437002980017,0.6103286517232724,0.05714873974883326,-0.09083068977352371,0.6321075658608383,0.11783758681556436,-0.10354915662862245,0.8451841336905105,0.2278370937844032,1.3299257322704083,0.6457856447819693,0.22215316104575894,1.5949428727736785,0.5873880350971898,0.22444416032813103,1.4584692130087968,0.5565489495872284,0.39366664914251426,1.231590157946458,0.6771017883677886,0.49180576400921516,0.9783520223151062,0.6832816452139573,0.41361938800045034,0.7701345822307948,0.6108504631574593,0.3093335427766367,0.6844263543909048,0.5962687860374736,0.32355509583420605,0.658284045613059,0.6235528308437894,0.3676811275456726,0.6598701205254672,0.6190761703317764,0.062069171476455354,1.2378160412798438,0.6649457507183436,0.004008910364676252,0.9464218891957112,0.7295848678403621,0.04565299719004799,0.7462488400992323,0.6131242828126515,0.10536685006187357,0.6641147569345653,0.5952398440037358,0.07990111709380886,0.6449873534420476,0.5710733573865088,0.03259737106842438,0.6275719563919975,0.6180966147076894,10.816666666666666
0.3242618927521057,0.799017988960156,0.693694256672595,0.32512390898992877,0.3578968624111032,0.7386170544844387,0.3247299426604552,-0.04110265869751868,0.7894805936440663,0.28144950473112307,-0.10173522492634886,0.6056896175295293,0.3544537659681687,-0.10397731416758639,0.647162325989728,0.28800130863254125,-0.1246661115423483,0.8756353046798748,0.11665513312958761,0.7942007795105428,0.702196790270317,0.1085436861991962,0.3763545588008863,0.7278542738241054,0.09980145269105219,-0.03329386014600692,0.7661570243867425,0.11919524412443916,-0.11888910420067739,0.6126839596312392,0.056969135297939386,-0.09022374919790102,0.6324174762611458,0.11737522362686979,-0.10426927609081776,0.8470381207616842,0.22719973253651418,1.3342432784043257,0.6507906551812985,0.22247178099865259,1.59714078641509,0.592057647658523,0.22412712053401865,1.4635519827420371,0.5604384336168016,0.3922278477693268,1.230042613350109,0.6800292966401051,0.4859682762581591,0.9756474427521395,0.67309944347622,0.42443905643630037,0.7538137339090017,0.6155228480616414,0.3287222395719351,0.6641760265730011,0.5976505026021556,0.34293290464660386,0.6372021105806841,0.6228925999702613,0.3861200120533228,0.6363974939860756,0.6344293110091141,0.06104247181402635,1.2387440205563252,0.6674979366724112,0.008980755550533445,0.9461152708686817,0.7362772921292375,0.03422471842272352,0.7431418873344595,0.6173600679248293,0.0865227047947347,0.659166254462601,0.5952010826872829,0.057542819422955624,0.6389962782966779,0.5726144099848515,0.011635020060734365,0.6226869585340422,0.6269770210264076,10.833333333333334
0.3247582166883802,0.8026039180654951,0.6913635616221322,0.3250284146517563,0.3589230097887731,0.7383345188343273,0.32523928342799,-0.04061816379994816,0.7895451354704683,0.2806475135405228,-0.10334878079793156,0.6093771297317784,0.3534412211162135,-0.10307857574282527,0.6466855411734599,0.2884654393148699,-0.12384910691745266,0.8757604605553715,0.11686475944475672,0.7973890371544203,0.6993277049969778,0.10805849409724301,0.3785262463762441,0.7278024546985611,0.10012358156973572,-0.032048662590612745,0.76697004584958,0.1184120483813822,-0.11966777185360364,0.6158143616799598,0.05681271221748698,-0.08980235847660362,0.6326095449713249,0.11689933166937208,-0.10491298140219935,0.8489573952753966,0.22659005081592654,1.3378858630275832,0.6554900646405789,0.22275694711062366,1.5989039754957215,0.5977172918734411,0.22376913630607126,1.4667357898409794,0.5635411363091842,0.39051817893985274,1.228337987936899,0.682985735222821,0.47908839349939764,0.9728000289814682,0.6622109981385689,0.4355351953194264,0.7383346573756843,0.621388009363775,0.34837649065171794,0.6462293472978157,0.6029197118358486,0.36162567653077227,0.6208777316984477,0.6230439873098166,0.40216365195389947,0.61650204767022,0.6496397427660452,0.06016778800637326,1.2393059183469894,0.6703251809941355,0.01342773293572351,0.9464931900341343,0.7379287423133367,0.02126351965455473,0.7388093034132179,0.6257982797087704,0.06606214380858513,0.654185420699424,0.598195512253856,0.03501212498194556,0.6323958805999857,0.5804966443392006,-0.006483884442573503,0.6183705733490691,0.637504654084499,10.85
0.3251955504673443,0.8051474715159843,0.6889686065473969,0.32490739398906343,0.3597146320002033,0.7376847010737551,0.32575164471634216,-0.04027707783532823,0.789580904406022,0.27988709245190135,-0.10468678053448909,0.6124410426364897,0.353033339739267,-0.10259342601369682,0.6464855908605287,0.28899306670137775,-0.12318265941081788,0.8758980585983255,0.11713837215602599,0.799625492114042,0.6964666776006769,0.10732300458175727,0.38040387622725536,0.7272534272788306,0.10042289410063499,-0.030646197977823655,0.7675704414052186,0.11725137721990304,-0.12120098541225531,0.6198883041038017,0.0567245697658178,-0.08960137187577173,0.632658296930184,0.11647666044239399,-0.1052402846352497,0.850693575558719,0.22607430211303264,1.3408271382290808,0.6590780495352279,0.2231455719194685,1.6001769617752752,0.6039811885806683,0.22341699241430002,1.468590048275643,0.5654533637880548,0.3887785915071348,1.2266985925072857,0.6855370982803265,0.4716831597130918,0.9702694258552332,0.6516002805605798,0.44629537436084116,0.7256841395495837,0.6271108580604208,0.3671705127317376,0.6304931833907174,0.6118752570415785,0.37931819998120975,0.608802793195556,0.6256267628679217,0.41619916013633773,0.6014939557454332,0.6622985744405891,0.059384818267761166,1.2394439231655443,0.6729143284930612,0.017162264148037565,0.9473863632099078,0.7352598088481935,0.007414235685648654,0.7336379277065007,0.6380962054100261,0.04511373665968699,0.6485339853191228,0.60624213342878,0.014003880886691532,0.625673804079333,0.5945144016373481,-0.02114993145588561,0.6145334833167173,0.6492532636438978,10.866666666666667
0.3254183776273891,0.8065083171124211,0.6867528385784738,0.3247749061174991,0.36035900748260125,0.7368390908643917,0.3262659843152643,-0.03998073638294512,0.7896025991594544,0.27907491747519775,-0.10548986149457237,0.6143238861410875,0.3532347758379877,-0.10268957599944255,0.6470559160102102,0.2895366083479105,-0.12260541708770223,0.8760486539335333,0.11754476861301617,0.800896972274675,0.6932316684814073,0.10649384804868926,0.38195252206690955,0.7263226715726724,0.10068811975278785,-0.029097514978256342,0.7679056127079066,0.11560590346441225,-0.12372317138749794,0.6247084460126572,0.05672479763227814,-0.08954095284135179,0.6325927986067247,0.11616753109709832,-0.10513103066341165,0.8520493042959115,0.22572069978450632,1.3432263186397575,0.6608895518278428,0.2237629692411927,1.6009015300715486,0.6099915095172748,0.2232256506397856,1.4696473197384237,0.5660790080446931,0.38726800299915276,1.225294210550788,0.6873689483692434,0.4646360066465497,0.9682908740194559,0.6424044974473918,0.4561171952249111,0.7172471073376934,0.6314228718063984,0.3842111861474986,0.6170721527319292,0.6236704567606614,0.3958727141475237,0.6005687255037531,0.6309910171616557,0.42837505877211635,0.5922159756213543,0.6706213627953306,0.058702784379039294,1.2391842739626142,0.6748364309441182,0.01985365933926448,0.948519123822859,0.7303899870302728,-0.006202045300948037,0.728555293566892,0.6522894727299938,0.02526896425659711,0.64248668613727,0.6190132579105999,-0.004136655085426716,0.6196853214855711,0.6127127851182922,-0.03207516083601407,0.6112909291595583,0.6610127197855401,10.883333333333333
0.3253250196999562,0.8066430140633424,0.6849491831458578,0.32463609051967335,0.36082370419988213,0.7361113190884527,0.32677296343331075,-0.03962070608409124,0.7896448272018386,0.27825159770342217,-0.10564091730546933,0.6146995535460075,0.3538410147065414,-0.10325964209625269,0.6486693420003504,0.29002429425945864,-0.12207452453971743,0.8762139986474897,0.11814818444823769,0.8012541375162053,0.6895581326749063,0.10571063657067574,0.38305965054843943,0.725025185585201,0.10091467832369219,-0.027496784745710656,0.7680243930828977,0.11341538721608754,-0.12706498352292211,0.6296973802146653,0.056802361708718135,-0.08949108613188672,0.6324789021662621,0.1159839821812121,-0.1046660279873852,0.8530047688586351,0.22554484612275377,1.3452023640695676,0.6608671359178802,0.22464015953193567,1.601099107315207,0.6150830628284827,0.22333463524299652,1.4701747688463143,0.565939928737087,0.38621247462586994,1.224229711023684,0.6883214956196527,0.45885408407546785,0.9668696404752349,0.6357593771133453,0.4644118408288895,0.7131920668961067,0.63394285372997,0.3988643516507656,0.6066716582989942,0.6368039071522859,0.4110274886486176,0.5959775243212608,0.637919872488545,0.43828356742982144,0.5887126962120608,0.6733635544077368,0.058252271052040276,1.2386999791756754,0.6758374076544622,0.021306983566895983,0.9496063808784542,0.7257682929169832,-0.01822480467098482,0.7245874146529035,0.6656784314674525,0.00782782830647133,0.6367795057743676,0.6343776828090029,-0.0188126064466227,0.6152012902474746,0.6321792847767133,-0.03930829497039508,0.6091122602505478,0.6710714908036647,10.9
0.32490751380953087,0.8056265425710493,0.6836492056547625,0.32449559611988993,0.3609837249717101,0.7357113957639589,0.3272544889211612,-0.03919338189508584,0.7897423502056267,0.2775900627062178,-0.10528847787785214,0.6139452807091973,0.3547010751268763,-0.10406784727543592,0.6512208023116236,0.29039285391671904,-0.12161258204731487,0.8763953422280913,0.11888448237456434,0.8007552818657241,0.6859601800996318,0.10499965537656461,0.38350859833796797,0.7234015924091577,0.10108754902438732,-0.026026364090728185,0.7680563532857794,0.1107687019164291,-0.13068608985215194,0.6342340631151793,0.05692514214314223,-0.08939989546574745,0.6323738561255114,0.11590351919596244,-0.10407981789200338,0.8536590180416588,0.22552999520499376,1.346712756153668,0.6598671623879276,0.22564779039924748,1.6009792031952994,0.6191561199637641,0.2237897158874697,1.4703073787954841,0.5657905608385614,0.38571307383694187,1.2235102096010402,0.6884752845425615,0.4549708966295691,0.9660447697591728,0.6321422241263802,0.4707909239875367,0.7126017814784295,0.635046746535463,0.41092901525764647,0.6000633570505115,0.6494842304588335,0.42429802618125967,0.5943401128163401,0.6444758352543876,0.44552209101689,0.5897984572783009,0.6705577560436182,0.058136777459798956,1.2381406405412856,0.6759399448057053,0.02152287827558386,0.9503865374509407,0.7231769379691055,-0.027455193475346897,0.7224762597202646,0.6758256609087927,-0.006549904475641089,0.6320967507085704,0.6498192379416111,-0.029918327192985025,0.6124755042477368,0.6500094449142391,-0.04356633595405173,0.6084197802348128,0.6784730028417942,10.916666666666666
0.3242008229999565,0.8035752380467891,0.6828292174624205,0.32436542573523497,0.36076079686571294,0.7356248019347071,0.32770557713462595,-0.03879537828700967,0.7899090365384143,0.27726464876263096,-0.10475838373363931,0.6129816415782021,0.3557870927088918,-0.10493421069349904,0.6543499814013058,0.29062148115147424,-0.12126387664805192,0.8765879681839922,0.11950861621238976,0.7994208779592938,0.6831415488880285,0.10426907845941395,0.3831148008157145,0.7215991585586102,0.10118363510373748,-0.02486009008589704,0.7680787266503484,0.10797231800676013,-0.1337514713426451,0.6379292296928962,0.057054879205778807,-0.08930588620372217,0.6323028389162819,0.11590709864634613,-0.10359302589202173,0.8540884014961776,0.22567230202181132,1.3476575112891345,0.6592066134254034,0.22655457924780825,1.6008881122756675,0.6223706794696412,0.22452069297299837,1.4702091436118512,0.5659926035257062,0.38566767952035913,1.2230675411984795,0.688198723118984,0.4531963191098245,0.9659900438308189,0.6309945226491137,0.4752134040574966,0.7141884474994947,0.6351758400536784,0.4205017524381189,0.5970756857555681,0.6603750040441092,0.4350133355205594,0.5944207640312967,0.6491236186335211,0.45031304441247944,0.5933258068981593,0.6642086320959687,0.058281082076374995,1.2375450434007198,0.6754908094924288,0.020473783195296146,0.9506662728499032,0.7235426422869708,-0.033334895262680256,0.7224314194082809,0.6814291627825131,-0.017549634545215728,0.628886435775654,0.6633332743706781,-0.0374259343365289,0.6112988879164414,0.6640177520395889,-0.04617622149901513,0.6090315826959352,0.6837851712974692,10.933333333333334
0.32324774458627153,0.8006187680882366,0.6824432893652541,0.32425735999898925,0.36021893279313505,0.7357200995201345,0.3281391244156175,-0.038531977860019204,0.7901288956465475,0.27736091758075504,-0.10432242895248754,0.6124942688322101,0.35706852805695194,-0.10573731609720528,0.6576002093246203,0.2907257096064012,-0.12101558336670709,0.8767823763249999,0.11974180335357743,0.7973181280773991,0.6812880666696093,0.10339559045320075,0.3819713806492454,0.7197430861808155,0.10118399505426581,-0.02403416938842788,0.7680330019569274,0.1054842390209732,-0.13549995725075428,0.6405937060907202,0.05715500966640755,-0.08926459666337905,0.6322745612037204,0.11597733047371586,-0.10326320636025738,0.854293276032886,0.2259800598174042,1.3480604657430808,0.6597080309481266,0.22716674550366803,1.6011061279241479,0.6246272687172774,0.22535866316756747,1.4700618758436923,0.5664600201130352,0.3858227962171674,1.222847331959197,0.6879300702415809,0.45337214692147065,0.9666663580524512,0.6314022495323803,0.4778827216004518,0.7168742641341725,0.6344228889320382,0.42756911702939704,0.5964940516550367,0.6687821957296677,0.44259547895039947,0.5952791848266884,0.6511853087634455,0.45348816245849455,0.5971987721617779,0.6573372160482744,0.05849661042369734,1.2369907807832292,0.6749633070419468,0.018107970508324803,0.9504500480326279,0.726964560499447,-0.03633252348264139,0.7239562880811388,0.6831380048957353,-0.02493243973912595,0.6273576389139415,0.6735865288511714,-0.0414488328380174,0.6113335407610085,0.673152076787394,-0.048299428820219245,0.6102668196800507,0.6881748331035891,10.95
0.3221288268849253,0.7970856725142086,0.6824717864341421,0.3241764320484768,0.35952466858289817,0.7358766689492735,0.32854980699149966,-0.0384667070359201,0.7903617303903193,0.2778756154422795,-0.10408764723133122,0.6125902830907634,0.3584138631833585,-0.10636091282566504,0.6605398767112602,0.29072584977097854,-0.12078334109364125,0.8769666049943866,0.11948890750323318,0.7947672809575241,0.6799343179955181,0.1023071706242342,0.3805002645678394,0.7178612839465724,0.10107664565221061,-0.02340354902776942,0.7677859963411997,0.10373695784356068,-0.1357147489733937,0.6420734767222632,0.05719199878569745,-0.08930329646097818,0.6322963560198183,0.11607413134047728,-0.10296567056967143,0.8542365736367709,0.22643808537215504,1.3480976752091591,0.661363037739584,0.22741551291200787,1.601698940730771,0.6256676240217108,0.22612475433848594,1.4699788632213342,0.5669855084372948,0.38595521885499756,1.2228231910457312,0.68786382283626,0.45514959077273676,0.967583133792479,0.6331757951283308,0.479090749209646,0.7198660614989508,0.6327991201183474,0.43186366778347385,0.5969840802104295,0.6741733366983456,0.44686893749160705,0.5965712719716596,0.6507779992579162,0.4559051051445895,0.6003303342858587,0.6518970574439793,0.05865614528927969,1.2366546787221904,0.6746375386229181,0.014510434194039643,0.950010312814639,0.7328192799473743,-0.037769618743653574,0.7260413268572248,0.683145678027868,-0.028695636451002975,0.6274597078562536,0.6799217776831776,-0.04258793293792891,0.6121863886321925,0.6778297225160568,-0.05029861521234953,0.6115642323902222,0.6921147268403256,10.966666666666669
0.3209890357293517,0.7935879241600612,0.6829267567443247,0.32412282388978325,0.35883152413126357,0.7360284470327901,0.3288923785590089,-0.038606190171157614,0.790558053046547,0.27869971683441463,-0.10404454503809149,0.6130694804766764,0.35958894813027686,-0.10676277630045575,0.6628213919007142,0.29063865509530745,-0.12051015470573014,0.8771221120471969,0.11886110471893341,0.7923819560152577,0.6785558613120762,0.10100899152926754,0.3791770434922956,0.7160065361509086,0.10085835171321769,-0.02273884055173979,0.767251646211559,0.10296803889360828,-0.13474460366468924,0.6423008971679518,0.05714557011698662,-0.08941336334322555,0.6323686810129645,0.11613755383663792,-0.10251400605242406,0.8539331677512971,0.22700172457966702,1.347970215905811,0.6637327617571895,0.2273774085407196,1.6024854265482407,0.6256142667018965,0.22669651975182548,1.4699673827167363,0.5674243487838115,0.38599275237518743,1.22292969666571,0.6879444064667278,0.45804911584156593,0.9681878206851668,0.6367142482470234,0.4791786762405498,0.7225565623964888,0.6307192969236664,0.43312212959576196,0.5979060519270701,0.6759651840890247,0.448078320988364,0.5981214026164872,0.6485564813385775,0.4578724321092268,0.6026639812988718,0.6478274729420264,0.058735956536206516,1.2366639013681244,0.6745353062154624,0.00993861886247691,0.9497330006662439,0.739998166705118,-0.038963625405804905,0.7277918371730762,0.6834083854081289,-0.02944696202180388,0.6287393203871432,0.6827309901539897,-0.041954714688347945,0.6133562070818153,0.6798127854856993,-0.05197472009882947,0.6127330272988483,0.695386646248063,10.983333333333333
0.3199880647678506,0.7907221636137954,0.6837866092415122,0.3240981215622489,0.3581919977801118,0.7361660382387151,0.3291133463521463,-0.0388701563440635,0.7906827511962081,0.2796006516392875,-0.10412993827879065,0.6136828995336906,0.360353776771812,-0.10707610947928764,0.6642258878627277,0.290500730336104,-0.12024610967448103,0.8772229245956612,0.11801991986907447,0.7907517290864504,0.6770412265821367,0.09957284553414078,0.37823255926972554,0.7143438737474085,0.10054627836770301,-0.021910228607117277,0.7664388326963901,0.10315121642283484,-0.1331993979603471,0.6415089678724899,0.05702631871679882,-0.08956465861875032,0.6324832155835906,0.1161230804561303,-0.10185659407837419,0.8535283887980144,0.2276258209356019,1.347806170441822,0.6663395391682008,0.22722638367904663,1.6030954500747645,0.625061948924321,0.22700738945930682,1.4699814595216485,0.5677123229228074,0.3859687296394074,1.2230632721960908,0.6880698719547861,0.4614569370476526,0.9683519836230396,0.6418980051642045,0.4785336266527943,0.7245588603279032,0.6289142055290263,0.43146764591354914,0.5993970210881816,0.6738077790460687,0.4467950222380044,0.5997534643765348,0.6451939992018298,0.45919430487245605,0.6045453366782734,0.64401160888916,0.05874626423654433,1.2370080553196576,0.6745870400618477,0.004804144969541399,0.9499142009352791,0.7470379123382753,-0.040498294164675756,0.728840968620839,0.6845458981148382,-0.02846230259058262,0.63034062170377,0.6836222753204235,-0.04073527463705004,0.6143664727578331,0.6811419051361828,-0.05311691219921952,0.6137437644756601,0.6976748082198281,11.0
0.3192233760086047,0.7887330465023111,0.684917903101177,0.3241063842974913,0.3575542342307121,0.7363179262131733,0.32918174285582047,-0.03911890024932728,0.7907308626049823,0.2803037972317983,-0.10425864133876257,0.614233778849676,0.3605746078741907,-0.10753105924711022,0.6648089673916782,0.29037915069305803,-0.12006874097658293,0.8772491604781086,0.11707406696666717,0.7900749012705808,0.6755908094551526,0.09810404670483966,0.37766923207352426,0.7130531671832058,0.10019487279146086,-0.020980860856419523,0.7654123485540258,0.104029348324446,-0.13175636851065956,0.6402198006462454,0.056877643110391195,-0.08972826192961272,0.6326287655500608,0.11603864989526837,-0.10114062105392399,0.8532178084141377,0.22826495947830672,1.3476763230566742,0.6687785469218406,0.22711606443253476,1.6031749232274721,0.6246001849029332,0.22706334445558624,1.4699883308558461,0.5678478855371102,0.38592791483996447,1.2231582417539726,0.6881918006664545,0.4648022776973493,0.968299623111082,0.647776019675161,0.47756463815884537,0.7257766235856246,0.6278108900737903,0.42752356597874713,0.6018321454589259,0.6679665979342065,0.4438022040717192,0.6014407886508183,0.6408228840463981,0.4596914601283735,0.6063322118588519,0.6396837816271044,0.058694414545668885,1.2375872663856675,0.6747377861614533,-0.0004369169640523469,0.9507127327773182,0.7524172004840097,-0.042254748026155954,0.7291611157934421,0.6864277376662281,-0.027066846684799552,0.6314320386422808,0.6844827872245202,-0.0396957520582118,0.6149197958167644,0.6829090909032867,-0.053652533077561564,0.614534799721858,0.6987149837100533,11.016666666666667
0.31870836433722527,0.7874835337495057,0.6861241691726825,0.3241499006314121,0.35682769165572664,0.7365223022752679,0.32908637291191445,-0.039248180452819165,0.7907178437357768,0.2806384389655865,-0.1043510208648683,0.6146238246270079,0.36020701198636873,-0.10823599880020683,0.6649561750529824,0.29032722373176945,-0.11999135483947188,0.8771915533510555,0.11608587620952669,0.7901118953034071,0.6744360577996419,0.09668934865423723,0.3774440521113529,0.7122102654953587,0.09989232034321223,-0.020112727123115487,0.7642352122040807,0.10517564017895832,-0.1310657182674657,0.6390594071596802,0.05675907702441651,-0.0898809759880288,0.6327914471415433,0.11594792205293109,-0.10053444255672012,0.8530364226825409,0.22880415819139338,1.347657640163565,0.6707064798216843,0.22709698285052649,1.6026125976404817,0.6244397199152893,0.22696522238525474,1.4699831432957047,0.5678707323461294,0.38589080180014157,1.2232089539538842,0.6883009574625807,0.4678217976468167,0.9682443899975934,0.6532324476961313,0.4766624057604738,0.72633090227561,0.6272113830888781,0.4221103173903901,0.6052169987839336,0.6594131544585848,0.4397617323907149,0.6033177984082707,0.6350080974956018,0.4594781339423219,0.6082915199555909,0.6348006061023925,0.0585916722083381,1.2382639273718747,0.6749451599240394,-0.005506238447489279,0.9521115642410422,0.7552502441383042,-0.04384938194339005,0.7287944030885739,0.6889567399120039,-0.02593040254879863,0.6316912821678613,0.6861678022631174,-0.039075376629179336,0.6149669274861341,0.6850474600297833,-0.053576697986158835,0.6150157820383341,0.6983672654731692,11.033333333333331
0.3183950158490574,0.7866851875293769,0.6872609319493621,0.32422966773079986,0.3559530616729899,0.7368058147138535,0.32883564207112664,-0.03923622507498502,0.790659117454092,0.28061857640533466,-0.10435930230603932,0.614829442675722,0.3592576098744166,-0.1091094556438139,0.665080203933822,0.29034004887545956,-0.11999235039727613,0.8770389211446604,0.1150925981033149,0.7904385364650013,0.6737021961362983,0.09536269479604544,0.37749993274890703,0.7118006624809778,0.09971323615670567,-0.019439092185940254,0.762936644582068,0.10610531690750413,-0.1315612764602393,0.6386434166838465,0.05672695517125376,-0.0899947142377446,0.6329527760250687,0.11594167761788568,-0.10006818572465898,0.8527959185601804,0.2290116963866583,1.3478233942711448,0.6718799487477928,0.22714165117163074,1.6015483331691736,0.624489537205129,0.2268513250454616,1.4699731678742438,0.5678352161817417,0.3858605145968089,1.2232297959911436,0.6883997617004708,0.4705937481591452,0.9682079004619064,0.6575390587810512,0.47601650945396823,0.7263842099746868,0.6266693231811871,0.4159024976293328,0.6091768515725948,0.6493880744134466,0.4349901031491634,0.6055756412347505,0.6273378352997665,0.4587941326614293,0.6104811933983091,0.629550731518182,0.058457546294341925,1.2388906597589466,0.6751799700887209,-0.010327904616275708,0.9537900063346509,0.7556412102380292,-0.04494076686923733,0.7279158194665116,0.6919263032338203,-0.025079308329726633,0.6313318490323865,0.6882838039704164,-0.03883484221080986,0.614746464313267,0.6869512019312176,-0.052998021838415774,0.6151959365198557,0.6968600063184984,11.05
0.3182143467851807,0.7861821878153569,0.6882716498213561,0.32434997056581927,0.35495969177463355,0.7371682441544211,0.3284730060197002,-0.03911548153626253,0.7905603225794184,0.2804105038279966,-0.1042805700414807,0.6148659315318538,0.3578654653703689,-0.11001811010050916,0.6652919278690151,0.29037879185512316,-0.12003875092570013,0.8767872941446698,0.1141371251704936,0.7907872163012049,0.6733165487511095,0.09411852104092538,0.3777337285503058,0.7117873957663776,0.09966547728917197,-0.0190344187089736,0.7615395161176249,0.10650423173056983,-0.13320894202003714,0.6393427979675009,0.056793613283622826,-0.09003552495901608,0.6330829960560566,0.11609575208533982,-0.09970160284809895,0.8522779932549289,0.2286591821228303,1.348144861216576,0.6722975593570822,0.22720872491941602,1.600222832054589,0.6245943899197715,0.22680746135954485,1.4699639903492092,0.5677860702455662,0.3858341601005175,1.223229351791421,0.6884905607090115,0.47326255664821093,0.9680663783303396,0.6604977006779322,0.4754171271009765,0.7260989615972538,0.6260297503629378,0.40943772185066196,0.6133832286436219,0.6388552128958908,0.4296665490540404,0.6083672852816424,0.6180143610368082,0.457798974815189,0.6127111454510576,0.6241341429053975,0.058317302987965815,1.239317752486416,0.675453294721855,-0.0148140346716325,0.9551303437867465,0.7542185232670708,-0.04529591634478006,0.7269107449374321,0.6946127101647253,-0.02435005455408,0.6307672355430078,0.6900557496083725,-0.03886992624796589,0.6146379131515447,0.6881275737665362,-0.05214679183993337,0.61524587130861,0.6947299675311213,11.066666666666666
0.3181103779430654,0.7860217550083011,0.6891457247808475,0.3245157018953095,0.35399527786697566,0.7375623885558373,0.3280723019387873,-0.038928504387753346,0.7904210564950768,0.2802067486165917,-0.10415763471146558,0.614802932394459,0.35631629784621655,-0.11087661570952674,0.665467174488887,0.29041843083731456,-0.12006959253578839,0.8764654821022174,0.11329870578006414,0.7912107481713645,0.6730076332335804,0.09294210807287334,0.3780494443324862,0.7121502991572258,0.09968708208020306,-0.018931046446060126,0.7601492585565388,0.1063859826997782,-0.13538709608154667,0.6408925541105851,0.05686923986347816,-0.08997639953321673,0.6331328900679353,0.11641241868321635,-0.09945896751272171,0.8514788111163488,0.22771552686431845,1.3484642368997006,0.6722703148897841,0.2272748045180416,1.5988603830698043,0.6246683590293853,0.2268541431255081,1.469956444541085,0.5677524111349734,0.38580855425238597,1.2232110348889778,0.6885749482957104,0.47571647938827494,0.9677101543413771,0.662354495857284,0.47441306552316603,0.7257402366297776,0.6254913585623019,0.40328011809040276,0.61772123676187,0.6284657383207964,0.4241030616355881,0.6116603656709405,0.6079922531882265,0.45658355325968686,0.6146468928974108,0.6190882930304109,0.05820269845996233,1.2394229644859334,0.6758170968411171,-0.0187301584058041,0.9555416527445788,0.751586681440402,-0.04477273941892832,0.7261890469799686,0.6959995302664028,-0.023654528261931266,0.6302959141015491,0.6911898084415966,-0.03901461910494665,0.6148276760661537,0.6885883934002741,-0.051202288870372176,0.6154034424416801,0.6923859802700268,11.083333333333334
0.318049335824369,0.7862890038300023,0.6898466602650023,0.32471850035756394,0.3532527693697849,0.7378839943160438,0.32769403666837804,-0.03870295074467259,0.7902424400850792,0.28010495696069915,-0.10407188744211542,0.6147729872309492,0.35490179471830935,-0.11161659111118795,0.6654801579643614,0.2904584171872035,-0.12002854151424751,0.876127291934148,0.11265940080937896,0.7919254987400425,0.67253116361162,0.09181129498977508,0.37837167606189237,0.7128913377116258,0.09969327584925682,-0.019137790165924692,0.7589848786611876,0.10601048277405287,-0.13715732999905078,0.6424944783196433,0.05678432249544821,-0.08981997196977053,0.6330587936971892,0.11679683897222146,-0.09943474436544947,0.8506360636302852,0.22635716912599071,1.3486296598014278,0.6722119305360119,0.2273375395888285,1.5976290899436174,0.6247281473769954,0.22696675074785522,1.4699492070508584,0.5677431516099096,0.38578301681790694,1.2231771002964817,0.6886542179884421,0.4775443786458937,0.967115620662859,0.6634375215741427,0.4726703038358475,0.7256116443121929,0.6252325052598539,0.39791119978057343,0.6219881740621602,0.618976546863725,0.41870602992318773,0.615109651135246,0.5987191140998641,0.4552672707019098,0.6159673039599408,0.6153727455210529,0.05813978265574081,1.2392299906101916,0.6762670459700046,-0.021762970592300493,0.954850426206126,0.7482518764536825,-0.04340033175428093,0.7259359873485554,0.6955270630453518,-0.022993595462216722,0.6299847652163856,0.6920087296191788,-0.039032328968869934,0.6151640671274178,0.6887938075013755,-0.0501558500579993,0.61583498754938,0.689846108774153,11.1
0.31802935633991936,0.7869612693275976,0.6903151787657924,0.3249239536598491,0.352837304799539,0.7380056781374685,0.3273502825369767,-0.03844935056603131,0.7900295495217101,0.28010818788945,-0.10411710427369292,0.6149203705862905,0.35381299403167,-0.11215472763901785,0.6652990224293485,0.2905102130199228,-0.11989424891529038,0.8758158884536351,0.11223747339251001,0.7930406356901691,0.6718732164513549,0.09068529162719936,0.3786153531347892,0.7140000530229478,0.09963900476900261,-0.019652912183449542,0.7582534991426646,0.1057349398835398,-0.1378991757608222,0.6435175333488606,0.0564125618814127,-0.08961785936383569,0.6328673337533471,0.11712990658665126,-0.09968809869814996,0.8499784702680019,0.2248164546051963,1.3485985166880126,0.6723497418074071,0.22740673334758893,1.596638495510189,0.6248579054155325,0.2270538433115951,1.4699404313104907,0.5677325074895834,0.38575932831260035,1.2231304547964408,0.6887277973111234,0.4783266456401987,0.9662849450889763,0.6638025249433193,0.4700589161545614,0.7257865700590697,0.625070808373468,0.3934370856211433,0.6255835694760694,0.611352959017495,0.4136984633559405,0.6181285357422442,0.5916590311084547,0.4539817866552804,0.6165428511328501,0.6137898201227644,0.05811331203169543,1.2389645001371248,0.6765826061634892,-0.023726418506478043,0.9533288071956935,0.7448002259567548,-0.04147966527735769,0.7260359993539847,0.6935113351370261,-0.022418408248570335,0.6297508875311355,0.6928689230632564,-0.03875298463890157,0.6153963705437901,0.6890476437105064,-0.04890960551263642,0.6165363617109839,0.686972752991568,11.116666666666667
0.3180732731446685,0.7879228134509434,0.6905655676916781,0.32508062413794414,0.35273747216990803,0.7378404481081352,0.32702225922729244,-0.038164171083483384,0.7897892571871514,0.2801775920654426,-0.10431974793016774,0.6152692160447389,0.35311639166451675,-0.11242755371156007,0.6649845776618377,0.29058315647908883,-0.11966331325656512,0.8755480196571572,0.11196658479381312,0.7944679393256442,0.6712079850812462,0.08952902557041664,0.3787442839238559,0.7154172131138552,0.09953914636206797,-0.020447847882345424,0.7580124440553649,0.10587484011645418,-0.1376336573461522,0.6437759422615156,0.055754729579795034,-0.08945604493270314,0.6325988466370126,0.11736497071307034,-0.1001609764833761,0.8495043903108116,0.22330281516015016,1.348343477442437,0.6727020595224993,0.22747959691371278,1.595910084857956,0.6250858881346089,0.226973249684931,1.469927609302495,0.5676704578311321,0.3857386689326924,1.2230768832647585,0.6887933888320878,0.4779292060600543,0.9652381819841173,0.6633371294575668,0.4665459329341286,0.7260175743567245,0.624535784931991,0.3895057995126903,0.6277145609373822,0.6061523968825316,0.4089614140497938,0.6201617671793761,0.5876524076126491,0.4527220822803071,0.616471208861285,0.6144080694752593,0.05805633443297942,1.2388727162296809,0.6763582576918623,-0.02471826650827823,0.9513692551345709,0.7420253448019997,-0.039468964440329476,0.7261870117727851,0.6907791469866214,-0.02201760322819312,0.6295075192247788,0.6936022846978821,-0.03818993522918794,0.6154673746629984,0.6890073136490614,-0.047486425176788166,0.6173171813449251,0.6838876107003241,11.133333333333333
0.3181942014787223,0.7890709524130017,0.690690193479816,0.32514651666582295,0.3528995160323106,0.7373989735141665,0.3266953778910261,-0.037829816926668744,0.7895298356107361,0.28023245439159555,-0.10453251657244064,0.6155614964735371,0.352757049464915,-0.11244119265091589,0.6646529382951757,0.2906719963104917,-0.11936511530802997,0.8753242451533895,0.11172946558587395,0.7960042240678405,0.6707763551642861,0.0883612749482154,0.378863779516904,0.7170175867867278,0.09942418181049384,-0.021446194636608712,0.7581848318581061,0.10652614406299514,-0.136600161361223,0.6430884062763171,0.05490945524060174,-0.08941297419029819,0.6322730186175112,0.11751579086706854,-0.1007297462482952,0.849107082644449,0.222024539193438,1.3477674730081333,0.6732035112503125,0.2275101146200764,1.5953325100142903,0.6252279137139376,0.2266282971714153,1.4699076800347084,0.5675239742284472,0.38571962974583873,1.2230254905852598,0.6888501119126988,0.4764303495555802,0.9640598940069444,0.6620475293988288,0.46226305641308657,0.72596605810608,0.6232907342632446,0.38553547497795726,0.6279936522274792,0.6030101212079014,0.40418583267940367,0.62095733917177,0.5863776784935846,0.4512017402986629,0.6158867194771673,0.6166056537750877,0.05790051099889877,1.239015929818173,0.6752958055238043,-0.02497086620882167,0.9492832057465911,0.7406243136177545,-0.03771173664307001,0.7261288062756136,0.6880005891272251,-0.021787558770851756,0.6292610316254592,0.6935269487148262,-0.0374638724166151,0.6154701611465389,0.6880261603942424,-0.04608050936914695,0.6178987227445131,0.680944618654921,11.15
0.31838815730056047,0.7903693391332801,0.690755506732047,0.3251026382591063,0.3532751459603176,0.7368241008482386,0.3263672817894207,-0.037426856822151494,0.7892648816385209,0.2801614852940675,-0.10446747085615507,0.6153248835465086,0.3526203406506435,-0.11227543135173632,0.6644175322420698,0.29076151134078687,-0.11909702997118654,0.8751307357313276,0.11143974217413825,0.797399009524037,0.6708076405258108,0.08725814387787079,0.37918648115090786,0.7186181155448301,0.09929912193353688,-0.02254371659126793,0.758640464068099,0.10756315045309284,-0.13480806813663296,0.6410012330716991,0.05399981694566748,-0.0895389079158284,0.6319132955122372,0.11757811840300274,-0.10132605960827551,0.8488003579760686,0.22116222329193147,1.3467943124492208,0.6737296279981734,0.22742046319137954,1.5947262775253934,0.6249254342755202,0.22602886091953628,1.469878512996028,0.5672991001835676,0.38569933198164025,1.2229854441734567,0.6888999543232268,0.4738571613716198,0.9629170358976705,0.6600597116507129,0.45767152962065216,0.7254654615625411,0.6214029067627649,0.38111724593080853,0.6267700273690671,0.6010291936559746,0.39912028373373376,0.6206174346934001,0.5865487691971855,0.4489401671518597,0.6148509238354438,0.6194835753010676,0.057630858169884266,1.2393092235845427,0.6734054714073905,-0.024558902072192287,0.9474343369874529,0.7405558163703455,-0.0363047326674122,0.7258212284802429,0.6854328089884835,-0.021358318449863606,0.629248917820082,0.6915379295913724,-0.036653346588444886,0.6154336232700868,0.685755921042896,-0.04488132037652237,0.6180764892557712,0.6782280542886467,11.166666666666666
0.31864193707668076,0.7918091653876761,0.6907525580735431,0.3249524874048756,0.3538304561257502,0.7363433206553933,0.32603740239500684,-0.03697777163316959,0.7890103957490024,0.2798912248681859,-0.10389553506313312,0.6142193289228084,0.3526026336383947,-0.11200468844190642,0.664363410139894,0.29084584142930536,-0.11898449889998378,0.8749330850489475,0.11114524668708692,0.7984247855749276,0.6714477956617613,0.08629537279190395,0.379862861613951,0.7200603005311331,0.09914285831021469,-0.023640394877025878,0.7592039266929449,0.10888089205748289,-0.13230524920228878,0.6371657910415697,0.05313349385366114,-0.08988596955305826,0.6316057443672735,0.11753852514376795,-0.1019313605188982,0.8486228919552703,0.22075052876789208,1.3454765195214071,0.6740913195448514,0.22715927872629732,1.5940294158596056,0.6239234404163336,0.22526052630513319,1.4698408056497168,0.5670259845754029,0.3856761335574019,1.2229618727407603,0.6889445612981376,0.47017187863543364,0.9620461290774909,0.6574747526056484,0.45349008922499834,0.7246104515474517,0.6192089879529442,0.3763225088292138,0.6247735249756958,0.5995998636875313,0.3937056603812536,0.619433815730316,0.5868157255691242,0.4456288826262282,0.6134279743484123,0.6222598575240431,0.057288003033824975,1.239660553850514,0.670929300784166,-0.023433680639755775,0.9463026777785143,0.7409481288597999,-0.03525102232078545,0.7253693460598616,0.6832492487425375,-0.01998116329361371,0.6299689264927135,0.6862614217836471,-0.03575901662997251,0.6152914097860054,0.6821407669549858,-0.043878795267876414,0.6177941222652522,0.6754200420140009,11.183333333333334
0.31891846467724083,0.7933651227299768,0.6906303247709653,0.324725594691527,0.3545240196972052,0.7361318281371602,0.3257022409669836,-0.036589526856069685,0.7887682882676438,0.2794289745249305,-0.10277918199424838,0.6122569584572672,0.3526030319622031,-0.11163328005955528,0.6645625602704361,0.29092885237479604,-0.11910793089229063,0.8746968021557557,0.1109956114768637,0.7990105967476535,0.6727559641604027,0.08550680030591379,0.38085032374991784,0.7212997016451916,0.09891553617259087,-0.024653050093987314,0.7596493879416951,0.11049607739059863,-0.12961325060164983,0.632056355027765,0.05240932847319664,-0.0905185640640196,0.6314509857037021,0.11742422165854212,-0.1024900235936311,0.8484504637505088,0.22060065088881217,1.3440117155080664,0.6741267995127012,0.22673639136629245,1.5933787358005391,0.6222540570064427,0.2244331728620752,1.4697979206639014,0.5667385234911575,0.385650818608667,1.2229549215091629,0.6889814346916654,0.46545421702317147,0.9616125238420529,0.65433370579872,0.4502713038080092,0.7236656909544396,0.6169489335626384,0.37163583321100013,0.6225235471782224,0.5986294978858145,0.3880461802341077,0.6176774498989542,0.5865389616196135,0.4413370160202323,0.611705005463793,0.62438829006964,0.056935801001713374,1.2400071835041517,0.6681952674173475,-0.02171813014125744,0.9462262222176465,0.7408482649015431,-0.03467069893782522,0.7247970243811988,0.6818429374571727,-0.01695354805729987,0.6318052833133668,0.676879508923584,-0.034662425166731126,0.615004636901762,0.6769140934254525,-0.04294539441899177,0.6169443976289661,0.6724350763443624,11.2
0.31914814713618816,0.7949447407059933,0.6903450294237328,0.32447342587018113,0.35526804191149697,0.7362217463589904,0.32536188864603455,-0.03640840264049203,0.7885215769675675,0.2788431253870356,-0.10126257613715027,0.6097085150016966,0.35251864987518855,-0.11117947990280265,0.6650685260182477,0.291006582483857,-0.11947975122488866,0.8744214815978514,0.11102996440900222,0.7992687394907836,0.6747200826261216,0.08491526874097485,0.3819610470975878,0.7223800278143518,0.09857663494892006,-0.025535537173103223,0.7598063627698137,0.11234121216519685,-0.1274908529337054,0.6270605365675335,0.051941107105666885,-0.09143332719648127,0.6314555225441566,0.11727981583787565,-0.10293485994744087,0.8480933825509085,0.22040037412191105,1.3426909322228682,0.6738137648883272,0.22620635402563186,1.5929658652566083,0.6201578703280591,0.2236590457563053,1.4697544286028537,0.5664693327951269,0.3856237730634875,1.2229628840268822,0.6890057432465546,0.4599542747671403,0.9614637541959041,0.6508104447884545,0.447849858185645,0.7228354426377113,0.614497241472786,0.36758267531849753,0.6202016708153306,0.5981539296684442,0.3823423505520579,0.6154840737118278,0.5859964173518414,0.436218119927407,0.6097802511814966,0.6254301198320011,0.05663417583288874,1.2402938569582067,0.6655612447352149,-0.019779567039432577,0.9471321472140223,0.7398750608204846,-0.03458698119377637,0.7240541128434373,0.6812834277485786,-0.011964343958560561,0.6346425740945635,0.6638982998772581,-0.03291518060097991,0.6146719769564999,0.6692544667378882,-0.04215716613155064,0.61510000274441,0.6699038401724338,11.216666666666669
0.3192582976465404,0.7963501905128251,0.6898838644815742,0.3242385023676786,0.35595906839212305,0.7365352156330814,0.3250270799805292,-0.03649928780069181,0.788260224700013,0.27822947719694474,-0.09964365027605018,0.6069289016990839,0.3523255839402655,-0.11071791058630821,0.6658078283406839,0.29106779149676204,-0.12004078646084122,0.8741445957207116,0.1110790722935852,0.7993479256968345,0.6771591030257822,0.08456829026512701,0.3830349158384032,0.7233430945983829,0.09811173062073324,-0.026295170986816052,0.759676935355425,0.11411588825114438,-0.12632407532056233,0.6233374699712497,0.05184933187243693,-0.09250061831133057,0.6315255527306112,0.11712707191559803,-0.10323764348432563,0.8474671179890341,0.21993429393542238,1.341793856885674,0.673253876789539,0.22564094851540228,1.5928604632918621,0.6179408424797888,0.22304687950189053,1.4697159035423564,0.5662526751991257,0.3855924221071755,1.2229853309399785,0.6890154443118554,0.45397003731024055,0.9610694166450876,0.6475854787620754,0.445241941476306,0.7220901759294732,0.6116043057156328,0.3644098934442215,0.6178684111229388,0.5981180079633927,0.37695516954843855,0.6128980624215005,0.586073125364146,0.43016634795174974,0.6077838968816588,0.6251766924921963,0.05643010885129647,1.2404679861701153,0.6633997120011751,-0.018035036324914423,0.9485950407311202,0.7380720768644464,-0.034356536439741514,0.7233098413619958,0.6803532611907129,-0.0050237489298040495,0.6379904945759137,0.648826061218397,-0.02967665996406979,0.6144950194068703,0.6583332569116513,-0.04173866220760561,0.6117959359623983,0.6684591922504787,11.233333333333333
0.3192251078732941,0.7973479365468954,0.6892512874187307,0.3240200452603124,0.35652879361733053,0.7369793417965035,0.3247189481542069,-0.03677796400199447,0.7880076921761765,0.2776820484145288,-0.09830907280179269,0.6042613244566484,0.3521512177800319,-0.11020871809672166,0.6664058024689855,0.2911179085102954,-0.12066315881760264,0.8739140256778744,0.11091174839391024,0.7992704770547433,0.6796969315224172,0.0845013046843991,0.38402585261271427,0.7241659270194801,0.0975277827139596,-0.026964139711226354,0.7593806598809727,0.11543608503802978,-0.1259815228012037,0.6209569503957202,0.05216632708695691,-0.09352428418293615,0.6315717694232333,0.11696688616199152,-0.10336224649989542,0.8465907486692512,0.21921409892137078,1.3415022382096822,0.672545817109433,0.22511523741669792,1.5929758790518018,0.6159100646362857,0.22268100208485403,1.4696882533811049,0.5661176018294034,0.38555417329524044,1.223022074957714,0.6890103384971777,0.4477329898132336,0.9597888463510673,0.6458120787765749,0.44124796489678486,0.7212464767885415,0.6083798222966127,0.3619863119067321,0.6156294113519941,0.5982779754817606,0.37238616784366485,0.6100102111435936,0.5876088769044951,0.4229296418813528,0.6057953813352294,0.6239231558458959,0.05634944432200412,1.2404989065707528,0.6620264379261762,-0.016747102002677924,0.9501199226867432,0.7355089934096424,-0.03260262208524523,0.7230981386909208,0.6767827626063787,0.003750631364032855,0.6414182711979854,0.6330870004398252,-0.02402535107364659,0.614604948522064,0.644216275198177,-0.04135465533195242,0.6073364642406007,0.6672883544189406,11.25
0.31909046810110925,0.7977487273393595,0.6884438070944896,0.3237826029724951,0.3569357866199307,0.7375236206746075,0.32446134322246023,-0.037065714459193544,0.7878103856045819,0.2772777909515438,-0.09759755100917471,0.6020626097132905,0.3522182896976508,-0.10942519004314433,0.6662395423475261,0.2911885678760251,-0.12119740938637567,0.8737554793409557,0.11035771936292285,0.7988768358851951,0.6819940897953451,0.08469065779609097,0.38489527540239976,0.724751343514822,0.09683996997947475,-0.02755241176997711,0.7590191601085432,0.1161498380712645,-0.12618892902639064,0.619585904152247,0.05274095279837327,-0.09434481551071919,0.631587445910208,0.11679508298854584,-0.10323761714611959,0.8455197813205024,0.21841238424742482,1.3418659144540803,0.6717093534623106,0.22470075899674252,1.5931599392514701,0.6143508082054487,0.22257138628259113,1.4696745874024584,0.5660659962818999,0.3855096590569731,1.2230706980441264,0.6889855827618497,0.44143791471162186,0.957238096193793,0.6463532742483945,0.43505439395880097,0.7201326759021861,0.6052556240778663,0.3597671685857701,0.6137367470537493,0.5978715394151723,0.3688769253966442,0.6071211291633345,0.5906356807960809,0.41450020521357434,0.6037821672162836,0.6222444432590941,0.056374373179360976,1.240404720594474,0.6615363092750858,-0.015869641175090866,0.9512640176021524,0.7323016359835424,-0.027959865048656857,0.7240047629173242,0.6689258113800863,0.014225706616785967,0.6448859013325734,0.617063884393753,-0.015281099714217473,0.6150564022849683,0.6274525951457421,-0.03970104075077537,0.6029386745095431,0.663954469344693,11.266666666666667
0.3189192096130525,0.7974289865656079,0.6874628687810891,0.3234985790492697,0.35716809920800585,0.7382059068852765,0.324268740404566,-0.037219012598235124,0.7877002749458659,0.27709363683932553,-0.09769918824743333,0.6007996837761903,0.35269215635588036,-0.10816032166588412,0.6648244760015902,0.29129982355376466,-0.12154447327844012,0.8736612168069201,0.10932064342493497,0.7979513647034724,0.6839892832682802,0.08506801240390324,0.385517805769589,0.72499812293721,0.09608904529105128,-0.028032677463499134,0.7586454797346647,0.11650744157567061,-0.12678845799066177,0.6192232646956175,0.05331857491535735,-0.0949056750012551,0.6316249358818263,0.11661009285433174,-0.1028143357055549,0.8443112460791788,0.2176983861063788,1.3427418311223989,0.6708078138030654,0.2244507275151132,1.5933019821295895,0.613470670442949,0.22262385510564772,1.4696724922969353,0.5660618628948801,0.38546176172204205,1.2231267090554157,0.6889330946429449,0.435380215550636,0.95347895357754,0.6491407748039233,0.42632750604789343,0.7185982983818009,0.6026399687692245,0.35682360082443215,0.6125631393303583,0.5955451828786127,0.36593073796312364,0.6048269739939472,0.5938054747356816,0.405389907408069,0.6017598020756358,0.6204329483993998,0.056432826458026664,1.2402488005023578,0.6616911425506768,-0.01501899345746226,0.9515719511326786,0.7288384850847861,-0.019886469730189968,0.7261717946148549,0.6570515403257663,0.026249636038593663,0.6486506050943817,0.6003499400208693,-0.0032001407915317297,0.6160340376042138,0.6080160332792522,-0.03522492271138633,0.5997284830045356,0.6562381488941025,11.283333333333331
0.31874664477177855,0.796388169985936,0.686349873747409,0.3231703711790049,0.3572618117894384,0.7390744470401435,0.3241437896824305,-0.03722255610062372,0.7876732817970763,0.277192169299169,-0.09858450769310241,0.6008924119898902,0.3535628096490153,-0.10642843451612788,0.6621857418377682,0.29142127788215716,-0.1216883457066899,0.8736110573274569,0.10782073592693012,0.7964152239250709,0.6858269588098761,0.08553508037312203,0.3857751688971341,0.7249138595010309,0.09534693442415813,-0.028359080523921165,0.7583014302430199,0.11683651177625262,-0.12762204887592193,0.6199350422284033,0.05374226294860063,-0.09525180914377783,0.6317125329348258,0.11641442391189967,-0.10210586599434168,0.8430139537586233,0.21711814277661595,1.343753055433485,0.6701701300080121,0.2243689080310182,1.5933728923236865,0.6132742256963815,0.222704091812118,1.469675928514228,0.566058613682707,0.38541655759387583,1.2231837059786452,0.68886010829603,0.42996329284164314,0.9489684091457237,0.6533539003296864,0.41527894097076734,0.7165086798253057,0.6008826258288198,0.3521684202125239,0.612350812848188,0.5899900044878907,0.3624530124134083,0.6037628664483987,0.5947189717611276,0.3964845633940999,0.5999615833171907,0.6183320304918191,0.05643896424656718,1.240093168063648,0.6620903864323928,-0.013691722471558402,0.9506774097268114,0.7257211234744264,-0.008874360294027347,0.7292522785729678,0.6429002046198721,0.03975757244781949,0.6527631554526796,0.5832688343820556,0.011847016165682922,0.6178941632940451,0.5857690339983376,-0.02707076892827253,0.5980342645604496,0.6436310518542276,11.3
0.3185679863881572,0.794785979171815,0.6851744213449685,0.3228194906458232,0.3572825082223936,0.740130899727485,0.32408910788465123,-0.03715969916735526,0.7877018668250697,0.27755114370746004,-0.09994957744787504,0.6023119562515918,0.35462490771253086,-0.10450552392201817,0.6589496733971273,0.29149527726776325,-0.12166100049403986,0.8735950188625026,0.1060009633040798,0.7943285994329712,0.6876193957447903,0.08596078747213745,0.38567839243668534,0.7246475974360167,0.09468339448078128,-0.02849494267418562,0.7580091755511694,0.11704328317561846,-0.12838920061101153,0.6214634344060961,0.0540285440487726,-0.09546330423450322,0.6318107018881084,0.11621278904182537,-0.10115648800179708,0.8416720409807327,0.21659967240838032,1.3444253019903913,0.670322416338756,0.22439181333751754,1.5934218247753287,0.6134914856594226,0.22273969318991016,1.46968264976097,0.5660360681128402,0.38538866290012663,1.2232309304138267,0.6888169752160223,0.42540345021106624,0.9443522498117067,0.6579664455237395,0.4027896338724536,0.7139187211668321,0.6001904341336126,0.3452345918622636,0.6128894504573882,0.5810643432017192,0.3575083593394648,0.6040680515266309,0.5913567208525898,0.38830750330096775,0.5987416941727669,0.6157682703455791,0.05635532953700674,1.2399661871801122,0.6624764027504049,-0.011540991062840802,0.9486164885476657,0.7232696230230564,0.004035821581613391,0.7329706639336548,0.6280184142652034,0.05494623455081554,0.6569441322028853,0.5673542941292915,0.029047075589361405,0.6209855612160299,0.561764920214401,-0.015033545092340471,0.5978706725908682,0.6268481005286572,11.316666666666666
0.31836448500449843,0.7928634645679835,0.6839869640692183,0.3224643669922166,0.357299783132039,0.7413251070927034,0.3241085542311936,-0.03710503303850801,0.7877610723230848,0.27806102905557467,-0.10135452131585938,0.6045666837117918,0.3555651089662991,-0.10284938927021102,0.6560951809178148,0.29148190968539595,-0.12149065192435198,0.873611747507475,0.10403414705613107,0.7917766600265437,0.6893859992451352,0.08624506948356038,0.3853499478383037,0.7243673355808431,0.09413769812701049,-0.028409337093529996,0.7577381075028073,0.11672630408253748,-0.1288260649366376,0.6233096015388947,0.054227249708315606,-0.09557715966969237,0.6318747623582679,0.11600750843222182,-0.09998537443411168,0.8403263874785154,0.21604381309901824,1.344410513837991,0.6715830641989284,0.22443085063852802,1.593523826786852,0.6137502190900841,0.2227342990409223,1.4697026585098198,0.5660026236564643,0.385399991654905,1.223249874899391,0.6889004871566846,0.4215269296096662,0.9402548524907854,0.6621215481121987,0.38997790839420593,0.711304282691427,0.5999997396347342,0.3359367391863413,0.613462718109739,0.5704505036393573,0.3506502065765742,0.6051244546297208,0.5833370975141478,0.3801929856478309,0.5981717857340367,0.6131254533045198,0.05620516080310316,1.2398839849529815,0.6627968286993935,-0.008490217314469261,0.9459343962673078,0.7210271657656646,0.01798707049126569,0.7374818338265916,0.612721793531029,0.07216273509102333,0.6611894978515709,0.5536580479188944,0.04776599904646231,0.6255992016730167,0.5382058146396091,0.0010582956739790582,0.5994839900642479,0.6072352511188595,11.333333333333334
0.3181247852931446,0.790843177161002,0.6827992815882931,0.32209755506334997,0.3573706242834737,0.742611420514426,0.324186361590069,-0.037078962046662306,0.7878368578571836,0.2786114844762166,-0.10248951577594666,0.6071315409777374,0.3561166951257355,-0.10191601928720458,0.6544782069017436,0.2913650709748286,-0.12118997536905893,0.8736565838313587,0.1020569905262753,0.7888649841962663,0.6910998364765621,0.08639000238948431,0.3849274264996234,0.7241237658504869,0.0937190410398585,-0.028040510758325615,0.7574276038540996,0.11572990591286753,-0.12906282921920514,0.6252373296142261,0.054276831915544096,-0.09556574854597535,0.6319230149610774,0.11579046285717039,-0.09857196543441224,0.8390101853155177,0.2153831540450265,1.3436019988922208,0.6738531736852924,0.22444097769481397,1.5936559910690926,0.613846862500167,0.22271251360030495,1.4697565934061423,0.5659739880510274,0.38545190855912814,1.2232226874215548,0.6891563008848879,0.41804063858963403,0.9371367337333706,0.6652363845761775,0.3774635720529329,0.7095549248081361,0.5985205480569278,0.3241148156869639,0.6134709434834644,0.5607475076997376,0.34130767341635077,0.6059607984303222,0.571977806899266,0.370404396659165,0.5977124242608689,0.6114066247816359,0.056036085470882166,1.239872616043371,0.663062184018093,-0.004802719766426511,0.9433767032916237,0.7179517786404731,0.03255399457647053,0.7428906402362883,0.5970383241376885,0.09157547736399169,0.6661384011439105,0.5415258894119634,0.06795721454040303,0.6321094188582042,0.5171183927344147,0.0215405750396397,0.6032264960337281,0.5868948367182829,11.35
0.3178445039766966,0.7888989201899391,0.6816122026903941,0.32168281917830327,0.3575053999297244,0.7440192029501838,0.3242771053300953,-0.037090127454912775,0.7879226440229926,0.2791375913595935,-0.10325752270025537,0.6096782190720761,0.3561496123195437,-0.10198634916601557,0.6545302925213532,0.29113280244127415,-0.1207747233550554,0.8737179628306342,0.10015876451990474,0.785731553870355,0.6926785657663913,0.08646001452982106,0.38446417739180894,0.723879541199188,0.09341875924666065,-0.027324920455014112,0.7570552299842442,0.11425790204283404,-0.12962088262813204,0.6276454301526982,0.05406473032189519,-0.09536949228689724,0.6319795746702052,0.11553748118885748,-0.09690798145751234,0.8377603185965176,0.21460570432468543,1.3421412021388202,0.6768127722947344,0.22443248689645193,1.5936433903788825,0.613798402233756,0.2226870964453288,1.4698460118040773,0.5659602730118549,0.385483708031437,1.2231621447217775,0.6894032748107921,0.4148597285855158,0.9351630175408672,0.6669554291764965,0.3652369551702749,0.7095677304394905,0.5934631605223104,0.3092346992080319,0.613482744709543,0.5534670198072057,0.3283389638384156,0.6062879689824404,0.559432561084891,0.3572220419879658,0.5967692022537834,0.6111378547631818,0.05588809855741947,1.2399321221670214,0.6632702421514709,-0.0011708976720762607,0.9415724681132063,0.7131028570700019,0.04750551366247133,0.7487089727519336,0.5821122359955438,0.11309358661653385,0.6725912871351036,0.5296670230919659,0.0900227569315862,0.6409128548262961,0.4993586701038366,0.046524778393887925,0.6092635824706464,0.5679148351244921,11.366666666666667
0.3175140634066272,0.7871268176219849,0.6804555646227737,0.32119657093937276,0.357632226906396,0.7456384603718507,0.3243350197413301,-0.037147719883773064,0.788025476538983,0.2796020363753705,-0.10369303477590013,0.6119771569200774,0.3556613166230003,-0.10309133589051987,0.6562586410158376,0.2907759510084706,-0.12028155498527385,0.873785398121309,0.09837277643664602,0.7824656817676798,0.693994804448254,0.08650954656656734,0.3838769266118724,0.7236122603338762,0.09322116186379863,-0.026327381361433033,0.7566693858142163,0.11251854973810446,-0.13090256154144095,0.6310678256769062,0.05360571749209972,-0.09493049543202481,0.6319962950702582,0.11521972459605632,-0.09507159042124318,0.8366295403031051,0.2137658415531926,1.3403369460864958,0.6800719746435748,0.22443085464065937,1.5932817892071334,0.613707373175006,0.22265886063466672,1.469909540897175,0.5659645105177429,0.38538704648815986,1.2231214745972376,0.6892480967867336,0.4120837363582681,0.9342127198493412,0.6671623855043538,0.35306232057563,0.7117886267434083,0.5835181391972091,0.29116423077277803,0.6153925902811324,0.5481455752881833,0.3107713823571705,0.6073540721401947,0.5475051479244555,0.33969883398212847,0.5958503955612631,0.6108375935046657,0.0557833746111399,1.2399747949800404,0.66343188766624,0.001457417141806081,0.9409438589911724,0.7059558641486806,0.06272952789950217,0.7541841774309483,0.5696568256377774,0.1363998233029437,0.6808321995756947,0.5178419445199343,0.11432885972270916,0.6519749399574066,0.4849901705118649,0.07515925532616158,0.6173163749564898,0.5514306215291024,11.383333333333333
0.3171126560262595,0.7855091385434887,0.6793865662847399,0.3206759070948015,0.357638229833264,0.7474645630395476,0.32434778308625056,-0.037223340592671794,0.7881539733092048,0.2799730719632164,-0.10390652444716186,0.6137921351357274,0.35477583920218236,-0.10497036897753703,0.6592479171266815,0.29031903814339827,-0.11976768283321118,0.8738564509415245,0.09671278129528597,0.7790976433902017,0.6949013949807068,0.08657304190946648,0.38303498514130085,0.7233318107430455,0.09310962962871859,-0.025297400480882123,0.7563460174148003,0.11060850026871266,-0.13280610360832157,0.6353231151521308,0.053122897146549344,-0.09423186100197546,0.6319170130442553,0.11484145865664618,-0.0932010202665416,0.8356143718642245,0.2129407761549565,1.338526075062554,0.6830430982722406,0.22444753329565129,1.5924944522782047,0.6136559373515527,0.22262416488479617,1.469836926265666,0.5659849901640743,0.385086303349788,1.2231479117689308,0.6883812331498615,0.40980379618332596,0.9341392305666228,0.6660209881553578,0.34076345054012747,0.7162197399090312,0.5692728239527137,0.2709905568691339,0.6211170431011761,0.5435294869043715,0.2889517046373793,0.6112964973424477,0.5371270012461411,0.31772186418562787,0.5966212098770963,0.6075344614807713,0.05572571477175943,1.2398431965879018,0.6635904584913024,0.0024654225152810883,0.9416257453939741,0.6962109742086997,0.07836317680239714,0.7589849094920442,0.5603142451941246,0.16065612093650294,0.6903655440461403,0.5073944119498666,0.14046042920177038,0.6643829476424356,0.4746939177047653,0.10534822587174264,0.6266763610668933,0.5378103493479868,11.4
0.31663498573146476,0.7839664210784555,0.6784556338604945,0.32019309129891005,0.35750242633404605,0.7492434370930356,0.32432852672709284,-0.03724756343909072,0.7882873783250064,0.2802127632791796,-0.10401947575884687,0.6148972127823029,0.3537528885496012,-0.10708555798417924,0.6626503948444236,0.289832106295962,-0.11928730187076113,0.8739320850239548,0.0952370353546325,0.7756860839169302,0.6952934203377168,0.08666465034685397,0.3819180414092946,0.7230442519012276,0.09307172978073663,-0.02450875944562693,0.7561225352675112,0.10867054582521114,-0.13493121311686168,0.6396585005967345,0.052892360569918695,-0.09333845919155315,0.6317955648895934,0.11447762714824851,-0.09139617869899516,0.834570494775248,0.21218850284603663,1.3369746960226694,0.6849436095701795,0.22447962933731702,1.5913591707278103,0.6136796555114146,0.22258132472195158,1.4695514982964935,0.5660183133247545,0.384587867138589,1.2232390100334278,0.6867943040122778,0.40799326078013975,0.9349629690416899,0.6639109423261714,0.3283365841871298,0.7227871523029736,0.5529257147998966,0.25062350397996325,0.6312887301095923,0.5387987017467624,0.2647776819580012,0.6194057118660762,0.5288669232088086,0.292204770242193,0.6005915938073089,0.5993323750750015,0.05570095268856026,1.2394176027123858,0.6637969189867579,0.00212025423274197,0.9434321881836041,0.6837108733674704,0.09459904162122415,0.7633002263542986,0.5534809623882853,0.18432049176709872,0.7001737925209749,0.500203676789708,0.16688906866532505,0.6765066994636553,0.47006037990292077,0.13458875843197454,0.6367143207942279,0.5268313974277442,11.416666666666666
0.3161181908371067,0.7824720213562433,0.67769562283582,0.31978169603212087,0.3573520345645693,0.7505667601642231,0.32428791990602035,-0.0371458252436211,0.7883805686536765,0.28029497008796717,-0.10408900041663349,0.6152271341095049,0.35289588949914535,-0.10883350904890095,0.6654840538315703,0.28939060885326656,-0.11886479257894547,0.8740104522773361,0.09402186559881379,0.7723211762362769,0.6952602957877785,0.08675647231195951,0.38063305982057016,0.7227421373068771,0.09310545251650423,-0.02406136053669522,0.7559909617570072,0.10689591358574803,-0.13692152102638072,0.6435319568633976,0.05299257766841782,-0.09239079308554639,0.6317758134179208,0.11425363314822845,-0.08974221585763695,0.8333324049568646,0.21155606810635635,1.335841351148776,0.6851764473029821,0.2245239549391227,1.5900386253814456,0.6137673665137509,0.22253328432107689,1.4690586933818361,0.5660613472275646,0.38395603336105033,1.2233741053170606,0.6847038820969743,0.40653153756085836,0.9367412432298217,0.6613641794698075,0.3160155931808124,0.7314591553847463,0.5372488350898815,0.23188810190761028,0.6451803393033457,0.5333962043708347,0.24088532806300153,0.631379638532852,0.5231185182219716,0.26538783171408015,0.6081782903900859,0.5867770312670645,0.055685139696714805,1.2386818657427554,0.6640764706763114,0.0015196406022561421,0.9459918731626418,0.6687632314933745,0.11111949249789249,0.7673597793638247,0.5486549932109811,0.20557163623563957,0.709388309631786,0.4967911248230098,0.19159154590666133,0.6868024940398599,0.47167894906760244,0.16083925358927736,0.6470028385391156,0.517947409980513,11.433333333333334
0.3156158724868345,0.7811104113172216,0.6771295426202386,0.319429970401304,0.35735482342490005,0.7511633260155486,0.32422710481349615,-0.03687492663045648,0.7884000507509886,0.28025198982624955,-0.10413059752843287,0.6150324768147154,0.3523919469613157,-0.1098606909719667,0.6671418911096916,0.28903890929841985,-0.11849273538122235,0.8740897549032443,0.09308506347997857,0.7690863674668701,0.6950622808728442,0.0867921923945191,0.3792869790436767,0.7224142085690531,0.09322168029263239,-0.023887532913502166,0.755940054067792,0.10547008664026339,-0.13848324666568307,0.6467056944416335,0.053306146366309565,-0.09155554105945843,0.6319651455873229,0.11427288666035063,-0.08837487192745964,0.8319228681916202,0.21105810002482384,1.3351789500064792,0.6837197815763031,0.22459218567553146,1.5887213426712599,0.6138545967560253,0.2224861848708393,1.4684167441993448,0.566109288533173,0.3832743174511628,1.2235873200402785,0.6823831258739153,0.4052587423232815,0.9393827508933285,0.6589939461341859,0.3043046439442538,0.7418893938272235,0.5247218039539939,0.21615586061672942,0.6612533773650315,0.5267338811647635,0.21964308353470824,0.6459604611309202,0.519493978156748,0.24053165595848675,0.6188755532347607,0.5719493793488827,0.05566805783359696,1.237719493796461,0.6644054004955239,0.0019746597523104255,0.9489485929784744,0.6524121936958449,0.12678342240443063,0.7710511184754321,0.5462219502245605,0.2229635265724487,0.7176147290757756,0.4959736922019733,0.21271279277876065,0.6944399545488963,0.4778839912291981,0.1824916055916037,0.6568068012276955,0.5111868373363632,11.45
0.31515437191047574,0.7800258351792105,0.6767558340962856,0.31913825234812,0.35761866715370483,0.7510276658897329,0.3241487750489043,-0.036455378106247355,0.7883462898387251,0.2801664577654912,-0.10416240317794995,0.6147389028361189,0.3522202617728959,-0.11019048523768159,0.6676682692213922,0.2887878344692518,-0.11814646832355688,0.8741709857029392,0.09237807193093009,0.7660810173903508,0.6948805838851719,0.08673986348079633,0.3778938575709551,0.7220511087843401,0.0934385513696736,-0.023891423223372205,0.7559760558261392,0.10453885806564894,-0.139392792018407,0.6489778131209514,0.053742964449669084,-0.09097069952402881,0.6323678098174178,0.11455377898050331,-0.0874186872628804,0.8305743741810269,0.21063113255013888,1.334932336555146,0.6811461246113599,0.22471022093944618,1.5875987793013262,0.6138355168977884,0.22244586084634088,1.4676965503771864,0.5661525865873946,0.3826313333212864,1.2239685427367806,0.6801000219091365,0.4039551477875985,0.9426603366379954,0.6572272814498523,0.29402114577328997,0.7531330343293263,0.5170528303567106,0.20443592461673882,0.6774320733126213,0.5187677220766412,0.20274082911564983,0.6615092188752012,0.5169012792598873,0.22076568615426317,0.6317087688737245,0.5570562903103254,0.05567548607431636,1.2367189574493316,0.6646970369138279,0.004326223886415082,0.9521169666347562,0.636218199856203,0.14003122571093896,0.7741305826082419,0.5465949939343295,0.2358954683993654,0.7244790511211441,0.4966883803843686,0.2287663921451345,0.6992276420210405,0.4862008290264386,0.19833679737278337,0.6651186604535169,0.5071537179987586,11.466666666666669
0.31471876157246004,0.7793335290779686,0.6765236905604592,0.3189351764220528,0.3581769594197085,0.7502813657009777,0.32406397084308797,-0.03596901362471838,0.7882484190507282,0.2800987454329512,-0.1041823364486679,0.6146053283748231,0.35217791477703897,-0.1100889146873658,0.6676338361758539,0.2886216302914085,-0.11779722009280327,0.8742541586917285,0.09182006839981295,0.7634193749930414,0.6947706280293282,0.08661219044702904,0.37641431472510684,0.7216528336750161,0.09377129084338749,-0.024025000379391218,0.7561117520840719,0.10405572039512334,-0.1396895851860953,0.6502315189477368,0.054312049631470107,-0.0907070332358825,0.632913119281181,0.11501976880775458,-0.08693559105335534,0.8295946915007034,0.2101793893182004,1.3349304083838203,0.6782370610880266,0.22487533818067462,1.586836459791259,0.6136742881067203,0.2224153073855008,1.4669899746774462,0.5661825288690177,0.3821156074384515,1.2245721748585288,0.6781404897372272,0.4023498721005556,0.9462487853376059,0.6561336758128746,0.286034981919527,0.7639393959400764,0.5146665503064103,0.1973846705140278,0.6912233885560854,0.5107320813186312,0.19129219192101427,0.6760045148812153,0.5146521780535633,0.2076447128158251,0.6453474363988331,0.5438026154442098,0.05575796578099835,1.2359409436140076,0.6648260899948821,0.008621180550555697,0.9554682421908759,0.6217212335478304,0.14974598070084344,0.7767136932357365,0.548820053861967,0.2446117685697715,0.7293676708015546,0.4989124797416511,0.23899871401514594,0.7013496995075514,0.4950124357651443,0.20807085099027603,0.6713218025851698,0.5061296719359152,11.483333333333333
0.31428001310976467,0.7791025871074219,0.6763458563134873,0.31883560977218794,0.35897503173239587,0.7490256412432001,0.32398609032443576,-0.035502993480945474,0.7881389817233221,0.28005728628171034,-0.10416995530889417,0.6146308622957725,0.3520556995047744,-0.10980360337058583,0.6676199921198421,0.2885152221704896,-0.11744463415392502,0.8743358136156559,0.09135718600969231,0.7611987193128882,0.6948121529137375,0.08644593845983953,0.37488149293896195,0.7212293778486393,0.0942257766803967,-0.02425221919315726,0.7563479203083643,0.10377374349287188,-0.13969787725010716,0.6505572124931109,0.05497578561663846,-0.0907567171806797,0.6335066890824731,0.11556384005496828,-0.08690772085008072,0.8291709869158885,0.20968007482322681,1.3349724584036091,0.675540838483109,0.2249932849850254,1.5865046900271433,0.6135797747580058,0.22239530034447627,1.4664457528991637,0.5662013537975026,0.38179465694056663,1.2253530276842752,0.676778822506265,0.4003134506078292,0.9496921027622869,0.6556595715922003,0.28061726853479957,0.7732966306403736,0.5163119753093339,0.19485997107046832,0.7003357788391156,0.5048402255459904,0.18560301682293062,0.6871917025954075,0.5130942128644934,0.20051749110529377,0.6579461605353715,0.5336989603855322,0.05592397792437924,1.2355921757679162,0.6647438701676106,0.014263058676233918,0.9589325438791292,0.6099198415682876,0.1558550578853511,0.7792276131539232,0.5506776222620994,0.24974827417990092,0.7319754003085889,0.5023699070757531,0.24385325637186256,0.7013913732099721,0.50335075692355,0.21260322866052422,0.6754333513848552,0.5079805240984748,11.5
0.31385293379082174,0.7793941122275803,0.6761604621960402,0.3188148417260023,0.35988683214685147,0.747343489645363,0.3239224558674587,-0.035102695484701726,0.7880340762162761,0.2800321273449877,-0.1041315468154446,0.6147172750675595,0.3518655814170423,-0.10935073060162885,0.667636536537348,0.28844712199409306,-0.117165464667772,0.8744049722234973,0.09103438118515479,0.7594991326677745,0.695070040678063,0.0862938974252232,0.3734838749462975,0.7207954220015884,0.09479037738062741,-0.024483055344130727,0.7566525835545133,0.10351388768910974,-0.1398114571193321,0.6503749475280829,0.055573745500716996,-0.09102860796509563,0.6340361227089266,0.11612408642479413,-0.08715566602015623,0.8292114412425656,0.20921516023117223,1.334955928748833,0.67336676379321,0.22490149583354188,1.5865129191563836,0.6139663569992861,0.22238608577740923,1.4662389565372296,0.5662218576275486,0.38167441442376504,1.2261843955173546,0.6761263182902006,0.39803985268324665,0.9524740851255209,0.6558259268132294,0.27725253193617655,0.7806405560852495,0.5195513533673584,0.1954377110158738,0.7038802885219573,0.5026652937090459,0.18460148533403758,0.6934062609117297,0.5130746214278392,0.19738305436652576,0.6673771648096667,0.5284206376723999,0.05606303283560897,1.235712850226422,0.664626554890525,0.020361074737869737,0.9623016294687129,0.6010220634655976,0.15921769498647964,0.7818256328823967,0.550528641803755,0.2521159589416062,0.7328275758296638,0.5055638401240552,0.24488470838500878,0.700388894354755,0.5101118309989996,0.21372889624756794,0.6779117853248187,0.5121662409272946,11.516666666666667
0.31351683518013795,0.7802621800928419,0.6759655953258626,0.31883768715032945,0.36079683584016176,0.745364604905881,0.32387378624735486,-0.03477624393428051,0.78793477915719,0.280021365962718,-0.10409806861901784,0.6147881580095216,0.3518269780890104,-0.10851302164532933,0.6671393351400996,0.2883893306778699,-0.11710832939089844,0.8744395125563453,0.09097829313403996,0.7583678322495313,0.6954724338203615,0.08623238310998974,0.37250002499374935,0.7203782167555963,0.09542638323232644,-0.02457963302953789,0.7569554108051678,0.10329753221512333,-0.14030839448091156,0.6503667329192587,0.055942115534540295,-0.09133327318141496,0.6343409998012153,0.11667775741017808,-0.08737758306270142,0.829460291610108,0.2089240992873435,1.3348829502622206,0.6720887157720357,0.22449118531211237,1.5866521798912738,0.6151426479995918,0.22238695035291836,1.4664501848401172,0.5662576674428801,0.3816826869971389,1.2269135933724586,0.6760051545533723,0.3959501707164249,0.9542296059874039,0.6566059993610693,0.27533703704641027,0.7857235645951459,0.522199593624291,0.19694567744599584,0.7031525408101525,0.5036663932412437,0.18611274485664187,0.6947429568864062,0.5148765009638117,0.19640246103555334,0.6723839410943925,0.5286726018315026,0.05597895929651124,1.2361822757945864,0.6648372316414329,0.02594138033519313,0.965368755869419,0.5946322338918553,0.1610416705796292,0.7842027409365387,0.548486639965104,0.25284342092741235,0.733006183055213,0.50665498996142,0.24412689734287707,0.6994658322417697,0.51422759810594,0.21341458060120494,0.6794218073208841,0.5170673333408402,11.533333333333331
0.3133661560318409,0.7816891394413578,0.6757804013555921,0.318896585844035,0.3616467318101672,0.7432888496348337,0.32383856970282887,-0.034518887443448276,0.7878376027332649,0.28002950555304096,-0.10408218416152949,0.6148067177195824,0.3521219031964499,-0.10704913300520616,0.6656226231159786,0.28831678392103943,-0.11739641707194001,0.8744118692100978,0.09130327972057534,0.7577568579233718,0.6958695279957647,0.08633755281353546,0.37211588400425344,0.7200254204843253,0.09607873004216197,-0.024440079800832196,0.7571829042180139,0.1032136157184758,-0.14123395405217734,0.6509624912035405,0.056058194181794224,-0.09145538917772786,0.63425202988582,0.11718956646444566,-0.08737921342385119,0.8297949882724834,0.20892087431533002,1.3348053399646898,0.6720942381927908,0.22377927238278683,1.5867375886216182,0.6171019430569716,0.2223952890151512,1.4669920601607866,0.5663156448136637,0.381725130308014,1.2274325341800538,0.6760777131214736,0.3944561023598285,0.9549337771768296,0.6577969571563892,0.2747099544025843,0.7885512781454158,0.5234273948531687,0.19788315155751288,0.7008139119750257,0.5057171187502613,0.18809385896530395,0.6932870073751071,0.5175394678280767,0.1965222254076885,0.6736159635595903,0.5324765271518204,0.05553459635547653,1.2368237208580894,0.6656752259547531,0.03012686445384195,0.9679896384189188,0.5901302742929707,0.16236278814369476,0.7860617761388555,0.5455115745443917,0.25311379577097437,0.7333483537196257,0.5050920398628005,0.2432767953263689,0.6992069372919497,0.5155198260307863,0.2129999278227018,0.6803206702478097,0.5207023935645763,11.55
0.31329576012271,0.7837576156448137,0.6755356152380547,0.3190137883803096,0.36265272225244083,0.740919346194123,0.3237874391435401,-0.034099629276935314,0.7876564252945751,0.2800586030143217,-0.10406817530230142,0.6147636259012401,0.35275783434449115,-0.1049190606631554,0.6630314095960966,0.28840625259516556,-0.11792332919676779,0.8743042950805424,0.09231954906061243,0.757469066794928,0.6962965295611014,0.08656193720774542,0.37217610770235043,0.7199019306277623,0.09657862829257187,-0.024222928870196822,0.7572559795503183,0.10333050692670909,-0.14236822183860381,0.6519914979965995,0.056065561577695336,-0.09134455431949115,0.6337052139448164,0.1176576001624775,-0.08756361044447236,0.8304443911167378,0.20921710033909768,1.334829254150993,0.6733770010202124,0.22286996588496266,1.5866977119513115,0.6195919832848179,0.22240919793866348,1.4676859138090776,0.5663906854489138,0.3817561211847809,1.2277157712226041,0.676128199110045,0.3938254377953961,0.9548912583414045,0.6590956378928705,0.2753337201838231,0.7894967747061118,0.5235487768798059,0.19806337906409394,0.6990403345706798,0.507111150337647,0.18951165717634605,0.6915675901888008,0.5195342272668821,0.19720643150602327,0.6730262891512789,0.5362337978637058,0.05473773482536379,1.237508803255976,0.6671913860022076,0.03252201450940834,0.9699667872827773,0.5868457843838906,0.16382875791411305,0.7874516325394165,0.5421441102010965,0.2535254344682807,0.7339230187047526,0.5023134841552022,0.24308294219415016,0.6994330127800481,0.5150606028315534,0.21293685774346632,0.68033725650395,0.5226299125981521,11.566666666666666
0.31334930272981315,0.7857964167512007,0.6753008782190748,0.31919302593189947,0.36354846867143437,0.7385915036214645,0.32374758761550565,-0.03374414457071767,0.7874834894107465,0.28010437320061227,-0.10403752751790808,0.6146651999430761,0.35362537453397097,-0.10233309521309444,0.6596962041653223,0.2885138927862499,-0.11846614080489906,0.874168381250189,0.09342062167214137,0.757301166759504,0.6967082071573314,0.08681779910238477,0.3723767850515614,0.7198119832720382,0.09705586040145636,-0.023899742836918314,0.7572972940639938,0.10364479831763948,-0.1433733693449055,0.6529969564149438,0.056142761466421595,-0.09117952299547663,0.6327884735754432,0.11810382705435545,-0.0877001837613913,0.8311073969587858,0.20973786784661336,1.335083623759593,0.675485805212076,0.22189532561766376,1.5865594636864901,0.6222632144974298,0.2224337961891713,1.4683858597661146,0.566457247098687,0.38177675728136845,1.227789513742521,0.6761464077222062,0.3941450887093185,0.9545029952773484,0.6603525998314432,0.2769328729515876,0.7893305004081377,0.5231855268253593,0.19794900037127516,0.6985983076708068,0.5075409109624236,0.19029673820848403,0.6907791654076587,0.5201998182188079,0.19825741777564004,0.6723227610516376,0.5378890137323797,0.05370086130907585,1.238170766848013,0.6692088403690326,0.03346795875213667,0.971073294647786,0.5841756051260172,0.16569226210659774,0.7886190161641989,0.5384292130365755,0.25398038464367034,0.7342933649206063,0.5005426628524523,0.24346985590903755,0.6996369197788078,0.5144077567260714,0.21331496058571373,0.6791291777741554,0.5240111357704598,11.583333333333334
0.3135412796587281,0.7876813137719078,0.6750734360587802,0.3194347653356027,0.364286428796016,0.7363962568972826,0.3237216635235895,-0.03347470212506713,0.7873280779661231,0.28015780068303253,-0.10399240022825061,0.6145280045106778,0.35458215347159344,-0.09964188321183015,0.6561018592249727,0.2886286369226741,-0.11898559331238887,0.8740059821318665,0.09454550212219265,0.7571895363821407,0.6970894670601181,0.08709435326622386,0.37268646033555175,0.7197471085993216,0.09750157180762395,-0.02345727319836187,0.7573049624563051,0.10399449331004082,-0.14397065114084823,0.6536857941859872,0.05629865988847138,-0.09118548483059326,0.6317176947785447,0.11851532938390869,-0.08774868364841296,0.8317298992312653,0.21038108454488041,1.3356117432457058,0.6779253106067569,0.22099116194616691,1.5864193692478228,0.6247447942489674,0.22248329654549476,1.4690086831398719,0.5664678014681407,0.38179337796756496,1.2277118319824867,0.6761863609061336,0.3952846835415606,0.9540175201934121,0.6617639698948583,0.2791041172311381,0.788971796108473,0.522781366850908,0.19793835467695992,0.6993279908332863,0.5074079853965675,0.19083855840934208,0.690710318165128,0.5200405801810767,0.1997159284892438,0.6722359108443601,0.5380321709442384,0.052573608930235424,1.2387624254522174,0.6714344392387273,0.03374305545994713,0.9712404419842003,0.5819135402657589,0.16784530602319514,0.7897320555949473,0.5345164953203267,0.25414509262941154,0.7342363512563492,0.5007365006319112,0.24417085129269062,0.699563436715232,0.5144901071699735,0.21429564648033772,0.6769796921549961,0.5261117590580907,11.6
0.3138861867150321,0.7892880777183259,0.6748505345172979,0.3197394734282169,0.3648190603550559,0.7344245410020004,0.3237123152726549,-0.033313570740252665,0.7871994738450484,0.2802073381762764,-0.10397234794074811,0.6143770946110071,0.35548336886960874,-0.09721092547214716,0.6527497976471631,0.2887394174328193,-0.11944242813528928,0.8738189521384032,0.09563319497779654,0.7570705542278807,0.6974252155451242,0.08738081446803292,0.3730736778379897,0.719698836791779,0.09790690794988292,-0.02288227145188977,0.7572770994245155,0.10419894915652712,-0.14400798861496258,0.6539913009134636,0.05634437220484778,-0.09143847429298772,0.6308528283484056,0.1188791893949661,-0.08766886037934007,0.8322577913668132,0.21099751856355967,1.3363441895817723,0.6804650189353396,0.22028886072645873,1.5864137028693008,0.6266782916567841,0.22256443932587977,1.4694923023969624,0.566390767683045,0.38180368205043325,1.227593676112019,0.676248425614746,0.39687844557877777,0.9535188435459631,0.6636956599242041,0.28148662206604524,0.7890736386636453,0.5225466759427557,0.1982226441368941,0.700840772194978,0.5070685018281562,0.19144706611855317,0.6907923444153278,0.5198347584826294,0.20156681260789644,0.6727313958712781,0.5384988447912082,0.05151543950973708,1.2392649517732564,0.6735430848323243,0.03403505293675494,0.9706562349534551,0.5803322303490881,0.16991271485394904,0.7907490945213996,0.5309972061159014,0.2538221782417998,0.7340333159692182,0.502098396294256,0.24503627719369067,0.6993013884147753,0.51536025375593,0.2160085282130505,0.6747409151498703,0.5294756591518333,11.616666666666667
0.3143985197043023,0.7904924796018457,0.6746294193547556,0.3201076170465395,0.36509882107742464,0.7327672909160412,0.3237221912675651,-0.033283019216543,0.787106959931866,0.2802378783285775,-0.10405322044102804,0.6142463589374436,0.35618878559808526,-0.09534318865784311,0.6501102333470294,0.2888351667450663,-0.11979738668965202,0.873609145682627,0.0966227048059833,0.7568805988617664,0.6977003588880124,0.08766639747658213,0.37350698184254383,0.7196586980315779,0.09826301426704155,-0.02216148909486408,0.7572118196658884,0.10428360708049246,-0.14352874086008416,0.6539038930682962,0.05609014730616758,-0.09184474342871538,0.6306363570094213,0.11918248933135663,-0.08742046422797495,0.8326369667980664,0.2113695152083806,1.3371492826568572,0.6831166049347221,0.2198861386999298,1.586669494241079,0.6278014432228184,0.22263188288811214,1.4697779536202022,0.5663233480160508,0.3818048474793647,1.2275640405786443,0.6762871384055072,0.39843601782328286,0.9530844437062541,0.6663181272187719,0.2837840767908617,0.7897962056190022,0.5225470289647629,0.198827444577858,0.7027401005005178,0.5067267694511284,0.19209404205517527,0.6907604158680074,0.5199376772240569,0.20353527992851406,0.6734307993405093,0.5406774346490342,0.05068689156186036,1.2397247810597183,0.6752193589765373,0.0346879452381278,0.9696632993960733,0.5797810542339175,0.17148090077136763,0.791494006048717,0.5286137282699723,0.2531137665396946,0.7340413569082198,0.503516413669223,0.24598202187156304,0.6989603747903199,0.5167939425810125,0.2183630920339985,0.6732414172194096,0.533957620427695,11.633333333333333
0.3150927744321161,0.791170290433858,0.67440733633128,0.320539663027368,0.36507816869199256,0.7315154416198288,0.3237539399131833,-0.03340531635420642,0.7870598191109193,0.2802365534449038,-0.10428350901924811,0.6141706958268458,0.35659331523246673,-0.09424151027721374,0.6485449802705463,0.28890481728779643,-0.12001121039152936,0.8733784171773661,0.09745303617378315,0.7565560488488404,0.6978998033644458,0.0879403170606417,0.37395491663288183,0.7196182225008854,0.09856103619790814,-0.021281677624647277,0.757107237877687,0.10436521137074584,-0.14280345544799364,0.6534013589375589,0.055489794323076595,-0.09228127759264572,0.6313627418580456,0.11941231143690917,-0.08696324546811982,0.8328133189576619,0.21128833746547407,1.3378730040036526,0.6858221073388066,0.21978622884906437,1.5872654049418966,0.6281110103555879,0.22257677706148662,1.4698457520934916,0.5665335600591892,0.3817977082868459,1.2276848300660823,0.6762696710430423,0.3995987717770204,0.9528271832260752,0.6694240368017488,0.28573738735695964,0.7909433990521999,0.5227723931523833,0.19966254203632872,0.7046219674455761,0.5064948942226297,0.19255526847679283,0.6906794331297667,0.5202677959764292,0.20516379658255318,0.673946215202491,0.5446445249522366,0.05021116504960785,1.2402024805912781,0.6762253911348632,0.035720793343626114,0.9685223233169618,0.5804257692956889,0.17230436825787404,0.7918451944423253,0.5277042705935528,0.25237494234520763,0.7342742704966271,0.5046535683562433,0.24693186756594573,0.698517446707288,0.5187110832664255,0.22106206723211727,0.6728213372910368,0.5390502318863238,11.65
0.3159834467040506,0.791197281225754,0.6741815312069984,0.3210360782074999,0.3647095609276303,0.7307599280937865,0.32381020961437273,-0.03370273095351188,0.7870673342665516,0.280215957306724,-0.10455917588158994,0.6141572754050069,0.356699455628698,-0.09397084894940586,0.6481267132045667,0.2889373014893905,-0.12004464065697279,0.8731286210354483,0.09806319364822635,0.7560332827541454,0.6980084552500869,0.08819178798898185,0.37438602649267233,0.7195689403818685,0.09879211918129094,-0.020229588538601698,0.756961468757175,0.10444026127515994,-0.14215125147504423,0.65255797424614,0.05460787455057917,-0.09274176773723447,0.6330033537696653,0.11955573795545264,-0.08625695437357739,0.8327327412782362,0.21066020743467112,1.3384152190150351,0.6882025430095072,0.2198700379966343,1.5881566473524775,0.6279300439893967,0.22235119227480085,1.4697628305003452,0.5671503258194475,0.38178393955198175,1.227922533868329,0.6762030167698545,0.4003362297803632,0.9528429281432633,0.6723405634688082,0.28713133116619,0.7922281066699655,0.5231681412422347,0.2005874180156434,0.7061529431076722,0.5064038728393137,0.1927081698599153,0.6907350183746972,0.520613497978244,0.2060686928360979,0.6740229010785674,0.5495184887230699,0.050096969678925185,1.2406702804860674,0.6765335586984131,0.03697762718827777,0.9672725399290322,0.5823439607190132,0.17234405626425234,0.7918014793654916,0.5281324138093056,0.25187078781878797,0.7345728121756108,0.5054666151257466,0.2477693684003854,0.6979564016813197,0.5210146401568594,0.2238125802476524,0.6732618851464061,0.5444422954282614,11.666666666666666
0.3170850323256831,0.7904492229889242,0.6739492497420378,0.32159732942373276,0.36394545551320845,0.7305916853183376,0.3238936487759967,-0.03419753181472786,0.7871387882831066,0.28020875444548526,-0.10467498541526851,0.6141842086256035,0.3565865584950056,-0.09443560422440488,0.6486561806865362,0.2889215517782297,-0.1198584189020346,0.8728616116697019,0.09839218179634317,0.7552486791427235,0.6980112208205985,0.08841002503037276,0.3747688557055832,0.7195023818566942,0.09894740865599824,-0.018991973334089335,0.7567726270016154,0.10443570636237706,-0.14172198729682878,0.6515333463629568,0.05341305055090277,-0.09342923327941405,0.635394240496695,0.11959985113081598,-0.08526134121814971,0.832341127192426,0.2095302505834774,1.3388295162827257,0.6896751876223552,0.21999183176808101,1.5892024458574654,0.6276411946744683,0.22212282068613068,1.4696550504902524,0.5677564664358932,0.3817556297395543,1.2282171385394385,0.6761102073480918,0.4008343389641083,0.9530564552665091,0.6743758126929679,0.2878561285896658,0.7935093120063172,0.5236873476245358,0.20157507712459632,0.707208295204153,0.5064673472300768,0.19257619776211257,0.6909391627021679,0.5209127190805392,0.2059842726818069,0.6733966791739219,0.5550524072918152,0.050260663755894046,1.2410044634689572,0.6762863846298801,0.03847942236033089,0.965663692640982,0.5859133109580728,0.1716203074347584,0.7913710024547622,0.5297825986575039,0.2514861926480035,0.7349303765140307,0.5056430565503218,0.2483766610512756,0.697289693481121,0.5237538474923444,0.22677819852885622,0.6745818100199544,0.5503159299296521,11.683333333333334
0.3184120271025908,0.7888018867347597,0.6737077376965257,0.32222388351286396,0.3627383101775971,0.7311016482739058,0.32400690580291835,-0.03491198773812293,0.7872834640449277,0.28027084776658046,-0.10438003122790072,0.6141812431844245,0.3564954403713413,-0.09535282676267587,0.6494909756071037,0.288846500582695,-0.11941328654276664,0.8725792434929548,0.09837900518516385,0.7541386165796177,0.6978930063516435,0.08858424295358465,0.3750719485552827,0.7194100771075299,0.09901805006083834,-0.017555583508472486,0.7565388273082717,0.10440983459040808,-0.14145415526604968,0.6507551934354433,0.052241914494900184,-0.09408278548823976,0.6378885397808195,0.11953173320682806,-0.08393615627563936,0.8315843701328688,0.2081489028040208,1.3390600104332753,0.6904997185122033,0.22011304473280208,1.590119183960987,0.627341373128677,0.2219371278761168,1.4695554690720134,0.568240485467371,0.38173199541544156,1.2284399673413793,0.6760431858861139,0.4013644004351611,0.9537776445188587,0.6746304009591946,0.2882111412081057,0.7946207513677768,0.5242184944762143,0.20236916046332046,0.70781349786406,0.5065477718137726,0.19259286679686038,0.6914884143384504,0.5210499851210619,0.20568307150284582,0.6725920892905168,0.5597129466959951,0.05047221765158597,1.2412118826925918,0.6759145966397642,0.03986538321669422,0.9640701607360623,0.5901970872149035,0.17061105431584356,0.7907280752917998,0.5320554250250884,0.25116521958104476,0.7354205638066138,0.504804308597558,0.24881591247979992,0.6966885194701531,0.5261424179523984,0.22948836504340148,0.6751161347115228,0.5569546256997028,11.7
0.3199789268403509,0.786131043474651,0.673454240830589,0.32291620731169113,0.3610405826496669,0.7323807519409142,0.32415262910000103,-0.03586836752396576,0.7875106444363582,0.2804386374307895,-0.10348805801022587,0.6141126183837943,0.3565462481732973,-0.0966017265405201,0.650333042181337,0.2887010803311675,-0.11866998499522066,0.8722833709180351,0.09796266838171863,0.7526394736298702,0.6976387181188846,0.08870365652738774,0.37526384932543944,0.7192835563165426,0.0989951888346195,-0.015907170559113698,0.7562581843744074,0.10437679047973493,-0.14140354020250176,0.650465676193181,0.051251875334400586,-0.0946247138223113,0.6401560990499342,0.11933846642731782,-0.08224114981984876,0.8304083635322008,0.20662088248900234,1.339072012384279,0.6905859573176688,0.22017302833705044,1.5907337452081511,0.627188494772986,0.22184873933265306,1.4695136630589434,0.5684670129862224,0.3817203209281956,1.2285220072257597,0.6760290220283671,0.40206539323574525,0.9551640764119441,0.6724085289957736,0.2882543532998245,0.7954223323257097,0.5246954842264233,0.20282203641325725,0.7078741666743157,0.5066026925603051,0.19295063777414848,0.692500318247112,0.520945243022393,0.20539584338848635,0.671758331847959,0.5625961724404123,0.050618665852016916,1.2412690999070262,0.6756243114300305,0.040977342985858894,0.962642990465573,0.5948726206459665,0.16952798256510018,0.7899554618720808,0.5346451868183262,0.2509069868185259,0.7360720444407958,0.502616418010225,0.2490654908362439,0.6962386805633526,0.5277951847294067,0.23172139192362762,0.6740742865915743,0.5645230778761728,11.716666666666669
0.3218002273445407,0.7823124642199897,0.6731860049043548,0.3236747676570117,0.35880473065828816,0.7345199312997864,0.3243334670721079,-0.037088939972525325,0.7878296123417416,0.2807485235988929,-0.10181281045298762,0.6139425735260382,0.3568591288164667,-0.09806151353424272,0.6508843246243042,0.2884742234520281,-0.11758925567544876,0.8719758483577709,0.0970821759530378,0.7506876288585232,0.6972332623979844,0.08875748052055221,0.37531310229972137,0.7191143496658995,0.09886997041615,-0.014033485983374797,0.7559288128972858,0.10435071855083979,-0.14162592692598497,0.6509069553657528,0.0506003420212333,-0.09497730774023323,0.6418667657319355,0.11900713303611417,-0.08013607212458022,0.8287590008230591,0.20505090803112358,1.3388308330533292,0.6898437256773703,0.22011113402707955,1.5908730131440663,0.6273404750283593,0.22191228054363382,1.4695792092643567,0.5683006790647889,0.3817278906263693,1.2283942451441874,0.6760947854192991,0.40307629640808507,0.9573733314573947,0.6670143975309917,0.28804374914313763,0.7957739624514799,0.5250522193043176,0.20278607335584864,0.7072959172218388,0.5065896554395781,0.19384197150396695,0.6940924193917164,0.5205184397071136,0.2053533424280007,0.6710446072658518,0.562798150029869,0.05058704284320296,1.2411526768623138,0.6756216457026449,0.04165713489631612,0.9615332280808125,0.5996172424077244,0.1685827778401211,0.7891359261910786,0.5372461779434848,0.25071061256106175,0.7369134888040112,0.4987454315310934,0.24910376427089376,0.6960259776756537,0.528326981015755,0.23325559130187468,0.670665693030569,0.573185981596822,11.733333333333333
0.32389042442073745,0.7772219199821657,0.6729002756779503,0.3245000313856232,0.3559832119323318,0.737610121330946,0.3245520681241023,-0.038595973884069726,0.7882496506454217,0.28123690643167115,-0.09916803324692919,0.6136353479134812,0.35755422921644253,-0.09961139772014879,0.6508467671510741,0.288154862373658,-0.1161318399995028,0.8716585302249903,0.09567653246615157,0.74821946083062,0.6966615454646059,0.08873492970184828,0.37518825176179643,0.7188939873377675,0.09863354024423815,-0.01192128127861844,0.7555488275741703,0.10434576332420482,-0.1421771002562994,0.6523211916827412,0.05044472350722763,-0.09506285670060924,0.6426903872547196,0.11852481527704602,-0.07758067346363602,0.8265821754380804,0.203543697823086,1.3383017833580202,0.6881828452299263,0.2198667132491429,1.5903638713138404,0.6279552293157606,0.22218237699695353,1.4698016845015676,0.5676061137754123,0.3817619888585156,1.2279876680482693,0.676267545703357,0.404536088994405,0.960562990166841,0.6577522072931352,0.28763731301636064,0.7955355493164511,0.5252226021390511,0.20211363967253665,0.7059843650935482,0.506466206421496,0.19545932879630593,0.696382262735828,0.5196895220978051,0.2057863227106611,0.6706001159637986,0.5594149449691679,0.05026438311116016,1.2408391753085082,0.6761127161595731,0.04174659217655711,0.960891919833079,0.6041082836566394,0.1679871257984991,0.7883522322442673,0.5395526923068319,0.250575215009267,0.7379735672836932,0.4928573959029331,0.24890910093403573,0.6961362117219899,0.5273526400038295,0.23386927531048263,0.6640997813989673,0.5831080319994102,11.75
