RHip_x,RHip_y,RHip_z,RKnee_x,RKnee_y,RKnee_z,RAnkle_x,RAnkle_y,RAnkle_z,RBigToe_x,RBigToe_y,RBigToe_z,RSmallToe_x,RSmallToe_y,RSmallToe_z,RHeel_x,RHeel_y,RHeel_z,LHip_x,LHip_y,LHip_z,LKnee_x,LKnee_y,LKnee_z,LAnkle_x,LAnkle_y,LAnkle_z,LBigToe_x,LBigToe_y,LBigToe_z,LSmallToe_x,LSmallToe_y,LSmallToe_z,LHeel_x,LHeel_y,LHeel_z,Neck_x,Neck_y,Neck_z,Head_x,Head_y,Head_z,Nose_x,Nose_y,Nose_z,RShoulder_x,RShoulder_y,RShoulder_z,RElbow_x,RElbow_y,RElbow_z,RWrist_x,RWrist_y,RWrist_z,RThumb_x,RThumb_y,RThumb_z,RIndex_x,RIndex_y,RIndex_z,RPinky_x,RPinky_y,RPinky_z,LShoulder_x,LShoulder_y,LShoulder_z,LElbow_x,LElbow_y,LElbow_z,LWrist_x,LWrist_y,LWrist_z,LThumb_x,LThumb_y,LThumb_z,LIndex_x,LIndex_y,LIndex_z,LPinky_x,LPinky_y,LPinky_z,Time
0.326000009873066,0.7634996212511228,0.7232896379266552,0.34440500662391776,0.31101771579315873,0.8330849892210543,0.325796714491727,-0.07148377114075907,0.8006793626034622,0.3088067766223375,-0.13485647284802238,0.7201851455448924,0.38635760582986417,-0.1066660835333706,0.7011934464993175,0.31308712726794086,-0.08716153970731674,0.8086285309062848,0.11721896747090618,0.7450995732008971,0.7185852877386107,0.09847417222094759,0.29303008387779245,0.7850902606053931,0.10140321951866596,-0.0737876131890075,0.7650010331321802,0.12072393986955822,-0.13157800261180272,0.6806499646630656,0.05671427135385126,-0.11584984845985147,0.707101416185917,0.12221132107429225,-0.09846548114294244,0.7894185394729226,0.2329947287326475,1.295633274368512,0.7426905303887121,0.2284107971631127,1.542219121244921,0.6952119033522824,0.24283376469859716,1.4084902759474187,0.5992771305710693,0.39701687001387126,1.219215027195836,0.7062509043199338,0.39487907108234227,0.9850528763441764,0.671087330838607,0.28297665425199997,0.8017787901272244,0.5734591836813112,0.20315982346072056,0.694915058490452,0.5726753016144158,0.20806854509288894,0.6768610366559206,0.5978408410115411,0.2219962169960046,0.6809873417516272,0.6119590467614667,0.051470801404487655,1.2246570504775987,0.7356240213453322,0.06609224172838636,0.9576356374377168,0.6954662962643567,0.1829876367800668,0.8067731416077415,0.5645612960406092,0.27012962387928496,0.7356133896918833,0.5466726114077589,0.2745999522059623,0.707147869871922,0.5563743184460097,0.206666995102877,0.689251264018287,0.57588538955812,0.0
0.32526565979975464,0.7609381651466108,0.7285048740780986,0.3426696788934942,0.3077792584707759,0.8353292117717576,0.3279599001741596,-0.07517007030021441,0.8070285421581712,0.3113128039245436,-0.12514383103636378,0.7120740568619056,0.3863834267026064,-0.1021313090490574,0.697021784995766,0.3167731488554381,-0.09553364031386682,0.8203168512492791,0.11650113544540994,0.7437827128086392,0.7218511817777512,0.09708518455275768,0.29307067722913704,0.7878301930203558,0.10035023273649822,-0.0760236924619436,0.7662554933610453,0.12173233764063307,-0.127106582083367,0.6786691290080528,0.05532633090323568,-0.11590347695584727,0.7057777051805227,0.12181194248641568,-0.10119209003328096,0.7933454052394582,0.231148846921996,1.2955054094387937,0.7424817536196118,0.22818277523740454,1.5423246148510026,0.6938223610626821,0.23785063302875425,1.4081908077231546,0.6062121518925732,0.3951826610357363,1.2182633467961343,0.7051381671679184,0.3919996152127783,0.9811958184579356,0.6706761004415233,0.2831599715944497,0.8022755333009992,0.5727520657240882,0.20108398816972203,0.6948101539246689,0.5707026129185473,0.20553234192976208,0.6777078120021303,0.5956502290216327,0.2194612938071684,0.674690096969967,0.6165309045224311,0.0513137949847701,1.222684786681943,0.7354569117397225,0.06299514851860931,0.9559113773465844,0.7012861126660899,0.18223578834142756,0.8072298171192787,0.564405179340155,0.2690262756553794,0.7333657791190815,0.5456627265982963,0.27265958566493237,0.7093684703955498,0.5515689297944569,0.2063884213137901,0.6882125024606619,0.5748793163073851,0.0166666666666666
0.3246274131050157,0.7586319606745968,0.7323878518131364,0.3411823026672041,0.3050122223709144,0.8371733431224544,0.3295721023579383,-0.0781387872822097,0.8120911520584403,0.31290534705668055,-0.11886165738650942,0.7069122467355828,0.38610880215026544,-0.09857717329567633,0.6933863440988307,0.3196539596984698,-0.10248113449422727,0.8297435975659038,0.11572312749900873,0.7425798615215786,0.7243612081602696,0.09592408779318287,0.29300781022683065,0.7899745157260625,0.09965532538650328,-0.07759052592921782,0.7670896472109506,0.1222151469443808,-0.12513930190198325,0.6777614851414349,0.054240849582517625,-0.11571760920787316,0.7050229233994243,0.12170750040899134,-0.10330041274855353,0.79638995449154,0.22994949967664546,1.295446453800251,0.742241647392382,0.22790798044914776,1.5424065478029445,0.6919945750349394,0.23488696326959013,1.408111431058728,0.6094641224463571,0.3940311242321267,1.2174452853924176,0.7043800849045285,0.3898464311619471,0.9787865715392329,0.6701117876973355,0.2827997594597336,0.8017766468079635,0.5733584560583677,0.19973061726996574,0.6941688776852046,0.569748903292078,0.20396771578860431,0.6781517600886365,0.5940782739312994,0.2178597447016251,0.6702780863191098,0.6192961561521493,0.051209049562011354,1.2215365074243167,0.7353132337970334,0.06094941147550584,0.9548462468858387,0.7050707642330785,0.18146208516625778,0.8072223999726361,0.5640693651150007,0.2676367853419225,0.731471349460914,0.5446306017440032,0.2702389881427711,0.7097207098103125,0.5485655732351403,0.2062493515232189,0.6874172497156774,0.5742441314968998,0.0333333333333333
0.32408957981526765,0.7565737106493027,0.7350808192682248,0.33992624637668456,0.3026942744643027,0.8386340105876067,0.33068810379624713,-0.08045108699912891,0.8159797713623409,0.31376524883144374,-0.11541337130328982,0.7041545047752341,0.385588000212196,-0.09591253191403959,0.6903059385006295,0.32180193806053015,-0.10810970326613012,0.8370933620594183,0.11490917335593101,0.7414919233725278,0.7261952015111997,0.09497446732420067,0.2928716869333901,0.7915659028903939,0.09927986650779556,-0.07855349728953853,0.7675405626647204,0.12230139651191453,-0.12514253014178103,0.6777038584589893,0.05339760748180213,-0.1153327415735219,0.7045933595404277,0.12186049290884264,-0.1048525377949972,0.7986310949518228,0.22925461234525793,1.2954575915124338,0.7418752678712411,0.22759857454948473,1.542478716676744,0.6898075401588737,0.23352194245172428,1.408192820425823,0.6098133114351423,0.39342918164133184,1.2167611395547646,0.7039140177787679,0.38829273823153465,0.9775654429383553,0.6693503638434314,0.2820471121128959,0.8005531723753637,0.5749240350752723,0.19901486003865845,0.693069354048643,0.5697531397815453,0.20317279241543998,0.6781707774599846,0.5931710078127512,0.2170040239268924,0.6674373137582209,0.6206357015693974,0.05114781444061454,1.2210150362181333,0.7352046723222423,0.05976318127181786,0.9542823430740746,0.7071933710851095,0.18070867642114416,0.8068717234790858,0.5636073600899953,0.2660739896563841,0.729878305405413,0.5436133181861252,0.26754892627320703,0.7086039083195234,0.547130566591686,0.20624628822624932,0.6867633350840341,0.5740166854517507,0.05
0.3236564699569287,0.7547561178849506,0.73672602457982,0.33888487845357257,0.3008030817216694,0.8397278414816762,0.3313626872422703,-0.08216813436335599,0.8188069791279433,0.31407335206152837,-0.11420239219153588,0.703255620590169,0.38487528892775297,-0.09404624054495936,0.687799382893279,0.3232894622051132,-0.1125250276473074,0.8425507369330821,0.11408350274040527,0.7405198023942998,0.7274329964555751,0.09421990852778853,0.2926925114113328,0.792647028681231,0.09918522513948955,-0.07897799024161474,0.7676453077051784,0.12212011507434732,-0.12658263487688973,0.6782730743564934,0.05273638469119425,-0.11478937041038574,0.7042453023013392,0.12223341805279304,-0.10591055367884904,0.8001477343429608,0.2289221102764954,1.2955400066348914,0.7412876712204076,0.22726671928955794,1.5425549180483973,0.6873402513243049,0.23333475760577624,1.408375650296123,0.6080399880616495,0.39324375530164085,1.2162112058532537,0.7036773260396407,0.38721175572322697,0.9772727400055908,0.6683478001171985,0.28105312381898084,0.7988761517304468,0.5770944831659247,0.19885186575300698,0.6915897072915677,0.5706542894334874,0.2029456975562933,0.6777427606607195,0.5929744627381976,0.21670658573048782,0.6658537832464648,0.6209304406929512,0.051121338924982794,1.2209231965768064,0.7351429121203263,0.059244608580287295,0.9540617629298869,0.70802705334197,0.18001771127267333,0.8062986209498992,0.5630726709899876,0.2644507253162342,0.7285348516406103,0.5426479572659081,0.26480016668996864,0.7064173861264949,0.5470302276877199,0.20637573391796715,0.6861485878664318,0.5742338284970241,0.0666666666666666
0.32333239355641724,0.7531718851957627,0.7374657158843784,0.33804156732950524,0.29931631111374374,0.8404714631191249,0.3316506354491919,-0.08335109428727469,0.820685354413319,0.31401049955963034,-0.11463213945608286,0.703670383789698,0.38402493633629176,-0.09288715482925276,0.6858854919688974,0.32418891039571296,-0.11583278865549154,0.846300314390155,0.11327034537665993,0.7396644026197071,0.7281544276184291,0.0936439967859239,0.29250048772317583,0.7932605672664548,0.09933277032069965,-0.07892938848415562,0.7674409503151481,0.12180033136279253,-0.1289259841814444,0.6792459582297251,0.05219696130079915,-0.11412799207606172,0.7037350403799657,0.122788773907666,-0.10653654890634565,0.8010187803876089,0.2288099188190204,1.2956948832271715,0.7403839136041006,0.22692457642051017,1.542648948493901,0.6846717034210531,0.2339045957623661,1.4086005951413125,0.6049244215286005,0.393341767251344,1.2157957808579605,0.7036073699361522,0.38647670293871095,0.9776487700912256,0.6670600677560257,0.2799688888430334,0.7970166266004572,0.5795154807214479,0.1991567836902186,0.6898080616905605,0.5723913192944424,0.20308455695718913,0.6768456062353851,0.5935346707798492,0.21677988435992956,0.6652134987430038,0.6205612734415877,0.051120872319519374,1.221063812013748,0.7351396379962633,0.05920184407365618,0.9540266034718681,0.7079449311234471,0.1794313388874323,0.8056239256963456,0.5625188045398268,0.26287982903894325,0.7273891928545348,0.5417716003245975,0.2622034760267851,0.7035604634345369,0.5480308743468683,0.2066341910934587,0.6854708373635678,0.574932410957807,0.0833333333333333
0.3231216606401517,0.7518137153959608,0.7374421413183566,0.33737968143611957,0.2982116296112539,0.8408815028144146,0.331606731170196,-0.08406113168326895,0.8217274762765384,0.31383313846991445,-0.11580075425346614,0.7046134581179203,0.3828500802584628,-0.09210873370287088,0.6842577309758776,0.32457266089582365,-0.11813866730841446,0.8485266866338957,0.1124939309889235,0.7389266280815623,0.7284393296247957,0.09323031748058426,0.29232581993143614,0.7934491928139462,0.09968387109054033,-0.07847307571586928,0.7669645584774535,0.12148068985655544,-0.13166648009712578,0.6807624375102119,0.05160812404338682,-0.11335004262927362,0.7025136779833939,0.12348905854028494,-0.10679261198372442,0.8013231408084213,0.228667423235851,1.2959651926014282,0.7387299737960289,0.22655938915711077,1.5428458190789625,0.6816484872369405,0.23466192456342921,1.4087172815316649,0.6017582719660883,0.3935417459520171,1.2155030476638238,0.7036132586810089,0.38577897630587865,0.9784607859002419,0.664874841417137,0.2790987095413588,0.7955115914075794,0.5814694958373945,0.19998350649407168,0.6876021266195792,0.5755947201402788,0.2031624493095991,0.6751563635664979,0.5953381927605537,0.21690682965502264,0.6651516119413666,0.6200747072074211,0.0511319259491914,1.2211154227064254,0.7352326000869465,0.0593888996221386,0.9538444801515026,0.7073957795726566,0.17903228278696903,0.80511963433168,0.5620485907267458,0.26160793745676203,0.7264533775321118,0.541168822216304,0.2601032876710263,0.7005331478100775,0.5503302878505253,0.20707546776346228,0.6845060760598709,0.5764762995507489,0.1
0.32302858123455025,0.7506743112997674,0.7367975490182106,0.3368825892050527,0.2974667041849286,0.8409745878820073,0.3312857571584669,-0.08435941146372299,0.8220459237756725,0.31375776163182334,-0.11734951149703424,0.705619024048786,0.38176983042592577,-0.09203802948248986,0.6835264384262215,0.32451309196893935,-0.11954834462380853,0.8494144458675642,0.11177848930142442,0.7383073828126782,0.7283675370997079,0.09296245599374708,0.29219871209863146,0.7932555794915863,0.10019989648812604,-0.07767443563546517,0.7662532001749182,0.12143807479165285,-0.13403449898359784,0.6818467517101556,0.05106058532075513,-0.11262116931717213,0.7005079461601658,0.12429677001747333,-0.10674083141722204,0.8011397233280526,0.22840344714979294,1.296310258728936,0.7365601529593522,0.22622154481189136,1.5430613036965428,0.6786957797513713,0.2350986737604659,1.4086839615044817,0.5989630654306646,0.39369265378591606,1.215405745594566,0.7036481275560081,0.38519978950420697,0.9792689074336947,0.6623434559490554,0.27842194714182966,0.7943462333159993,0.5830051257668082,0.20099945695322702,0.685224304203681,0.5798038015065414,0.20316877988924598,0.6727560311415198,0.5984070242979456,0.21695962430930593,0.6652609625474211,0.6198384014697471,0.05115092531995802,1.2208907228172214,0.73542915613457,0.059583791048335416,0.9534879874386742,0.7068631864551387,0.17889594668587253,0.8048401697807627,0.5616489439515304,0.2605387789564557,0.7253942341242712,0.5406508367783709,0.25856535157556804,0.6975829251392969,0.5533363232336261,0.20758849305537957,0.6832959108962398,0.5785363233217374,0.1166666666666666
0.3230574653660313,0.7497463757214042,0.735674187120397,0.33653365906794164,0.2970592018054971,0.8407673456363647,0.33074249616718865,-0.0843070985410207,0.821753275968792,0.3138151070270194,-0.11885667516489568,0.7063865667266497,0.38110276726271597,-0.09272837439916197,0.6839244725968147,0.32408258187855415,-0.12016750161940547,0.8491481842944197,0.11114825003839117,0.7378075708458671,0.7280188846681996,0.09282399770738983,0.2921493682872786,0.7927224014672556,0.10084221555257122,-0.07659885194165207,0.765343943390366,0.1217254541374655,-0.13503939424183448,0.6820194720819729,0.05057618213248724,-0.11191549832962316,0.6978238217917945,0.1251744064060546,-0.10644329571307556,0.8005474356691576,0.22800626916504566,1.2966818883807998,0.7341510429249462,0.22594777653788423,1.5432274091014453,0.6760900722023233,0.23494057038649557,1.4086095711373856,0.5971271388940288,0.3937362491781723,1.2154473314835972,0.7036705480282963,0.3847670597248287,0.9797455128617837,0.6602092351279377,0.2780097679301878,0.7936923867548623,0.5839667520010989,0.20196666845685207,0.6830489075124184,0.5837795690011763,0.20304765906252611,0.6702245170743182,0.601857208354584,0.21691735281044536,0.6653355704244559,0.6200898645121404,0.05117347227392556,1.2203391736770284,0.7357049654338077,0.059672192457432924,0.9530136925360158,0.7065913728328889,0.17896808888927696,0.8047886148514416,0.561339560613824,0.25975620405491173,0.7242509704465727,0.54015103054697,0.25780360787962675,0.6953452380221634,0.5558559439672536,0.20814760685766504,0.6817765793479532,0.5807529478860767,0.1333333333333333
0.3232126230610133,0.7490226114750937,0.734214303761372,0.3363162594564234,0.2969667894436876,0.8402764033919486,0.33003173094954535,-0.08396535782754572,0.8209621119139681,0.3138773710998997,-0.12017253902829711,0.7069303592356978,0.3810061933853688,-0.09406539962229846,0.6853923182137097,0.32335350888816217,-0.12010181931293788,0.8479124941177221,0.1106274429240522,0.737428096213942,0.7274732069553044,0.09279852800348996,0.2922079925598948,0.7918923329088352,0.10157219732299033,-0.07531170833313831,0.764273856106621,0.12222735372359894,-0.13425536282711767,0.6811059810413198,0.050200018347531614,-0.1111616575494141,0.6948233821022057,0.12608446577285218,-0.10596209337752213,0.7996251855543907,0.22757404037976567,1.2970277115072455,0.7318520018529446,0.2257390411479105,1.5433265918667691,0.6738304969890486,0.23433485902708928,1.4086892996814797,0.5962435084343309,0.393720686851744,1.2155303652462135,0.7036758388122417,0.3845239839160083,0.9798484823129625,0.6591950317702354,0.27784239094663954,0.7935576514978938,0.5844086995283309,0.2028500743359628,0.6814480240423963,0.5861464547016235,0.20297057252035527,0.6683566388229115,0.6041924292991482,0.21683153693369575,0.665376816946918,0.6208289333661972,0.051201852043534224,1.2195822977622242,0.7360080139544383,0.059687017631159495,0.9525320860270664,0.7065002388181915,0.17906994766281945,0.8047986644827362,0.5611304411708941,0.25930602342839804,0.7233422506285442,0.5396293099977147,0.2578184825316704,0.6942772941279876,0.5568393095687855,0.20878530451070296,0.6799649302168506,0.582838088183074,0.15
0.32349836434591445,0.7484957213750576,0.732560147077592,0.3362137588021351,0.2971671340702292,0.8395183884632211,0.32920824425872114,-0.08339535423568231,0.8197850106692712,0.313855879269978,-0.121215784532859,0.7072683215287056,0.38147752724439177,-0.09584856990961485,0.6876829557795678,0.32239825126125743,-0.11945697872213785,0.84589196754073,0.110240297682636,0.7371698629497154,0.7268103385860558,0.09286963226402495,0.29240478897899724,0.790808047984206,0.1023512108384978,-0.07387838850863328,0.7630800063065065,0.12283582134614657,-0.1320214995168815,0.6791016970191921,0.05001451048820495,-0.11037782970753782,0.6919655341543254,0.12698944618468952,-0.1053593129167985,0.7984518807064065,0.22721798421407563,1.297296728447401,0.730024363999106,0.2255728612879196,1.5434188216613804,0.671817829108939,0.23355347684838895,1.409063552200471,0.5958117911201657,0.39369827840739696,1.215593869567629,0.7036688498378634,0.3844962604872142,0.9797565505879637,0.6595866752750024,0.27782504096101046,0.79371712216086,0.5845477338287441,0.20376596610990466,0.6807354152448744,0.5858901822478346,0.203148955225676,0.6677218129008701,0.604116416115897,0.21673926804916394,0.6653268597380635,0.6218770470388291,0.051240821057577005,1.218780463578412,0.7362765919176519,0.05967352845256145,0.9521307440663662,0.7064744330592204,0.17899386998803363,0.8046066403483818,0.5610338366412974,0.2591573126860031,0.7229769038706767,0.5390514964150502,0.258344113317982,0.6945291806464094,0.5558013041072982,0.2094896400860129,0.6780003331817512,0.5846869245412036,0.1666666666666666
0.3239189992471531,0.7481584082355184,0.7308539652055132,0.3362095255367138,0.2976379026558501,0.838509928164644,0.3283268188479002,-0.0826582526778141,0.8183345512927724,0.3137762050796074,-0.12193068677166619,0.7073545455229192,0.38238919994898185,-0.09789599136405856,0.6905027950172372,0.32128918726133415,-0.11833866086473718,0.8432711967667037,0.11001104403837102,0.7370337750860001,0.7261101141854874,0.09302089587097227,0.2927699616071032,0.789512220861249,0.10314062513820808,-0.07236427616684536,0.7617994619728465,0.12349618943010457,-0.1291361543916032,0.6760954543278633,0.05009802340273812,-0.10963799845317455,0.6896812407714378,0.1278518457083901,-0.10469704283714182,0.7971064288478593,0.22701441981750253,1.2974493799259172,0.7289757502641248,0.22543640263167541,1.5435954933119513,0.6702015814131229,0.2328142625473433,1.409764461007469,0.5951717442709937,0.39368838895336833,1.2156244799004654,0.70364462850455,0.38472037229485073,0.9797854534598153,0.6609826036872611,0.2779276416555496,0.793878199731823,0.584457768974981,0.20483526062005258,0.6810617413100548,0.58266109692776,0.20363850932083585,0.6684299338099426,0.6012598005402496,0.216783665071573,0.6651330770995387,0.6227285744015842,0.051288690873294705,1.2180672884485546,0.7364678442326917,0.05964700134432588,0.9518595657215155,0.7065080093838723,0.17871322255020775,0.8039693542164904,0.561094330561632,0.25934320098635555,0.7231958503133125,0.5384971193905925,0.25918559713356515,0.6959127217394357,0.5529623669508977,0.21013537196884338,0.6760564324133264,0.5862232357974965,0.1833333333333333
0.3244788377911472,0.7480033748706998,0.7292380062815913,0.33628692809179583,0.29835676217128226,0.8372676498106777,0.3274422374702662,-0.08181521806632272,0.8167233128425417,0.31371213808014115,-0.12234245978462643,0.7072199805065988,0.38349950702572044,-0.10001873159665786,0.6934821789622018,0.32009869515188577,-0.11685254675846447,0.8402347739989019,0.10996391171548554,0.7370207366556107,0.7254523683786321,0.09323590420630914,0.2933337145067324,0.7880475257078445,0.10390180926123545,-0.07083475500648094,0.7604692910884644,0.12413130182667527,-0.12643476666150202,0.6724444847060512,0.050420947565545875,-0.1089575218945778,0.6882100510749614,0.12863416241077708,-0.10403737164478585,0.7956677377014036,0.22698322847183278,1.2974790597390824,0.7288126830521782,0.22532865016019812,1.5438923477234585,0.6693693787978011,0.2322685473431425,1.4107361474155997,0.593886709712415,0.39369177265917965,1.215610921014052,0.7035791755613989,0.3852167144151064,0.980242843707665,0.6624894128107934,0.2782615763611463,0.7938962056371879,0.5839082324767614,0.20607872448790787,0.682274905804448,0.5770332962217357,0.20437731740201592,0.6701640379140605,0.5962457891081905,0.21723215258158637,0.6648866621126014,0.6226178937080422,0.05132383543529899,1.2175292917073728,0.7365996735309441,0.059655356411105226,0.951678468100047,0.7066057995187809,0.17849687626966457,0.8027802775677397,0.5613723601450084,0.2600588016688774,0.7237442033837428,0.5383006046886766,0.26047005657209277,0.6978304898597445,0.5492186640237445,0.21054104352746103,0.6742718821632889,0.5872211120247819,0.2
0.3254676313239319,0.7488283183454832,0.7278472800070117,0.33637577118619294,0.3000378385631389,0.8353287286652742,0.3267608646680586,-0.08085926537835654,0.8149797720721303,0.31365840320526095,-0.12261217739681175,0.7071328428217933,0.3844722749415528,-0.1019752566553627,0.6961564451335212,0.31904745726532435,-0.1150884863098834,0.8370721505606848,0.11061169250232615,0.7375670565897975,0.7252485972984483,0.09342359646921924,0.29390469057353197,0.7870554036115784,0.10432413119980578,-0.06981387633515321,0.7593831427309483,0.12456604263762042,-0.12462562209540828,0.6690172772190262,0.05078732933236159,-0.10835040967851875,0.6874717142058148,0.1288974574328997,-0.10406310375607573,0.7950828366791244,0.22707097398035314,1.2974292534387943,0.7292616450016988,0.2252533091119499,1.5442907192139912,0.6694404190141021,0.2320178656732686,1.4118658663717345,0.5919305767609484,0.3937078040698022,1.215534940642071,0.703450947470309,0.385904501856713,0.9811848760021215,0.6632394542484759,0.2789286762355557,0.793732846313864,0.5826479095802609,0.20746231609582522,0.6840640676930546,0.5701474122867443,0.2052942622385499,0.6723588584000748,0.5902642522099598,0.2181868000829032,0.6647092004271586,0.6210714965903902,0.051299522040995194,1.2171827347325288,0.7367670079399748,0.059809823177422616,0.9514033633355816,0.7066090074846513,0.17874961031937708,0.801118434277588,0.5618519718457717,0.26157989922536967,0.7242527339659758,0.5390361821190669,0.26251834260151374,0.6994599016943737,0.5458131463387906,0.21064153914015582,0.6727615799289149,0.5874677562213517,0.2166666666666666
0.32645006626980927,0.7493774226111728,0.7278546852209122,0.3364411701937608,0.3018382753900579,0.8329533915833987,0.32626302736493196,-0.08009482595381369,0.8135497076340279,0.3134970556893568,-0.1229762624075286,0.7075186734979334,0.38498789730154837,-0.103509744046041,0.6981381737277486,0.317966485394272,-0.1130399656780519,0.83356216157322,0.111502883900246,0.7380805037442641,0.725702143466581,0.09375978093496198,0.2954133496101857,0.7855137003059988,0.10457323811280883,-0.06897596352643474,0.758272567895083,0.12460495635303115,-0.12411189721501283,0.666757332854457,0.05100665822029476,-0.10795922784802899,0.6872434539863077,0.128895233500359,-0.10415728702283662,0.7942451890946458,0.2271704817420196,1.2973690479423992,0.7297125190004774,0.2252426816465863,1.54480314274362,0.6697687280808956,0.232078340324329,1.4130362708203545,0.5895871181551849,0.39373844235831884,1.2154193404835854,0.7033005427771892,0.3866096525447332,0.9822548312449726,0.6627128827808846,0.2798491449226095,0.7933046148702705,0.5807164218014857,0.20897712333167406,0.6862312533619903,0.5629326273732287,0.20640959020404026,0.6744261137278302,0.5844967999409986,0.2193617333895558,0.6645854453320602,0.6183662364644723,0.05119639531094214,1.2169607894685808,0.7370283659200272,0.06014153686970925,0.9507418314574304,0.7062901368461127,0.1797478781990228,0.799242693961379,0.5622955052402937,0.26409884028606495,0.7244503873804768,0.5411301052106299,0.2656010318702605,0.7002397077531387,0.5438308409266468,0.21067433038633643,0.671611390333652,0.5870758889999814,0.2333333333333333
0.32748862022909253,0.7495138490803283,0.7291663727385405,0.3363813141774757,0.3032516870689055,0.8306430247433281,0.3260048275898087,-0.07960551847031225,0.8126125199960951,0.31311084781375265,-0.1236023356003471,0.708665574539536,0.3849387497717597,-0.10449578239649153,0.6994119786445551,0.3170684179016544,-0.11109851120224179,0.8304534031855993,0.11253780190432539,0.7384149251628797,0.7265707514321494,0.09410756283001084,0.2976521948043155,0.7833734714564734,0.10466459608747018,-0.06831984912680612,0.7571652024901755,0.1242418744411548,-0.1246899062107917,0.6659174176880707,0.051127602456136484,-0.10794164804822473,0.6874475941476049,0.12866375264018481,-0.10438339918842311,0.7933255947425581,0.22718947733103415,1.2973280778149752,0.7295895263380803,0.2253645896382828,1.545466982352588,0.6692154224716764,0.2323383153760746,1.414177068525668,0.5872626372670626,0.3937822143694263,1.215344844613384,0.7032847287507329,0.3872444917811878,0.982850398888903,0.6608215460036222,0.28081098721476966,0.7924640656768783,0.5784268294082956,0.21058077942584924,0.688563036736226,0.5559697044307824,0.2078579650145611,0.6757899458479171,0.5798654578324509,0.22036930911332214,0.6643200266274434,0.6152963477601214,0.05112057734480163,1.2167880290920152,0.7371908395751181,0.060487464906032955,0.9495606116334747,0.7056237417003137,0.18142357751757127,0.7975895830870398,0.5622232611625471,0.26748130060894776,0.7243919007688254,0.5439999826420412,0.2696544507254356,0.7002063418095301,0.5435279338793909,0.21113773918574674,0.6708419708160699,0.5864931303620128,0.25
0.3286809093758582,0.749352810020391,0.7313054840595301,0.33621361950310347,0.30401696043021986,0.8288322526806772,0.32603175748360275,-0.07936661225921036,0.8121962301011678,0.3124647288763546,-0.12455988116354684,0.7106022934176571,0.3844584029708891,-0.10508079734443351,0.7003845980740908,0.3165800920134414,-0.10954850993841653,0.828312102045362,0.11365057369864033,0.7384839618039426,0.7275599560727779,0.09429484328708004,0.30025485494457915,0.7807752813338399,0.1046134067025738,-0.06783817368469629,0.7560918254303101,0.12365291168060255,-0.1256764303469645,0.6661531083287751,0.05133628520672899,-0.10831099790110618,0.6880887613275578,0.12826219175128384,-0.10479801762202125,0.7925468040210403,0.22710329311642588,1.2972825045268448,0.7286941460198934,0.22566933493903577,1.5462436371707025,0.6670461977245005,0.23260888859589418,1.4152872140244415,0.5854131045237025,0.39382747283103026,1.2154209617388148,0.7036177575010604,0.3879824014013988,0.9825496580147979,0.6579868759455288,0.28163387592958616,0.7910516200570462,0.5761790467787332,0.21211435677575424,0.6905177237944576,0.54984990999027,0.20963539436862982,0.6757872323155198,0.5771136735317098,0.22117943487109604,0.6635358218746839,0.612715483322802,0.051290068760377866,1.216733424875338,0.7368083438218839,0.06065966148380891,0.9482372957709304,0.7047911496893093,0.18316698756829086,0.7966323079244345,0.5614159636484454,0.2709926917901109,0.7246647220200837,0.5456048555541708,0.2739122613542726,0.6999905056803365,0.5436172995414037,0.2124234215953568,0.670506897623493,0.585877038442583,0.2666666666666666
0.33003817183843215,0.7491485704947513,0.7339001375892557,0.3360904329167935,0.30437962842352106,0.8275468728703002,0.3263466942958163,-0.07932151423806973,0.8122527476686567,0.3115714472960156,-0.12587397125332794,0.7132018810237,0.3837592969363987,-0.10555947319097453,0.7014800253651589,0.31657836921191623,-0.10843924445127187,0.8272319563152039,0.11483362922773419,0.738411698223916,0.7285849924419652,0.09420928500619408,0.3029794386596856,0.7781048511453199,0.10442610738106009,-0.0675108152510955,0.7550828651423774,0.12294178063484477,-0.12633270316494272,0.6670058955171252,0.05168504965874052,-0.10896898118006795,0.6889404529413062,0.12775957601455978,-0.10531794338760447,0.7919249964861276,0.22692210626156095,1.297274988696622,0.7271316831578581,0.22613197629147036,1.5470042685530483,0.6633701995494068,0.23276869567095998,1.4164482418130695,0.5844500830061597,0.3938564154663631,1.215855655196918,0.704271989708473,0.38919912003496276,0.9813715570141185,0.6551619501812115,0.2822782266454801,0.7890494207254274,0.5743015061082191,0.21340450679507084,0.691430657258894,0.5449378660340681,0.21140904216258904,0.6738836199189961,0.5764315906020477,0.22219353757145616,0.6618059962842223,0.611474237106278,0.05186299751108171,1.217041682925843,0.7355278036320343,0.0606251577539969,0.9475522852594404,0.7040017339435413,0.18380472819763102,0.7964705261788589,0.5606216363682535,0.27326670749194937,0.7261600176332746,0.5437490909883858,0.27678163615242646,0.7004721996405906,0.5417946148037223,0.21446153050583222,0.6708765253758622,0.5842883422582653,0.2833333333333333
0.33152295241020924,0.7491346625685311,0.7368243358478052,0.33614565544218733,0.30483783400435144,0.8264838547934559,0.3268997524230121,-0.07941257014771122,0.8127180518964375,0.3105017618098256,-0.12741319278836202,0.71615107398258,0.3830824109081162,-0.10601584644968137,0.7027217828667228,0.31699616629754984,-0.10769388223987433,0.8270477320939676,0.11612321663905645,0.7384884416911438,0.7298252588457477,0.09385235448542362,0.3057213759337727,0.7759094976636167,0.10410478100847466,-0.0673058113720257,0.7541703447336283,0.12216177965506841,-0.1260523281638144,0.6678144748426754,0.05208409446225393,-0.1097095908833591,0.6894535496181176,0.12722915284051847,-0.10582007310529679,0.7913658082096122,0.2266128551077101,1.297541162157625,0.724991963540956,0.22664862753014972,1.5476153959700873,0.6588248601182645,0.23285957814749098,1.4178025673098873,0.5844267735378373,0.39385588222460444,1.2170494383643047,0.7046494907007099,0.39120447840928996,0.9796764210407881,0.6535303945255632,0.2830441210829688,0.7869444911119419,0.572927336952646,0.21439324504732282,0.6911782215787574,0.540998283166374,0.2128303683063224,0.6703098061269989,0.5767975381255628,0.22414028965203875,0.6590829241163669,0.6120847544932474,0.05281156947289651,1.217979224804462,0.7334030633469514,0.06036025031191318,0.9481440711931948,0.7034417782486877,0.1819191266014441,0.7966901011176846,0.5610122775779138,0.2726263352876069,0.7294469989861267,0.5379780395426335,0.27623115882203386,0.7022610578384525,0.5366464053653068,0.21650746286211647,0.6723872361208474,0.5799560620177302,0.3
0.33312949985694956,0.749456703796635,0.7400458414531976,0.3364208923611115,0.30573229087921633,0.8252715400424951,0.32766193112191233,-0.07962353829295225,0.8135397891336649,0.3095128706797431,-0.12870208305124525,0.7187639884214951,0.38273619505262524,-0.10619455446498997,0.7037862910732838,0.31777670265781455,-0.10725942137888472,0.8276449037603751,0.11752885598076948,0.7389552294926762,0.7314990554944433,0.09334679922006264,0.30839725815917907,0.7745661873390535,0.10366001353145426,-0.06720813088898682,0.7533968847774556,0.12162862058029021,-0.12450102528483865,0.6676890203078445,0.0524722356903569,-0.11024485825582139,0.6890894561928117,0.12673875349661087,-0.10630297404418637,0.7908940982816366,0.22609724179305515,1.2984023246820837,0.7222768460532185,0.22710708858089204,1.5480205191382461,0.6541574533473556,0.23305022513631096,1.4194782867337064,0.5847694755604397,0.39379383037849003,1.2193912478205142,0.7038582089892937,0.3940784818890667,0.9779409211641222,0.6539767374334956,0.28484228302568987,0.7858997015398048,0.571927918735292,0.21496763368313693,0.6907145499209426,0.5377067747909898,0.21381658555655253,0.6667101198883009,0.5762500525152954,0.2278722861799064,0.6560939807498427,0.613753204551224,0.05396084731167934,1.2196828175437895,0.7308502528786951,0.0595955127992984,0.9501991394560725,0.7032998641192891,0.17618393370595556,0.7968351684686367,0.562711429116127,0.26744360811361545,0.7343614999366519,0.529522791358598,0.2703867995359802,0.7054428126727498,0.5286291585844538,0.2168568946188854,0.675221229158958,0.5717530498518645,0.3166666666666666
0.3348606132585799,0.7502292353764797,0.7435067366905809,0.3369513030144561,0.30711360374987184,0.823725875570146,0.32867264747110586,-0.08005932928221998,0.8146670203931818,0.30905257794645424,-0.12901464258574993,0.7200710616176088,0.38294137802427863,-0.10575117577390143,0.7043073426537381,0.31894279914531926,-0.10717845555988756,0.8289811285332448,0.11904491705248928,0.7399044261727238,0.7336170719390342,0.09289566774436911,0.3109526637772514,0.7740209885268701,0.10311546809279867,-0.06725801141505722,0.7528300777125931,0.1218672001872319,-0.12178791955922494,0.665960320902926,0.05286194219513833,-0.11039721379292436,0.6877559709305238,0.12630674798844357,-0.10688746069680703,0.7907021272969511,0.22536355145811596,1.3000075931097388,0.7190766193432845,0.22751659091908188,1.5482675889304531,0.6500362968042669,0.23353818471973464,1.4214629244482135,0.5846041862338222,0.3935846772190743,1.2228804237587965,0.7014654792534682,0.3978354925630543,0.9766417814075271,0.6569685918480782,0.28897534756773824,0.7874520504967508,0.570964986372692,0.21469043063980958,0.6922751305196491,0.5352844533663709,0.21439139843390403,0.666145588296464,0.5731330947672554,0.2337423689336553,0.6544590626778872,0.613896705894599,0.0550850488195959,1.222102797847912,0.7283321372797831,0.057880091237374996,0.9535618238505669,0.7036824232986125,0.16553322749437657,0.7967314130815832,0.5649142730285049,0.2563320567961862,0.7398888933604942,0.5199227370214291,0.25785032590367785,0.7095469940811293,0.5189867885001198,0.21279499497739668,0.6788643231508871,0.5602126302572238,0.3333333333333333
0.3366856068608342,0.7515698803951142,0.7471123864950056,0.3378104133045102,0.3089313027292549,0.8219158126061237,0.3299762788688241,-0.08095742438775072,0.8161077513318487,0.3094321482236049,-0.12776120380957262,0.7193411877112638,0.38358657147900477,-0.10453852421845251,0.703979470989978,0.320560277504786,-0.1075325902410933,0.8309058440384361,0.1207163662852819,0.7413421499071464,0.7359658944238741,0.09271155935182504,0.31340642880867975,0.7739762173174562,0.10250167741976884,-0.06756323140454819,0.7525602704656356,0.12313922604416201,-0.11833885903121225,0.6624644548601718,0.053237646222005,-0.11019396638221421,0.6858297773287751,0.12587016102408669,-0.10772895032547836,0.7910174079523479,0.2245630984860858,1.3022538221443978,0.7155586978720243,0.22805663044912594,1.5484530678662536,0.6469304558387494,0.23445885771593833,1.4234928716053112,0.5834634381176892,0.39317398195064224,1.227077473658696,0.6977107309065439,0.40265199610327784,0.9762787379203437,0.6629738445367355,0.2962724711565942,0.7931471747937135,0.5695625336194606,0.21307011007349375,0.6991496161332369,0.534065460042565,0.21458647772260903,0.6721485121780262,0.5669305367259557,0.24108341828341429,0.6566971034068823,0.6090319699119375,0.05597806310765123,1.2250292222338908,0.7260012884944305,0.05494966338910995,0.9579780188316359,0.7043895711724599,0.14947808455901934,0.7963719005321551,0.5672873053550291,0.2383283451568131,0.744362220660637,0.5103259119625141,0.2377164538463971,0.7134711442426471,0.5082922520314619,0.20119491704480413,0.6821874493681952,0.5470014898073561,0.35
0.33856538333484415,0.7535082101391842,0.7507629775097198,0.33904663220243847,0.31120829038280395,0.8199484546141454,0.3315222443367204,-0.08252532916861632,0.8180237419367046,0.3104615033651824,-0.12490068957761685,0.7166291059223351,0.3842327779681769,-0.10265601309648292,0.7025655756441557,0.32265645363750073,-0.1082665105214749,0.8330808121726533,0.12261897033751411,0.7432520427543061,0.7382738999244165,0.0929892173639639,0.31580481497977386,0.7742428248176587,0.10184941146695446,-0.06822584681293216,0.7526192662564817,0.1252166618203898,-0.11453942278180544,0.657478815426429,0.05346953715403725,-0.10975888167179224,0.6837749076649694,0.12532729208903057,-0.10898964339643363,0.7919536355523981,0.22393889268288927,1.3049057899059806,0.7117749572961796,0.22894008524094978,1.5486297841171548,0.6449488571199375,0.23582821844693821,1.4252026334972128,0.5815372910065815,0.39269257415588615,1.231407510838707,0.6931596236460164,0.40887520355209994,0.9773306595022637,0.6725999753803273,0.3064490742981524,0.804345462140344,0.5672981854935234,0.21028198700050066,0.7148683933948542,0.5333889456648293,0.21456892034369315,0.687724476736804,0.5577729940180335,0.2484850783755544,0.6658197827077003,0.5969063926658187,0.056522433582988,1.2281489382041166,0.7235928141792429,0.050890017541271884,0.9633039513716007,0.7048227077987992,0.12826331659878418,0.7958941972554392,0.5700269722311099,0.21285777128200328,0.7461509233897695,0.5017814853280211,0.2094721087346244,0.7155495426703703,0.49689970855277626,0.1795907851231379,0.6840355912211581,0.5340823352987915,0.3666666666666666
0.3404833631239276,0.755902017856308,0.7543931121446179,0.3406470703334868,0.3139916750018645,0.8177982583504855,0.33315409403481444,-0.08468165957961699,0.8206270851205193,0.31149600528745347,-0.12110208456314686,0.7128548612158452,0.3843386330227416,-0.1004208895789685,0.7002000249694743,0.3250736602815432,-0.10919223357182185,0.8352591799780346,0.12479706485157083,0.7455949398031658,0.7403660631510853,0.09391759812468839,0.3182214490999407,0.7746690611465828,0.10118276098040292,-0.06921265114058293,0.7528573610978312,0.1276073178456023,-0.11060104123620076,0.6516259132283999,0.0534015787613841,-0.10918993860595255,0.681810186782463,0.12460007033864746,-0.11085398294268424,0.7934967509469585,0.22366049497215013,1.3076963298754267,0.7076269141717344,0.23026659684860157,1.548770688878981,0.6438159751019871,0.23755142687510278,1.4264969044325222,0.5794045952002672,0.3924225629125012,1.2354096533993633,0.6885928558270537,0.41692713366160133,0.9800836147333034,0.6857896367386288,0.3183452561829991,0.8221034208473993,0.5642548274199457,0.2073336398999199,0.7423007907347217,0.5313795606393432,0.21465565435326373,0.7152343511484408,0.5455658456149404,0.25447959324630426,0.6846016785459272,0.5780641300689495,0.05674157549230846,1.2310693428399946,0.7206944418910698,0.04574807939087891,0.9694845753402459,0.7043122356842355,0.10249495185239926,0.7956164211630549,0.5728589584047197,0.17954394282601688,0.7443539634993092,0.49597425801590955,0.1729123625145358,0.7142687521237007,0.48660701519457117,0.14718178666595483,0.6837690978196329,0.5239022783977186,0.3833333333333333
0.3424268975108682,0.7585196969505057,0.7579905534490758,0.34257626976398536,0.31732787558207554,0.8153297592831417,0.3347367366195009,-0.08704191882669737,0.8239964935927435,0.3118824672275019,-0.11742728286013368,0.7093757906693556,0.38350462050187745,-0.0984044048279257,0.6978006991513284,0.3274575814416303,-0.11032592841876296,0.8378254073065179,0.12725625573824545,0.7482828473651418,0.7422402422844148,0.09562875828943045,0.32082597026927073,0.7748512081315585,0.1005176414761732,-0.0703678632442887,0.753009793903372,0.12984329806307238,-0.10667909329855663,0.6458035156243928,0.05306853580299094,-0.10848318284509217,0.679950454013339,0.12364151836368016,-0.11349602359520138,0.7956455061652195,0.22379423601339832,1.3103287454611339,0.7030899759345945,0.2320223233965303,1.5488043793754374,0.643105598174549,0.23950317550219813,1.4276235885957385,0.5777118453582366,0.3925683186751574,1.238774971602337,0.6850681904726458,0.42708070192740544,0.9846003234874301,0.7008958554324325,0.330485755785317,0.8469381945084651,0.5612907050311695,0.2054167906017499,0.7830144242436955,0.5261815054061373,0.2151500770790069,0.7562618822079462,0.5302075821536015,0.2579152772813225,0.7150836043913588,0.5551682983219387,0.05681877856995986,1.233400781331546,0.71706487860186,0.039054114674715174,0.9763733104906113,0.7026579521473653,0.07280145810417263,0.7959482106065329,0.575017931355896,0.13862786612666972,0.7391672681202159,0.49483319145782184,0.12843674511492031,0.7095986951650349,0.4802524303074998,0.10505705047429945,0.681457036302945,0.5197846477013546,0.4
0.3443612374603493,0.7611747885344184,0.7615771746345256,0.3448263123564361,0.3213157523081869,0.8123898759951022,0.33627492017100435,-0.08925462569373038,0.8281420908584378,0.31132555546448837,-0.11486984166529787,0.7075601350217025,0.38162082485036525,-0.09741308289868661,0.696951971568763,0.3295230719082542,-0.11207520271709143,0.8418446924570716,0.12996905882536766,0.7511662232294193,0.7440483678004249,0.09810775025349035,0.3238398065629542,0.7742581326665318,0.0998618751052709,-0.07156362649606411,0.7529368013557338,0.1315947170552969,-0.10300627291985379,0.6409830489580058,0.0527145544985035,-0.10752683407545353,0.678291284218198,0.12242852388637457,-0.1169766662270734,0.7985423348134174,0.22440180888384378,1.3124612227334609,0.6985928079877509,0.23410357558850692,1.5486694122982327,0.6426710301562721,0.24158936732801667,1.4288260804665878,0.5769152016310104,0.393110847898339,1.2413558205754411,0.6836602725554688,0.4390789468650699,0.9908190326063823,0.7152382195853028,0.341413244578908,0.8783484459015574,0.559826165191546,0.20541573955448025,0.8362681945993251,0.5177370636268223,0.2162020476985656,0.8103702145483342,0.5128847177677158,0.25809330131452074,0.7578647681491313,0.5317743509337807,0.057115758972427294,1.234954295243711,0.7127078860035492,0.030067611668579824,0.9838390835304864,0.7002701593648494,0.03980229449529659,0.7973367598296954,0.5764392453736937,0.09152668364897557,0.7321588873949941,0.4985902851207636,0.07755085577304469,0.7035873746780417,0.4793815599021939,0.05552604298681956,0.677942778792525,0.5248899342929234,0.4166666666666667
0.34623593131581926,0.763721271297327,0.7651715957327343,0.34741143061400614,0.32595749998398493,0.8089844488402542,0.3378568499469537,-0.09123496191332625,0.833133569742882,0.3098359214480161,-0.11432080435284703,0.7086005990034643,0.37874438054629744,-0.09836069329090028,0.6990061179474265,0.3312630140752335,-0.11494117466289865,0.8482966493941485,0.13285682519633774,0.7540689046102923,0.7459751748282553,0.10118806532282708,0.3273701602484047,0.7726179885910973,0.09921196723939675,-0.07274747613224661,0.7526865273466736,0.13263166676131238,-0.10004535919264623,0.6378597471492349,0.052559876153461096,-0.10628956015559796,0.6769546710914589,0.12098823903006584,-0.12116569761343587,0.8023476241786875,0.22554843439391342,1.3137980985730553,0.6951069607328975,0.23632303042501365,1.548333597906011,0.6430040204085052,0.24370604213804592,1.430111149578321,0.5771465288343302,0.3938706541728286,1.2432579061861033,0.6849086033932013,0.4520530566502905,0.9985735215068574,0.726690895188766,0.34999722167198355,0.9145053496975183,0.5613669092322223,0.20793859522520508,0.8981209367823382,0.5087502244740716,0.21777506804849472,0.8739008759505236,0.497071699091885,0.25504204611291387,0.811133760569661,0.5123508099089369,0.058124768097905746,1.235890995761827,0.7077497133435382,0.018530044393612683,0.9919607292165988,0.6977787685357222,0.004255233283474377,0.8002637997264387,0.5786391101879044,0.040495370999182115,0.7261392425864993,0.5051256736212945,0.022799702120622496,0.6993759573756707,0.4834113433515431,0.0014091734313604314,0.6749547540788959,0.5398805602311275,0.4333333333333333
0.3480033864169604,0.7660293068915469,0.768695523237513,0.35031041504803223,0.3309689551406617,0.8053897659328836,0.3395287810312983,-0.0930301607324317,0.8390175352402037,0.30758407392655224,-0.11654972894505163,0.7131488970833018,0.37493374632667326,-0.10184278366212082,0.7040324565009969,0.332817277142487,-0.11912622993797863,0.8574334467196413,0.13580417227235753,0.7568857142256364,0.7481118565736811,0.10464214636610875,0.3313618290518372,0.7700221250835528,0.09856053878716484,-0.07389174393511456,0.7523569267010444,0.1328037342937972,-0.09845032785876578,0.6365758533812597,0.05267540584354202,-0.10498192198312163,0.6756930144582378,0.11939614715568221,-0.12578259024834576,0.8068956572872821,0.22718547914870038,1.3142789570546392,0.693622035118971,0.23849000999308295,1.547796090991577,0.6449690826647554,0.2456783867884267,1.4313632716670928,0.5782844849948546,0.39468752474805224,1.244848211572466,0.688406425250998,0.4649154229576478,1.0075630704046894,0.7341839602603383,0.35574330099751994,0.9526068882272537,0.5668671185755418,0.213225557279822,0.9622075374614323,0.5035457962784846,0.21978139818496123,0.9405832503336055,0.4875314882165055,0.24983762439690566,0.870498204183441,0.5017877743413108,0.060260592679810196,1.2366248763916436,0.702278574196193,0.004997295566292035,1.0007257516648307,0.6957366990947982,-0.03260213356407954,0.8051386796521117,0.5839517196801912,-0.011875712413033715,0.7241468643245922,0.5121252206733475,-0.032861649852019184,0.6996290682939877,0.4912972840122895,-0.05414344947747085,0.6748265866923635,0.5619236487867271,0.45
0.3496303566863754,0.7680834449985943,0.7718725626564061,0.3534397154093401,0.33591269709844124,0.8020111575186215,0.34126870624704386,-0.0946535458234191,0.8457102502891928,0.30501418740501546,-0.12160950354835023,0.7208506860232755,0.37055942075228454,-0.10758020464932289,0.7110289525792937,0.3342508190878467,-0.12442949973150122,0.8688664436910707,0.13870489767455801,0.7596426218232175,0.7504037971100437,0.1082754025912329,0.33570973531688353,0.766796430526799,0.0979127595969225,-0.07498273519109794,0.7520220909281956,0.13220974674530306,-0.09867756556022514,0.6367405612550777,0.05308390283433248,-0.10393462428240198,0.6739669154035125,0.11771010238884663,-0.13049766049958994,0.8115834748009149,0.22908860668959932,1.3141275979071447,0.6945960203040071,0.24047642780325856,1.5470941761151802,0.6490951250292576,0.2473359474123072,1.432505426470022,0.5800903676133855,0.39555012582285254,1.246530922674124,0.6929285435273573,0.47670482133363923,1.0172939440449895,0.7369620351533734,0.35894512986741073,0.9897131962529842,0.5761826720575716,0.22074165923875846,1.0218784697909264,0.505657995113154,0.22237603351276225,1.0037772035534251,0.4876107993115708,0.24463856123628885,0.9300685468950978,0.5028858231226486,0.06358996338827401,1.2375326291219024,0.6963818679573854,-0.009393220930155786,1.009653810706027,0.6946586222780426,-0.06891874368435583,0.8121805016978474,0.5937026214565623,-0.0625854198290682,0.7280923848103524,0.5193139390672041,-0.08655383038177061,0.705595296359799,0.5033207164446245,-0.10785960692925213,0.6794504402357964,0.5868908733569838,0.4666666666666667
0.351108424841702,0.769962516608778,0.7743563511957503,0.3566554699379116,0.3403825412358487,0.7992562826489381,0.3430291952170421,-0.0961455819083397,0.8530298422962364,0.30290832802122514,-0.12827660736239987,0.7304068096178484,0.36671111766177444,-0.1144329118591853,0.71949092636968,0.3355453381240213,-0.1304407843632679,0.8819101827720932,0.1414663364357504,0.7623987956658173,0.75265901038563,0.1119404238782872,0.3402675083883955,0.7633712328762458,0.09729788481059276,-0.0760204084260715,0.7517604604348459,0.131307528753906,-0.10063240159272305,0.6377390044403256,0.05384653525720251,-0.1034773131139421,0.6715474504203766,0.11594366440099216,-0.13499681035119104,0.8156822264158309,0.23097520562068724,1.3136159363766162,0.6980107196805031,0.24222730966340056,1.5462895984384686,0.6553508340079273,0.2486853167673576,1.4334793656314306,0.5823092727862351,0.3965071720071995,1.248441126755421,0.6971309889216466,0.486638756227857,1.026979544472432,0.7344950554130206,0.3605945985505413,1.0233686840367204,0.5881488063052781,0.22894223232616145,1.0720576089595308,0.5166850020601799,0.22589982291848962,1.058600733438229,0.4976174831347653,0.24183571453351493,0.9841825906011576,0.5143849179467126,0.0677430183512386,1.2387483518991669,0.6903411026827501,-0.023280226291403777,1.0180725976273413,0.6949686358329705,-0.10260018144647916,0.8214490799652905,0.6073787762110612,-0.10832160154327103,0.7379071481753834,0.5284246023674413,-0.1355385300429385,0.7169568483834571,0.520744110243899,-0.15691218885824626,0.6892256020558145,0.6123044768472964,0.4833333333333333
0.3524570003194829,0.7716284068348231,0.7760018581022573,0.35975058783090225,0.3439746860441694,0.7975295193361125,0.3447643200541433,-0.09766809917096796,0.8607667390624305,0.30202771147291896,-0.13440539506499355,0.7401387053728535,0.3647790499051835,-0.12097732847759829,0.7299909263726947,0.3366942033760035,-0.13685719730045576,0.8959111600693567,0.14398643426243854,0.7651041662580851,0.7545978428731261,0.11549064479897522,0.344763308691373,0.7600686423699189,0.09676406273674167,-0.07698886069317376,0.7516458896197177,0.1306431338634899,-0.10358644959668051,0.6389184562650093,0.054945706803078975,-0.10383816940371252,0.668696003253471,0.11413659016950352,-0.13900948904355462,0.8186597735365547,0.23269781113133087,1.3128147024998709,0.7036502854975786,0.24381419610967192,1.5454520383350647,0.6633377893769462,0.24992117603642605,1.4340714704646083,0.5848036176384482,0.39750390456958684,1.2503751993802936,0.7001542050564786,0.49419565394423526,1.0355918644821287,0.7274938011253256,0.3618108631296134,1.0517760122154978,0.6011589992755448,0.23572862873743744,1.1100936901692087,0.5365278142690617,0.2302949238340229,1.1023868499801608,0.5157982726535872,0.24244576314513427,1.0287750503453232,0.5322307508534967,0.07213270025502065,1.240218409267862,0.6846297244792438,-0.03525425687947352,1.0256558867733971,0.6968414512213887,-0.13175562769527888,0.83272637291105,0.6235972061218263,-0.14595229430323955,0.7516419452806129,0.5415472746485465,-0.17730268435745028,0.7319740703983554,0.5438851755727013,-0.1991636444826333,0.7030306222318526,0.6374325961473847,0.5
0.3537099591624018,0.7728869686496118,0.7769005978439258,0.36250930482664123,0.34637544137175347,0.7970780944755947,0.3464360864135016,-0.09941832611810775,0.8687117171173606,0.3025879099508894,-0.13807547162676576,0.7485834214124375,0.36544767404763334,-0.12602038447682695,0.7427635015948294,0.3376954636165771,-0.14357583249728598,0.9104562631933019,0.14619576696926356,0.767622221287104,0.7559402741517098,0.11878999077320145,0.34889912717330496,0.7568885996539152,0.09635336344391261,-0.07783375036943592,0.7516542063618012,0.13046615404716858,-0.10626955248912243,0.6393211714934234,0.05610256839217995,-0.10485051133423676,0.6656168490618248,0.11239640295602855,-0.14234672278638483,0.8202364128865992,0.2342831989945225,1.31167503164931,0.7110141221817119,0.24543551712043776,1.5446529056211802,0.6721641013779205,0.2512114197749413,1.4338874057974493,0.5875851857912673,0.3984657011573931,1.2520311118226135,0.7015976496544647,0.4992973418330191,1.0422287672879442,0.7182843246729698,0.36308884457733676,1.0739205931188731,0.613563025423373,0.2395714879489092,1.1357324133562965,0.563234137965798,0.23477508686363302,1.1338355107441527,0.5401166126551676,0.2454107070327996,1.0618198939756889,0.552602314342241,0.07637035097855967,1.2419000911805913,0.6798205002870373,-0.043969570743816896,1.0324175742249482,0.7003868268179745,-0.15489632843073545,0.8452677958125228,0.6410731685743227,-0.17314468648246234,0.7665724776530894,0.5592518735134746,-0.20995732609890183,0.7478611133964107,0.5710470249668211,-0.23293866458747436,0.7188699451702378,0.66140261442699,0.5166666666666667
0.3548863055745874,0.7736026208959617,0.7772037228166888,0.36478457240863066,0.3475519747767817,0.7978603320394574,0.34801183230436517,-0.10144850004577048,0.8766460000831159,0.30415782480880316,-0.1385816597808296,0.7547792268639293,0.368285172160737,-0.1288345683660933,0.7565417268618899,0.3384860948139377,-0.15052307273403426,0.9252305415243887,0.14813767223686072,0.7698543440372823,0.7565508716964859,0.1217905011358334,0.35251902497867404,0.7536198107513894,0.09607198535851842,-0.07849385592613693,0.7516302533916019,0.1306264554877719,-0.1073212341439028,0.6377429298542163,0.056816394275031226,-0.10583629337228855,0.662093899483331,0.11080170858866781,-0.14498176927278567,0.8204345956448417,0.23582883809465746,1.310274101445467,0.7191351673423546,0.2473076749569616,1.5439456398112503,0.6802977649110868,0.2525432150976166,1.432686809227693,0.590724975805272,0.39952485158356443,1.2532041318047782,0.7015579948329842,0.5024330746205738,1.0465249786643784,0.7095440305542664,0.3642686145606707,1.0897740978458066,0.6238756323475712,0.24030842688892107,1.150514273172769,0.5928149727923933,0.23824993267330732,1.1528510168833639,0.5683787126041407,0.24871880936281504,1.0831199029965877,0.573573113370829,0.08055877739659426,1.2437529975762796,0.676843983148261,-0.04860419818214943,1.038178214156591,0.7061315903280752,-0.17111496744660604,0.8578696204362545,0.6584669047309049,-0.1893421074418219,0.7803505593468003,0.5802472314396945,-0.23269280715126167,0.7615188140425194,0.5999093767401229,-0.2568837892186511,0.7343749728619482,0.6828359326453086,0.5333333333333333
0.3559611659676816,0.7738376257571042,0.7770364554862894,0.366485485665504,0.3476447669229652,0.7997298364169765,0.34945896374991026,-0.10360231947777114,0.8843205468673607,0.306095967029902,-0.1364946289106556,0.7582404416712403,0.3722424069783448,-0.12934331819958367,0.7692879818308689,0.33894319543547663,-0.15757114808109518,0.939851435205885,0.14996033282055654,0.7717361699061343,0.7566618841207635,0.1245494211063524,0.3555731632489463,0.7501917939644547,0.09586538225465854,-0.0789899751212151,0.7514057586189947,0.1307911253643575,-0.10622580770456654,0.6339799291373682,0.05673436737229329,-0.10615346105753884,0.6581166511518003,0.1092709966505184,-0.14712627870022682,0.8196962025034222,0.23751481913975803,1.3088222234583955,0.7268468518664064,0.2496173590054528,1.5433409495204644,0.6862211238767713,0.2538537066882658,1.4306199078100825,0.5945171480805594,0.40102306857425807,1.253726184354172,0.7010522993516304,0.5045899966384092,1.0487361986001642,0.702674801249964,0.3651949249235644,1.1003207062563538,0.6310876827105321,0.23879548137042383,1.157218128953081,0.620422586684757,0.2399565680431604,1.1614524494352352,0.5972810143144898,0.25092491440699544,1.094262997035895,0.5942305874346387,0.08513881000732955,1.245548749744406,0.677196329150877,-0.04940781048164609,1.042261644490311,0.7150955074226782,-0.1802948947787662,0.8690993799809172,0.6746024847588448,-0.19615095513562403,0.7913247219403086,0.602928501361258,-0.24592086358420928,0.7706109759499971,0.6291670634345518,-0.27022015050005194,0.7472799397491343,0.7012939170439045,0.55
0.3568951304833837,0.7737506811591806,0.776596323520018,0.36752482616057824,0.34669250941068397,0.8027106859437305,0.35075856127505345,-0.10559718889366614,0.8915037857138015,0.30800460640865235,-0.13298524930948313,0.7590587480970781,0.3763122829744513,-0.12818634263206036,0.7796397051471207,0.3389584369074957,-0.1645774013844285,0.9540198981654281,0.15182078821526301,0.7731608500586696,0.7569149778060237,0.1271401025023161,0.3580443585911506,0.7467528706145962,0.09562126483601,-0.07946588820421996,0.7509102954894521,0.13082815106456158,-0.10405686012122922,0.6300800024501271,0.05608898627179248,-0.10612497331169449,0.6548926239593285,0.10756511945989551,-0.14913767535517067,0.8186578684723991,0.23969264278742045,1.3074809458178893,0.733349327073502,0.2525317624231339,1.542809601236542,0.6894673720550507,0.25527312144922104,1.4279696140394498,0.59957515448203,0.4032743620386448,1.253428790052032,0.7018555430902803,0.506719128997321,1.0495045542517945,0.6975671812890416,0.3660257151252925,1.1071513483675983,0.634811571889031,0.23611983505725131,1.1593959007313963,0.6421041399135445,0.2396406373208988,1.1636596766248246,0.622799897932744,0.2514153650473015,1.098596033519032,0.6132763735638294,0.09047480243673911,1.2469367325867355,0.6823086444007311,-0.04758739030773789,1.043915593576912,0.7280920127427224,-0.1831100274899264,0.8775051508648203,0.689466393974816,-0.19617683680502013,0.7984687191842731,0.6264585230433795,-0.25089996798418124,0.774609190904714,0.6577651026291256,-0.2734497014540011,0.7560883819857814,0.71775618352264,0.5666666666666667
0.35770617902464485,0.7734100265550862,0.7762368428717573,0.3678457474746604,0.3446070768262989,0.8069730445538248,0.3519140635302256,-0.1071694130321658,0.8981063587486587,0.30974358344750064,-0.1292296847314272,0.7580894147371394,0.37977734418843645,-0.12640319072900974,0.787387379165625,0.3384917437214457,-0.17134856635326182,0.9676395552456508,0.15379365537001918,0.7740213350697778,0.7579347720350865,0.1295577207923954,0.360039045488811,0.7433867670653911,0.09523421072208131,-0.08007342041075537,0.7501677240088436,0.13098163568846907,-0.10309893687874588,0.6295300553479924,0.05561688186214424,-0.10714695304995972,0.6546427198516978,0.10542964414594408,-0.15120461419542525,0.817592817498271,0.24279817318691982,1.3063183238044853,0.7384832198258693,0.25613598191810144,1.5423217680322823,0.6908234705172274,0.2571144939944998,1.4248651223313709,0.6062959752274738,0.4063802445967973,1.252302215141152,0.7055172229942155,0.509087287745169,1.0494821165543164,0.6937817687828425,0.3669920357589398,1.1117904805944907,0.6352930515862405,0.23332864129618108,1.16022744775338,0.656075414840506,0.23749952180456782,1.1635676940505117,0.6422460470144602,0.2499051580319982,1.1000980046976223,0.6297361073888732,0.0966759965014557,1.2477133974498458,0.6925084102730903,-0.044581260254739796,1.0429535730973964,0.7448331587660265,-0.18083193456159294,0.8820233075439732,0.7042358836702406,-0.1917798623010853,0.8013928896271747,0.6504882161582553,-0.24924855036503207,0.7746785869022101,0.6840726216679754,-0.26883199658995455,0.7605710082154739,0.7330504167261456,0.5833333333333334
0.35847646627974156,0.7727140790899338,0.7763496928606503,0.3675009426563798,0.3413347330427715,0.8124930641483418,0.35291631376980215,-0.10824740182585434,0.904186604686802,0.31117375198496466,-0.1262562121455868,0.756550623273484,0.3821124266506549,-0.12497231886944946,0.7928116505484745,0.3375659262484237,-0.17764880387318846,0.9806960138790551,0.15582700758354057,0.7742616348311454,0.7598841943471578,0.1317185840901635,0.36175853221708837,0.7400046986961579,0.09468239893643735,-0.0808068470474622,0.7492463866294268,0.13163123673049834,-0.10540491165041702,0.6347192011708347,0.05593410444070612,-0.11054317701497045,0.6589108485911925,0.10275659108636499,-0.15314578973503815,0.8162321954467965,0.24712076830232363,1.3054092450027643,0.7424860981115586,0.2604319388065528,1.5418791680250616,0.6916079367102473,0.2596034812288042,1.4214003347978228,0.6143822721937011,0.41024230846989157,1.2505731937481175,0.7125813451578453,0.5113929812992325,1.0490576531878224,0.691419987521706,0.3682493901576154,1.1152837657181045,0.6335479642397601,0.23134555842745674,1.1613351876725955,0.663486815779753,0.2342621346826776,1.1636094180003422,0.656069316273723,0.24649609016416982,1.1016262500978116,0.6444538579379453,0.10367740598193384,1.2479270831527454,0.7066170853652687,-0.04145361917004363,1.0398537179496417,0.7636719695156274,-0.17499028753269025,0.882453913460115,0.7199557896954838,-0.1849606873484432,0.8003711122348205,0.6746453038882484,-0.2428567592482988,0.7724659032053344,0.7068119638361294,-0.25976966529645396,0.7616908977741736,0.7463798935126456,0.6
0.35929852512895194,0.7714585259250716,0.7771571908029532,0.36665459752528795,0.33682330468317295,0.8189078833906721,0.353717565809166,-0.10899221981962721,0.9097801390959002,0.31211781675798184,-0.12482305791547144,0.755240002590623,0.3829972668848668,-0.12446556153169122,0.7959052666645321,0.33626709294839685,-0.18334516774374265,0.993118551224184,0.15778069817728457,0.773821260243202,0.7625374814136758,0.1335243362629446,0.36319832994088685,0.736591158591779,0.09402865366821395,-0.08150037639867391,0.7482093019585414,0.13303144488185292,-0.11160473364295376,0.6454728317165006,0.05712869559656704,-0.11652791060768433,0.6674397611240103,0.09966151097899577,-0.15459562520077405,0.8141989364169707,0.25260687625049727,1.3048283822344886,0.745793041406202,0.2654814404895668,1.541503344990198,0.6929301254380429,0.26274768051291925,1.4178246167544566,0.6231121067359477,0.41467938534517923,1.2485136640840886,0.7226410431940646,0.5134426180477716,1.0483830742041735,0.6906481488313239,0.36985809989676455,1.1181436879271711,0.6311883082055285,0.2306203698538169,1.1629191969881771,0.6677045116533229,0.23109245384634616,1.164460592284907,0.6671931547292692,0.24208130076726536,1.10413588625893,0.6593021427839001,0.11125392282210173,1.2477634836808655,0.7224038874302372,-0.03870776392063586,1.035366139787499,0.7822582544989869,-0.16703137169745313,0.8794519417729173,0.7366052343706119,-0.17739567659563926,0.7963001706430087,0.6981707682453737,-0.23396360243528933,0.769261096913671,0.7256133135544109,-0.24950441011802696,0.7608410684515702,0.7561301533490694,0.6166666666666667
0.36024092851381023,0.7694960486913006,0.7785845659495678,0.3655089162269788,0.3309306982124075,0.8257890914353714,0.3542807003904017,-0.10960770843980948,0.9148050005451662,0.31256107562417923,-0.12504839521233763,0.7543371622013587,0.38266087891786915,-0.12489700304675574,0.7966975385510486,0.3347603438360102,-0.18837700105521482,1.004618775850895,0.15951851879064916,0.7726040345243559,0.7655911172553866,0.13490014630743968,0.3640379940569907,0.7333385123950013,0.09335972561401264,-0.08197298850881138,0.7470792522618188,0.13528643589975708,-0.12097102220777642,0.6599938733569818,0.05895037175945515,-0.12426712312140425,0.6787325114542443,0.0964280639927155,-0.15528583577193597,0.8113613334383505,0.25884655724955663,1.3044814502197246,0.7491993997898156,0.2713712560178089,1.5411916731573778,0.6955889285541461,0.2665130806733113,1.4144800407774016,0.6318905752536164,0.4194873297225237,1.246262366526128,0.7347345734082398,0.5153525023636805,1.0475118911975958,0.6910699909900704,0.37169079149277995,1.1204647994726267,0.6297741469491058,0.23097560318043772,1.1646692061212154,0.6720054440667471,0.229127364393526,1.1659811384932128,0.6779659106475792,0.23815505081486898,1.1072746120800057,0.6749203952255642,0.11889009080710938,1.2473671236085662,0.7373944581705338,-0.03631497717433514,1.0302362514693886,0.7986331335300229,-0.15824509177140636,0.8739889816855115,0.7535009036275574,-0.17020089123976612,0.7904112664075859,0.7202177653680921,-0.2249274478445274,0.7659662761692032,0.7406353121902585,-0.2402011767508727,0.7588349761550922,0.7622534653422242,0.6333333333333333
0.36133373651322553,0.7669174236638326,0.780349711344352,0.36427065758547,0.32371139155492684,0.8328582739514059,0.3546294741455127,-0.11013784126673148,0.9191002638806789,0.3127262999229457,-0.12616303793293032,0.753805911581187,0.3820233623279142,-0.1258582828667255,0.7962796613543166,0.3332449858620196,-0.1925191329233059,1.0145553732938521,0.16095976026689018,0.770591691327483,0.7688646535796209,0.1358089035677159,0.3639255528368477,0.7305774248687698,0.0927352883801193,-0.08212379618533867,0.7458334350851017,0.13834937260275154,-0.13198889748547615,0.6762551226278511,0.06118594784901342,-0.13242377008796552,0.6909075385710925,0.09335274895353671,-0.1550944556350852,0.8077478039445785,0.26525933394809514,1.3040145177549967,0.7537339383931247,0.27795006794901245,1.5409047242621916,0.7004141192595061,0.2709594249238604,1.4116984381401045,0.6404701847758625,0.4243936877048482,1.2439156255989927,0.7475033627036247,0.5171921852340968,1.046404997590847,0.6920747600157073,0.37345092865519636,1.122179268314735,0.6302584446533901,0.23196978599259763,1.166307638498861,0.6780118984280962,0.22896375775434682,1.1680394084117132,0.6882562561888415,0.23600052450998388,1.1105175441805684,0.6902271331935435,0.12577253456013698,1.2467951239986945,0.7495152343590996,-0.03384368466888629,1.0252732598204568,0.8119564255573948,-0.14975886814665323,0.867020842295054,0.7698608694516887,-0.16405788793386886,0.7837700881076255,0.740859784270973,-0.21766813309887564,0.7631466150706248,0.7526994210567316,-0.23281274088598175,0.7556530943696649,0.7673604030822103,0.65
0.3625808894385858,0.7640863617600001,0.7822785676859527,0.36311808128947837,0.3157524538081986,0.8399423573868674,0.35480270431368716,-0.11046449757562056,0.92244649511698,0.31290157100203325,-0.12685518846254645,0.7536256253520546,0.3821072752112132,-0.1267681820525675,0.7965055245051286,0.33185244724172797,-0.19542392815915566,1.0221707039200183,0.1621161838615209,0.7680111508313201,0.7724264578851991,0.13628375871994916,0.36276164102331687,0.7287794434742649,0.0921749313879791,-0.081914888439286,0.7444154079785333,0.14200211825871945,-0.14251952412517865,0.692048332804917,0.06373641060418986,-0.13950675131666548,0.7019869362573528,0.09062040372001945,-0.1539906411277446,0.8034460335304555,0.27129148926290325,1.3030257940738523,0.7601008102897604,0.28476430454262824,1.5406293366246597,0.7081404514143108,0.27605637997964266,1.4098123986521902,0.6486985881545724,0.429037433389055,1.241686050831629,0.7593049476416285,0.5188045623630977,1.0449388040500303,0.693356913229219,0.37483584785458113,1.1232731732974548,0.6328655667487342,0.23331588967710562,1.1676998445257027,0.6859840187820477,0.23037513859287845,1.1705889225147637,0.6969659838196481,0.23595359075410433,1.1136406838288644,0.704072755752696,0.1311393797519486,1.2461523485289834,0.7575396187438361,-0.030637514877521223,1.0213320601684779,0.8225415133341645,-0.14241726835870774,0.8595587641351076,0.7847149973448422,-0.15935734932368684,0.7771267844425048,0.7608963182351011,-0.21317949733339014,0.76083082956708,0.7636746997015269,-0.2273519950683595,0.7511372737034907,0.7749864577076502,0.6666666666666666
0.3640218942761162,0.7614203143113173,0.7844926713478301,0.36211124765502434,0.30795941145774614,0.8469058462952231,0.35479323117554074,-0.11048302196830205,0.9246069619269192,0.31321496285097794,-0.12609662552818274,0.7537246560294778,0.383274595259145,-0.12699012473789695,0.7982855938262745,0.33060398481306064,-0.19694761223300566,1.027050480615637,0.16312308665048997,0.7652743920073615,0.7765904527655706,0.13645800908753886,0.36073774099315015,0.728433863351839,0.0916752089270613,-0.08133503445821215,0.7427892360127519,0.14589072868790454,-0.15016893406640167,0.7047046315823335,0.0664474840428184,-0.14408985265220178,0.7101243668545899,0.08829004495531606,-0.15209275943364675,0.7987244999189685,0.27656954409526213,1.3014365556712673,0.7683388329953269,0.29129021218401413,1.540396060906414,0.7186856005256804,0.2814727926431758,1.409083054034037,0.6561874586814319,0.43307290091213074,1.2398418834859044,0.7686482354362583,0.5199909015511673,1.043067526482923,0.6948267465834546,0.37569005190040594,1.1237665680452202,0.6373678292973968,0.23492970047065792,1.1688020502775964,0.6957423735811791,0.23250824459866276,1.1733793362877607,0.7042838530948083,0.2373648695048941,1.1163430716429101,0.7164184232367137,0.13477730364801893,1.2456581730790832,0.7615489239038149,-0.026072157396827507,1.0188462031496206,0.831438161728321,-0.13672390675147547,0.852652668596733,0.7969160521429675,-0.1560967943274997,0.771173852735145,0.7802314808045716,-0.21138891861466177,0.7585692821175335,0.7757481292601185,-0.2232177593306614,0.7454965719765111,0.7869669507315037,0.6833333333333333
0.36575039939739995,0.759171207593978,0.7872490767176137,0.3611879625828409,0.3010475745922131,0.8535919352248209,0.35458301942012044,-0.11025621752702336,0.9254371213993213,0.31364065497636817,-0.12372460638821704,0.753937514456132,0.38521837309639817,-0.1259061222796147,0.8007515568452097,0.3294897463096893,-0.19724346630363648,1.0292404188043258,0.16416455733272303,0.7626902749707931,0.7816660583401153,0.13655883883946537,0.35818815944705273,0.7296734629409157,0.09124216147695924,-0.08040842448642224,0.7410314172284621,0.14957913981582044,-0.15321859972058544,0.7118778921247806,0.0690636362774524,-0.1451087470953402,0.7139887495141902,0.08632636115546717,-0.14969848816065873,0.7940414846667191,0.28102917381634385,1.299562721939849,0.7779084304936261,0.29715887953633924,1.5402066432924075,0.7308485048692343,0.2867058784214617,1.4094892767510199,0.662513910725447,0.4363795595197789,1.2384869199764936,0.7748958329955167,0.5207426223658147,1.040937020039483,0.6964111244538016,0.3761225107996403,1.1236199908347924,0.643428100745002,0.23676635531202211,1.169608330564152,0.7070253381765534,0.23452261790724271,1.1760494853902774,0.7114292838493084,0.23926575067101413,1.1180432611174007,0.7276320611463694,0.13713155308558728,1.2454255303320672,0.7630684320148338,-0.019932583111492794,1.0173760583320415,0.8399191881079402,-0.13278348790251793,0.8471984902031925,0.8057779895394329,-0.1541662324803334,0.7665228481916331,0.7975622595761009,-0.2113502286758562,0.755933211252831,0.7900542856374996,-0.21950438499296537,0.7391757640967176,0.8027051984395264,0.7
0.3678252367731016,0.7574374901623603,0.7906872457469101,0.3603036944394322,0.29528903279254726,0.8597762678053189,0.3542023911433646,-0.11000802291118947,0.9249924453396327,0.31421235906889594,-0.12032745095352139,0.7540702273689203,0.3875068957099068,-0.12325002614924793,0.802239591507754,0.32854982929062365,-0.1965828522134838,1.0289994450139328,0.16536457887777717,0.7603271040436397,0.7876460949140871,0.13685458537552728,0.35541414855415865,0.7321261499767873,0.09090663352474487,-0.07921475511524062,0.7393266758338182,0.1527023028447837,-0.1512972587747729,0.7127531279198113,0.0714620346513773,-0.1423679124293578,0.7132571434736874,0.08463677342268366,-0.1470951406603968,0.7897425948763009,0.2848457869766777,1.2977753826677176,0.7880847706927623,0.3022064902388491,1.5400412010228683,0.7429891865041331,0.2913994424857787,1.4106038945462729,0.667730209122428,0.4392003449232771,1.2374841397592522,0.778661212364141,0.5213010499261171,1.0387811171862937,0.6981196109154157,0.37650364095862315,1.1228186646026344,0.650583924658397,0.23873909259373238,1.170215521899412,0.7190566577978931,0.23604514066143834,1.1785073483794677,0.7189298116854866,0.24102576000199888,1.118418510355786,0.7373579347921413,0.13887317514135616,1.245286799193472,0.7642677406898171,-0.012585465529886326,1.0159277421506625,0.8490526033483471,-0.13025554155273225,0.8437051726704332,0.8118890500184499,-0.153798815061352,0.7633459836130597,0.8119812468374707,-0.2117515752959332,0.7529134635057714,0.8061636445877733,-0.21535185079456054,0.7327528291473404,0.820424502484147,0.7166666666666667
0.37020304869741083,0.7562393232487346,0.7947599482788704,0.3595434212681016,0.29062194640710826,0.8652075389281921,0.35371789553897726,-0.11002309430177432,0.9236167482876471,0.3150620648566781,-0.11676487185398304,0.7540590580378491,0.38985665177087836,-0.11948586321314963,0.8017579826433582,0.3278456980007582,-0.19522519174247832,1.0266133775631154,0.16678176640765466,0.758142697206257,0.7941881278439126,0.13756491753018749,0.3525819635715582,0.7352595197236094,0.0906958118193156,-0.07786398157822641,0.7378356173152933,0.15514432183723864,-0.14545411884683426,0.7084384188938515,0.0738768965631694,-0.13697981479582969,0.7089348211376526,0.08313470326076455,-0.14440529538581126,0.7858661092122033,0.28819340422776935,1.2962313511282098,0.7983658543281084,0.3064195861271376,1.5399246565615894,0.754042640200348,0.2954739669286497,1.4117618560887188,0.6723187092230113,0.441958561876827,1.2366245081402856,0.7812861474789752,0.5219483142586141,1.0368032277681405,0.7000138890865553,0.37723224013944795,1.1215602229563133,0.6580307402137522,0.2407273765022546,1.1708229170224111,0.7302756879217729,0.2370676059697807,1.1809465730726558,0.7262270674542401,0.2423954583099522,1.117990990691719,0.7446438877244637,0.14044064163916312,1.2450398694557556,0.7666529554915262,-0.0047598754672755535,1.013808020241698,0.8592918721684516,-0.1285674017995734,0.8421803238035354,0.8169759408595705,-0.15538565431825435,0.761243674041153,0.824166750283944,-0.2116149342818351,0.7498772201008936,0.8227560106324308,-0.2103949575355668,0.727005322134026,0.8382710586052038,0.7333333333333333
0.3727940757016738,0.7555089719214712,0.7993226374085944,0.35908481831072353,0.286950925640996,0.8696041404764007,0.35319411987957827,-0.11050449184962449,0.9219124126166283,0.3161965443354075,-0.11376807290664463,0.7539999934671503,0.39205385228821604,-0.11559725227770883,0.7994786818169102,0.32739845396073974,-0.19336325829609177,1.0224415785126872,0.16843084645804754,0.756127579237413,0.800898084563057,0.1387956536855258,0.3496761097622019,0.7388149092950415,0.09060208426544045,-0.07644719963222146,0.7366250988899489,0.1568997765760987,-0.13766486716545007,0.7011612641467945,0.07661912705457105,-0.13095685182415645,0.7028724988051989,0.0817990117602089,-0.14169715615486733,0.7823529392188625,0.2911625488873565,1.2949693499595956,0.8083983984320243,0.30985616338983013,1.5399048526667785,0.7637191934264891,0.2990091315325398,1.412474403039499,0.6767125180988361,0.4449165400095888,1.2357960033433402,0.7838311226486286,0.5227609550989727,1.0351750500406063,0.7020241995275895,0.3784627157848254,1.120259323495125,0.664795984853263,0.24259599420054034,1.1714609970150287,0.7392623756991199,0.23770446711106974,1.1833988364466557,0.7327653659019717,0.24325763888874347,1.1177816189646126,0.7489869697110612,0.14196453880086393,1.2447383133867829,0.7705166771828176,0.002748648332701756,1.0110471154409217,0.8702044653310835,-0.127253728431158,0.8423028145737663,0.822549655367179,-0.15880960482723222,0.7594935616967501,0.8358639094664032,-0.21070954948744391,0.7472209517172866,0.8387057940736259,-0.20501646392618078,0.7228022361904309,0.8543479850765223,0.75
0.37553548738782033,0.7550876533583852,0.804223356707955,0.35909160074061564,0.2843397882069847,0.8726081952938178,0.3526720278120369,-0.11140602943711558,0.9204372370569184,0.3173369553446308,-0.11179727122024875,0.75392202920639,0.39391556312959153,-0.11243458824156852,0.7961940830935239,0.3271475382358705,-0.19111993457039572,1.017070152129424,0.17025242072503488,0.7543211502837641,0.8075594582230909,0.14055173165151702,0.346586686198849,0.7427935752810257,0.09059493847419516,-0.07505189466960152,0.735745060930467,0.15784291590700072,-0.12972671400357166,0.6927415712694031,0.07954511661112275,-0.12604069639224813,0.6967774460484327,0.08068961857768833,-0.1391485879292792,0.7793531767245601,0.2938380683610915,1.2940680946097756,0.8176526701013157,0.31262131460351494,1.5399973299689145,0.7718566311299535,0.3021190193412656,1.412694242106958,0.6812128707097407,0.4480784029327782,1.234987621103704,0.7866438193704697,0.5237175314481026,1.0339534443103768,0.7041403960541266,0.38008561614969316,1.119317911448753,0.67032833390717,0.24419814149579525,1.1718620003886895,0.745894754285064,0.2381525533323235,1.1855044887372663,0.7387009811900065,0.2436078727393191,1.1183960714371866,0.7509426900245765,0.14341689949643688,1.2446098979531548,0.7754910694935768,0.009244247709637004,1.0081700192534122,0.8806500450855781,-0.1260992119551055,0.843641600241053,0.829042508126669,-0.1631166725701487,0.757519186978079,0.8482477835482051,-0.20930049432655246,0.7451341886343039,0.8533448900477197,-0.20004789401616252,0.7208036087892733,0.8667924125616056,0.7666666666666667
0.378371254880566,0.7548040760499378,0.8093241755027625,0.3596543428432123,0.282991004393658,0.8738916437550789,0.35217264970023615,-0.11240409721668834,0.9193493833418399,0.3180528592892681,-0.11114929205421234,0.7537110113184222,0.3953745327700747,-0.1104436491423478,0.7926368497820943,0.32695317072630314,-0.18868954838091037,1.0113672333212729,0.17211879762848417,0.752769461664298,0.8141191043881575,0.14276206166983688,0.3433436514674464,0.74706493623595,0.09064613612820027,-0.07382118347173644,0.7352832459283791,0.15792465931263158,-0.12252439065377993,0.6838954022115599,0.08208532000730807,-0.12293972475831391,0.6917640322641099,0.07990104918875432,-0.13706832851884107,0.7773091282810463,0.29625530782769705,1.2935729440003079,0.8256138034582867,0.31492217155215096,1.5401691143126117,0.7781332908210584,0.30495380481850887,1.4126461982364216,0.6862185524031992,0.4513091866153153,1.2342225031532035,0.7896794417647353,0.5250018419512584,1.0329426921292149,0.7069185598195848,0.3819231115723296,1.118886161292484,0.6748091791935864,0.2453559367635801,1.1717964703165142,0.751040269461682,0.23863480532360487,1.1868638802795082,0.7443836812570042,0.2436108293990047,1.1197438588542155,0.7516870699510037,0.14477318317871155,1.2448156092026992,0.7813127229712875,0.014238019115580862,1.0058083405086593,0.8894812473481448,-0.12504068381647984,0.8456827453836496,0.8363453077126538,-0.1669163908632325,0.755362817487965,0.8606932654097645,-0.2076074652257368,0.7437325975449022,0.8657519423977487,-0.1961741779577899,0.7211207939301363,0.8744720708304733,0.7833333333333333
0.38119748351311944,0.7545775097425034,0.8144683095764638,0.360799562017823,0.2831398354213473,0.8733272241454691,0.3517444081071519,-0.11313135983015943,0.9184639919458284,0.3180808939150619,-0.11202806332108897,0.7533450327605299,0.396479586768258,-0.1098342975463414,0.7892270236823351,0.3267442120371625,-0.186468318899229,1.0062777692038978,0.17391396091092756,0.7514752066708212,0.8205641016940964,0.14526779562780118,0.3402385475328217,0.7512295470351896,0.0907341314522078,-0.07293681742543684,0.7353091517169427,0.15742178974740234,-0.1164178372255063,0.6751213255703427,0.08376349535339495,-0.12150393630537647,0.6884560768430932,0.07948113535708062,-0.13577873845184074,0.776771272446198,0.2983254455370176,1.293344866406988,0.8322331277497694,0.3170401895446926,1.5403460004189513,0.7825428548849293,0.30771554508508037,1.4125529620579915,0.6922176066414292,0.4544453979968861,1.2334922923465346,0.7929543180509658,0.5269652516152048,1.0318276055133235,0.7113442093289962,0.38389187722070295,1.1188142889445394,0.67883870444071,0.2459491056154649,1.1713692536428686,0.7553959628554543,0.23926439141583777,1.1874553480310963,0.7496573858357947,0.24348395054737426,1.1214711654900638,0.7521732852919314,0.14609633951010112,1.2453680254108277,0.7880506091953243,0.017568899188726464,1.0043909492394594,0.8964241966416413,-0.12399307940157005,0.8478861712042346,0.8444173110108877,-0.16909447850364437,0.7538115831366465,0.8711519653323176,-0.2056422079581438,0.7432540134818898,0.8746015787928527,-0.193600345701957,0.7231744663319786,0.877783671345665,0.8
0.38387710060954783,0.7544207262185975,0.8194625063363162,0.3625184787117799,0.28485566177403343,0.8710533554888455,0.35147907031342324,-0.11345150578133832,0.9176361011225981,0.3174891390854853,-0.11436872443877973,0.7530323602380272,0.39726550620214185,-0.1105690589508067,0.7861520966516341,0.3266715864756414,-0.18487291623699384,1.0023704956047506,0.1755873044000673,0.7503663346357615,0.8268266055127079,0.14785535913615927,0.3376330847174116,0.7549503759221375,0.09084304746951986,-0.07252408890033597,0.7358359988800489,0.15671601596592646,-0.11175760977642221,0.6674158923353934,0.08450834215993691,-0.1213095416711062,0.6870687412970413,0.07940639267031223,-0.13545105837464663,0.7780587880262619,0.2999263647648388,1.2931283142991847,0.8378236259121712,0.3192253514801453,1.5404621155398837,0.7857593509906615,0.31055089345246273,1.4126732319309903,0.6995371741605949,0.45735893380681947,1.232760757402942,0.7966075777405806,0.5296620352429744,1.0305221989979911,0.7176684068112018,0.3859863076252582,1.118867572468561,0.6828218805665828,0.24615122590581143,1.1709930354610494,0.7592009581568157,0.24007376140430858,1.1876710803142083,0.7541744252920962,0.24339667092693562,1.123312231980466,0.7528997756515432,0.147468508430196,1.2462196161550372,0.795859038127538,0.01947825510179095,1.0039571966394087,0.9022660141353689,-0.12279015145115788,0.8499439425039977,0.8531740624116021,-0.1691671733561434,0.7539407914095326,0.8775348396580751,-0.20345347267912423,0.743895368465779,0.8793555172505458,-0.19213818792812815,0.7260303896596395,0.8788143629149984,0.8166666666666667
0.38632240267389256,0.7543334451548358,0.8241669189258696,0.3647595820826828,0.2878504928538099,0.8674391924554168,0.3514522818581779,-0.11345162255329957,0.9169060289427986,0.3165236897174187,-0.11758153924699676,0.7529387351274428,0.3976874008808461,-0.11222491003153025,0.7835519922907284,0.3269907934550816,-0.1840126828737477,0.9995725594297209,0.17713233003839457,0.7493434905308111,0.8327807471886839,0.15034214229051776,0.33566004043690606,0.7582204469992587,0.09097125541265225,-0.07258460516111799,0.7368539699965607,0.15599428100654608,-0.10880829749762809,0.6616993653368372,0.08456807146421437,-0.12206884069354043,0.687517463719733,0.07962593468947163,-0.1360173149570218,0.7809779817278742,0.30105630930645166,1.2928244218685467,0.8425983746947168,0.32165699644471957,1.5405335991681106,0.788761740495663,0.31341015339647726,1.4133912768028756,0.7081084571854211,0.4599402541772195,1.2320766433018584,0.8005707461895981,0.5325243191422283,1.0293148095929516,0.7245364346881187,0.3881467238502434,1.1190060133988133,0.6866272215723661,0.2464900327843941,1.171228739759692,0.7627582180485497,0.2411409634425961,1.1880726099892027,0.7582400260866942,0.24352933344823463,1.1250312784639083,0.7542868236219988,0.14891310140545547,1.247368900136812,0.8046724592420479,0.020478668979178157,1.0042282881734395,0.9079813397783838,-0.12129453516492908,0.8519616994741661,0.862290706039826,-0.16709603343803703,0.7564106611650037,0.8786867983247826,-0.20124250613993988,0.7455194260376273,0.881174294421933,-0.19139983646813483,0.7290372048305104,0.8801352381865836,0.8333333333333334
0.3885527258420227,0.7542615131095611,0.8286186226523381,0.36740713880882514,0.29160791752051685,0.8629344394534574,0.35168367936038236,-0.11324696580959627,0.9163275940496518,0.3154168966522827,-0.12052759821196582,0.7527181751868824,0.3976990513184048,-0.114108037377753,0.7815597661588114,0.32781791404138605,-0.18368648390539521,0.9974677615071251,0.1785636291710064,0.7483866467935163,0.8383236278378962,0.15262592827065782,0.3342218864788199,0.7612171209345724,0.09113502290886216,-0.07303319834620522,0.7383542210285279,0.15530388020068067,-0.10757688134974727,0.6582624282144183,0.08426815567229208,-0.12359674109910745,0.6895532531594434,0.08009388492683306,-0.13720899814770723,0.7848536284699519,0.3019397693830409,1.2926260355886463,0.8465208530785863,0.3244119756495021,1.540640167721146,0.792142130185219,0.31608476933870017,1.41496982621901,0.7174537197355921,0.4620809657202319,1.231574058951054,0.8045252849973165,0.5346898857962653,1.0286419444616857,0.7297910404381982,0.39023044590332173,1.1193497360359974,0.6899525389443204,0.24754767188361176,1.17248213930735,0.7667760363665559,0.24256167773522364,1.1891274582286557,0.7627698395093483,0.24408762592282307,1.1262737010643349,0.756798727717287,0.15048158940070003,1.2488588232222058,0.8141960041395764,0.02105557383424097,1.0048510530750603,0.9138146634481108,-0.11953802101012248,0.8542877405420477,0.8713037960211121,-0.16304432087790516,0.7611338217551828,0.8746455534456377,-0.19920489980810968,0.7477228502203526,0.882053529429667,-0.19087151490245627,0.732162742660888,0.882866181356251,0.85
0.3906582857620437,0.7541689708545347,0.8329693315149931,0.3702888071759966,0.29569389023947923,0.8579550324311735,0.35215319895800196,-0.11293595827729952,0.9158664879726126,0.31442586794487815,-0.12198883273116329,0.7515497531059057,0.3973792176449479,-0.11553649768874022,0.7801218538822967,0.32911280576730995,-0.1836103405740282,0.9956416685257354,0.17992911438147757,0.7475778827441487,0.8434144235128948,0.1546858800208755,0.3332611151052665,0.7640232183115268,0.0913576254157789,-0.0737941758980392,0.7403168831541779,0.15475575835919908,-0.10764787366237127,0.656809857961846,0.08382912035352613,-0.12543220962081106,0.6926072621105472,0.08078169409032895,-0.13872242104703927,0.7889408023168503,0.30294274222067336,1.2928079805048325,0.8495770541858987,0.3274509376102198,1.540811421849076,0.7958270534959323,0.318395983394247,1.417296623336496,0.7268423451019805,0.46379675488031535,1.2312919910405768,0.8084033906510097,0.5356919610505214,1.0287462200750048,0.732145531366569,0.39210630686898856,1.119897198939187,0.6929513892003885,0.24959050917631972,1.1747636402083443,0.7720263830187066,0.24429208565851135,1.1910450060293625,0.7682537261908163,0.24517439618656128,1.126689371251199,0.7606035480334372,0.1523298021103499,1.2506273319914136,0.8241359388838374,0.02149549341168607,1.0055147047887187,0.9193514211060343,-0.11769831328523282,0.8570978599409755,0.8797902945436697,-0.15756582869809274,0.7673603496995174,0.8667418249244753,-0.19745875257477521,0.7501301226727946,0.8833402492522726,-0.19003064725623692,0.7357135405215205,0.8861431255226154,0.8666666666666667
0.3927126558354476,0.7540510820207789,0.8372785617157661,0.3731796707994987,0.29979351482887706,0.8529987414189626,0.35282039375596375,-0.11266848229898997,0.9154593942040236,0.31386247063177164,-0.12143796289551353,0.748877969305869,0.3969365042231975,-0.11620830005396288,0.7789859368727993,0.33081126842561404,-0.1835673302317227,0.9937468833532942,0.18130984271877745,0.7469959145958109,0.8480368139229644,0.15656096424989746,0.3328861019659801,0.7665146899130715,0.09165415456172152,-0.07483722648223262,0.742678941182125,0.1544998181646234,-0.10791535707082009,0.6562875816608532,0.08335009945448105,-0.12654525353315121,0.6954214693042043,0.08169446698451283,-0.14041498433866315,0.7928609984659709,0.30426967058457527,1.2934037840983246,0.852165255036228,0.33072957537196856,1.5410109164553394,0.7993271515680389,0.3203185506946244,1.4199641695588492,0.7353906416377104,0.4652745775402879,1.2311188878338972,0.8125562830393631,0.5357506457194701,1.0295487221883879,0.7319274870299631,0.3936917016360598,1.120475212342912,0.6961982619172915,0.2524077700563776,1.1777469399855982,0.7786122952790382,0.24609349498778718,1.1936898691326225,0.7742349148838088,0.24671188212607262,1.1262733600400079,0.7653505068198445,0.15459635964374796,1.2524220948181173,0.8342285848135469,0.022002711790908073,1.0059553303320357,0.9241720295870515,-0.11589718748319298,0.860116795954058,0.8874357167526747,-0.1518315894494754,0.7738929999989296,0.8574895116653334,-0.19609353256858508,0.7525521570097138,0.8853195141646507,-0.18856743853979818,0.7398063798354177,0.8885068697396898,0.8833333333333333
0.39471104940627105,0.7538881814149336,0.8414402539597726,0.3758355598994696,0.30363657996231397,0.8486425327194005,0.3536321054448838,-0.112585042834187,0.9150713386954995,0.3138986349717931,-0.11940722788144294,0.7450236613429002,0.3965561522559116,-0.11644590973704658,0.7779527467658908,0.33281837618413246,-0.1835424951664419,0.991740411189334,0.1827759455010926,0.7466321992370998,0.8521528102520668,0.15829917727714649,0.33322873987015467,0.7684610915924677,0.09201891398421777,-0.07614204756028449,0.7452922065183999,0.1544681056022886,-0.1069383521724771,0.6549665224197054,0.08288647517125837,-0.12563493762189298,0.6961838042850786,0.0828560946964179,-0.1423532872534016,0.7966660057950489,0.30582361657065715,1.2941515365069771,0.8550428044743481,0.33427756256463087,1.5412422588515615,0.8022139671463973,0.3219473228002816,1.4225108854947195,0.7422082989341282,0.46667779866390935,1.2309276116291883,0.8172483600885669,0.5354473006820021,1.0307509133316277,0.7305144765235527,0.3949152134203815,1.120991195310585,0.7000476902634631,0.2554381016796001,1.1808988798106879,0.7858644254061202,0.2476807725988548,1.1965697801932635,0.779997492311232,0.2484869417987451,1.1254952742604216,0.770326808078241,0.15727544827219064,1.2539842834524622,0.8440225170119199,0.022889737839277315,1.0060534479635925,0.9280182132982858,-0.11406422949864481,0.8627675221762099,0.89399074541425,-0.14713893860416596,0.7794981740490863,0.8497006909193616,-0.19516709134655824,0.7549388958492081,0.8877714956540423,-0.18644360092312118,0.744141364289127,0.8891539417786152,0.9
0.3965656065433021,0.7536688858729014,0.845277934826747,0.37809039002430617,0.3071090203748185,0.8452312283668453,0.35453055267664935,-0.11268434730980897,0.9146995901051664,0.3144099993880092,-0.11706279502709105,0.7409293465386242,0.39630660458545586,-0.11687839027573887,0.7769821173114193,0.3349396465493394,-0.18372427683421214,0.9900119462805314,0.18432125218864964,0.7464135783960177,0.8556932521557813,0.15989137997709627,0.3342513082702937,0.7697701319431376,0.09242226782066716,-0.07766734026660493,0.747933478520819,0.15429260671716577,-0.10398661409828658,0.6515193603541464,0.08244777215033837,-0.12211548964642133,0.6936707333383525,0.08424313049058466,-0.1447113068804632,0.8006457016544588,0.3073888196190607,1.2947451717350515,0.8586448282910468,0.3380778008398562,1.5415660938168063,0.8044735545243489,0.32342764528741985,1.4246413337394273,0.7468080939522084,0.4680187695527671,1.2306833711562297,0.8223186949222712,0.5353063573085108,1.031955675879166,0.7294858464990209,0.3956951658271019,1.12159886020881,0.7042809657958429,0.2581267120201211,1.1836116573958377,0.7928203152110926,0.24888914383806762,1.199009923684627,0.785013066020137,0.25020614779906136,1.1249520055835815,0.774795050763369,0.16024923094780819,1.255242104171384,0.8528317649140799,0.024572724317504496,1.0059266784934933,0.9304491608679608,-0.11206329536299266,0.8644037100302677,0.8993657841057794,-0.14405308337623138,0.7834143455048688,0.8452318831740475,-0.19467212305004855,0.7571473721425799,0.8905187453351917,-0.18375871758076934,0.7480732431202062,0.8879773403427473,0.9166666666666666
0.3981618630548079,0.753416247427806,0.8486413185660012,0.37989270816520004,0.3102440086243843,0.842770994295317,0.35545283988228343,-0.11280482061111065,0.9143459265473396,0.31506675782442817,-0.11544327375771749,0.7373928570945418,0.3961995306661248,-0.11783816983790127,0.7761213971596513,0.3369374690649105,-0.18429684736254623,0.9890161027484112,0.1858514165151875,0.7462538795876998,0.8586267130289329,0.16125493302480554,0.33568721889935454,0.7706372031364064,0.09282276409927719,-0.07936497338822149,0.7504248818200494,0.15362892046609106,-0.09947043091029037,0.6459148776647631,0.08198033344811875,-0.11674807578936709,0.6882765475192733,0.08573044538968701,-0.14763944144266256,0.8051604388030768,0.3088324964447437,1.2950366896102663,0.8626253764036458,0.34193257842092195,1.5420105812527591,0.8066008625939807,0.3249624345774804,1.4262394930174374,0.7494811485103217,0.46926069851327834,1.2304467208437404,0.8273715153007793,0.5357057285563904,1.032742260982208,0.7302620392097932,0.39597173407235464,1.1225715525623299,0.7083742219851752,0.2602174569389638,1.1855040454883283,0.7983524322119645,0.24967750172455352,1.200542652475334,0.788415029450749,0.2515593625610529,1.1249474074656947,0.7782421073021122,0.16334532602840096,1.2562475982568042,0.859983954341885,0.02745539708836828,1.0058481371295187,0.9307253593244746,-0.10984007036770249,0.8642694803543495,0.9038431466370614,-0.14220411371200956,0.7854339171045487,0.844548395202058,-0.19442941399031388,0.7587729777392506,0.8935234228530083,-0.18064264837828728,0.7507491647234869,0.8853250775109014,0.9333333333333332
0.3994354243820025,0.7531397239736806,0.8514492620916476,0.3812425830513983,0.3130390720019369,0.8411550801547031,0.3563357860444635,-0.11272711908237955,0.9139955183766479,0.31556183727876735,-0.1150871718781866,0.7348129712306495,0.3962438101706831,-0.11921013474438308,0.7754631789040982,0.33865294564985665,-0.1853511832830267,0.9890582924530529,0.18725705826024525,0.7460739552014493,0.8610385602035568,0.16228995954949793,0.33717696903811356,0.7714191499942387,0.09318363137749346,-0.08121959237575685,0.7527378021968568,0.1525281782312585,-0.09437965380484395,0.6391239905692979,0.08147328251418998,-0.11100016304345278,0.6816252246477522,0.0871359247885117,-0.15111686716121178,0.8103804489296187,0.31014522403133826,1.295003742106945,0.8662420917410738,0.3455414184782488,1.5425286964074423,0.8094541228489491,0.3267939043468375,1.4272041974063452,0.7511214870469132,0.4704089806551742,1.2302709283065767,0.8321161525662993,0.5369372465855979,1.032790151757243,0.7339209453448421,0.3958381839437842,1.1240221742104055,0.7119247680888119,0.26176854717039283,1.1866281694895617,0.8013890243989299,0.25007497679900736,1.2011520469939014,0.7892327167307748,0.2523981941431815,1.1254308527123003,0.7804890443547735,0.1663862674223945,1.2570149105281916,0.8651774790085268,0.031890889297259736,1.0060675307847007,0.9281007409680395,-0.10728576927996583,0.8615549233319106,0.9078300829062949,-0.1408118195206502,0.7855000839591975,0.847383100784941,-0.19394386670223074,0.7592834539950813,0.8966418153102916,-0.1770942594000287,0.7513964021706355,0.8817407238382948,0.95
0.4003992110706946,0.7528052745300483,0.8536859343688058,0.38216010304675063,0.3154539824332073,0.8402769220937457,0.3571368077574801,-0.11228560897693146,0.9136399697507657,0.3157571631356989,-0.11611236515649251,0.7335536624357604,0.3964108751173807,-0.12067136852565485,0.7749946694906316,0.3400546631869121,-0.18690314215286488,0.9903616416885014,0.18847686244282205,0.7458194168717531,0.863085033880838,0.162927813862041,0.33847963561510674,0.7724015291286324,0.09348033483346586,-0.08323475828640191,0.7549295847928756,0.15135507864475692,-0.08960276729614762,0.6323359892387862,0.0810181053576817,-0.10605014617705766,0.6754867207785911,0.08833025502449797,-0.15484127660191813,0.8159533003608471,0.31137546369280666,1.2946844697484072,0.8690545751455951,0.3487436904235553,1.5430123763871997,0.8137728202363161,0.3290820009791106,1.4274572710241433,0.7526242807941601,0.47149966258003684,1.2300772048593274,0.8366355205989755,0.5391086750442207,1.0320552694252738,0.7406665774708844,0.3956931515040491,1.1257874874509366,0.7148140520224469,0.2630624624035417,1.187293965469772,0.8019395007567027,0.2502984287295166,1.2011036094161014,0.787961999216048,0.25295688141240125,1.1261257777017692,0.7819255441396318,0.16928665817726424,1.2574759097350665,0.8686701661916172,0.038124055656539986,1.0066800973458268,0.9222363754389973,-0.10403632508348223,0.8558185948900061,0.9111970150207608,-0.13914598357633842,0.7834187858051029,0.8533886130966751,-0.19241858105881715,0.7583117117899365,0.8991035585959983,-0.17280881841285914,0.7496774120188187,0.8776077156001487,0.9666666666666668
0.401111627604067,0.7523927218772155,0.8553624323295502,0.3827239871727056,0.3175117119236651,0.8399224396474897,0.35782299852145927,-0.11145629133957125,0.9132789884386198,0.315632322771481,-0.11830663428742363,0.7339826100280773,0.39660246576202907,-0.121834559819137,0.7743903832105973,0.34117195591760874,-0.1887814665149662,0.9928176229174297,0.18949627675715575,0.7454936575069789,0.864847618390251,0.16314143942039885,0.3395448826632348,0.7737002125037021,0.09370324142163479,-0.08534266290596751,0.7570214669493808,0.15035343851876684,-0.08565902593733868,0.6265076115335687,0.08069733525302394,-0.10251470369086124,0.6710901450744344,0.08928371918277231,-0.1583309896351301,0.8210908713231418,0.3125607891077374,1.2942116296633321,0.8712225976489463,0.3516370566151924,1.5433413235400482,0.8197384532635072,0.3317845900389641,1.4271281808349288,0.7544671304153493,0.4725653039936252,1.2297237788257431,0.8412446274399019,0.5419254439906058,1.0308335401929771,0.749268937290045,0.3961110231505304,1.1276644406089023,0.717036575219372,0.26455636349560535,1.187829897080382,0.8017791712965854,0.2508769980970605,1.20069754410185,0.7870797365242168,0.25384441353140197,1.1266821129907414,0.7837005568909394,0.17203035091235414,1.2575511538907138,0.8709911965663653,0.04609264171352666,1.0075972121464654,0.9134520821761514,-0.0995272653197485,0.8474579040576885,0.9130381995702682,-0.13660197765140686,0.7789998510573486,0.8619934846180005,-0.18896726968285715,0.755925228403419,0.8992491735797135,-0.1673233711955357,0.7457499939833095,0.873136988247187,0.9833333333333332
0.40165229874150327,0.7519518665158874,0.8565458399914594,0.3830766362461568,0.31923722111183345,0.8397605312025732,0.3583429565474068,-0.11040752724837063,0.9128587417541536,0.3152049448210409,-0.1210640189706352,0.7359598069598934,0.3967014948858567,-0.1223961979798688,0.7732171998593205,0.34201480059494693,-0.19058525394433443,0.9957278546658467,0.19032817227001717,0.7451670883801211,0.8662266926039109,0.16297766191328733,0.34043215760367096,0.7752928786328073,0.09386467849387944,-0.08735273883608448,0.7589658642127372,0.14944750584040273,-0.08287016594885478,0.6223214683097787,0.08045233630433289,-0.10062551265154199,0.6688858640644639,0.09003700124663154,-0.16121780105789052,0.8251586191859633,0.31371270469924695,1.2938114668005243,0.8731782619107911,0.3543797831661901,1.5434893659048479,0.8270654722892585,0.3346482063580406,1.4265881188844722,0.7567024482868974,0.47362514711611103,1.2292113315068685,0.8459478042539684,0.5447201390162528,1.0295769195567401,0.7574871846374284,0.39743136753577,1.1296373498173138,0.7184900376535092,0.2667092981883224,1.1884701251547831,0.8033682391411174,0.25237303809206146,1.2002020770316344,0.7892848775292227,0.2557132048844902,1.1268600519566103,0.7872602477723529,0.1745180455607938,1.2572478984610318,0.8724236408503878,0.055254823000336795,1.008603722585311,0.9027770719351718,-0.09327408405133972,0.8377160590146389,0.9121770674265446,-0.13278629691200192,0.7722460005613778,0.872219912887001,-0.18299240491541838,0.7525853376572376,0.8954113282638154,-0.16036340245366182,0.7400509380806415,0.8685122382824064,1.0
0.40211977635491164,0.7515709127024407,0.8574172709579657,0.3833327576108026,0.32055267527713593,0.8395978663957376,0.35865626698715874,-0.10938862745029579,0.9122928706103979,0.31458199993464686,-0.12345371495937889,0.738562729128398,0.3966530621641142,-0.12235014574981881,0.7714081194172224,0.34258136236910003,-0.1918940473212382,0.9981825306285185,0.19099276036303886,0.7449326281779741,0.867013576988919,0.16257131529951468,0.3412179077947597,0.7770685895637495,0.09399689172256784,-0.08903667095032891,0.7606735464791381,0.14846346485520695,-0.08159076010207966,0.6202926540051334,0.0800650323933514,-0.10037788391141987,0.6687414442655062,0.09067067570074742,-0.16342600728251913,0.828109887146918,0.31483686182732434,1.2936740614836495,0.8751773892414202,0.35697862996816243,1.5435673329220128,0.8352027282474592,0.33731885569314446,1.4262453011713867,0.7590944248481841,0.4747643035889605,1.228688554119361,0.8503645823522752,0.5469151703575046,1.028606500290553,0.7635652620637822,0.39955096463050555,1.1316834331103656,0.7191381223998005,0.2696827966251462,1.1892173249045432,0.8080003826604474,0.25490287953731267,1.19982995772948,0.795462504509878,0.25880322696152613,1.1266104328939461,0.7934253544243404,0.1765719534172558,1.256698661657236,0.8729602714068698,0.06464489602208828,1.009447838273833,0.8918855264295884,-0.0851658981190686,0.8281423911762402,0.9078391202612004,-0.127579913419636,0.7633967352132363,0.8828162313201665,-0.17458982830248704,0.748596449099081,0.8874249441161025,-0.1520066201558508,0.7330886766844675,0.8639575836833457,1.0166666666666666
0.4025994890829257,0.7513207836363484,0.8581787847717883,0.38348723046118044,0.321382159227169,0.8395586897872174,0.35878325295450547,-0.10853779277118292,0.9115867774901888,0.31397916670540865,-0.12469063766264943,0.7406438085923908,0.39648528753942425,-0.12189661913325583,0.7693355748510737,0.3428980270269675,-0.19247029442725727,0.9996298572513479,0.19150617927373148,0.7448415918202194,0.8671483311734415,0.16207251910493056,0.3419500572040322,0.778879338491651,0.09412648387668168,-0.09025144360471772,0.7620438514109126,0.14736730487887423,-0.08206240899481061,0.6207099616813596,0.079283308468701,-0.1015490842208176,0.6703839813377334,0.09126658023815533,-0.16506390233458956,0.8302898671511513,0.3159534031448655,1.2937975055873203,0.8774221369704454,0.35937327048474466,1.5436983180494153,0.8432787667111925,0.33951055410247705,1.426283374589001,0.7612341259610873,0.476181715888607,1.2282647925241141,0.8541684501443598,0.5484374659443596,1.0280245917366033,0.7672713042219551,0.40208939586473835,1.133511769348153,0.7192865460540361,0.27318387601033844,1.1898772879241808,0.8152764950609486,0.2580094709018382,1.1997748147538334,0.8043105882419601,0.26269827458767175,1.1260449473121459,0.8018429289411918,0.17809331505692058,1.2560592799425665,0.8727665880544697,0.07319948693377276,1.0098906784203767,0.8827808763337919,-0.07554099286169134,0.8200132440493043,0.8999320550641763,-0.12079591154462332,0.7531324896981446,0.8919142432123673,-0.16454134230038098,0.7437253894993363,0.8769363732862915,-0.14250132936081303,0.7253770289156198,0.8598068551733437,1.0333333333333334
0.40313876904911283,0.7512267319055357,0.8589535474984991,0.3834405600840046,0.32184828972111673,0.839916593461201,0.3587901003378963,-0.1078522312320339,0.9108574414025109,0.3135759876839242,-0.12468920080986848,0.7417466021547474,0.3962723555913352,-0.12119592828254078,0.7674889466606005,0.34302176946790536,-0.19231492637678083,1.000008072020412,0.1919010768164302,0.7449029502207842,0.8668735785998501,0.1615820900517351,0.34265080928990577,0.7806023552684829,0.09425242798880808,-0.0909416982827345,0.7629923989260367,0.14623031455643554,-0.08406546160223723,0.6233086580316649,0.07801124714445304,-0.10361581028958122,0.6734412860183251,0.09184940014475142,-0.1662169869773271,0.8320019372659762,0.3170920574427483,1.2939667458389863,0.8803308847889475,0.36156423378121005,1.543905147347683,0.8502302608286868,0.3411213481492934,1.4265351507521868,0.7627822117174061,0.47803552479715006,1.2279321383339958,0.857231023911142,0.5496151675408436,1.0277975559801833,0.7695116345645171,0.40463024796655717,1.1347525257805824,0.7193869906310961,0.27657133160079667,1.1903708330338834,0.8238886726260686,0.2609894819103948,1.2002497496876767,0.8135954367968947,0.26660705061848267,1.1254142099922915,0.8111114406106956,0.17914181714117056,1.2553795426772267,0.8724305470840336,0.08022034643767306,1.0097221725071224,0.8771927885447335,-0.06496779867539336,0.8141298050399867,0.8890256743639351,-0.11193375434666808,0.7427374687931146,0.8969158820953709,-0.1536233094326515,0.7377267757049977,0.8659534931868715,-0.13188351599082435,0.7175369609032177,0.8563149273371253,1.05
0.4037668113652246,0.7512469656339327,0.8598656490079497,0.3831003730931841,0.3222199390213462,0.8408605827020712,0.3587353629451139,-0.10730714087183006,0.9102347570410245,0.3133877116107941,-0.1240483844189301,0.7423137547721147,0.39609454561554114,-0.12035185267910123,0.7661944755477468,0.34301517594160585,-0.19171983117946312,0.9996724861534706,0.19225469109608234,0.7451292405859837,0.8665713280689767,0.16116226737675035,0.34336339680276906,0.7821619243731832,0.09435703359105502,-0.09107607699698132,0.7634911742746042,0.14511900411940948,-0.0869554823133177,0.6271434358313729,0.0763850929970157,-0.10592488214556126,0.6772199144191593,0.09237282018732225,-0.16688585862095903,0.8333908092402543,0.31826656990046076,1.2939325382866143,0.8841962452706129,0.36349726162375195,1.5441603643630797,0.8553540069251222,0.3421898455738993,1.4266070320444184,0.7637773121282565,0.48029267728150105,1.227632945762425,0.8595982618159725,0.550881149981856,1.027712683517692,0.7713646703147001,0.4068497222396663,1.1353609134685267,0.7196221176531356,0.2791789691047071,1.1908799472691343,0.8323396342832674,0.2633426702146656,1.201342800438149,0.8214239376158058,0.2699322459960569,1.1250638899291883,0.8192897310074154,0.17992806940701622,1.2546331538037188,0.872658189490126,0.08563231938226892,1.0088350786632683,0.8759464258231133,-0.05392057675274734,0.8108696918114233,0.8763032766338315,-0.10059653669801087,0.733737001978963,0.8957151967840435,-0.1418670897415473,0.7310952078099572,0.8553206795043962,-0.11985022805030648,0.7103881571006444,0.8532335670913166,1.0666666666666669
0.4044948541022256,0.7513124251372687,0.8610754522537926,0.38245658137774063,0.3226798715104875,0.8424234454320918,0.35864447405719524,-0.10695983312563517,0.9098067345075594,0.3133134452333296,-0.12342901738658893,0.7429694681943223,0.3959955886518667,-0.11946818313062091,0.7655305169216305,0.3429081899345893,-0.19115772541184065,0.999233368761762,0.19266878461585482,0.745536924557223,0.8665158845624636,0.16084624850286922,0.34417765312771165,0.7835004333872908,0.09443200938350181,-0.09067194748341396,0.7636271616675788,0.14412419982156305,-0.09011542493945873,0.6311134744465122,0.07465630219994832,-0.10821601895507649,0.6809723348615229,0.09275978247077017,-0.16705565093575075,0.8345187914450991,0.3194561075078667,1.2936071638518278,0.8887705208389513,0.3649470445798362,1.5444532062702074,0.8587686394928458,0.34277720827274827,1.4261487085209061,0.7646551911286593,0.4827939624801866,1.2273429689413855,0.8615656937012717,0.5526014902821067,1.027350062538104,0.7734968406199829,0.40855175360469137,1.135691845430014,0.7198904513308415,0.280677501454463,1.191629121226843,0.8392006122168477,0.2649434081799371,1.2029231033244248,0.826126476293036,0.2724375390868078,1.1253127927174253,0.8245345488500769,0.18072946383926902,1.2538314538643125,0.8738408869720535,0.08983701274408773,1.0073178924155555,0.8786759306100507,-0.04264655302120436,0.8100918845128721,0.863577498627548,-0.08702120013462816,0.7272616525359268,0.8879196056856798,-0.12872765711307324,0.7249008898961009,0.844791469599901,-0.10617565585595268,0.7047494637623977,0.8498236863456813,1.0833333333333333
0.4052856893154327,0.7514282320033366,0.8626408856399902,0.38159362974206607,0.32325080560943226,0.844463824866275,0.35851492230123655,-0.10690944055627616,0.9096281109436829,0.3132611251806843,-0.12307418401366074,0.7438086312813822,0.395893298491078,-0.1186284335923567,0.7654118248408116,0.34267443462865393,-0.1909059960365667,0.9991398967278949,0.19319374966442648,0.7461208535916539,0.8667993120365873,0.16063466945642862,0.3451721549830563,0.7845735058387832,0.0944853250312348,-0.08986537096518213,0.7635979340684838,0.1434098493222256,-0.09319941128581175,0.6346314958648844,0.0730321705125852,-0.11071487139796163,0.6842715204308554,0.09293653716003608,-0.16672878174107966,0.8353200739110236,0.320644541346013,1.2930319293526156,0.8935469703730607,0.3656581034432518,1.544774990694648,0.8612821284015739,0.3429487376027417,1.4250275140288065,0.7659437201721349,0.48534616370664185,1.227110682295549,0.8634813324827474,0.5548516831814689,1.0263824140605724,0.7759955754055508,0.4096998965470424,1.1361851247768835,0.7200639036797878,0.28122560568576205,1.192681149750732,0.8434640419541604,0.2659265283758434,1.204756629864464,0.8261570379289203,0.27404640554455195,1.1262868759191949,0.8257295384372431,0.18171227487535138,1.2530588557565971,0.8759385438620981,0.09336514707715632,1.0054128688275197,0.8840776618589401,-0.03129562759439937,0.8109823821396203,0.8530436721191567,-0.07215462948740024,0.723614941082462,0.8748277722022149,-0.11390500587248852,0.7199741113712465,0.8343489743826868,-0.09121652890861884,0.7010890871830615,0.8454978948109302,1.1
0.4060623184772337,0.7516787942193356,0.8644500113519913,0.3806444757746257,0.3238859829840617,0.846671489785323,0.3583353890452208,-0.10717090091966522,0.9097278669961285,0.3131986124518863,-0.12295926913240862,0.7445528723219845,0.39555195420586753,-0.11789293333672987,0.7656887672093283,0.34225834959825757,-0.1908848711167707,0.9994072591998824,0.19377490191453509,0.7468466749930303,0.8674023145929499,0.1605162736979867,0.34632030435185324,0.7853938888810333,0.09452359730405581,-0.0888824421714998,0.7635768905784003,0.143169221013707,-0.09603428861794139,0.6376611012830304,0.07164818234176362,-0.11351355879069025,0.6869197828230554,0.09285466664147855,-0.16593365214047115,0.8356133104301504,0.32194189844598287,1.2922256565696795,0.8982311806147623,0.36556852647066274,1.5450861543341292,0.8638084635019333,0.3428202032995624,1.4233371736070415,0.7679457406740131,0.48773626328007624,1.2269858003936205,0.8654931632812068,0.5573159018586686,1.0248719054135993,0.7784660611273945,0.4104885218213139,1.1370412541742865,0.7200947231157433,0.28131653134792844,1.1938967304052912,0.8452052990564347,0.26658985470103685,1.2065387393821505,0.8214821166746946,0.27492752693805855,1.127838732718043,0.8228506746679496,0.1828598458381701,1.252420115207395,0.8786545364334533,0.09661589455800222,1.0033727604076852,0.8904686784581833,-0.020087309066375875,0.812310587225671,0.8464099799844611,-0.057378980238336354,0.7222112412908877,0.8588136350048419,-0.09777010190802776,0.7164954244500025,0.8248723456007951,-0.0758114564094968,0.6994351736607866,0.8401862055684932,1.1166666666666667
0.40676900307966146,0.7521057662419937,0.8663383546129764,0.3797265773002036,0.32455296436152137,0.8486749330109121,0.35811798361647895,-0.10767980543328452,0.9101008858719332,0.3131220132553024,-0.12314145669799795,0.745109917269612,0.3947869703893847,-0.11728570963922641,0.7660618499195294,0.3416308703757345,-0.19093082564988462,0.9998293787660683,0.19430027258582183,0.7476598800523155,0.8682724880977981,0.16047421474391685,0.3474545340884214,0.7860391282425107,0.09453925048655322,-0.08792311451150156,0.7635977642907442,0.14349769359452333,-0.09844928264551092,0.6402286824420212,0.07062822729635355,-0.11619689762255137,0.6888298736889787,0.09252575831205345,-0.16481665949745952,0.8353644426447245,0.32362214049599025,1.291180052874254,0.902750648543324,0.3649046380572823,1.545278302283092,0.8668077464848745,0.3425444091821258,1.421292985644585,0.7706377760208813,0.4898068739093046,1.2269188522056824,0.867673261623007,0.5596116402094015,1.023165869941065,0.7803633788835607,0.41130305239456844,1.1382062373223194,0.7199753648073535,0.28148623107508997,1.1949091182798226,0.8458566004576069,0.26742082434936826,1.207872776106409,0.8144314471134431,0.2757286914718663,1.1296496744847673,0.8169591667931195,0.1840909510988604,1.2519667892763309,0.8816389413216206,0.0997700183723422,1.0013951195334916,0.8963939359080588,-0.009264548350221082,0.8130629429219611,0.8440309032880683,-0.043978557242641436,0.7220357783936846,0.8424781626474673,-0.0811577204182167,0.7142936278855623,0.8171794632748495,-0.060853292928931144,0.6995210421968832,0.8341134761408837,1.1333333333333333
0.4074054676950652,0.7526388234420606,0.8681976437915916,0.3788918276481224,0.3252600775321023,0.850229497423977,0.35790604691007627,-0.1083937108560963,0.9106797245079318,0.3130280139368122,-0.12379447030898602,0.7456249553235711,0.39368185303240655,-0.11677189912992353,0.7660993042979044,0.34083404737851924,-0.19108390733362035,1.000355404022024,0.19471134979753915,0.7485267413354149,0.869299121238181,0.16046948841630188,0.3483464669127415,0.7865929305715774,0.09452732241147123,-0.08708852815056063,0.7636203780503602,0.14424480557308114,-0.1001638760498543,0.6421216132176807,0.07008693174794667,-0.11815262793654713,0.6899901739645491,0.09204682805798944,-0.16364598583743445,0.834829427343855,0.3259142939471382,1.2899684303500591,0.9070442415214375,0.3640631239657556,1.545193887328429,0.8702093749522407,0.342253574484664,1.4191523450060373,0.7737603885522513,0.49153245904995435,1.2268135517439622,0.8701001203614276,0.5616474519356673,1.0216121801739735,0.7813496601617189,0.41245382339940884,1.1395501621033723,0.7196984177151269,0.2821284835291472,1.195223715769224,0.8474371363985365,0.2690129740258329,1.2084588978204245,0.8082229671845647,0.27733918419349324,1.1314215741269944,0.8098264027748037,0.18533519442000718,1.2516771682028796,0.8845421457362015,0.10283034510130247,0.9996341498061647,0.9011568552808237,0.0011237320653689179,0.8129878670180124,0.8448187893037844,-0.03255652079630697,0.7223885790296188,0.8276303179383835,-0.06501847074588903,0.713338889025658,0.810993625551695,-0.04725559740326415,0.7009116967047442,0.8277293163153726,1.15
0.4079881236041997,0.7531573533515113,0.8699600657137914,0.37810989984712046,0.32602243509104795,0.8513280194377548,0.35772671519532245,-0.10928975235132808,0.9113160926820385,0.31292383740267565,-0.12497175490846607,0.7461957421472225,0.39249177966331433,-0.11640981283426871,0.765769375688969,0.3399691702127269,-0.19153974193217957,1.00113886704892,0.1950500898465318,0.7494663026425028,0.8702712748371534,0.1604603144412703,0.3488570810315058,0.7870759611318332,0.09450704758648172,-0.08642014951084531,0.7636540522021665,0.14507139719820294,-0.10092834353267054,0.6430825785130165,0.07003799320580766,-0.11895219260957311,0.6903568383036641,0.09157030280054448,-0.1626168602720151,0.8343380134366128,0.3287658893481771,1.288754975701239,0.910946535355442,0.36337646016674463,1.5447543918213764,0.8737858764265791,0.34205941238700477,1.4171976160425488,0.7769338208523708,0.4929826781470429,1.2266521193679663,0.8726427930606844,0.5635599596262411,1.020399729959893,0.7814734765937345,0.41396614451478364,1.1409021174691223,0.7192293347918602,0.28339256542664637,1.1944599877105717,0.8511234125081242,0.2716794079616852,1.20822740235502,0.8048631930976686,0.28034305038325985,1.132974163583779,0.8032241965520093,0.1864774344078092,1.2515201171124604,0.88695876296057,0.10569043934577516,0.9981740590529196,0.9049847556124306,0.01121623940848562,0.8125959333747859,0.8468215786421139,-0.02290516243104478,0.7231706322612161,0.8148317429402646,-0.05023631118954129,0.7137515956819223,0.80538726403053,-0.03605436716753324,0.7031178033558936,0.8218220422145501,1.1666666666666667
0.4085118633098733,0.7535680490681562,0.8715559723053183,0.3773272849257929,0.32681788632070574,0.8520898265250271,0.35756661583525334,-0.11027248920678177,0.911856661016533,0.31283469770945216,-0.12638715492767713,0.7467708217136522,0.3914364481320881,-0.11654223719238696,0.7658429491086712,0.3391226701347039,-0.19235491059101717,1.0022002730789348,0.19540004056693508,0.7504986178949085,0.8709651042401046,0.16045526303582805,0.3490079183003616,0.7874043820051978,0.09450305812988154,-0.08595472563693644,0.763746030621376,0.14571304208746175,-0.10075290735261863,0.6430581382144629,0.07034071497347971,-0.11848506095709,0.6899413392057278,0.0912215271417799,-0.16172751167210545,0.834036702646942,0.3318945532255021,1.2876671076661457,0.9142607454912002,0.3630285114320948,1.5440323219800505,0.8773360661191838,0.34208903133685065,1.4155887132600522,0.7797432865088163,0.49426053436950335,1.2265055626477803,0.8749057434896497,0.5654415318131992,1.0195557524819854,0.7811377185630299,0.4157331010039095,1.141991180755334,0.7185502689000339,0.2851379040557142,1.1925165018912272,0.8565464732247161,0.27517867559150067,1.2072504546227536,0.8045610607738469,0.28467614151986764,1.1341952700610032,0.7982870117910846,0.1873448890291875,1.2514971608762107,0.8884588248257919,0.10816642883889668,0.9970103511121633,0.9086449394555995,0.02099988190939752,0.8126169144539699,0.8480518661002442,-0.014266682198365957,0.7246641260796507,0.8035555234373101,-0.03753414093519835,0.7154027092510411,0.7997683274664367,-0.028074692132616243,0.7056798946554551,0.8173284844688932,1.1833333333333331
0.40897164115832857,0.7538192984955022,0.8729222846582135,0.37655468862141384,0.3275779169118234,0.852532187325951,0.35742062105404837,-0.1111536382806509,0.9122521638361133,0.3127908093065334,-0.12750128388516904,0.7472350054125961,0.39067800775712824,-0.11759570133576554,0.7673531725417289,0.33832913809011955,-0.1932938047401136,1.003233177546796,0.1958220665064761,0.7515507668132676,0.8712793520712604,0.16052209437916254,0.34889377962389173,0.7874564712106357,0.09450812954661982,-0.0856996346800645,0.7639017548651069,0.14609919984564956,-0.09987933749169746,0.6421351348974202,0.07081589674389413,-0.11703188256878964,0.6890405603966653,0.0910482889412023,-0.16087594943752356,0.8338144018248239,0.3350425922729483,1.2867083878453922,0.9169720492410532,0.36309900228809905,1.5431703549648115,0.880567359473303,0.34245499434896276,1.4141617879909707,0.781859750987725,0.49545456770178126,1.226455848199693,0.8764614506712418,0.5672224746931523,1.01904109116415,0.7808340962849136,0.4177647767396486,1.1425441978537596,0.717847735601741,0.2871620468926319,1.1897102032307512,0.8621785847882014,0.27906377087738254,1.2057723617263676,0.8063491496956134,0.28971262215522997,1.135009605892459,0.7952867499126395,0.18781774573078813,1.2515565991351074,0.8888803038073299,0.11008145700568445,0.996073705332752,0.9128167970726931,0.03009192708827521,0.8134630725683076,0.8472742517511337,-0.0056259951358843645,0.727390281102752,0.7924658557710602,-0.027277565347236965,0.71793887694678,0.793847199998308,-0.02336631968453599,0.7082100264966673,0.8148069646954329,1.2
0.40939394183979555,0.7538884468213031,0.8740346304994272,0.3758616206662442,0.32820128517442704,0.8525081042314891,0.3573176954458398,-0.11176180726580301,0.9125347247321879,0.31280537359645955,-0.12787861495938063,0.7475247946890967,0.39036213283674304,-0.11965324264278462,0.770751092978517,0.3376146683415644,-0.1939911132106205,1.003845295564497,0.1963476992502139,0.7524520861394526,0.8712895702602548,0.16072672386273748,0.3485481418648959,0.7872061089407383,0.09449646630691762,-0.08562417490192206,0.7640817749050528,0.14624676561926647,-0.09865875119995143,0.6404436218437506,0.07137963756863805,-0.11529544079155368,0.6882334823185946,0.09105278292448658,-0.16000489861835845,0.8334262522557144,0.33812422308519224,1.2858458038141083,0.9191708044328716,0.3635409242187434,1.542284755707294,0.8831941234505589,0.34318086601901754,1.4125254997112555,0.7831930023878175,0.4965818115933741,1.2265374412060328,0.8771038621464533,0.5687518811114706,1.0187847488905382,0.7808202779462812,0.42013850234607847,1.1424181853460207,0.7176118309404562,0.2895975876377693,1.186918384309234,0.8655784309922567,0.2832522547706521,1.2042591800642073,0.8086640698700166,0.29481983584250204,1.135456857585004,0.7937632985877425,0.1879583822360016,1.251516903611366,0.8886754242425707,0.11143201617484415,0.9952109961789689,0.9177178251935327,0.0379384439330533,0.8151121510239062,0.8442580594864734,0.0037399539200765595,0.7319315160002752,0.7803178302667604,-0.01917217073432254,0.7213415638524449,0.7869155097364533,-0.020984987338143957,0.710527294800918,0.8138496795804425,1.2166666666666666
0.40982442776484534,0.7537567360915943,0.8749445099495017,0.37529355530771863,0.328595243458804,0.8518821840420451,0.3572810590868286,-0.11204414645286188,0.912721909447869,0.3128580302358222,-0.12737118583873988,0.7476507265471259,0.39056442166980837,-0.12235865490083359,0.7757152978535149,0.33704212363277924,-0.1941943100810441,1.0038446169176192,0.19699075195628482,0.7530449192397654,0.8712004634380011,0.16108001423046425,0.34796560563569623,0.7866918546348582,0.09447649468822784,-0.08571246090406945,0.7642308572123382,0.14617794697563258,-0.0975368273301536,0.6382339795686757,0.07201001693870443,-0.11417295431040025,0.6880427801224496,0.0912424518904876,-0.1591386163980496,0.832772694971574,0.3411379798199736,1.2851518974237979,0.9206551663150855,0.3641551183134041,1.5414545380653897,0.885174714350904,0.34415020584470063,1.4104215136852425,0.7839270881768712,0.4975681075575141,1.2266938122285351,0.8770512862720299,0.5699703928325819,1.0185794207567356,0.7810530065560392,0.4228310571117778,1.1415694881355978,0.7184392462074939,0.2929773627947292,1.185301749208644,0.8638791946007757,0.28804720347535195,1.203163484377577,0.8096952916672537,0.29989065611711424,1.13573606824729,0.7928561382732209,0.18799790168373243,1.2511734508126833,0.8887131489137007,0.11245135045147749,0.9942586268043574,0.9230747488997237,0.04421892690401523,0.8174456438885114,0.8391712748283051,0.013658141841806987,0.7385592624041004,0.7672310999475989,-0.01224913722473105,0.7262048740828214,0.7778485681168377,-0.019382046079573074,0.7128353034751806,0.8128851343482848,1.2333333333333334
0.41028791956529975,0.7533927643770391,0.8757767404858446,0.37484372088930573,0.3287398483345713,0.8506925131009151,0.35729492478337993,-0.11203478451897485,0.912805864332086,0.31290634432440945,-0.12600503169916888,0.7476106651311437,0.3911875302460569,-0.12517972804331565,0.7814711492139286,0.3366968392425412,-0.19383401143741558,1.003242739977436,0.1977635980635716,0.7532902659118617,0.8712201179027247,0.16155921590545788,0.3472589721287198,0.7858772805745429,0.09449807565574987,-0.0859731454270042,0.7642836895859356,0.14596085850434137,-0.09698994279678308,0.6359244161667326,0.07266136407533519,-0.11428033482680386,0.6885299582586614,0.09163808490737757,-0.1583425051211298,0.8320431418342066,0.3440062754816124,1.284797461407417,0.9209492463716344,0.36469076698987835,1.5407668351579538,0.8866090611398654,0.34512942809659086,1.407961752926058,0.7843207954095271,0.49827652452819815,1.22674724372013,0.8769609489080814,0.5709518703273992,1.0181179339905388,0.7813632185236947,0.4257929295887069,1.1399735231905952,0.7208176070556132,0.29782531230818177,1.1856158640117154,0.8554833369198063,0.2937179091744738,1.2027061362081064,0.8079315190648694,0.3052113286784785,1.1361197700807992,0.7916995523073507,0.18815513913058696,1.2504673804730546,0.8895934295478645,0.11345426377604717,0.9932828472924641,0.9282684155090665,0.04901768985921716,0.8207273692024033,0.8321173229556384,0.02318689055958898,0.7471897356953291,0.7547241892870535,-0.005466568522194457,0.7334147827799957,0.7660450039923494,-0.017157828783028246,0.7158084783347063,0.8097741536493136,1.25
0.4107632063822769,0.7528090684736123,0.876612819491881,0.37449784677631226,0.3287278746893538,0.8491247347445166,0.3573093240892343,-0.11177890459654077,0.9128087608990936,0.31291879188084815,-0.12392183341258561,0.7473429033890593,0.3919278936541904,-0.12766738459076124,0.7871027256535891,0.33663850892750163,-0.19288534331858834,1.0020731069353774,0.19869789923437536,0.7532628803240323,0.8714434399498702,0.16216666401227725,0.3466931871325669,0.784672247698141,0.09460249307370365,-0.08641231490439749,0.7642139311709066,0.1457384600389851,-0.09733614703812186,0.6339955409459883,0.07323534555406686,-0.1156276138641203,0.6892397948214478,0.09225383091389615,-0.15769572374269625,0.8315368889852054,0.34657771383150204,1.2848613026941993,0.9199911645249786,0.3649923407992911,1.540341004497217,0.8874827767708907,0.34588398332514964,1.4055651863118312,0.7844856001900558,0.4985614110404549,1.2264774106931313,0.8775560146903771,0.5717346287920209,1.0172809197377486,0.7816273803844829,0.42914274998638446,1.1376633805088967,0.7250437688828975,0.30420120426347286,1.1878603278250772,0.8413755464244288,0.3002757787379833,1.2029216080928247,0.8030075086173407,0.3109265462076507,1.1367894938385508,0.7897938377838923,0.1884902848472283,1.2494931597515124,0.8913296309198152,0.1145978193886957,0.9926289811330458,0.9325914167601624,0.0525950789643172,0.8257281601502127,0.8235062052065346,0.03130383192717079,0.7576493765558856,0.7445379119542425,0.0015879288034834375,0.7436064565436017,0.7522622466748592,-0.013600933498154336,0.7205815172203545,0.8029414894873236,1.2666666666666666
0.41119540362845763,0.7521203301581627,0.8773700960134969,0.374255358044038,0.32871687175772485,0.8474125328828722,0.35727710206081326,-0.11131550744527716,0.9127890606845683,0.3128922550671691,-0.12145696496890857,0.7468165577320015,0.39244358449924976,-0.1295386012568622,0.7917268548707616,0.3368654032746158,-0.19129681954881947,1.000366640605961,0.19983243987650046,0.7530580971700178,0.8718129308731947,0.16293418889949723,0.34651288036224137,0.7830695551408071,0.09478698843581092,-0.08703932045897288,0.764104540559116,0.14563857048452622,-0.09859229661599596,0.632816311985664,0.07359355988314986,-0.1177016113027779,0.6896093546282358,0.09308525391285367,-0.15729035824221435,0.8314219927399028,0.34875277295334417,1.2851456194415145,0.9185945897674099,0.36505438869562873,1.540252693449473,0.8877678289300773,0.34627814571208826,1.4036634446511893,0.784401503750019,0.4983711188337602,1.225780551054109,0.8791760637379378,0.5722642731994548,1.0162842093560285,0.7818174540014173,0.43314007212196287,1.1348303029717561,0.7310700810121586,0.311590034447615,1.191438523616595,0.8245436718668993,0.3074888283626896,1.203691441567322,0.7960770016557873,0.3168315187377665,1.1377070390427455,0.7871474572845438,0.1889357281567709,1.2483622141650788,0.8936140611501162,0.11580171739141261,0.9926508430694606,0.9355423627851336,0.055148629890228826,0.8334316402909113,0.8140521432672052,0.03748760085654031,0.769793972790631,0.7374508281144281,0.008570576940794737,0.7567355392189345,0.7383654993232606,-0.008648473419634494,0.7284685042119796,0.7921438806066329,1.2833333333333334
0.411537850042222,0.7514825358692738,0.8778826201168224,0.3741211790787602,0.32884791421484527,0.8457109812262524,0.35721058250686566,-0.11067316119109272,0.9127544734920117,0.31284255908987046,-0.11912085479117232,0.74612243982479,0.3926407415137858,-0.13063851775597138,0.794650004911329,0.3373135516690382,-0.18915805214499593,0.9983514274058848,0.20115014724338925,0.7527348036699886,0.8721259070789456,0.16385672708611645,0.34675631544598573,0.7812146387181362,0.09501027224217798,-0.08786295920322065,0.764087572058912,0.14561553000787592,-0.10049541985774538,0.632538994538146,0.07362769736114733,-0.1198225352140875,0.6894035153973327,0.09411720770803907,-0.1572062903133414,0.8316849337043577,0.3504899014007633,1.2852567619873854,0.9179272829534975,0.3649848004206917,1.5403905659234782,0.8876953782636748,0.3462878126402127,1.4024026391857,0.7840568124830055,0.49783386556649895,1.2247240245622466,0.8817160429980858,0.5725786774646517,1.0155106416059783,0.7819636590899255,0.4379237152189556,1.1318355548436685,0.7382980720006019,0.31915752914123496,1.195380210932058,0.8082926169122637,0.31487963898610694,1.2046777067496375,0.7889504822655073,0.3225622977847562,1.1386127208356933,0.7840828807205211,0.1894000621223907,1.247129207925983,0.8961190802991945,0.1168786416344772,0.9934811995244968,0.9370032535714368,0.056885328136806856,0.8445134450464871,0.804238958558366,0.04207354663417508,0.7836117230580758,0.7325404122225206,0.014717394512160224,0.7720596889681263,0.7261232306272104,-0.002575541556865394,0.7402754850074071,0.778417136216937,1.3
0.41178272354031115,0.750978649012993,0.8781202177179173,0.374123906186983,0.3292583354424681,0.8439216450416547,0.35719283404519636,-0.10983448071100113,0.9126022056695574,0.31278332471338355,-0.11740065623098195,0.745413549583035,0.39267660694059703,-0.13089680693295003,0.7956635652922063,0.33792193191652015,-0.1867666889869331,0.9964186442724167,0.20252463573548743,0.7523600418360683,0.8721194493590748,0.16485773860662295,0.3472579780690912,0.7793745676093685,0.09521649585631141,-0.08884712322569224,0.7642052093460432,0.1453808553998039,-0.1026578568289232,0.6331195153801884,0.07329559082503245,-0.12145997612037021,0.6886965015444552,0.09533041295810338,-0.15740260363676165,0.8321827923320697,0.35165910073508744,1.2848975656425634,0.9186522849525943,0.36492538727267887,1.54044148361554,0.8876662614630852,0.34599166546280286,1.4016147269305417,0.7835560874290972,0.49716511510977907,1.223469647379359,0.8848275543869815,0.5729098121296695,1.0152853633706431,0.7821017578521989,0.443334073462368,1.1291192376778725,0.7455328770251952,0.3261308249665228,1.1986076472492084,0.7948483852524773,0.3217807535470112,1.2054055099778667,0.7828958670659893,0.3278188560143592,1.1391646624780245,0.7809559499525576,0.18981573917013034,1.2458572497783702,0.8985618348658965,0.11767671473665944,0.9950642669208899,0.9371836090503196,0.05812414492228893,0.8587461623086949,0.7945082979883966,0.04620543636570783,0.7993359694006412,0.7274720859977373,0.019375926973013352,0.7886342593668194,0.7163464250794098,0.004090463780888063,0.7556993247897401,0.7635446296621673,1.3166666666666669
0.4119428174667291,0.7505669725904744,0.8782498579735349,0.3743242229650914,0.33008168767391893,0.8417140676397221,0.35731329848117993,-0.10871924594082864,0.912194860151059,0.31271076180892166,-0.1164883081340026,0.7447893353319929,0.3926121083341284,-0.13043093869015676,0.7953147863934008,0.33869650415416136,-0.18443271569064448,0.9948198214658146,0.2037699933775496,0.7520291118350222,0.8716598346080802,0.1658530818806945,0.3478033165268919,0.7778151215108887,0.09536952634397883,-0.0899047917356779,0.76440181227562,0.14457036080999566,-0.10475977229133962,0.6344079874697766,0.07258189819898682,-0.12229106318538352,0.6876176305905025,0.09668127892322795,-0.15764517767764336,0.8326737832372147,0.3520213631384145,1.2840301397936615,0.9207219452398561,0.364953874774407,1.5400997160837842,0.8878627949343934,0.3455144652018204,1.4009654975722508,0.7832003771528832,0.4964646000030452,1.2221802864612934,0.8880641580370046,0.5735170965438161,1.0157380691414333,0.782239191760818,0.4490183555835551,1.1270757903106596,0.7512982561587815,0.3319564795510229,1.2003547858348038,0.785014907637287,0.3275025783212599,1.2055515787849693,0.77838123202256,0.3324398984736727,1.139218404576704,0.7779689375911443,0.19013172873285278,1.2446759776284875,0.9006533032800816,0.11813035266619598,0.9972895739090147,0.9364722781840513,0.059107287757707114,0.8747811221463093,0.7856802774281433,0.051198444613502425,0.8172606122097279,0.7198751133048181,0.02261664226508841,0.8059372297936316,0.7088524527578693,0.01060384276240058,0.7734963261634867,0.7494451263048477,1.3333333333333333
0.4120108908640227,0.7501158904804228,0.8784352091712423,0.3747784798695545,0.3313032722166578,0.8388188944680215,0.3576086376270147,-0.1072773442978825,0.9114586584046008,0.3126113247362544,-0.11619047620084287,0.7442909547919354,0.39227416023036116,-0.12968144181761382,0.7946092307515135,0.33966603848283466,-0.1823196215874635,0.993590835356599,0.20474116114422816,0.7517541328844994,0.8708510895830887,0.166822002413262,0.34821737224521665,0.7766774446908039,0.09547117837158847,-0.09098376377005793,0.7646139355396053,0.1430581792437252,-0.10661328827439931,0.6361658476642705,0.07153724447861712,-0.12217772874323515,0.6863083000772413,0.09806816427623426,-0.1576809779058505,0.8328965641259188,0.3514675170015795,1.2828010996494061,0.9237482393920122,0.3650311212875208,1.5392672932935483,0.8880420186840802,0.3448995843451133,1.4000686523376988,0.7834090395180862,0.49568572913755593,1.2209602193632063,0.8909571929817985,0.574479846407991,1.0167456416786536,0.7823391030003961,0.4546568292146212,1.1259488002412543,0.7545025230390827,0.33622920802949,1.2004903679022922,0.778750808580378,0.331537369280281,1.2052567044640923,0.7755384767540539,0.33629199672309434,1.1390176095157218,0.7752593435115198,0.19031445698864785,1.2437175365887474,0.9021093558413512,0.11829455052611267,1.0000115550054305,0.9354078818204492,0.059814246165915685,0.8907370301612814,0.7784961573871407,0.05773198608018587,0.8373936334150482,0.7085947969664235,0.025444207686513984,0.8240869962382255,0.7025932561779838,0.0164757129825831,0.7924039523504867,0.7374788376241996,1.35
0.4119606198317521,0.7495239084366436,0.8786339037597406,0.37550503870419105,0.33269257342108466,0.835223048917306,0.3580635891323448,-0.10564665706298575,0.910392646547343,0.31249547030040853,-0.11618262649060804,0.7440004218738828,0.39152464840351275,-0.12913901497275174,0.7941905997512102,0.34080019967989034,-0.1804339026887001,0.9926334372864595,0.20537229898446427,0.751397602560594,0.8699109651667384,0.16778861174303814,0.34833683881232125,0.775956238218799,0.09553754384859915,-0.09214705517710872,0.7648301473924063,0.14110497011040113,-0.10804101993602361,0.6379481285249418,0.07034220664845706,-0.1212542612943047,0.684987052989766,0.09933322274392585,-0.1575107153588782,0.8327390877286804,0.3502268637381824,1.2814170588806535,0.9273037973497681,0.36504707541437165,1.53802650620342,0.8877378212139486,0.3440651812103881,1.3986328017203233,0.784433661114863,0.49479773422007156,1.219868225658041,0.8930723045618891,0.575690680703359,1.0180161165727855,0.7823214671021345,0.46006231622855226,1.1257745800248804,0.7549828531620407,0.3388686819952895,1.1995373075343534,0.7754950129944194,0.3338075356744945,1.2051235937113185,0.7743632542732583,0.3391748562609273,1.1389552456437313,0.7732650147768154,0.19037971465335768,1.2429904392359745,0.902811459821861,0.11837275207011858,1.0029544236433636,0.9347300927051121,0.060293935813684904,0.9053149905755662,0.7730158136918367,0.0654204231344653,0.8594144963491248,0.6940673673651784,0.029297915388116214,0.8436120211661335,0.6959553292170877,0.02205864704942029,0.8119490597469371,0.7277064925713207,1.3666666666666667
0.4118026417456654,0.7488320400846383,0.8786886985120362,0.37648122452344174,0.33396844339881104,0.8311038449104273,0.3586351862914878,-0.10413315244226301,0.9090487247459564,0.3124246813099292,-0.11630831095623358,0.7440759457041116,0.39047953194311247,-0.1288031407488598,0.7939160681138352,0.34201615048388634,-0.1786427863581605,0.9916517295927973,0.2056943817453227,0.750808864603774,0.8689452743660839,0.16877408482034947,0.3480427417193178,0.775498033452654,0.09559013323331894,-0.0934789494239589,0.7650844383803294,0.13919148732578665,-0.10879841177512639,0.6391542558756507,0.06922762749946089,-0.11994628195729022,0.6838952973114812,0.10034910609613347,-0.15740540603138412,0.8323582742967116,0.34878669211913116,1.2801008398760556,0.930886418069659,0.36492081714876684,1.5365307189565673,0.8866523930100187,0.34289090875939643,1.3966338710243158,0.7861638505751996,0.49387986038326076,1.2189761852895447,0.8941037575335408,0.576972552026082,1.0193014718968036,0.7821023698529339,0.465040997645813,1.1263768968178827,0.7534592471076501,0.34056091933475885,1.1983990414926855,0.7738292961658519,0.33481877519162806,1.2057456404024047,0.7743822539095377,0.340987961847876,1.13920859853482,0.7725425215107518,0.1903993812863397,1.2423438876308541,0.9029621686720986,0.11866043410274521,1.0056460435228076,0.9355181147748322,0.06124334915140656,0.9184664455297129,0.7689569250835957,0.07305229131967063,0.8831047021238316,0.678087632405789,0.03522833682260304,0.8652755534063238,0.6875956126954246,0.02841971408542473,0.8324187550208806,0.7187505067922455,1.3833333333333333
0.41161720588615586,0.7481726167479794,0.8786086860095004,0.3776529442441722,0.3349775655573184,0.8266746116240546,0.3592763244124998,-0.10297933919062047,0.9075295351483708,0.31247224613372204,-0.11656678131936984,0.7445665158890625,0.389434346979807,-0.12815652108841807,0.7930932433467696,0.343261281859074,-0.17676070789439738,0.990234154297294,0.2058295894724106,0.749982503287405,0.8678757176100653,0.16979500234842723,0.3473539256668158,0.7750193998250606,0.0956851692166347,-0.09490353469290612,0.7653951550540814,0.13774525125892886,-0.1086993091973231,0.6393576569296104,0.06835901173634137,-0.11880688484067753,0.6831753663455529,0.10114305130220066,-0.15768274756243947,0.8321429869274218,0.3475629784714923,1.2790781482866138,0.9337757671025348,0.36465660025845587,1.5349818365546513,0.8848186575135882,0.3413091992730939,1.3943323837645867,0.788234342868555,0.49304577179710657,1.2183201748675994,0.8940843610974866,0.5781394081279226,1.020576040770785,0.781715943321235,0.4692057025980712,1.1274075720029317,0.7510971980717909,0.34268736761281254,1.1978521377772469,0.7719549019524548,0.3356033285152136,1.207246338416275,0.774435860676874,0.3421135024720533,1.1398237849334365,0.7726585801680348,0.19044106741155445,1.2416066720948555,0.9029357245107162,0.11941402057461434,1.007613188060633,0.9391021449327349,0.063933629441132,0.9310811569000783,0.7664105214231605,0.0795931180292113,0.908851425110262,0.6632335765287561,0.04339805973295658,0.8901022008779238,0.6773612087380304,0.03662425996515894,0.8545178700359058,0.7086981944401374,1.4
0.4114966667959441,0.7476252995994088,0.8786154550732537,0.37894488199011667,0.33572301143212263,0.8220467511383946,0.3599563259204407,-0.10222584018763493,0.9059624444546996,0.3126374882475623,-0.11694273406582964,0.7451741652183552,0.3886563948612376,-0.12669747161306277,0.7908466651040943,0.3445520548251357,-0.1747346407657705,0.9882000297335949,0.2059068244186552,0.7490388446185939,0.86662502544345,0.1708594625769057,0.34639105412961124,0.774268056977666,0.09589233213510452,-0.09622143183899798,0.765764866681333,0.13703074604991627,-0.1077788184007733,0.63850379701834,0.06782035947876822,-0.11830885197900484,0.6828318555705495,0.10189305855382846,-0.15852919472479457,0.832518008539016,0.3465965072840629,1.278507879906736,0.9352112416747705,0.3643152923339837,1.5335827928397356,0.8824318697009257,0.33936818729363566,1.3921202602750788,0.7902773699073022,0.4923245929112332,1.2177751544257585,0.8935006836158377,0.5790119692505309,1.0220259925070414,0.781434890319998,0.47215485300963567,1.128448023869518,0.7490911163212561,0.3466271348040013,1.1982411535091582,0.7691099032382237,0.33758032125208826,1.2094454169358089,0.7728392816534444,0.34373341819155334,1.1410860224496377,0.7715293798329075,0.19051278626090407,1.2407665140545676,0.9029354727532782,0.12064572366829364,1.008840618644638,0.9458666933344951,0.06937823425545592,0.9444658207579256,0.7656969261576027,0.08532438103927117,0.9377083532106806,0.6519697894885885,0.05346365318486049,0.9193298730998819,0.6663277854897823,0.04735338676686063,0.879364735174356,0.6964399698074978,1.4166666666666667
0.41147686356047497,0.7471658271833342,0.8789031858604116,0.38027763154761035,0.33629091201893346,0.8172045817754604,0.36066205358888337,-0.10179166977095865,0.904440265021791,0.31283729665810367,-0.11732661335325077,0.745384096185433,0.38826208770942516,-0.12427196845211819,0.7865857100835225,0.34592277445951675,-0.17271038360510244,0.9856652600402551,0.2060017025425289,0.7480865461065077,0.8653378426262757,0.17193633160778188,0.3452538130746734,0.7731864359198047,0.09622424950983649,-0.09730063871413663,0.7662220806848198,0.1371512843809249,-0.10628986406853722,0.6367864293829317,0.06761849962602208,-0.11869455899041806,0.6828566009302953,0.10277332198857846,-0.15995575958967373,0.8336989979235637,0.3456175940947387,1.2783628299181689,0.9350294277924271,0.3639485373798944,1.532397928546582,0.8796629783192633,0.33724956754889157,1.3903411200545075,0.7920457644185118,0.4916369375329187,1.2171072278549515,0.8929728135096789,0.5794876481055997,1.02381852830797,0.7816173600375301,0.47396224453653957,1.129227758140081,0.7480157612534621,0.35326346328646896,1.1997740053373613,0.7660431977732975,0.3421076943341309,1.2124699824038032,0.7677484131780679,0.34748100888493566,1.143589913001394,0.7665878911203932,0.19058120740897377,1.2399856441411303,0.9029156078383975,0.1217625663085449,1.0099186616297282,0.9535830549222433,0.07765170910965805,0.9602916668714278,0.7664081932351666,0.0918952933687423,0.9707013228169982,0.6456256833257844,0.06548821596512035,0.9539472634390528,0.6559155563269686,0.06103695224525557,0.9084375549996904,0.6824914548161115,1.4333333333333331
0.41154713325758935,0.7466626613190913,0.8795032916507219,0.38159320343404934,0.3367573083228763,0.8121460640498157,0.3613899856433496,-0.10158599858600775,0.9029910364101439,0.31299361230743455,-0.1174703041770267,0.7448286118692173,0.3882391009991742,-0.12104136249934402,0.7804933058244493,0.3473820758155862,-0.17089355171938767,0.9827787493952602,0.20615247265139938,0.7471153960490599,0.864325222412191,0.17295546747174723,0.3439847252850865,0.7718866865030408,0.09663458480756024,-0.09809761997212472,0.7667633340187715,0.13798613562393233,-0.10457781111758636,0.6344783478138134,0.06764205470258301,-0.12000441519651346,0.6833693804922502,0.10384682846394785,-0.16185009615511142,0.8356421123861945,0.34435846336826603,1.278363606257803,0.9340608033165865,0.3635637236734532,1.531244128613189,0.8767502211393975,0.33517730714965555,1.3891766248065787,0.7933205386654827,0.4908991238345384,1.2161801670037076,0.8927518920327857,0.5796044219513066,1.0257613344868943,0.7823473743228495,0.4753788273320523,1.1299077240195248,0.747059401005786,0.3628608311306052,1.202748570158603,0.7641345584234227,0.3496892185372118,1.216838732799587,0.7578666417663118,0.35432342206393047,1.1479124735772839,0.7566278633234145,0.19059538828578437,1.239441688553375,0.9027765727941424,0.12147988693919745,1.0114138715824037,0.9580609015559167,0.08803083230997698,0.9802556903310999,0.7670389795071175,0.10119537329210568,1.0077503324917336,0.6437800071530984,0.07999864887828739,0.9937481823503882,0.6471790772384014,0.07770274808667685,0.9428892882082125,0.6687414639804797,1.45
0.41169185594222896,0.7458590684108874,0.880358245579261,0.3828673627778473,0.33713328445917146,0.8070052323866785,0.36215087493816717,-0.10153452338625427,0.9016050729598287,0.31308813058674617,-0.1170361963607022,0.7433521068523705,0.3884794775151865,-0.11744926636328487,0.7734389334791225,0.3489166110476865,-0.1694054819845705,0.9796831647602168,0.2063656441018024,0.7459623693043127,0.8638125787096956,0.17383739145920615,0.3426032304904087,0.7705494665289165,0.09710005338028985,-0.09855512024106082,0.7672766729040783,0.13915467583709218,-0.1030318598508919,0.632039287936713,0.06768232659355602,-0.1222512851051537,0.6844790729364318,0.1050902094768227,-0.16410930967220919,0.8382141792439267,0.34267006658721144,1.2780878648760357,0.9335407225005503,0.36309966741754185,1.5296913092073419,0.8742480397400412,0.3333137036958431,1.3886237273591124,0.7938354220449688,0.4901272927157264,1.2150221486698318,0.892652333494073,0.5794616404943609,1.027201987180482,0.7834781038836447,0.477435816546947,1.1311477492236883,0.7443545120056543,0.3749473321830872,1.2071969698975904,0.7641617994908805,0.3599362596480382,1.2225919132360092,0.743714206892954,0.36394083826352264,1.1544167035603088,0.741992320714112,0.19049042107756226,1.2391460599572186,0.9025025211795566,0.11856642844284987,1.0130989699492867,0.9563913862638092,0.09956913733491982,1.0048097380641785,0.7661912647067934,0.11429836383335112,1.0472971012728485,0.6451165977251268,0.09705480586193653,1.036781186324256,0.6410468231122064,0.09650233582609216,0.9823107559620666,0.6573514423323239,1.4666666666666666
0.41190253027857815,0.7444607263053062,0.8814114322440785,0.3840924009718263,0.3373660094312376,0.8019849153781081,0.3629635588524871,-0.10157399208968328,0.9002678503553354,0.31313414894837927,-0.11584257174389569,0.7409117098748756,0.3887192506815038,-0.11411192859167824,0.7663499849613057,0.3504840710299449,-0.1682219660225171,0.9766169388029704,0.20660749974657613,0.7443724646692953,0.8638398517646694,0.17452097592446733,0.34112898545669756,0.7693504502788511,0.09765859029808943,-0.09861107967769825,0.7675865079259345,0.14015421379743706,-0.10202412796929339,0.6302502400882246,0.0675466173364029,-0.12521196721605757,0.6858743848774961,0.1064322387338337,-0.166722642178104,0.8413065859610349,0.34042497293453056,1.2772087514199506,0.934189563756352,0.3623905281195756,1.5272428835660017,0.8729411696183905,0.33174910961351534,1.3885483989931302,0.7934422790299578,0.4893757990796053,1.2136967699708123,0.8924569676809301,0.5790524521137673,1.0274362637784729,0.7851853599690113,0.4808332655389542,1.1336851617878407,0.7384926442225316,0.38846383474326773,1.2126973363419697,0.7655909817004294,0.3726349509873235,1.2285825525053127,0.7287395117119153,0.3756485526715209,1.1633724933000942,0.7235188929591871,0.19025195312524815,1.238935234247096,0.9021683359066426,0.11274898900891817,1.0141729242663282,0.9488037871167312,0.111292085640908,1.0321702815646612,0.7641074027234624,0.1310940052925845,1.0867990904873455,0.6496856354467786,0.11594227219566616,1.079920082812157,0.6392294700793626,0.11593585496562153,1.024120283286746,0.6499873371250455,1.4833333333333334
0.41217205052016426,0.7423050157097416,0.8826425320686819,0.38524114363443773,0.3374097749276189,0.7971719057615868,0.3638198152282034,-0.10166890976225419,0.8989680863525658,0.31313806007464556,-0.11398463562868183,0.7375670106538543,0.38850606194976356,-0.11148970501680058,0.759697823105511,0.3520121180519747,-0.16721458772717118,0.9738012488484461,0.20682919663711966,0.7421713550690989,0.864372032245584,0.17499736381569828,0.3395874342329218,0.7683545572712238,0.09835381773081113,-0.09826316591243887,0.7675590223401966,0.140622361325542,-0.10163354773830803,0.629769011567148,0.06713750813014391,-0.1277883949441651,0.686613400646261,0.10773384404666549,-0.16970646591282795,0.8447757550553092,0.33752789215558937,1.2756628332006248,0.9359580932758211,0.3612116168003675,1.5236764584696638,0.8732962632600882,0.33048500301652783,1.388751506586996,0.7923768546664361,0.4885850339302944,1.2121777892646355,0.8923057887302877,0.5782008355588666,1.0262063961464933,0.7881927434604417,0.485724140153384,1.1376431961944855,0.7296821217326988,0.40227564469996613,1.2187450795678505,0.7671160478053022,0.3880789573215401,1.2333406309432122,0.7179059998289661,0.3895473677623069,1.1747827934724084,0.7026298568595848,0.18994096297247343,1.2386494705922386,0.9018974219756211,0.10479887288204959,1.0141418234532311,0.9373570483436544,0.12208537972026605,1.0590931065502656,0.7624380764991417,0.15038273708395294,1.1234096999362626,0.6596980814036635,0.13589249371056933,1.1200595303916472,0.6442514644405466,0.13482524817660402,1.064631812013792,0.6481791193280452,1.5
0.4124978785188306,0.7394000742820024,0.8840719378395372,0.38624697556711957,0.337287975144165,0.7924507573917348,0.36466538575681734,-0.10183240211026558,0.8977038356281235,0.3131079587783142,-0.11154991241967241,0.7332933222582351,0.38738292491598414,-0.10960468903796193,0.7533799439138275,0.3534424976022289,-0.16633440252569887,0.9713068037359642,0.2070073016431367,0.739404125028484,0.8653812747161509,0.17531493628550338,0.33798466289596973,0.7674707992037197,0.09919444945813259,-0.09753387036234767,0.7671308332690898,0.14059474320095003,-0.1012703441145066,0.6303030616049695,0.06647096198396109,-0.12784399301417193,0.6852525327534558,0.10880227378621697,-0.17300204591894025,0.8483788318158676,0.33407952414529407,1.2736637385203167,0.9382551351064138,0.35940315381053656,1.5192028343432804,0.8750611777290689,0.3293884220633601,1.388984904278657,0.7912905548357867,0.4875999014378847,1.2103920879001597,0.892638303325294,0.5766861338077086,1.023724768536922,0.7932805336029676,0.49196942306025215,1.1423504404389266,0.7197372477856583,0.41543956168637,1.2251211002627944,0.7679518284462623,0.40583767575376517,1.2366884373548863,0.7143255373219083,0.4059972977549452,1.1878559817673155,0.6824241767170701,0.18955166614980332,1.23816426848574,0.9018141935373136,0.09603270511859355,1.0130238469793929,0.9242520859197769,0.1309037241384899,1.0828881898750866,0.7626969855710792,0.1703073675092042,1.154602086526426,0.6772953273096103,0.15642534902433128,1.154962160564136,0.6577655897954512,0.15284721227426445,1.1009116899420635,0.6534787703157454,1.5166666666666666
0.4128958837869244,0.7358361392486066,0.8857262226777078,0.3870332427328258,0.33703540654821795,0.7876605348249592,0.36542762724726563,-0.10211177561120625,0.8964946621740029,0.31308802284687265,-0.10835895953555681,0.727856027174628,0.38518717485768666,-0.10803191173544888,0.7469918111150011,0.35476222139643143,-0.16573554184808387,0.9691377559557505,0.20717480233683816,0.7363109320641773,0.8667803994876824,0.17552806118580058,0.33627401734810136,0.7665749202795131,0.100170053931397,-0.0964288654564549,0.7662695858203961,0.14050352234574764,-0.09967474751334213,0.6305199519821537,0.06564415793702044,-0.12316548127287653,0.6803415402415449,0.10951510530607561,-0.1764470057914156,0.8518037666492131,0.3304079463590013,1.271565084933163,0.9402802017533856,0.35692320453685816,1.5142806853499922,0.8775565770796824,0.3282659676627343,1.388946959429153,0.7909142556316068,0.48636319859735383,1.2083684276802238,0.8937926789726327,0.5744816685092778,1.0204093167172203,0.8006847671899763,0.4993033069082977,1.1469610213551173,0.711136053900387,0.42709034398922086,1.2318699350015225,0.7683001229918658,0.424038487986916,1.239726966282266,0.7183677911361113,0.4241813840730596,1.2009462775379582,0.6673581875906489,0.18890397942996007,1.2371955830833228,0.9020048153370315,0.08783422658228454,1.0109281612475343,0.9116736209159563,0.13733024703142838,1.1028039461236046,0.7656390531818751,0.18885048691278766,1.1787019794774676,0.7022410744103275,0.17685482814744463,1.1834547000801656,0.6790912999085343,0.17007740341131458,1.131590111258106,0.6662299821002486,1.5333333333333334
0.4134033883932894,0.7317615488183076,0.8875493622547392,0.3875660252742216,0.33658441425473706,0.7828467644372429,0.36604927258797776,-0.10255545943136557,0.8953826008182744,0.31315554702683324,-0.10429066599650288,0.7212192335808449,0.38216997596641983,-0.10617182843881517,0.7403057257200581,0.355965295943123,-0.16564975643211918,0.9673671938130733,0.20742223443499483,0.7331850126335456,0.8683614172562424,0.1756615700268055,0.334403166795571,0.7656128603845862,0.10126252633564065,-0.09499927883866123,0.7649774120437729,0.1407948489308012,-0.09567312840779578,0.6291314048815553,0.0648274291291639,-0.11304575898381555,0.6714098465467819,0.10990708911517297,-0.17981169396978947,0.8547314364312444,0.3268687704028346,1.2696397166616136,0.9414167272540048,0.35381999199151076,1.5093907320775393,0.8803232839004547,0.32702820894065465,1.3883473659894865,0.7916491152854203,0.48500506433540636,1.2062700082490003,0.8957978019720304,0.5719152293434109,1.0168033387509503,0.8098872100592084,0.5070537226368415,1.151041743048936,0.7057677001559032,0.43640776802993814,1.2389135280154981,0.7687768426379951,0.4403020357742864,1.2432082685439876,0.7291456365469746,0.4418034231158151,1.212177468258562,0.6611209227864216,0.18778767286954173,1.235369893013132,0.902410097752602,0.08133328785996906,1.0079925522737523,0.9021496945386678,0.1418990565499686,1.1195570038729712,0.772005026043173,0.20431401801169108,1.1953065321029084,0.7321723106968833,0.1960513029441457,1.2054641502897594,0.7057660653195552,0.18634780280127106,1.1562370162609592,0.6848187687858824,1.55
0.4140579877159499,0.7273984258213346,0.8893620184209975,0.38786788742079065,0.3357426847122501,0.7783119641656658,0.36649513025085123,-0.10319364659517413,0.894414411623119,0.3133370515868526,-0.0997645756938319,0.7139482902970096,0.37880680057931515,-0.1036600281867078,0.7333888158438269,0.3569979329912734,-0.1661387714076179,0.9660404117429909,0.207829395890041,0.7302122068727589,0.8698989540487274,0.17573722956301277,0.3324019047781549,0.7645405021191214,0.1024447736648887,-0.09340243631708692,0.7633347332954347,0.14165833496544625,-0.0889582870966652,0.6257132389260224,0.06439975040564472,-0.0988419472099431,0.6593035175688639,0.11008273571396245,-0.18289288069292559,0.8569312501353745,0.3236555932268068,1.2679652936645616,0.941397535708224,0.3502559629156311,1.5049234995718295,0.883244396622772,0.32574901785447274,1.387039829463339,0.7934766147661982,0.48373886853021364,1.204264801178596,0.8984774108531464,0.5695298500201158,1.0135969835671648,0.819879666831128,0.5139161644681405,1.1544115181517336,0.7044061222988471,0.4427842535706574,1.2456825002869638,0.7699269668154571,0.45282930600031435,1.2467347557762818,0.7444183782788177,0.45621749707592807,1.2201700140583318,0.6647529212512105,0.18621432092267687,1.2326376275940412,0.9026823135031341,0.0771784068094225,1.0047662675359865,0.8979011254013801,0.14564503918999908,1.133795558333537,0.7827189105923109,0.2160162977138482,1.2054533215501233,0.7639538133200244,0.21291143545691854,1.2218849871502158,0.7348724011983025,0.20119639059898908,1.1747316300261983,0.706761163677299,1.5666666666666669
0.4148744935966181,0.7229631395616591,0.8909686034893335,0.3879887947546012,0.3343479505160888,0.7744083408971552,0.3667474981211751,-0.10401247293670805,0.8936220892423432,0.3135051453568096,-0.0955988217072899,0.7070422444562704,0.37547689624845604,-0.10057933669666452,0.7263992256478379,0.35777965555463076,-0.16696438465631785,0.9649565955534017,0.20838276399360925,0.7274307360716495,0.8712914418589791,0.17580001465330264,0.33038005064942094,0.7632577317538807,0.10368198849307998,-0.09183107485671564,0.7614767938633468,0.1431351321528743,-0.0801073979362338,0.6204070733265458,0.06493475713796212,-0.08288727644546698,0.6454902858161776,0.11009833581802204,-0.18562448541883075,0.8583580970244746,0.3208494850016087,1.2664665420769765,0.9401864820293105,0.3465505289697728,1.5011046439759181,0.8859634188731277,0.32457580200546055,1.3851146878630813,0.7961373997840813,0.48270901768733154,1.2024067932924667,0.901543839070476,0.5677694956129081,1.0113292743055249,0.8296212540301292,0.5183918949708343,1.1566742780412997,0.7070483599475673,0.4460019626064212,1.2513359341009112,0.7720826626066829,0.46063301105911936,1.2496341625038179,0.7595678155001577,0.46569031359956503,1.2243568368116724,0.6764274975460203,0.18447334475757948,1.2294496402716575,0.9022919604532754,0.07528409216408662,1.0023492954771438,0.8990853758420763,0.14921794732705687,1.1454813892824949,0.7974379670482351,0.22465619429566705,1.211208154308744,0.7940412830760866,0.2269003974025132,1.233998029094245,0.7632404445657537,0.214200514883829,1.1874227783637634,0.7298783227605712,1.5833333333333333
0.4158377825380729,0.7185812665618978,0.8922703998326478,0.3879707691247455,0.33246027848674564,0.7713131636059994,0.36680682222163663,-0.10491971991183259,0.893015065431021,0.31343012935735065,-0.09242494807309197,0.7015277638646666,0.3723579096614208,-0.0973145271317094,0.7197020289627888,0.3582916592765142,-0.16770752294167734,0.9637227710306361,0.20899507077127938,0.7248245310551811,0.8725562399419101,0.17588827749239988,0.328473879999296,0.7616780680378399,0.10493623727629084,-0.09034309225143819,0.7594748553951254,0.14513560273010823,-0.07033730844785607,0.6136853492105492,0.06681513221751749,-0.06741693701081153,0.6317435500767674,0.10996441159935787,-0.18807533041363486,0.8591343437863327,0.31862458462621346,1.2650230442099621,0.9379557074018023,0.34312303863864024,1.497971570594621,0.8876906075294633,0.3235986869718313,1.382866187010811,0.7992707787479896,0.48192189965735444,1.2006620344810233,0.9045830770709838,0.5668818680403469,1.0098477873980936,0.8381566155327416,0.519586895269416,1.1572498330946341,0.7129368601456472,0.44624454152896775,1.2552754100639878,0.775216403263079,0.46324329185468494,1.2518810935833606,0.7687840687311045,0.4696062230918324,1.2247839865013257,0.6924601398759838,0.18295899087370698,1.2265067396829474,0.9008936085540564,0.07467482378747797,1.0018812833714243,0.9030951343474642,0.15252137335306382,1.1544872879024917,0.8136209419762378,0.2316740115640199,1.2145739773678077,0.8185623240540274,0.23827116754974914,1.2427121903374523,0.7873482545444958,0.22523490279161718,1.1952883268861039,0.7523258068317713,1.6
0.416897435336656,0.7143068056045067,0.8932441354651981,0.3878295013756247,0.3303534187155074,0.769021606837597,0.3666915349002721,-0.10576343736161882,0.8925805017487919,0.312977030898538,-0.09035732034613132,0.6981059723125269,0.36957098204483485,-0.09437158219909078,0.71405819761487,0.3586150979123891,-0.16803387471843703,0.9620472934530262,0.20959640026504228,0.7223653719170784,0.8737441856736369,0.17600013097654424,0.3268441047165447,0.7598137182791506,0.10618032582140258,-0.08880294598581981,0.7572523692907495,0.14733653198579702,-0.06130755481029604,0.6064723481290883,0.06993272915113191,-0.054525357541622466,0.6200468865492144,0.10969482149968983,-0.19031585185146777,0.8594608044329992,0.31726112067972256,1.2635525000877097,0.9352430702274503,0.3403437903214996,1.495353466153609,0.8880121992631,0.3227807502173983,1.3806632609799085,0.8024251072937313,0.4813373995512622,1.1990052115505816,0.9070823248404686,0.5670100136862644,1.0082557206959886,0.8444780674559234,0.5175989956294544,1.1559089084386316,0.7202236341475113,0.4438004850780187,1.2570441080658137,0.7789356521999904,0.46044544704981294,1.2536671039990475,0.7682132364251216,0.4678021805272571,1.2217802854626134,0.708332186390718,0.18199855518463903,1.2243867264679165,0.8985588597559118,0.0739427979054253,1.003726165167308,0.9067762692826515,0.1552400826794214,1.1608612945773393,0.8280532645382079,0.23827079739134327,1.216384312415403,0.8345835407920127,0.24778676089587298,1.2480323551607198,0.8045870007757204,0.23431217169863439,1.199505460075284,0.7721277151040071,1.6166666666666667
0.417972748140415,0.7101781971523973,0.8938739042940385,0.3875820347144465,0.3283428735266033,0.7674925683811572,0.36643409422823575,-0.10641435017691242,0.8923005659689753,0.3121959744595024,-0.08923827597969837,0.6970065775849127,0.36725848654855875,-0.09231750838215658,0.7102798409422473,0.3588693201891079,-0.16783495442642615,0.9598728460795816,0.21018110818736246,0.719991328949638,0.8748905495383846,0.17612339941264715,0.32565857822331257,0.7577487269553599,0.10740166691793261,-0.08701367634031291,0.754649781290584,0.14928768139914622,-0.0546941965447508,0.5999558685875284,0.07374847401176546,-0.04620491812945951,0.6120242359053677,0.1093140445780505,-0.19230983458273265,0.8595239365626054,0.316926456761797,1.2619734588173026,0.9329642861763181,0.33828773012879576,1.492846278130727,0.8873770341796327,0.32199828615196907,1.378813055750157,0.8050492106162124,0.481018245198605,1.1974219470195848,0.9086057331830124,0.568140161201478,1.00574188262256,0.8476656798098721,0.5131637542372702,1.1530620617861866,0.7268425320557055,0.4387005108995907,1.2559460263761024,0.7826844128843323,0.45261691874941146,1.2542360726293569,0.7589085640917266,0.46026259657476964,1.2159092755173042,0.7196585455954132,0.18182686758363056,1.2232492569583906,0.895768849334403,0.072264820216079,1.0072126481252635,0.9091434501624732,0.15750067019461608,1.1643588900319186,0.8388819374027732,0.24497595114643417,1.2162397757885468,0.8418892502696447,0.2559958722488802,1.2491961825124187,0.81473953980906,0.2411857308389972,1.2007057912490489,0.787047577583218,1.6333333333333333
0.4189909726986495,0.7062837597026363,0.8941343517239012,0.3872929652072227,0.3266616410790315,0.7666885660579015,0.36607290730816,-0.10682201128176985,0.89217928412655,0.31123837544100663,-0.08909463968231719,0.6981507676617681,0.36549111476608476,-0.0915649610055652,0.7086595828839259,0.3591322915078081,-0.16715236235091482,0.9572933095123242,0.21078941765179496,0.7176692329985004,0.8759965953633561,0.17627804888807921,0.32500068603213494,0.7555914505841648,0.10858049392900428,-0.0848567273151986,0.7515917519411897,0.15058524548768987,-0.05165089666985376,0.5952756058411295,0.07748070208177243,-0.04359857813051085,0.6084592270761227,0.1088407358399526,-0.19392813996213415,0.8593718445935494,0.31757811003439274,1.2601646350214002,0.9320569340482372,0.3366089461923488,1.4900078839483157,0.8863348924987019,0.32113392373022803,1.3774613243115954,0.8065670175823288,0.48111163217297026,1.1958599381423556,0.9090385944626003,0.5699363370752755,1.0024606316419549,0.8473020737207289,0.5069907899575385,1.1493374893681128,0.7321708222404202,0.4308432063243668,1.2514289516351202,0.7859422179175802,0.4411352397794363,1.25187285152962,0.7467527272155756,0.4476843925387581,1.207970118470439,0.7239524473949093,0.18261827041045758,1.222812833635927,0.893263197229591,0.06997437922085752,1.0112464133846486,0.9110846608418015,0.15977243365478044,1.164403673006674,0.8458915267804079,0.25165852720221454,1.2134974994459655,0.8432685420188725,0.2628812318185152,1.2455318690730781,0.8198203239439974,0.24558536810261114,1.1987738056638624,0.7953380398718439,1.65
0.4199235068561645,0.7028295148350661,0.8940117808830772,0.38705445120993887,0.3254574200509651,0.7664748337752463,0.3656406324475912,-0.10698762557063292,0.8922303124332512,0.31026236916537975,-0.09012544089847048,0.7011852176211391,0.3642109944413864,-0.09206342619666813,0.7087697501592929,0.35942064185878336,-0.16609869062475602,0.9545037494091402,0.21146847902140029,0.7154747778869324,0.8770289392542578,0.1764959688246434,0.324828926344901,0.7534678377336732,0.10967672449430686,-0.08236214595167826,0.7482340309722735,0.15099723692211708,-0.0524074946584204,0.593184694739199,0.08037410429231054,-0.04603356192144084,0.6089972747297034,0.10827638903427697,-0.19502521966586478,0.8588643950032769,0.3190604149429737,1.258091892173572,0.9329357156444709,0.3348188516473226,1.486687551610391,0.8849165796165647,0.3200893664316191,1.3765250088813294,0.8066620822602495,0.4817227214686033,1.194284852242696,0.9086542311767543,0.5717397759608465,0.9993721297342331,0.8437217596116706,0.49956839411487663,1.1450086936907111,0.737171054359022,0.4204762652669953,1.2438703539810108,0.7883271528222018,0.42765956258293003,1.2456428442036485,0.7379099853605309,0.4318170504609839,1.1986745148875846,0.7222190913588276,0.1843495226338414,1.2226126484644804,0.8917976220739334,0.06815014248650346,1.0148505509477699,0.9134715492218128,0.16234153219720787,1.160780078185941,0.8497218539957578,0.2577589514362402,1.2082172140067335,0.8426559879055886,0.26822397739530657,1.237360112697451,0.8226199732738102,0.24793316319342357,1.193583158321,0.7970304110167226,1.6666666666666667
0.4207774203225087,0.7000642546865076,0.8935365283285872,0.3869234631561294,0.32480515933437826,0.7666022246718804,0.36517609748761354,-0.10688870583239171,0.8924134443264674,0.30940586485541965,-0.09223454803417437,0.7052391190149295,0.3633106668043712,-0.09327988279128611,0.7097388606837945,0.35971275644551404,-0.16485557090787428,0.9517859445020908,0.21224711202973634,0.7135650513497379,0.8779403349462437,0.1767733683354623,0.32505264206785733,0.7514934408373897,0.11064247468240226,-0.07971568186938727,0.7449133046793348,0.15062964604432202,-0.056100397631988416,0.593622395811334,0.0820258082501016,-0.051142562736973624,0.6120054183600732,0.10760837297143631,-0.19549049425873888,0.8577829754538534,0.3211655195596981,1.255917163677576,0.9352449231885231,0.3326488588114662,1.4830307111615435,0.883220564734791,0.31876387480723223,1.3756764881602994,0.8057441972956836,0.482880912833301,1.1927719499704486,0.9079182354238693,0.5728397046338186,0.9973646566157494,0.8378873339511281,0.491411021206369,1.1401021668982656,0.7431232817672911,0.40833783494295406,1.23470051678811,0.7895055205926607,0.4130914092083223,1.2367365899397262,0.7345944924458809,0.41473243322203734,1.1884951604785594,0.7181410103308745,0.18656839186980106,1.2221060294891661,0.8919727083363266,0.06779878962948105,1.0170604745745961,0.9167139053524318,0.1651862932591321,1.154213907747478,0.8512547517680132,0.26276984085924776,1.2013063970920004,0.8427421843605409,0.2719379228717543,1.226189532880229,0.8251732835902479,0.24940177090396587,1.1857572712112807,0.7941960585980777,1.6833333333333331
0.4215687371684458,0.6980788172217267,0.892828017967488,0.3869142007689428,0.32471137685891927,0.7667741526001477,0.3647447429389762,-0.10643867584704886,0.8926044306209668,0.3087789716522157,-0.09477636037219254,0.7090136614694937,0.36271798869908756,-0.09452336991758008,0.7107665071734233,0.3599744105638159,-0.16359949920412328,0.949413565730823,0.21311172084557808,0.7121098752206658,0.8786901332261968,0.17707256339723404,0.3256148352971382,0.7497342545801018,0.11143611250868282,-0.07714840227058622,0.7418870684913328,0.14999458062411808,-0.06101915357627241,0.5956002048320834,0.08255041930933243,-0.05628385667404881,0.6152202667173594,0.10682401383930001,-0.19524776436262825,0.8559760862535998,0.32357179308353334,1.2538474875540584,0.9381687398397065,0.33009225164082484,1.479258477714176,0.8819939366982412,0.3171631223381657,1.3744815714121037,0.8050529297462992,0.48452429200701347,1.191449292483576,0.9073238632530984,0.5728916881584871,0.9967934881272881,0.8309980435152532,0.48304330387587135,1.1349564403211256,0.7505906592769964,0.3953678682745301,1.2257654762597014,0.7891362057469611,0.3978446739871996,1.2275122440726143,0.736041735356106,0.39797298037242623,1.1781024106521871,0.7153693052182735,0.1885077717095603,1.220639716766442,0.8940711215940887,0.0693814577297134,1.016957887376953,0.9212657159538458,0.16827140679075583,1.1462809554388311,0.8513079143221747,0.2665951169815291,1.194035047555315,0.844141886064148,0.2741686633722663,1.2141842618034595,0.8281097583809409,0.25135282654773106,1.1765637716790693,0.7898374965042987,1.7
0.4223039238279649,0.696747689950999,0.8920973297775685,0.3870422571069391,0.3251545266603063,0.7666562989033789,0.3644048158655122,-0.1055522344471161,0.8926836577648436,0.3084342727509201,-0.09682312422581629,0.7113299602115146,0.36237254214713877,-0.09527367917453232,0.7113877741582432,0.36018868828080597,-0.16240749591508358,0.9475681496126336,0.21397307166362273,0.711226762890669,0.8792689010593308,0.1773678358778042,0.3264761632480673,0.7482104978625242,0.11203744989681562,-0.07481364393129014,0.7392088829096783,0.14987966973796346,-0.06516210780091156,0.5973876292224864,0.08259740510708524,-0.05985522542340775,0.6168244314653382,0.10591559732226043,-0.1942566272201425,0.8534607018501148,0.3258046820097973,1.2518920984865691,0.9409281224805893,0.32723912409915545,1.4756353293185736,0.8821923048186495,0.31545187534750724,1.3726568992317425,0.8059618082917653,0.4864484979383893,1.190361340765122,0.9073540334977731,0.5721036374228423,0.9976373816399454,0.8240867048377579,0.47468232728721654,1.130331713361291,0.759053810174807,0.38238245870537196,1.218524625267407,0.7872598863048794,0.3826229522118064,1.2196646382585778,0.7412601748178804,0.38243559031294994,1.1685812027462128,0.716016230945113,0.18958706580691143,1.2177881504383399,0.8978305166377728,0.07285620903591909,1.0142247055539126,0.9274576829127212,0.17179453454018023,1.138651536125447,0.8507187237676359,0.2694367022142745,1.1875451567965938,0.8462475665037563,0.27545161961402626,1.2034963010773407,0.8310781719191138,0.25484476424661484,1.1672225592129337,0.786941227998331,1.7166666666666666
0.42296697443385267,0.6958665742394846,0.8915129589864462,0.38733512042519846,0.32601138847943567,0.7660096726591556,0.36416073050267406,-0.1042649398373246,0.8926405305172737,0.3083260338024484,-0.09763888474134359,0.7116195223017351,0.3621458179158942,-0.09527836445868437,0.7113210009470405,0.36036390291713166,-0.16126068411147487,0.9463356215549196,0.21468183962987694,0.7108854590012482,0.8797378486626297,0.1776633393781306,0.32752360812218295,0.7469304192694837,0.11246132360228193,-0.07279955761373406,0.7368715912952986,0.1511120011553243,-0.06671758484155946,0.5968499654176609,0.0831919947223147,-0.0612308927496886,0.615698338065165,0.10487228694586911,-0.19260598131620502,0.8504732745916047,0.3274073865686601,1.2498345152387975,0.9430990886780646,0.32416685142298274,1.4724939576558111,0.8842417173200845,0.3137507188230304,1.370166795530707,0.8090610099777678,0.48835362514400615,1.189459703241527,0.9083191550677485,0.5709424068304683,0.9996379362437993,0.8179181431535968,0.4662582143188302,1.1268879887986574,0.7673643133485056,0.37000225914517093,1.2136544056521703,0.7846149836792109,0.3683371649668923,1.2137622015579428,0.74909743204399,0.36858736292494254,1.1608761679146986,0.7211754269279946,0.18975187552063996,1.2137746070475663,0.9024804619535411,0.07786116733849813,1.0094361256430011,0.9349326163518836,0.17601069437823755,1.1322458895645218,0.8504558777278062,0.2714723862356213,1.1826908870865749,0.8481765471026403,0.2764837833683899,1.1957193921178755,0.8333136392951392,0.2601732731470021,1.1585744663972137,0.7877678550719263,1.7333333333333334
0.4235318076190981,0.6952928084337185,0.8910232270992215,0.3877929924564738,0.32695171248818566,0.7649409799031482,0.3639837362059639,-0.10276608117273447,0.8925217713813361,0.3083240517350107,-0.09703451899990603,0.7102008213126607,0.36183598439748677,-0.09453388036735037,0.7103786504137498,0.36051011676448974,-0.16009247847358016,0.9456899794824717,0.21511327784409354,0.710883421498354,0.8802053302996803,0.1779593847121001,0.32855119815650285,0.7458960293918768,0.11274066246398405,-0.07121190405871794,0.7349246054784364,0.15411744770929628,-0.06468691776548621,0.5925893360611189,0.0851511836982661,-0.06013990167027243,0.6114528851545961,0.10368931024258497,-0.19061576278138792,0.8474146302242067,0.32820126115972353,1.247398979043479,0.94476023299606,0.3209748702483133,1.4701430115366159,0.8877690473465112,0.3119910455139095,1.3671289820173667,0.8139778254211982,0.4899573869899213,1.1886901628633284,0.9101837772381678,0.5697411590474711,1.0021538701319892,0.813062033829238,0.4578708970386023,1.124654419972875,0.7747649074124061,0.3588274587686128,1.2111461131991876,0.7823352520555038,0.35575785552551226,1.2098376577671845,0.7576515326695457,0.35660807571246983,1.1551413154327934,0.7314442441621103,0.18931222681270127,1.2092953823114103,0.9072226456259506,0.08377920423788199,1.0035810493645354,0.9427682716101473,0.18080102272090254,1.1270741201412935,0.8512140257133949,0.2727128880137368,1.1798987205068638,0.8492881396538106,0.27751962830724863,1.1914118492242296,0.8340842099074075,0.2666851448175327,1.1512606342244702,0.7930612663698571,1.75
0.4239940259656956,0.6950109914172218,0.8903720633472564,0.3883803666303623,0.32763898752528026,0.7638544805079419,0.363856991344523,-0.10126524860109971,0.8923065134527187,0.3083466737310119,-0.0954267341077539,0.708145343205943,0.36129545022149595,-0.09322783189842151,0.7085849800990424,0.36064461855351476,-0.15883881146572754,0.945432753574787,0.21525595925251964,0.711000044580208,0.8806856047829733,0.17821792321333862,0.3293802913854166,0.7450633884436598,0.11289854051244115,-0.07016934060006808,0.7334497923988778,0.15847304377361732,-0.05949813351093039,0.5852799946643383,0.08852133235201558,-0.05684006231021736,0.6049924122349195,0.10241463593952596,-0.1887218701885652,0.84469998896507,0.32828668648458603,1.2444663481309173,0.9463230144792447,0.31784924831506045,1.4687536724647632,0.8919896588247136,0.3100289735761952,1.363818753731882,0.8198731735658593,0.4910577605212756,1.1880434610679613,0.9126413234172601,0.5686053561446348,1.004177780884875,0.8097482774906306,0.45008656512590106,1.123084076494096,0.7811679737188308,0.34953784665639637,1.210450018984007,0.7815465162064805,0.34553364946581605,1.2076409287793473,0.7653681395999781,0.3465690953787166,1.1507298699825352,0.7463709408251731,0.188588768640035,1.204966175950263,0.9117257290219347,0.08985350063185085,0.9974890428185826,0.9501225105192641,0.1855960780621102,1.122749471232888,0.8531279447986042,0.27314390052231313,1.1788620363038864,0.8498594737109747,0.2784357862495158,1.1899780510831317,0.8335306181493417,0.2732703178842694,1.1457109065025206,0.8021631303910406,1.7666666666666666
0.4243791199990198,0.6951106722190474,0.8893509053666214,0.3890543875834038,0.3280375525875216,0.7630954721548987,0.3637835287947503,-0.09981470521235214,0.8919235540050109,0.3084712592226486,-0.09348655305384898,0.7065173842749761,0.36059164398402577,-0.0916415717196731,0.7062650322457186,0.3608126580641636,-0.15747955680011305,0.9452531142829209,0.21523375977316275,0.7111683652853955,0.8810215911735721,0.17837527627815772,0.3299837968664603,0.7443307589478085,0.11295766684691223,-0.06968087091783644,0.7324964102412965,0.1631225086855927,-0.05269913975830155,0.5771435875620207,0.09269494124041086,-0.05242618650928557,0.5982384155250617,0.10120319445308652,-0.18721091337868248,0.8426276193656886,0.32781103845047155,1.2412319312668023,0.94822409184642,0.3149646568609227,1.468229609422084,0.8964337968786682,0.3078142815777896,1.3607290903199345,0.8258285207345906,0.49156805583597396,1.1875458575077706,0.9153082153080686,0.5675354806900573,1.0049335445298335,0.8076689638168104,0.4437859582817417,1.1216559413450637,0.7863186748211739,0.34271313780769674,1.210534932531531,0.7832381523549086,0.33812504606341426,1.2065016414147873,0.7722589934641465,0.3386073180219711,1.1467752497764605,0.7639043759691238,0.1877805057447932,1.2010221063661375,0.9162352208914997,0.0954171372420331,0.9918170157696699,0.9564458084768596,0.1897099186757587,1.1190264397986034,0.8560086109287284,0.27293461339903635,1.1785951328224775,0.8512458836693502,0.27925705423463176,1.1901605393831762,0.833097536825995,0.2788153137983845,1.1419457062568013,0.8135204999589543,1.7833333333333334
0.42471327788269453,0.6956497708866579,0.8880085714796409,0.38974551020170173,0.32838874023038733,0.7626753092385555,0.3637713091057221,-0.09835553639171883,0.8913975136184757,0.308840483977068,-0.09174684230766407,0.7057919624465342,0.3600161945307936,-0.09006301573365094,0.704028230379584,0.3610561337623876,-0.15607610404765204,0.9449958279836546,0.21521416770015284,0.7114217578122235,0.8810506860762526,0.17839035895756128,0.33045468812650813,0.7436184036718377,0.11295040871717552,-0.06960099279149136,0.7320514670816406,0.16707062215750657,-0.04609443901224543,0.5702653439026432,0.096779250360704,-0.04843207949730423,0.5931072743629742,0.10028875000145629,-0.18612180091528685,0.8413192395596363,0.3268907150960714,1.2380806673762519,0.9508879235141655,0.31227270416783925,1.468169796034483,0.9009761572030388,0.3054639266654789,1.358296652002542,0.8311053540838259,0.49154778131121324,1.1872036892529116,0.9178240693894733,0.56659464588324,1.0045105547717976,0.8060615705717328,0.43967394434169393,1.1203423392377148,0.789435385490733,0.33844862441071233,1.210222531441666,0.7881695899349601,0.33342986392757845,1.2054688924748143,0.7798615184508448,0.3326757470022128,1.1427019602417228,0.7813653053833587,0.18699778530621786,1.197383281028198,0.9214514449406803,0.10009839681998012,0.9871320506364738,0.9612626522978855,0.19264321828991615,1.1159005790294596,0.8595628975266869,0.2723859423938212,1.1780882414404188,0.8546858459346135,0.27997205134038455,1.1907699960081515,0.8346234458565361,0.2821805055032419,1.1396500201104,0.8249106552729569,1.8
0.4249918651416287,0.6965269161862275,0.8865462576613177,0.3903323027800685,0.3289503578732737,0.7623060286178343,0.363819917588587,-0.09692462651912176,0.8909003368290087,0.3095127088295949,-0.09058319484855594,0.7060471829325882,0.3598851608792434,-0.08870999777610003,0.702475064792119,0.3613550237895594,-0.15478672581290792,0.9448297085822317,0.2152807750347734,0.711703854888116,0.8808137857744452,0.17826765226889685,0.3308701148444706,0.7429545759667134,0.11288717308439801,-0.0697662921697504,0.7320798434966076,0.16975572851763737,-0.04124120963058685,0.5659874500388163,0.09983791931032525,-0.04609220471900939,0.5909121609026817,0.09983316709343222,-0.18535046967250884,0.840703198458977,0.3257171694591472,1.235255976618436,0.9546082722280363,0.309507461015277,1.4680850996459767,0.9051948859281467,0.3031735459375304,1.356370027194564,0.8355534027226135,0.4911883815464365,1.1869797918011047,0.9198462713897204,0.5659280648502666,1.0036205831859484,0.8041218688191405,0.43766494826585817,1.1194812649725028,0.789954683803662,0.3361488256246,1.2087602682727343,0.7967060899429457,0.3305005021776492,1.203839768465505,0.7899301041898599,0.3280715304368828,1.1383094129445437,0.7972350741791063,0.18623874462287965,1.1938172324620586,0.9282539517337146,0.1039212682022142,0.9835735656767202,0.9642974075942499,0.19417829251604793,1.1133641829234615,0.8634995474045815,0.27171217631116945,1.1769402498437382,0.8600109937517268,0.2801510447539627,1.1911424882070076,0.8391058053959048,0.2825339583417256,1.1384685183620595,0.8341812114474119,1.8166666666666669
0.42519312360244504,0.6974775618044718,0.8850806780369326,0.3907032761665514,0.32981958790191124,0.761713592510947,0.36391814694969815,-0.09566528245053654,0.8906337982900331,0.31045165362707483,-0.09032142435506825,0.7072806105537736,0.3603278748814507,-0.08771241537889116,0.7018399429021183,0.36162319327900344,-0.15379819911739634,0.9450746715653204,0.21541871652995043,0.7118453606299017,0.8805285970383755,0.17802789595723642,0.331248248149982,0.742449357606382,0.11274981419472868,-0.0700743744109942,0.7325218818357149,0.1710767157887162,-0.039036987341715956,0.5649183949971139,0.10134557675950628,-0.04564572060415474,0.5917891231716557,0.09982024598339148,-0.18476813555000926,0.8406022509406411,0.3245569270679244,1.232767775309866,0.9592256439618012,0.3064765246053809,1.4676415667452616,0.9084699645418965,0.30106141500587336,1.3541337181515791,0.8396842935806145,0.49075716568116545,1.186827854652745,0.9210731743354229,0.5655470892386227,1.0027585214250003,0.8016825419990423,0.4366930504897917,1.119342412218319,0.7879953228733234,0.3348739978578855,1.2061068208910528,0.8085642063725298,0.3278904849422225,1.2015458601580467,0.8027310949737483,0.3236740057595065,1.1337281460491935,0.8113920128586407,0.18537693240116118,1.1900420554286464,0.9374483689671584,0.10716205537864232,0.9805378398047113,0.9658797556104943,0.19428321313106636,1.111287600711337,0.8675228233150682,0.27096202526845636,1.1753987699524133,0.8658633976802171,0.2793361028490261,1.1911698903995729,0.8464440253090278,0.2800499377545908,1.1382137518963997,0.8400845588566043,1.8333333333333333
0.4253105104823742,0.69815722701949,0.8836122483436175,0.3908185816594937,0.3309417767170297,0.7608729303512851,0.36405213804814457,-0.09466738851877719,0.8907125583932807,0.3115806123844467,-0.09113041440972473,0.7093860321065577,0.3612746998453553,-0.08716032117357815,0.7020547144413828,0.3617784943678733,-0.15321184930954043,0.9459645168019577,0.2155863231282331,0.7117143429507197,0.8803865593846169,0.17767511682130482,0.3316177003738139,0.7421985887403912,0.11254619492291483,-0.07040797821594438,0.7332252133353944,0.17131152910524158,-0.03937004557720884,0.5667053352299495,0.10151552803907546,-0.04628991563157957,0.594502245345513,0.10013012698909239,-0.18430538347806535,0.8408977234384104,0.32365392343674226,1.2305222600193617,0.9641124776178015,0.30328973754929867,1.466687444410373,0.9107549876479009,0.29921188830400025,1.3507127877954543,0.8442004588337574,0.4905019029156607,1.1866450828228046,0.9214038591333362,0.5651564139482543,1.001838821421525,0.7995545211114139,0.43543011800900855,1.1197946787247952,0.7841333907022259,0.33396208444963454,1.2027679549149097,0.8221172835470597,0.32466949404851775,1.199025172376719,0.8162689016722257,0.31900947831098103,1.1294614828054084,0.8235763969556265,0.184250561190486,1.1857979471546898,0.9496596334723033,0.10995234534482003,0.9770858882505153,0.9667873159428721,0.19307065632534404,1.1094575545698742,0.8712408052763851,0.27010973747714273,1.1738859382124294,0.8708708439570397,0.27757007304519377,1.1909667314592007,0.8556462452630373,0.27596712717260136,1.1387486219501124,0.842493655650699,1.85
0.42534791697530777,0.6982981965609014,0.8821395408555807,0.3906828254631401,0.33218890074563323,0.7598702485443655,0.36420894394254855,-0.09391499989724475,0.8911515095400332,0.312764741825061,-0.0927802192197307,0.7119382440490637,0.36255270818058927,-0.08707938931570273,0.7029266525201728,0.36181316300305916,-0.15298544966176014,0.9475896474550869,0.2157558618536045,0.7112833505926599,0.8804233633536688,0.17721027923958776,0.3320315642541539,0.7422108295421119,0.11234325714748467,-0.07062165629333308,0.7339805620983714,0.1709591259017379,-0.04125847694401616,0.5700423560262664,0.10099697871023709,-0.04690345265665437,0.597229989772941,0.10064836735156041,-0.18397655547392194,0.8415500471185514,0.3231698686577549,1.2283047928439546,0.9684269209833947,0.30030309150846146,1.4652494567134584,0.9125310855577632,0.29780570468667866,1.3458018512948768,0.8494360072963556,0.49051786481378656,1.1861889904999319,0.9210904295636986,0.5641951315335145,1.0005209258693957,0.7986788037878654,0.43329305730467416,1.1202528330654222,0.7791645597532777,0.3333251011402524,1.1994856775321707,0.8340456422151146,0.3211745450498902,1.1968805478835551,0.8267862503868455,0.314952895113203,1.126326707584949,0.8323841079971642,0.18273419594139492,1.1809319084328531,0.9649662486801,0.11207306589141748,0.9728216159998452,0.9674547734746322,0.19105627457913282,1.1074437957111858,0.8744532152770312,0.26921017276637016,1.1724793192997187,0.8742401497018069,0.2753452086068118,1.1904812882373579,0.8648274559801481,0.27193741802343474,1.139624168970764,0.8425943479677109,1.8666666666666667
0.42529855313738263,0.6978717966628585,0.8807092868924651,0.390308148902863,0.3333896950923268,0.7586764095986915,0.3643645906469039,-0.09336336358579539,0.8919012577303689,0.31374767998164366,-0.09461177022326187,0.7140773331230911,0.3639237337405655,-0.08733712096733871,0.7040679696353294,0.3617815616998909,-0.153007065026589,0.9499282992495458,0.21591704349792942,0.7105838916029608,0.8805707044937808,0.17668229979501987,0.33249947998046836,0.7423574010074431,0.11221468499364408,-0.07065213165152284,0.7346602130578447,0.1706364978635443,-0.043235908174163826,0.5729647569084226,0.10037435287543206,-0.046610755122007505,0.5983802836724736,0.10127185918787503,-0.18379178998045917,0.8424791259089631,0.3231249584279883,1.2257309962997396,0.971441056033477,0.29785862617653225,1.4635921166362038,0.914036201114502,0.29695961589139835,1.3397214417842376,0.8550695537635911,0.490723264126127,1.1852060587811186,0.9205836386774002,0.5619653078600997,0.9986226675670735,0.7986524644734669,0.4304820357068091,1.1199645049262656,0.7738803838793216,0.3331928608153911,1.1969757824447902,0.8407559401931481,0.31862684927775864,1.1956491344398137,0.8305493308604163,0.3129918911429176,1.1250306657150582,0.8362852332797839,0.18077168050074804,1.175527527590948,0.9824941654185859,0.1132159287040277,0.9682258103166452,0.967142941268857,0.1893070196735302,1.104532232341572,0.877409054961712,0.2684039113979483,1.1708933457846418,0.8754947284317733,0.27324636759366927,1.189448903881371,0.8716798615817052,0.26914882156041037,1.1400414162189278,0.8423212765860038,1.8833333333333333
0.42514577539255055,0.6970745526924409,0.8793832203491222,0.38971808013137627,0.3343757300323519,0.7571813604090534,0.3644763537065484,-0.09302159547164184,0.8928874816148085,0.3142077217289299,-0.09597086595454306,0.7149354294124283,0.3651097597788049,-0.08769120568749703,0.7049578459391145,0.3617328598464446,-0.15322494979153253,0.952851941748931,0.21607303580099557,0.7096980342537414,0.8807665288924873,0.17620108078885155,0.332969254078245,0.7423998130376726,0.11218065099659773,-0.07058087601528884,0.7352920709236358,0.1708808490675267,-0.04395472152857685,0.5736280267089088,0.09989912752098304,-0.04495227425281585,0.5970492175211461,0.10188173671920302,-0.18368370355744712,0.8435218835223354,0.32340601241083,1.2223911172702724,0.9730557843850351,0.29606871910234017,1.46211318048178,0.9150799312425598,0.2964884850378227,1.332890397956699,0.8604733455815345,0.49100327594195514,1.1836293203622854,0.9201681283653922,0.5578930425017895,0.9962246635109019,0.797475113504478,0.4271431816788409,1.118376969966075,0.76885565322595,0.33365393389524267,1.1957687303247602,0.8402549662522532,0.3180595167989842,1.1956042841235417,0.8261885225304073,0.31346764345940475,1.1255956389980857,0.8352682545904137,0.17851766061653007,1.1700206313352204,1.000253442673079,0.11324274846688831,0.9640718359362715,0.9639918860403383,0.18906371868202906,1.1000607704717251,0.8800716361841248,0.2677398487785946,1.1689244996771648,0.8743275626932312,0.27165303384311895,1.1876590090414212,0.8746422575309654,0.26776530229293305,1.1393660009276532,0.8425295709170187,1.9
0.4248821745451441,0.6961480685374546,0.8781923484484973,0.38894561468481725,0.33505779605861535,0.7553431916265924,0.36450798680354857,-0.09295192980567336,0.8940530323209395,0.31396683471635667,-0.09677528990349483,0.7144652665627159,0.3658723585177004,-0.08796721366307579,0.7052540478071906,0.361683161532118,-0.15361933825384866,0.9560583238217656,0.21622784096242165,0.7087649982617862,0.8809823363251793,0.17585581600983638,0.33336474468473704,0.7421940466541133,0.11222565846536156,-0.07057578439553241,0.7360106942176885,0.17176001687093717,-0.04295300700386641,0.5715313067062268,0.09946828824012591,-0.042010279527329095,0.5934571574571158,0.10237683842254483,-0.18357942821205658,0.8445311484225803,0.32388934917319573,1.2180434502390314,0.9739371919315623,0.29488169702081474,1.461084438978627,0.9155056312854561,0.29603906406144764,1.3254760227092588,0.8653802388206211,0.49131205962466995,1.1815240170481225,0.9198333044498621,0.5518923340135923,0.9935641609532146,0.7928549577678798,0.42284016561562887,1.1152583995670204,0.7645363955607197,0.3344724816330482,1.1960742099105477,0.8326922779455683,0.3194389258913738,1.1964315180370628,0.8159347840995164,0.3145986242371153,1.1272525453179492,0.8311458962293619,0.17649434637637512,1.1651345282723684,1.0150717097939392,0.11215761373089803,0.9607174437024077,0.9564072371956931,0.1911677098133251,1.0938795974865778,0.8813462665807681,0.2671915587187849,1.166637124847567,0.8711040488651196,0.27069917320318165,1.18513069291835,0.8738201006142734,0.2672574767942349,1.1374492470425812,0.8426359673569386,1.9166666666666667
0.42453135465596326,0.6952595272197966,0.8771049362000944,0.3880146904550813,0.33542370861354737,0.7532238883278821,0.3644654229626452,-0.09319020262054409,0.8953768650333128,0.3131265971666023,-0.09752565951640318,0.7136336193239066,0.36612158420455276,-0.08810145720056417,0.704955379710549,0.36162453963050273,-0.15408602051112297,0.9590920926633929,0.21637861138117884,0.7079301006974473,0.8811869370294544,0.17563240559544335,0.3336058394379583,0.7418556573162522,0.11233304218561914,-0.07080002863265027,0.7369480690150298,0.17274161364639906,-0.040788846951581276,0.5678202259507895,0.09885332045844357,-0.038352848803309275,0.58888627808744,0.10273446504241322,-0.18350079333894578,0.8454784522201706,0.3245078675730117,1.2127630517976042,0.9748029023185197,0.29427751420626946,1.4604989328825015,0.9155384472384431,0.29538181694170795,1.3177952752682505,0.8698399575986793,0.49162915280943564,1.17896377754799,0.9194441650970132,0.5444887179157917,0.9909529899461981,0.7835750950573687,0.4168110025364873,1.11070823307221,0.7613598646140045,0.3352162297063591,1.1975769641502154,0.820129142407077,0.3215000352361965,1.1970579372995278,0.8046580362113558,0.313737320153328,1.1289521403671912,0.8264565258942483,0.17542865740689811,1.1615891028992298,1.0233368354792551,0.11015034997969067,0.9581092911766136,0.9442858176292104,0.1957630542625043,1.0865780132384912,0.8797396686918253,0.26691656100500005,1.1640996438625455,0.8672404011586101,0.2705324553616546,1.1820720681901333,0.8707361946383572,0.26700990813661385,1.1345184886102622,0.8420445060806617,1.933333333333333
0.42415027993893284,0.6945151113119085,0.8760245642354832,0.38693957100014065,0.3354666304598606,0.7509637062259134,0.36438846513894524,-0.09369970572425262,0.8968465352495891,0.3119646469497126,-0.09870673047328946,0.713534445462163,0.3659942286734851,-0.08807615793984477,0.7043487051439294,0.36152804703819,-0.15446969319851928,0.961577933461529,0.21652015608541436,0.7072829521735934,0.8813412585971245,0.17544140157040464,0.3336282888796805,0.7416101501622072,0.11247918311525038,-0.07132208256351287,0.7381139677425739,0.17310570456595603,-0.03849359737753667,0.5642223054218598,0.09795785349546175,-0.034773974536239274,0.5848414744582142,0.10300752083637706,-0.18353938307610917,0.8464270891611225,0.3252029171995109,1.2070014604983392,0.9759106882469706,0.294255708775648,1.460129268859893,0.9157573382564735,0.29451021814099076,1.310640688060779,0.8737503548540666,0.4919090919200642,1.1761063072436366,0.9189226027363098,0.5365543392609743,0.9886956730320705,0.7701609381564729,0.4086137465792494,1.1052424422109912,0.7594966637114662,0.3354306499607509,1.1993893243225127,0.8061029352241802,0.3224965986418946,1.196176294120146,0.7970917248443221,0.3095488737193185,1.1300322624933703,0.82282649273891,0.17581867127806414,1.1597967475811561,1.0227643080933024,0.10779296326809865,0.9561850083589787,0.9288000297296106,0.2023554850940391,1.0793328143712015,0.8744737133780578,0.2673859894954335,1.1612484230705187,0.8645643637954193,0.27142207587434297,1.1788138355920186,0.8672017078560657,0.26644899004167893,1.1312478057786026,0.8400447480522748,1.95
0.4237947870472343,0.6939685956840239,0.874861776651975,0.38573700106253184,0.33519816593053126,0.7487352191305681,0.3643006004627647,-0.09440496335801034,0.8984223782500736,0.31074078041111786,-0.10033707083027135,0.7145376749806431,0.3658024558133607,-0.08795580079215189,0.7038893690315218,0.3613670452818246,-0.15466724834582457,0.9633737163889777,0.2166440242068798,0.7068400767237093,0.8814282477622626,0.17520030232718753,0.33341841594960137,0.7415629538382028,0.1126304423058872,-0.07204449326568454,0.7393258373264384,0.17252651325610818,-0.03708508702430621,0.5620242067611039,0.09683377709640906,-0.03204186340676975,0.5822199371880155,0.10326729184618791,-0.18375931796625497,0.8474377191344196,0.32584272708711165,1.2014155889873934,0.9773013381800691,0.29468774055564473,1.4597124509905632,0.9167133771083606,0.2935783159393558,1.3047959016893484,0.877044568619458,0.49206145546991215,1.173271823269412,0.9182994055265618,0.5287711628264219,0.9869361635360069,0.7548361009308938,0.3984502471864374,1.0997327980408511,0.7586722164364363,0.3346986349333775,1.2004083943279356,0.7949250004237274,0.3211924173119347,1.1932285495627324,0.7956408668877187,0.3024834793798473,1.1304475454977678,0.8202274943121375,0.1776544790816899,1.1597444885153538,1.0135987983872927,0.10604418184652775,0.9549002086822743,0.9115699662681175,0.21016173565096008,1.0733319134480361,0.8659717272164906,0.2691074364437568,1.1581117643906373,0.8643291165346143,0.2734643093456266,1.175725375676444,0.8647502567756324,0.26526255945557464,1.1286866109274178,0.8353796068965103,1.9666666666666663
0.4234838171034337,0.6935944371483206,0.8736177303626402,0.384423023551844,0.33477782349828744,0.7466357818099723,0.36418406389703056,-0.09522794545727828,0.9000362434247314,0.3096323434295797,-0.10210593756925783,0.7164137068842585,0.3658557026351368,-0.08790301811555286,0.7040032309072095,0.36114839306068824,-0.15463086019465488,0.9644798759282114,0.21673602043490356,0.7065648175826152,0.8814583573366533,0.1748773686067813,0.3330343013186393,0.7416991523308869,0.11276266135334259,-0.07271078556938776,0.740249082175165,0.17124791286772134,-0.03717419112308472,0.5617424671572974,0.09563113931532807,-0.03061126490561185,0.5810679287015473,0.10355695972742465,-0.1841507045794481,0.8485195398336918,0.32621323016117076,1.1965662619671453,0.9789139880230182,0.2953052292561079,1.4591018345769295,0.9185219737422604,0.29276031648805867,1.3004296363604417,0.880121888781962,0.49189892654457434,1.1708150561300505,0.9176789673858143,0.5211573399029448,0.9855841537884041,0.7406886513281499,0.38688323776192945,1.0950898276192516,0.7584544683806063,0.3327954592280463,1.1999807185918905,0.7902830828965901,0.31719382712344313,1.1889368716218167,0.8002021807652923,0.2936628708652463,1.1304917513398902,0.8178267633192721,0.18050766840695384,1.1609921072585945,0.9982647804569562,0.10588153771936343,0.953929126712008,0.8942709772603867,0.21853607635803124,1.069158486184648,0.8559505600106101,0.2721093081710543,1.1549933887429975,0.8671297355963867,0.2764277971764452,1.173107878897634,0.864904185420482,0.2638973007746253,1.1275518449359436,0.8283788069164779,1.9833333333333327
0.4232051347111214,0.6933158842035809,0.8723662922480113,0.3830178120353536,0.334509529937705,0.7446175255842639,0.36401140432002255,-0.09608516577255212,0.9016139401607995,0.30877740267568776,-0.1036872719107372,0.7188222507078863,0.3662951846141942,-0.08805438766405532,0.7049341548466781,0.36090081117703104,-0.1543220333709389,0.9649197822279032,0.21679027100763343,0.7063804785458225,0.881460768440974,0.17448962215757272,0.33258466722241997,0.742008457152886,0.11288046688469064,-0.07299707467282547,0.7405416355180154,0.16974565459054122,-0.03857926288095566,0.5629598378767173,0.09462067758755062,-0.030453546327566305,0.5808670011366093,0.10386423915744639,-0.1846444127908543,0.8496154758832825,0.32615019993391225,1.1927777093338405,0.9804984822810687,0.29580423943834566,1.4582969510946047,0.9209092011836078,0.2921727925835788,1.29715750102547,0.8834763821901089,0.4911769703612887,1.1689447705291314,0.9171784527273383,0.5131492739502044,0.9844066425762737,0.7306184054398049,0.3745458049139032,1.0919322342099202,0.7586398625288757,0.3298088598634824,1.1982700173433716,0.7935125397065357,0.31059981935829883,1.1848342658003959,0.809026702171856,0.28399146439757367,1.1305016482655936,0.8151877944942192,0.1838419152353382,1.1627914432648,0.9803609858454072,0.10782732507720588,0.9526693230434112,0.8784534375624173,0.22699110974493542,1.0667547129223371,0.8465572472651413,0.2758803642864079,1.1522858229089255,0.8731028422805883,0.2799167477304818,1.1711536235463795,0.8689330572668343,0.2633234351722742,1.1277774906622966,0.8220357457963867,2.0
0.42294204728647045,0.6930732140295786,0.8711870723982384,0.38157636164578623,0.3346248375903358,0.7425484092123223,0.36377838826287384,-0.0968983848432126,0.9030966835931209,0.3082801826113196,-0.10486140943076322,0.7214645282398969,0.3670391833191656,-0.08844272948216451,0.7067391375114094,0.3606397864457632,-0.1537354634713806,0.9647102664135213,0.2168303990687883,0.7061794710365513,0.8814887669779722,0.17408182487070767,0.3321543757591997,0.7425473540514311,0.11301356279975353,-0.07268466932923336,0.7400738329760922,0.16828156917230747,-0.040599135039291856,0.5647397416086163,0.09404125290960128,-0.031359854462751316,0.5812683075734771,0.10411878877026978,-0.18515953962334925,0.8506005299714182,0.32567503075843185,1.1901434576082415,0.9817732219920575,0.2958989836624176,1.4573864524360074,0.9234710506276842,0.2919041901496041,1.2945270695012867,0.8869311038262389,0.4897851179697869,1.1676613514417609,0.9168671957233021,0.5041663387457498,0.9831877809634806,0.7264492593321303,0.36235227081893673,1.0903841015796143,0.7595563591417454,0.3255956680902318,1.1957662616397549,0.8038160753768485,0.3015614232395551,1.1821014147012199,0.8204048345244367,0.27397646058720204,1.1306897642558502,0.8130296471370602,0.1871874593523915,1.1644323590896135,0.9636490330229761,0.11174851776780187,0.9507811651018181,0.8650443527618843,0.23489565897643125,1.0657093748171833,0.8390988110831538,0.27985174901381976,1.1500431342334607,0.8815967495877106,0.2834010571749343,1.1698719024913669,0.8766552895782969,0.26398241686730956,1.1289884592552555,0.819108483849308,2.0166666666666666
0.4226881781159763,0.69286434295957,0.8701421506669347,0.3801925436539029,0.33512944223146557,0.7403341921303093,0.36349758458469444,-0.09763230219212028,0.9044527668455182,0.30814491693538987,-0.1055536904672259,0.7240257769649143,0.36786518200261503,-0.08903379803967669,0.7092976334234262,0.36035673153264614,-0.152944360995244,0.9638907981911496,0.2169076625606572,0.7058876917916492,0.8816013346650113,0.17369673404939928,0.3317512344593827,0.7433983463759934,0.11317712019426951,-0.071803465543394,0.7390414923279701,0.16682447107827875,-0.042851758892448424,0.566699328660517,0.09385593209074841,-0.03329229662653024,0.5825499174608775,0.10422154400099394,-0.1856611298233725,0.8513248649050744,0.3249646739653294,1.1885250782378778,0.9826113580234583,0.29533762283021164,1.4564605325793034,0.9256675022152681,0.29191302727800933,1.2923529900588522,0.8895921783525171,0.48784745608726154,1.1668461762279962,0.9167606003920168,0.49399678937237224,0.9818557622490484,0.7280336794902741,0.3515743623948876,1.0900860815317657,0.7621581903840605,0.3191666779710457,1.1925281713754052,0.8206137346096114,0.2902959819918409,1.1807967703947622,0.8343490169904582,0.2639838328949389,1.1310003969993283,0.8135137478043917,0.19006191115107485,1.1655318278594398,0.9511309920941824,0.11697815147260592,0.9486483554224096,0.8540920775290212,0.24155564123319248,1.0652112131109193,0.8343519450429159,0.28364346827960274,1.147796947401058,0.8912907871709338,0.2862701237693996,1.1690406340886261,0.8856083772141833,0.2653406920411675,1.1310717516682496,0.8194173588539893,2.033333333333333
0.4224472292592496,0.6927504810821473,0.8692842105450369,0.3789425889770015,0.335856948295592,0.737975502402663,0.36317952002358267,-0.09829195530018704,0.9056785487089862,0.3082388252627224,-0.10586159300476786,0.7261421580011189,0.36855842482853096,-0.08976360388288131,0.7123017595579195,0.360043298707096,-0.15205285988653824,0.9625630583796737,0.21706564059452188,0.705535007935656,0.8818153354163824,0.17333413006993817,0.33134868430321385,0.7445599149736923,0.11333742228083975,-0.07058995794868167,0.7378204056186387,0.1653587359927673,-0.04548374825795941,0.569210207420752,0.0937969643253416,-0.03624962841263281,0.5851403846078899,0.10407619521838889,-0.18615066320746237,0.8517076147432546,0.32421085470508354,1.1876673388864205,0.9830990807907627,0.2939859966748308,1.4555698712600975,0.9268171627298394,0.29187584924595383,1.2906998256796025,0.8906593023083483,0.48562605420347493,1.1664489049668962,0.9168923921761998,0.4827960599664052,0.9804959622142438,0.7330544625749679,0.34310571671197376,1.0905286314544538,0.7676364839419432,0.309227986031449,1.188230351168858,0.8444016573633754,0.2774039362724007,1.1802702208958096,0.8520364965493532,0.2544445129104796,1.1311639559106517,0.8195219197174343,0.19199206958292558,1.1659864867284262,0.9445498622942013,0.12263629237758478,0.9470235151187265,0.8453172429335714,0.24670035210787056,1.0641120280448884,0.8331779809485613,0.2867606556138653,1.1449962628304378,0.900988588196977,0.2881596890798723,1.1684314210355307,0.8920885618238357,0.26644315734564333,1.1341501681735566,0.82016106654783,2.05
0.42223102495816367,0.6928146858574391,0.8686583389020925,0.37783475054816007,0.3366078339517158,0.7355244852697302,0.36282734798206134,-0.09887066249230216,0.9067892594591819,0.3083812245374669,-0.10596179980201142,0.7274868984092033,0.3689836009513323,-0.09052548349627357,0.7152731931277168,0.35971854115493673,-0.15108832181443937,0.9608455682573704,0.2173109425567646,0.7052103038375636,0.8820962229799456,0.1729317688496658,0.33096074718058455,0.7458809198376479,0.11342570878532222,-0.06932862813407656,0.7367477631419502,0.16404622226759974,-0.04861804383259892,0.5725539945151067,0.09360429264163439,-0.040058167374683165,0.589035831471292,0.10364246181127665,-0.18657716133697774,0.8517793289532357,0.32354162120361946,1.1873986263373275,0.9834389173426836,0.2919291974490685,1.454753311390096,0.9264291638654157,0.2913856459192997,1.2895803157385832,0.89028075211085,0.4834146243608156,1.166508417859657,0.9173290630144868,0.47105917621872007,0.979269775282737,0.7382553917158713,0.33670424403024646,1.0914276009165076,0.7767071856843412,0.29544205494671494,1.1828672873385502,0.8745561699432595,0.263850373273653,1.1799989439420857,0.8738523413488348,0.24543368122234965,1.1309275892393422,0.8330029588807624,0.19282901334883273,1.1658717958961948,0.9439576693372889,0.1279270104198012,0.9462044357137079,0.8389698425593429,0.2506960638138018,1.0614889559833185,0.8354513342799619,0.2882409530347211,1.1415645192622557,0.9099756467680802,0.2890525127730715,1.168086115607015,0.8933893686949985,0.26636538237156565,1.1381770571846415,0.818222082141349,2.066666666666667
0.42206397612473123,0.6930762407529611,0.8682835027880494,0.3768354064123598,0.3372343874718283,0.7330291246568253,0.36244262723036236,-0.09931992856330388,0.9077989975317511,0.30847337229320027,-0.10596009806848744,0.7279835342698887,0.3690719909066019,-0.09113596123581172,0.7176336674487876,0.3594314831564414,-0.14992197673134938,0.958758624827048,0.2176194615258985,0.704973098612216,0.8823911412783364,0.17240502032929206,0.33064991087634665,0.7471303853225267,0.11337191337294565,-0.06822489020534793,0.735994569800153,0.16300346202743604,-0.05198772849760716,0.5764279622015018,0.09311895931850397,-0.04438457610524328,0.5939128539465723,0.10301953247718727,-0.18678188291027528,0.8515838352432449,0.3230163200815982,1.1876823535909238,0.983577020831387,0.2894825933134369,1.4540350870866634,0.9245695480077707,0.2902976978454018,1.2888832235328118,0.8893908322150332,0.48152306511552934,1.166968064709308,0.9180013263206147,0.4596494025844397,0.9783646394894738,0.7411619649149058,0.33125239875617896,1.0927347503747853,0.7890994605840362,0.2789695515389079,1.1770011498653583,0.9077591984021046,0.2505036078521704,1.1796031514968033,0.8987249019104955,0.23640606328909977,1.1300881985970541,0.8538077877019394,0.19294446218344558,1.1655030949142788,0.9473917802223333,0.13222395608516319,0.9458137016129026,0.8361005389265721,0.2541221541474702,1.0570629282911104,0.8395378727927407,0.28694521239926185,1.137867529884963,0.9176793179268199,0.28902705022773273,1.1682377175842196,0.8889405620576378,0.2643101366784023,1.1425902129495555,0.8130465361169014,2.083333333333333
0.42197556659066066,0.6934556291603887,0.8681329153076909,0.3759221792659124,0.33766171795342337,0.7304901238750697,0.3620285276972202,-0.09958095614461802,0.908696135263512,0.3085150593694782,-0.10587130304159717,0.7279220793772716,0.3688366933801096,-0.09140145190807832,0.7189599833757094,0.3592417104589923,-0.14835527664428724,0.9562734625376506,0.217942346394064,0.7048628369052474,0.8826431241661801,0.17170514908758655,0.3304524931040254,0.7481147765554047,0.113133833146726,-0.06735278948673849,0.7355272687365727,0.16210723592189424,-0.05516939228286796,0.5802600728277412,0.09222308978120428,-0.04880208579442846,0.5994770289846927,0.10242988329283974,-0.18657802730069,0.8511039610595069,0.3226149434102307,1.1885378956203148,0.9830406933560163,0.28709835682926765,1.453384103388889,0.9218592291966348,0.2886982575571422,1.288696860104113,0.888625259913156,0.48024297272936173,1.1676615351843607,0.9185224110914294,0.4496415338630585,0.9779468936465938,0.740897076338584,0.32570229878343604,1.0943704653219817,0.8037247270071162,0.26184345427837863,1.171242391267392,0.9397174019680256,0.23788105128160097,1.1784656681900496,0.9246148604912794,0.2271520384814848,1.12842735984681,0.87997789666675,0.19293899306538384,1.1653547301453184,0.951849938009202,0.13509676679402458,0.9453361390812209,0.8377747027823494,0.25716094435431325,1.0512985706147622,0.8437115808296431,0.28245949293549455,1.1343963391671168,0.9234191824304779,0.2881955035260084,1.169006698163866,0.8797949583322997,0.2598796176504097,1.1465441686692694,0.8071237606044908,2.1
0.4219775450609925,0.693833064980991,0.8681292541971622,0.3750964745047813,0.33787427351482807,0.7278534145274962,0.36159194542151757,-0.09962636656481255,0.9094298526604896,0.30854331641805766,-0.10568730919243488,0.7277094466451525,0.36841211720786854,-0.09133499026816912,0.7193508807470892,0.3591840198148817,-0.14635474976763269,0.9535200354685854,0.21820343598647118,0.7049317587952852,0.8827948859305087,0.1708364214905367,0.33030176372141934,0.7487286337310354,0.11271807040146153,-0.06667633353647143,0.7351650416568479,0.16115839835508156,-0.05810263696126303,0.5838961861299657,0.09083960458605427,-0.05294816798303656,0.6054191407351622,0.1020571441420263,-0.18590978833744404,0.8503466288076768,0.32226092895567937,1.189912373776843,0.9814549656320821,0.2851685159327027,1.452754891415371,0.9190540773836056,0.28666804387197475,1.2893041322142382,0.8877702509588674,0.47969788878029357,1.1684913764683402,0.9183446322735365,0.4418888836075098,0.9780169359559425,0.7379704503607881,0.3197092511716424,1.096057115607352,0.819291552083021,0.24589499388300362,1.1657836464692182,0.9678145413457313,0.22648575975946358,1.1760014072552631,0.9490132687643891,0.21868147004085664,1.1259684937653482,0.9085255573229537,0.19316135071658158,1.1656898715579926,0.955281028891837,0.13640847735560557,0.944491750933339,0.8441378242887111,0.25953233819282595,1.0453404851449117,0.8472010723226004,0.27556105783948576,1.1316631735195268,0.9267577561153193,0.286805148872036,1.1702537105687072,0.867786704483374,0.2533691713231272,1.1495212431475317,0.8035265212273879,2.1166666666666667
0.42206136708026176,0.6940999949590557,0.8681762037016869,0.3743625897822192,0.33786925173707033,0.7251329186847564,0.36115471195292537,-0.09944542585788851,0.9099151019722557,0.30860523434636233,-0.10539639127017586,0.7274909304401552,0.36802755229771966,-0.09124211216644558,0.7194438120598894,0.35925702662881875,-0.14410967107114697,0.9508009628944477,0.21833418656500708,0.7051963910807642,0.8828121332882046,0.1698371003363465,0.3300822939945885,0.7489630536763806,0.11217295190100865,-0.06611436002045806,0.7346746884879651,0.1601809002455331,-0.061103512826833475,0.5876932215949777,0.08908980150225682,-0.056614433937884415,0.6110315714582798,0.10191530773048489,-0.18489773931472256,0.8493948654718398,0.32186853355599687,1.1915818707223003,0.978963894306504,0.2838255832724056,1.4521822715069341,0.9165952286662213,0.2842796338610792,1.2908048512667107,0.886246153039014,0.4797010724803371,1.169452268600718,0.9171764622644669,0.436521675189125,0.9783262268737007,0.7336275135832813,0.31360120572968897,1.0974188767332285,0.8345277446984642,0.23217079589221842,1.1605693114813387,0.9918769113299738,0.21711315266274786,1.1722224905920422,0.9696626641407993,0.21256803404404906,1.1232108023353082,0.9359472159580573,0.19353734102719775,1.166263262386778,0.9576156217100895,0.1363116926690046,0.9430360536027108,0.8544421610225039,0.26093555116682976,1.0404469754954269,0.8501589915274729,0.26760313063882724,1.130162680499724,0.9281467300007393,0.28510567008671633,1.1716765711613344,0.8551630532145162,0.2457517839130238,1.151313891304231,0.8045945621460612,2.1333333333333333
0.42220647711907594,0.6941645407311631,0.8682276955529541,0.37369426757843555,0.3376608830308129,0.7225100937008659,0.36075358464567747,-0.09901308899110808,0.9100582878178096,0.3087284125097923,-0.10503186332283004,0.7272098490418303,0.3678947536273943,-0.09145685620040264,0.7199416075355607,0.35945557218057506,-0.14185436441879104,0.9484039915848351,0.21832654185209294,0.7055739664478327,0.8826999734349684,0.168752081283431,0.32978405481815887,0.7488951815398823,0.11155157116472281,-0.06561380077699425,0.7339080728884428,0.15935588370015874,-0.06428243243087112,0.5917542047209635,0.08734001700984188,-0.05975232499717119,0.61532036637682,0.10189749359852636,-0.18371665905746043,0.8483344672794704,0.3213784647546702,1.1932098610736972,0.9759782840549072,0.2829534121928027,1.4517625421447817,0.9146227734897352,0.2817400260951709,1.2929920182983572,0.8837473504611284,0.4798309408491186,1.1704963097617676,0.9151483248173209,0.4328296339896327,0.9785374603693395,0.7291265991008722,0.3080491630527334,1.0982407097085256,0.8480233780377996,0.22123090610963875,1.155818672125437,1.0125416997961085,0.21055689424809906,1.1678949687028597,0.9850833571523363,0.20975648422796236,1.1209299598766096,0.9589091529176482,0.19378757710061356,1.166484202890431,0.960094535361327,0.13507435565616385,0.9406231894900815,0.8676511217349347,0.2614033601694061,1.0371616842674962,0.8534438930755729,0.2597123962848093,1.130160712268436,0.9289359202804297,0.28319906087597174,1.1730069400979277,0.8443683415563497,0.23838876020867616,1.151501146958975,0.812629372848479,2.15
0.42236154493626527,0.6939822807035624,0.8683000516922407,0.37302664234363164,0.33734189065528575,0.7201895661575821,0.3604169371871048,-0.09832240268614507,0.9098162964518715,0.3088290607312395,-0.10485379225693008,0.7270335425035607,0.36800884266743544,-0.09215006575076981,0.7212115055439065,0.3597745642765767,-0.1397434915782268,0.9465131106493193,0.21823799622146242,0.7059040922233542,0.8824987915521054,0.16760902620470228,0.3295370335500367,0.7486161029383686,0.11087217331668828,-0.06521026250627451,0.7330072572266421,0.15861615309745467,-0.06747638677628301,0.59574153076385,0.08578768462651075,-0.06285042036973126,0.6182278048800736,0.1019357548229971,-0.1824368061572894,0.847210281995286,0.3208039109684676,1.1944956384332293,0.9728985348890855,0.28235606884781406,1.451521840954935,0.9132807819589946,0.2793934817360093,1.2954472302149798,0.8804296540011827,0.4797121497106456,1.1714817680468272,0.9126191423492855,0.42978571093114903,0.978443455504471,0.7252547613485616,0.3037279661149546,1.0986459865407592,0.8585185186965798,0.2134661829067265,1.1520747818804613,1.0296624043929816,0.20696382131292618,1.1641695560432117,0.9948355108038645,0.2099454424878362,1.1198053374228698,0.9752433377789993,0.19373452814586173,1.1659344046277222,0.9639617557962399,0.13297838906871143,0.9371703191522842,0.8825901096893413,0.2612714771956618,1.0352114347499741,0.8576221268366604,0.25278930609079797,1.1315346678428675,0.9298813999313399,0.28109250995513924,1.1741313951361345,0.8373333478945717,0.2324735289034069,1.1496570825451717,0.8288017942656178,2.1666666666666665
0.4224483469802961,0.69358171345792,0.8684375601413954,0.372289230444998,0.33705866333644163,0.7181860874893357,0.3601464647930974,-0.09746219006107354,0.9092740091897947,0.3086870169158601,-0.10537536098246036,0.7274430593092052,0.3680616753057843,-0.09355500599809106,0.7234458510912035,0.3601546214967882,-0.1378773010650272,0.945239824831245,0.2181472969444253,0.7060489929362165,0.8822641342375548,0.1664213676594431,0.3294895800905876,0.7481455009509745,0.1101150488334135,-0.06501059238935453,0.7323916450662756,0.15753457934795534,-0.07085185273687372,0.5997022760463754,0.08404716406456197,-0.06709323000368746,0.6214446772753895,0.10207822499552202,-0.18096945501491266,0.8460381902840138,0.32023482554612503,1.1952447616699264,0.970151320565461,0.281844858423522,1.45134923765919,0.9127229293636856,0.2775433138255751,1.2976508938983184,0.876733375418347,0.47923104606114053,1.1722468045633894,0.9099696131217454,0.42679435223251916,0.9780346933762021,0.7222193166188294,0.3009467856351221,1.099009312794347,0.8655289967748372,0.2085396145264831,1.1494976433661521,1.0436346178410254,0.20546602509999634,1.1618163697725135,1.0005627330300315,0.2116325071913793,1.1200461933474732,0.9849152978405551,0.1933957214188689,1.1646806618449423,0.9696513546635372,0.13039151873808535,0.9332115714333274,0.8975519067445701,0.26093023566544843,1.034160938501918,0.862048333536001,0.24776034364788674,1.1338708219270008,0.9299614200948471,0.27876368526681605,1.1750671287243037,0.8343897227352498,0.22850397995394356,1.146186316315016,0.8506172789699662,2.183333333333333
0.4224149632876385,0.693002615216265,0.8687215410447177,0.3714443463909416,0.33690389869873644,0.7163399669109736,0.3599222989363462,-0.0966214624370573,0.9086472943349657,0.30810009716051057,-0.1069819740406646,0.7288314031751545,0.36771610908026464,-0.09604687435710227,0.7269515992648208,0.3604651341849225,-0.1363574929390433,0.9446536027009544,0.2181030779995114,0.7059714202523857,0.8820317781318574,0.16522102743174702,0.3297223481553113,0.7474382134192071,0.10925752187545715,-0.065078169385633,0.7323912779644988,0.15571008304159062,-0.07500511014975436,0.6043327538359816,0.081470305829758,-0.07339785645382148,0.6270497580220449,0.10241428711520452,-0.17916684779708347,0.8447992875478259,0.31978438079622373,1.1953700536486693,0.9681948045996659,0.2812599912470185,1.4510785078085382,0.912791414204961,0.27625296991479664,1.2991884043640023,0.8731586228925136,0.4784863572329325,1.1727056238379632,0.9075576990822012,0.42390366506116406,0.9774414528724419,0.7198644627037769,0.29942482671628773,1.0996837917343756,0.8694610591455495,0.20507154857729842,1.147526844870095,1.0566456718256436,0.2046558127267418,1.160795487960106,1.0058968586774706,0.21303554218290643,1.121286575045092,0.9899126219718839,0.1928907367193423,1.1630947980777515,0.9768091975246834,0.1277883001649895,0.929672287575531,0.9105210481193413,0.26070591675959853,1.0336949179360055,0.8659165668114537,0.24527567788790625,1.13658386856893,0.9278691287564105,0.2762393621522724,1.1758909652680398,0.8339756810416201,0.22634298634429534,1.1423840916953019,0.8723762002228439,2.2
0.4222523431600138,0.6922250414068846,0.86923407117399,0.3705125997865434,0.3368710069265932,0.7145237265965556,0.3597232946613368,-0.09594469843094854,0.9081448351528707,0.30705629021050246,-0.10959974009107898,0.7312082449685358,0.366888287185101,-0.09972079532894103,0.7317953339707151,0.3605862982760268,-0.13526801384322157,0.9447742989423316,0.21810432343643332,0.7057464560792096,0.8818063544618464,0.1640606038486698,0.3302568482661789,0.746450913137582,0.10829947857628829,-0.06536312142780777,0.7329957517748589,0.15312835004995992,-0.08027802667845135,0.6101260094805545,0.07781035888897443,-0.08145560626530862,0.6355756708320862,0.10297188565191187,-0.17694590800490625,0.8434352036966881,0.31953564319079586,1.1949184014504968,0.967334765180573,0.28052377660065697,1.4506233201542424,0.9129167505940907,0.27536791259785476,1.2999405545708296,0.8701675652819532,0.47762238622493247,1.17288455592161,0.905735468538847,0.4213857187463267,0.976817423664744,0.7180274883463215,0.2984951210362885,1.1008060043195993,0.8712081791721248,0.20171733835045624,1.1455945812321575,1.0702330561060591,0.2035552262090774,1.160677656874557,1.0134337101281776,0.21329580496494918,1.1229898226650283,0.99258794763482,0.19235821448348417,1.1615148838175617,0.9847459665670082,0.1256441941067919,0.9272802525163348,0.9203122971285007,0.2609197309930844,1.033338244573454,0.8693472938127551,0.24518757659351906,1.139019378156306,0.9239675555794353,0.2736473021437237,1.176690886531375,0.8339293210518604,0.22564766526355237,1.1394756300394955,0.888529424257186,2.216666666666667
0.42196100433360273,0.6912068990127109,0.8699707062853312,0.3695583498841861,0.33690279493960895,0.7127714316420932,0.3595419536479222,-0.0954097365694576,0.9078304812721145,0.3057374210683826,-0.11280239914556077,0.7342681975656923,0.36566460864687045,-0.10410621607069837,0.7372704495607911,0.3605011115216361,-0.13461014589354947,0.9455383224963168,0.21812278500376087,0.7055347510136922,0.8815853992250893,0.16295758621868828,0.3310749934271848,0.7451645836039205,0.10725902388918701,-0.06577159778848496,0.7340055543178143,0.15009527262946176,-0.08626015330696767,0.6167331033344351,0.07340262693042326,-0.09017186742813121,0.6459194273086145,0.10370086125105292,-0.1743145141773066,0.8418878811491702,0.319495988181763,1.1941045106807127,0.9674657887015721,0.2796688164517728,1.4500257299070949,0.9124853031755158,0.27476338115853916,1.300091285241666,0.868142613084441,0.47677506141770376,1.172864694611316,0.9047709892190434,0.41935058341483555,0.9763005327807972,0.7166286893973318,0.2975896452119973,1.1023112500182144,0.8716596805417687,0.19842148823965033,1.1437904746699254,1.0827957288475272,0.20204966579660066,1.161094517955316,1.022442698217992,0.21267218668106816,1.1247926094461627,0.9941256158837921,0.19191786641405556,1.1601373829078738,0.9926552474940646,0.1242959195777098,0.9261603942279882,0.9272304197590953,0.26180386374101516,1.0324776131641529,0.8725938572850793,0.24647202961045672,1.1406519606950498,0.9198602047757156,0.27110418309051065,1.1775188578571028,0.8331232881885762,0.22599374756365542,1.1377220822563363,0.8965370314895011,2.2333333333333334
0.42154065416737857,0.6899830604288602,0.8708485576981075,0.3686376397162734,0.3369289686757718,0.7111994255143758,0.35937992601345714,-0.09492558296985219,0.9076506441282476,0.30440133855657436,-0.11603811846033237,0.7375332142273375,0.36415538614136933,-0.10839874825937648,0.7421688708472173,0.3602997118075574,-0.13429641014082686,0.9467997195256169,0.21813263465276053,0.705478304491638,0.881372660164485,0.161871785686689,0.3321424283678717,0.7435650544340017,0.10615962925089276,-0.06625804758020107,0.7352627903834028,0.1469771435919722,-0.09204201910842842,0.623230334121792,0.06885064557381121,-0.09865433225306386,0.6565687924000067,0.10452516261505974,-0.17133754156766723,0.840158715209352,0.31958133368276476,1.1932768322616947,0.9679910928859093,0.27880978980094434,1.4493887859992742,0.9112478619385445,0.27444359900555826,1.300012028201867,0.8672598966165113,0.4761094060761162,1.172714068103706,0.9046484205159232,0.41772287875520325,0.9760366115414328,0.715622759741155,0.2965566035242772,1.1040125927983082,0.871314365895042,0.19622405098175827,1.1425887255330114,1.0910383758696225,0.2005701847992044,1.1616633393025646,1.0301743024097134,0.21181921838714457,1.1264067131780953,0.9946207057874581,0.19163986374819397,1.1591153850142355,0.9995601032964101,0.12375571139481228,0.9259124267263233,0.9324563917822241,0.2632077700136029,1.030756435683763,0.8753637136910235,0.24782752853432333,1.1412599796334284,0.9168216811469725,0.26862463920973834,1.1783759182306888,0.831645370529585,0.2268588839498994,1.136468107278627,0.897516416629446,2.25
0.421005176451586,0.6886826419296235,0.8717680236216815,0.36778977432308546,0.3368396609872907,0.7098725611329899,0.3592400899006356,-0.09448506007726619,0.9075370156975727,0.3032778925148877,-0.11870737515344723,0.7404361678368675,0.36251746517976885,-0.11183798456514622,0.7455474829184602,0.3601031811282901,-0.13422607713732834,0.9483910736457347,0.21812178189714818,0.7055604486778153,0.8811761878670685,0.16077812139838846,0.3334189620164144,0.7416417311507222,0.10502561456134243,-0.0668300154331413,0.7367088232270456,0.1441239414199959,-0.09680495986364726,0.6287139720970671,0.0646569532028837,-0.10641005250350541,0.666456396876041,0.10538670575230982,-0.16808934651477453,0.8383200052171162,0.3196778534271762,1.1927740444937553,0.9681651376522745,0.2780806240913332,1.4487998391686,0.9093514534225746,0.27437408914706524,1.3000681601107116,0.8673296294974251,0.47577614814391855,1.172511655363746,0.9049758152994181,0.41634619373661663,0.9760861808649189,0.7151183002556887,0.2955516475461114,1.1055909857711996,0.8703739171924781,0.19585891188399873,1.142181917887685,1.0933089980280664,0.19958780339058294,1.1619974169661953,1.0345475681330998,0.2111851048851922,1.1275236626923038,0.9941995992592861,0.19153210499787782,1.1585921835564537,1.0044902869233128,0.12364680978787766,0.9260167687388867,0.9369553114208343,0.2645499234954036,1.02829419108627,0.8772704260812009,0.2485194533371866,1.1410012234673486,0.9152189104609547,0.26616752601510557,1.1792424945713258,0.8299377258139573,0.22791412935621405,1.1350440475817167,0.8943804497905621,2.2666666666666666
0.42038024884001046,0.6874524866752966,0.8726023264241695,0.3670794792601669,0.33651614500812793,0.708775718356952,0.3591314836373782,-0.09415258960390079,0.9074473740033746,0.3025071833696795,-0.12028895904061457,0.7424881411222308,0.3609834869857811,-0.11397590843998628,0.7471930226063587,0.35995722007685804,-0.1343806438759353,0.9502211373610403,0.21809125153887082,0.7056165963619494,0.8810049808929388,0.1597147887391684,0.3348241995411736,0.7394297803360725,0.10388405394699847,-0.06750864245142739,0.7383426416203743,0.14191942453663525,-0.1001767549589092,0.6327645268706549,0.06108006890400905,-0.11301421971954578,0.6749751140228338,0.10624769296563794,-0.16462861923758573,0.8364613219144654,0.319716922323639,1.192704469848126,0.9677240921439466,0.27754678766788915,1.4483396473838481,0.907099828959604,0.27441996759871273,1.3004084192235061,0.8678268390237195,0.4757730640607037,1.1723936572689604,0.9052439801877852,0.4150905518435192,0.9763340026241427,0.7153545900182607,0.2946969558239756,1.1066163370469446,0.8692152605801762,0.1966792857448333,1.1422102411203383,1.0911631045603325,0.19927628217542448,1.1617872569347119,1.035824992176527,0.2108340766419145,1.127861152402632,0.9936978360423783,0.19155234308205016,1.1585682978136504,1.0070188616589288,0.12346257809178647,0.9260674927320186,0.9411228555962404,0.26516644759674596,1.0255565681364167,0.8783361091668473,0.2485745699426783,1.1402938695448521,0.9150139064447428,0.2636890087967123,1.1801033400624683,0.8282654492533316,0.22921033506421218,1.1334673830843651,0.8893968766232667,2.283333333333333
0.4196791561265786,0.686415783894373,0.8731609275482735,0.3665895480797906,0.3359772836938179,0.7078019717257861,0.3590743227825199,-0.09397548553286882,0.9073598372061332,0.30209600935963077,-0.12067910536709196,0.7435754715453926,0.35979470217086074,-0.11484876186217549,0.7475778575387472,0.3597943942047608,-0.1348021769004828,0.9522813032293538,0.2180480350014848,0.7055109817433625,0.8808562849892287,0.15870189642994043,0.3362388664133292,0.7370881886818039,0.10276513924930468,-0.06830608247327931,0.7401712491048398,0.1406819699594498,-0.10212816369153485,0.6353992731006937,0.05828052724139707,-0.11802634372772268,0.6815657050879246,0.10707504577042617,-0.16101870904941598,0.834631168387579,0.3196655152762392,1.1928358089012432,0.9672623470733386,0.2771577387999684,1.448131281903655,0.904745161704807,0.2744972585639847,1.3009205923618576,0.8681783968901016,0.4759378557065776,1.1725131096921093,0.9051880616471724,0.41391735178874867,0.976574052068606,0.716493668258998,0.2939198525937194,1.1067786700651285,0.8684081946481098,0.1971611654333996,1.1420770587513354,1.087894311431794,0.199418170268505,1.1606579689876775,1.0362697496189484,0.21047268689563628,1.1271622515947894,0.9941500832450461,0.19166002957034467,1.1588027114041553,1.0076186360548869,0.12287796382236488,0.9257357597741784,0.9452090796721049,0.26452001353180876,1.022974319735601,0.8792105164695261,0.24823544153575133,1.1394287313737703,0.9161842289672377,0.261161914181922,1.1809537859236823,0.8266943546557974,0.23081522413502792,1.132189755315015,0.8835292565493572,2.3
0.4188930910630374,0.6856955473931605,0.8732237828651523,0.36633599598459327,0.3354528516686111,0.7067459574419293,0.3590907647011853,-0.09395320202707176,0.9072661131430524,0.3019116516740324,-0.12042446338491969,0.7441058318516625,0.3590641333994108,-0.11497821940444955,0.7475015455040027,0.35952188124344175,-0.13545362030802172,0.9544791586065847,0.21799662760812497,0.705274808255652,0.8807146809505922,0.15766915776091794,0.33756695935858905,0.734901199825235,0.10169820893273408,-0.06920977300231233,0.7421598372197352,0.14036260105690673,-0.10279829906913943,0.6366792618806081,0.05642475879118439,-0.12128042728852831,0.6857241522611889,0.10784195125242944,-0.1573561791503871,0.8328398395145751,0.31949033825499995,1.1927764168848491,0.9678631522772816,0.27682636286093726,1.4482958221795272,0.9024618124760295,0.2746250897123847,1.3013581626054247,0.8681084425770951,0.47609834983192956,1.1729400298814736,0.9048930028877067,0.4127696131079974,0.9766733409101452,0.7185571820809526,0.2930851974547292,1.106208681205751,0.8681419587383228,0.19663240193031606,1.1416075692231895,1.0850809426224524,0.1996233778858092,1.1584562686190412,1.037552447582672,0.20955381955657865,1.125295500008168,0.9955914631139555,0.19189179664916473,1.158976623158904,1.0072532899431406,0.12186042841370058,0.9248625599705214,0.9495235133937847,0.2622279439320196,1.0205920555418415,0.8809188707278508,0.247589491363099,1.1382714791450854,0.91825011255142,0.2586159990644296,1.181806700112792,0.8251715916246125,0.2324314389579937,1.1315057123541277,0.8768345969736651,2.316666666666667
0.4180139052399913,0.6854061687378145,0.872622143085722,0.3662118845646499,0.33522532988668574,0.705457907505677,0.3591872224169402,-0.094049342409214,0.9071642449957538,0.301721252492811,-0.12045835410690436,0.7447740025960348,0.3586801460867439,-0.11518213388014036,0.7478076722657095,0.3591175587865486,-0.1362081418964563,0.9565804422410614,0.21793848373014157,0.705071607175208,0.8805704471641411,0.1565157444593972,0.3387685981362003,0.7331167655679379,0.1007039407069339,-0.07015161502431524,0.7441779080505951,0.14038797386428378,-0.1026555157387537,0.6368020752824401,0.05543666146689138,-0.12327078294545646,0.6877487186365056,0.10855228264283162,-0.15375901025011907,0.8311036403872469,0.3191747004974774,1.1923047482189668,0.9702557644258043,0.2765529626558555,1.448828161348566,0.9004269580366537,0.274792830805658,1.3014800457931095,0.8677857838089547,0.4761211389747818,1.1735902581830546,0.904750251701615,0.41149201787140754,0.9766854457133718,0.7214174591312437,0.2921759093404839,1.105518673318364,0.8678617729558946,0.19610398295280806,1.1413816218081652,1.0807828408554099,0.19971310149163413,1.155779807976258,1.0388399846747813,0.20753331785660267,1.1224600432753251,0.9963838996090628,0.1923569594798233,1.1589599510948896,1.0065917890477456,0.12066742295091457,0.9236190864595996,0.9541352759943569,0.25845184949887456,1.0182515425099898,0.8840099442811751,0.2467456706610402,1.136489535019528,0.9195256621340644,0.25621039915450106,1.1827020560453065,0.8235393029798379,0.2336195626574451,1.1314579228248167,0.8686997011110351,2.333333333333333
0.41706227440902366,0.6855804460041288,0.8712974476091732,0.36605237673996804,0.3354005995625169,0.7040066841832938,0.3593386966156483,-0.09421437809374979,0.9070461272792304,0.3012880603191193,-0.12150848950272258,0.7461214950738995,0.3584153079057486,-0.11627457519670188,0.7492435712851407,0.3586330092416531,-0.13697760927183583,0.9583853976603431,0.2178761479868571,0.7050481202714325,0.8804324501981188,0.15517157254992417,0.3398457691058956,0.7318097662844794,0.09979159070114962,-0.07099214364425323,0.7459980991581259,0.14001602322142703,-0.1024589223299383,0.6363812901504939,0.054883842125200574,-0.12491996365517712,0.6888599081225963,0.10924267113696942,-0.1503097916329042,0.8294639716302233,0.3187413788817754,1.1915090497867868,0.9743922654086541,0.27639671572207714,1.4495784969684982,0.8988546607898955,0.2748680254226341,1.3011820657980753,0.867634196258936,0.47587734460426745,1.1742546255994895,0.9052900583453385,0.410074257387699,0.976883244792795,0.7246055876478168,0.291279036893642,1.1054313479807811,0.8665553315781731,0.19724786151798163,1.1423790516753176,1.0714052931183673,0.19987674134076366,1.1537690147319846,1.03787051448343,0.2043632475321694,1.1192641595106383,0.9938536691999433,0.19311122304369044,1.1587789282454328,1.0058659402873382,0.11971601343836039,0.9223141434014313,0.958613267590229,0.2540992796703344,1.016245029621918,0.8880088095332355,0.24600111513770867,1.134060485198223,0.9177412201392308,0.25423268728027726,1.1836908676230682,0.8215549571003747,0.23438858211923824,1.13210661100406,0.8583770710127778,2.35
0.4160961261002401,0.6861322182465126,0.8692999536501881,0.3657601941363079,0.33588064918061666,0.7026163768701704,0.3594909794564562,-0.09443022972721887,0.9068994472073627,0.3005124518339822,-0.1236903715707646,0.7482430225548092,0.3581486411976301,-0.11864673638233506,0.7521345487820257,0.3581348292487829,-0.13775083740873273,0.9598559880348072,0.21781164269640452,0.7052136879408166,0.8803251950399369,0.15358023891980951,0.3408350499006806,0.7309367047568069,0.09897280135244149,-0.07157173753264652,0.7474107701857303,0.13890318203231047,-0.10277076965968114,0.6361743880433288,0.05435265854549351,-0.1266180889507266,0.6900421905338727,0.10993726126925422,-0.1470264654354999,0.8279742778373932,0.31824282910693213,1.1906488491864144,0.979678338210124,0.2763213626646975,1.4503656466783266,0.8979421803130226,0.27463173377117933,1.3005975754020962,0.8680750352287172,0.4753080702754639,1.1747089675032962,0.9068214135692512,0.40889586512583953,0.9777418834777014,0.7271277478179679,0.290433459563253,1.1063275987576096,0.8633045817061906,0.20116389973913862,1.1455294782633711,1.0537657622486596,0.20043803099540547,1.1535563962219355,1.0320694443902818,0.20078362447994869,1.1165975945359956,0.9856317337570462,0.19406301742723425,1.1583415439822595,1.005471748665516,0.11934202075744496,0.9210731889295642,0.9621784516733675,0.250026347583584,1.0154431753933812,0.8917642064295186,0.24555224610529647,1.1315412254157762,0.9118901385544477,0.252770677662678,1.1847423850843828,0.8191546608006692,0.2352426407875105,1.1335952076251006,0.8457255729607916,2.3666666666666667
0.4151766255311504,0.686928808818694,0.866735630066841,0.36535474864617035,0.3365183040543819,0.7014805331612018,0.35960022362074207,-0.09474400135355213,0.9067421277265113,0.29949822050188035,-0.12656859898837908,0.7508542351733606,0.3578854679089601,-0.1219727173875613,0.7559932751914703,0.35762976385916784,-0.13855252839334703,0.961123478164648,0.21774369573232816,0.7054465496400116,0.8802748299798495,0.15170159277461104,0.3417960608792366,0.7304580535801507,0.09827857082637424,-0.07180720852198062,0.7483511277990933,0.13724852283972638,-0.10372192031932499,0.6366545645716489,0.05377271804645138,-0.12785746831369252,0.6912734796553855,0.11060587066759783,-0.14393011003285044,0.8266765100708128,0.3177362330727531,1.1899444571426103,0.9853215721224615,0.27617473051523456,1.4510708720815924,0.8978098429961697,0.2738716661796132,1.2999943191994687,0.8695865553559612,0.47450725414108125,1.1748075521963008,0.9092312245695233,0.4085658014365906,0.9798337796359344,0.7276952851081144,0.28960246368810905,1.108132467072904,0.8574974154818913,0.20800309775022058,1.151463724474909,1.0253783747277054,0.2014934993505731,1.1559798069927116,1.0185563826939434,0.19778222939771345,1.1153515314799896,0.9705101616291139,0.19505771170490335,1.1573970285380988,1.0062857897378787,0.11965851878862438,0.919810394505679,0.964294517689727,0.24617883410591446,1.0164874848204362,0.8940621139360719,0.2449665981943347,1.1298834896151435,0.9029690340182296,0.25115726453206944,1.1856415243317175,0.8168293017866997,0.23613616547076094,1.1358363656176476,0.8314225715038629,2.3833333333333333
0.4143089040354077,0.6878881588510578,0.8637202210408558,0.36490499772031676,0.3372250676845536,0.7006389653517523,0.35967490440134914,-0.09522618837825998,0.9066643650051428,0.2984722243058543,-0.12954677102162324,0.7535204228688048,0.3576308804906395,-0.12547019968942918,0.7597534235119514,0.357042714223018,-0.13942070341572077,0.9624178680438286,0.21767112431840985,0.7056191711322141,0.8803037027699689,0.14954833734543652,0.3427453369598882,0.730391567918395,0.0977496963685816,-0.07175800752616218,0.7489008497299731,0.13546689782787685,-0.10511421638654676,0.6378355348774165,0.05334981275317231,-0.1280047691842393,0.6919709951854748,0.111174012024029,-0.1411426623129234,0.8255842614889424,0.3172625326226439,1.1894945950120808,0.9905150602850799,0.2758445193140314,1.4516338973411638,0.8986297162324683,0.27253676189707066,1.2995276742029338,0.872670194210741,0.47367611771556956,1.174560936837081,0.9121571588470063,0.40954074085147796,0.9835463332503354,0.7253655682130937,0.2888164204756338,1.1105889636108366,0.8487086361822588,0.21703090786098128,1.1602224566325654,0.9851288953989278,0.20283196637249173,1.1612731843558433,0.9956138031588873,0.1955702025774056,1.1162405627601495,0.9484071249099615,0.19597652362257661,1.1558201510967963,1.009182591041236,0.12055722927968288,0.9183431963501334,0.9653242065267796,0.24179640234522595,1.019109629944964,0.8941580652895132,0.24315736924485754,1.129844798291931,0.8930280363171612,0.2480430708947881,1.1861065996198512,0.8155002795665864,0.23551827893035676,1.1382418150886637,0.8167372399780204,2.4
0.41344627482612173,0.6890148656594384,0.8603590129760104,0.364426164826748,0.3379442146794587,0.7000358509505743,0.35975543020048295,-0.09587854927435956,0.9067907635800734,0.29765361157095604,-0.13221036215115503,0.755758375231008,0.35741742619983596,-0.12847056143602578,0.7626241244155183,0.35629377143046675,-0.14037270541980812,0.9638857229735199,0.2175949074760516,0.7057031244310701,0.8804305023471551,0.14718841165127985,0.3435932320775872,0.730772448997276,0.09739241020415146,-0.07160349992350735,0.7492216981987153,0.13385723905208652,-0.10646239473684116,0.6392911496450948,0.0532933299189548,-0.12698075042454793,0.6916656922045299,0.11157484862896921,-0.1388960821028888,0.8246950562545947,0.31685354001912924,1.1893374539804287,0.9945593833426511,0.27531532095383954,1.4519898369670847,0.9007710769202136,0.2708642562821668,1.2991808082220773,0.8773506973919135,0.4729490626215537,1.1742015949771878,0.9152799884705878,0.4118655012538394,0.988760283429191,0.7201362275383574,0.2882086885495585,1.1135624721780684,0.8368780877370261,0.22685188216596364,1.1711279292360057,0.9350874371347699,0.20415569780015136,1.1689706488100555,0.9644678006999463,0.19333926359469394,1.1199547764926376,0.9199865052851215,0.19662920901404737,1.1537659990669378,1.0147169785385466,0.12175689735073109,0.9165253252741898,0.9664810266190695,0.23621240062679127,1.0225388571855158,0.8922956118691173,0.2391598796624983,1.1315317664231532,0.884058797851103,0.24235769777216018,1.1860662455850388,0.8160413114430133,0.23117673102490505,1.140099127344685,0.803139663480113,2.4166666666666665
0.41255220042832313,0.6903929271261724,0.8567328925802636,0.363829872685473,0.3385958994295095,0.6996834957212481,0.3598518079456372,-0.09657986698054567,0.9071358501425509,0.29717754792306084,-0.13433477461110271,0.7571240264073547,0.3573988813557043,-0.13060183558107033,0.7645300367099325,0.35539438211125374,-0.14135008267703528,0.965470026630475,0.2175156154351339,0.7057414741261493,0.8806478496603011,0.144706477263197,0.344179618598849,0.7315477207072413,0.09714326484391095,-0.07153655112168343,0.7494915515107843,0.13255799346944086,-0.10713823903947442,0.6404399362556599,0.053560942606197495,-0.1251303714264963,0.6903428603627979,0.11179407451904733,-0.13740875070620298,0.8240128558581614,0.31657086096093096,1.1895337194692357,0.9970222197509462,0.27457634230275035,1.4520842445527928,0.9044734148833002,0.26922476480844426,1.2989348765611917,0.8829953867822036,0.4722307520677832,1.1741052074901506,0.9184465210350999,0.4151740594388841,0.9947996827965768,0.7130222837707226,0.287839886332737,1.1171089469438304,0.8228296037461428,0.23573815973949075,1.1830253421006744,0.8815155449489986,0.2052584483264741,1.1783457529009065,0.9287417442587371,0.1901982651913277,1.1272712393918585,0.8866860706299505,0.1966527642847598,1.151500994185341,1.0233817932794806,0.12293198601151178,0.9144474668042272,0.9688942276715995,0.2293588903268508,1.026498294511119,0.8895468402867883,0.232913176172441,1.1345672657555819,0.8774538110458713,0.2340530483659506,1.1857242921680209,0.8190646554581236,0.22213704788194022,1.1413762649637667,0.7917149275327342,2.433333333333333
0.41162109778465966,0.692143276294401,0.8528984151603998,0.3629648895555561,0.3391072669723635,0.6996721671222426,0.3599237133547645,-0.09712298347738005,0.9075344208598412,0.2970658815582396,-0.1357709938665998,0.7574550453654332,0.35776334448365144,-0.13170713570521173,0.7658477714731833,0.3544546279566002,-0.14222308005543408,0.9669758623114009,0.2174328975774645,0.7057765618544927,0.8809012795045138,0.14216208906115635,0.3443854371335566,0.7325210621722559,0.09690739233951244,-0.07167097562763348,0.7498273232770261,0.13165194539526962,-0.10669279983254247,0.6408964258043587,0.05383814839163433,-0.12288947867584946,0.6884790144708426,0.11188252790763543,-0.13670295783562736,0.8235420919283541,0.3165190773581874,1.1901538351678542,0.9979644291245744,0.27358245611120946,1.4519686181012903,0.9095084626335597,0.26769919707489864,1.2988818282809775,0.8889018298719814,0.47123037944105073,1.174583968555761,0.9214859904471797,0.41889364228627074,1.0007150606302175,0.7055215100180909,0.2875633691964786,1.1213802012466756,0.8083582839864503,0.24210162786499134,1.194660909270127,0.8329212939567894,0.20601875677969403,1.1887298940372406,0.8928200379686548,0.18607110953964368,1.138554289490606,0.8512430646842291,0.19569144259217086,1.149279528275179,1.035329940291264,0.12389349685230688,0.9125307192106272,0.9726456721895107,0.2216983986604593,1.03160448240226,0.8869613991141729,0.2252201028133723,1.1386203022165295,0.8738019543800734,0.22395021490502776,1.185482232463058,0.8247273075700177,0.2092823424483672,1.1430008621943721,0.7826707995743026,2.45
0.4106662547761314,0.6943524979830002,0.8489046050472738,0.3617166587237872,0.3394773152970498,0.7000309197051029,0.3599240246721338,-0.09731447032240595,0.9077579327666925,0.2972563907390796,-0.13656477788642435,0.7570556943234916,0.35853042340842217,-0.13207429301716023,0.7672412066102611,0.3535836510476384,-0.142871752918787,0.9682024633995989,0.2173488009825175,0.7058358904844589,0.8811179517805326,0.139580708389546,0.34422884386692476,0.733451403981497,0.09663870900780472,-0.07203283759954565,0.7502415753217178,0.13115575415042166,-0.10507908509741185,0.6405458591588032,0.053792977242104106,-0.12067749286925175,0.6867149366058951,0.11196179077515485,-0.13656509961578536,0.8232451774774409,0.3167583169610343,1.1912205071459805,0.9980245278897544,0.27223909675687386,1.4517707814536889,0.9156170217419575,0.26587007551703434,1.2991192131907063,0.8948783546331621,0.46970257317435476,1.1757655523403852,0.9238712496174527,0.4224098161656254,1.0056218484492225,0.6989361163978042,0.28709331978400626,1.1264935230915154,0.7955209690829883,0.2451689022434001,1.2050937049667816,0.7959709251980731,0.20635298755321135,1.1994638903287878,0.8608041791624894,0.18165101810243028,1.153097273470281,0.8177473738008525,0.1936101415975221,1.1473913379872651,1.0496360377647842,0.12462876453840482,0.9113199805799407,0.9767023794295449,0.21381404651717764,1.0387252629544046,0.8852198265860662,0.21709236618417746,1.1437759219620556,0.8728170128457504,0.21324304831766225,1.1859542951933222,0.8324354836173219,0.19439397431329553,1.146405155130155,0.7755701210157842,2.466666666666667
0.4097153648678899,0.6970181036907537,0.8448090582775583,0.36006823385748216,0.3397668847765094,0.700648620382148,0.3598470766444795,-0.0970491856419876,0.9076381014274197,0.29770093112078866,-0.13696180270742897,0.7564770247302381,0.3595049089635187,-0.13245780352056502,0.7695821409049681,0.3527926466171371,-0.14323709885581454,0.9690523538989064,0.21727007658697334,0.7059517295513033,0.881263612111911,0.13698203963047403,0.3438635360206711,0.73421920930111,0.0963689128432508,-0.07260115694824978,0.7506828458311967,0.1309200161220542,-0.10268570185468864,0.6394320118179574,0.05332846629523161,-0.11880531702669658,0.6854205026077664,0.11218528527729907,-0.13671416916170928,0.8230122601381072,0.31719113376440333,1.192772410004965,0.998016765342468,0.27035983520137963,1.4515545150077174,0.9230040832247819,0.26305622035826215,1.2996101513999503,0.9013251406516798,0.4676792943548468,1.177615597875829,0.9247661166373544,0.42510258778050003,1.0089064002453014,0.6940996492508866,0.286261275611577,1.1325069798484562,0.7856040214596857,0.24546618716785223,1.2141598719493962,0.7726320412524544,0.20633717132462276,1.210057930980339,0.8355147106437728,0.17792980955594392,1.1692238522839355,0.7902717253171349,0.19057711066882504,1.146147808167292,1.0642996186057179,0.1252522684974036,0.911006870227029,0.9799417327736384,0.2063028299419411,1.0480421506197137,0.88485603326171,0.2093648947796077,1.1503511229564654,0.8734481842047649,0.2032639305682603,1.1877925441715076,0.840977519938057,0.17931777622070721,1.1528009105415915,0.7703889236538685,2.4833333333333334
0.40878921629954745,0.7000327865399365,0.8406874610871329,0.35807011455032983,0.34003185001601444,0.7013230815994511,0.3597272345289312,-0.09633735867436799,0.907100911416108,0.2983963795196416,-0.13700336842035107,0.7561070850832283,0.36047068739386023,-0.133387937541278,0.7734434095404554,0.3520087249187874,-0.1433572096347343,0.969651497313099,0.2172047835508044,0.7061671966571021,0.8813602081460553,0.1344043112078119,0.34344577911881313,0.7348677832834556,0.09617327025144339,-0.07333411069422012,0.7511148857418084,0.1307071621069367,-0.10018443561646913,0.6377353146626178,0.05258661190260916,-0.11737021617771759,0.684541589448092,0.11260971028872764,-0.13700175760362635,0.8227270900012653,0.31761257388758823,1.194968031449783,0.9983688322357995,0.2677001169252822,1.451290824748397,0.9319287676202639,0.25864034772218975,1.3002497384649159,0.9089132013674015,0.46544939242454364,1.1799825226112692,0.9236459052751941,0.426482126318684,1.010367590711313,0.6914035478706251,0.2853292370524798,1.1395098028984862,0.7786446880606799,0.2444536512539155,1.2225607877940103,0.7609603446108446,0.2064118661506385,1.2204208458547747,0.8180347792607183,0.1758383631301046,1.18501603121845,0.7713028484996902,0.1873128497569241,1.1458588357554218,1.07675015848605,0.1261278517105178,0.9111342162095524,0.9822767812465613,0.20005449772767325,1.0588859498191887,0.8861930293279439,0.20289271716793644,1.158284906331942,0.8744316638072154,0.19542765013152963,1.1912601768518902,0.8491197351929918,0.1659220579800676,1.1624096795844134,0.7684522229098683,2.5
0.40788089486225804,0.7032051144050719,0.8366533496705308,0.35576774625760643,0.34028514838325374,0.7019028543822161,0.35958987134002507,-0.09529622097747045,0.9062068245253896,0.2993052099993125,-0.13637543785189749,0.756075593895512,0.36134571512641567,-0.13473586187837383,0.778638080777382,0.35114787995764185,-0.1434197035112838,0.9704239107545337,0.21715704443242403,0.7065073606853178,0.8814488836878585,0.1318859058915138,0.34300002030684285,0.7355004665171258,0.09611567747951741,-0.07416510430091057,0.7515385443646154,0.13039474324270758,-0.09826382138373564,0.6359164854792994,0.051798893927441594,-0.11633281819897938,0.6837678084573728,0.11311785741765054,-0.13747452985761047,0.822374350680944,0.31786934263447497,1.1979804568539332,0.9990001838966418,0.264010652217198,1.4509292490060193,0.942103651687517,0.2523146238807313,1.3010510462808995,0.9179426220164322,0.46328118458637413,1.182603829825573,0.9207136054315529,0.4264589072105948,1.0102890663420685,0.690753093861399,0.2848839848423738,1.147521588252721,0.7739716808082414,0.24363130936250632,1.2312894239585885,0.7580088099716995,0.20724514808320346,1.2307620467648288,0.8080661705789999,0.17595292620552594,1.1989725571168344,0.761585487201735,0.18522606082230295,1.146849078587619,1.0844014998462996,0.12798280985422478,0.9108490533572247,0.9846690979772641,0.19596115161315775,1.070372190416955,0.8890828433758167,0.19861447755701156,1.166977605004806,0.8751537240199105,0.190869776197815,1.1960453216408597,0.8560329435731704,0.15607411321625964,1.174109490032819,0.7719695102532848,2.5166666666666666
0.406972726180104,0.706325347072136,0.8328913429161775,0.35316449564902924,0.34051489036901234,0.7023899170695495,0.3594157948973247,-0.09407616756734194,0.9051563664156608,0.30031511670310873,-0.13482075665661744,0.756365437793493,0.3620936716810039,-0.1360452028180107,0.784300124071346,0.35017005346117763,-0.14369389188397655,0.9719236344537333,0.21712775681626703,0.7069410263610194,0.8815496331292082,0.1294376623141762,0.34247491681901354,0.7361892301390759,0.09620611460590713,-0.0750160349291434,0.7519522547789947,0.12992761432647876,-0.09749514101576964,0.6347622836508195,0.051173490545699515,-0.11567495992677013,0.6829480147418411,0.11352730568664386,-0.1382591873062883,0.8220355188121413,0.3179186460856355,1.2017268075611678,0.9994946663181261,0.2591026550935386,1.450408150628534,0.9528520818274548,0.24427483551198093,1.302138842360657,0.9279517652414608,0.4611741188259152,1.185150216973503,0.9165352259670401,0.4254107183821133,1.009419893743921,0.6914973779826986,0.2851453188503115,1.1561932234795764,0.7709552201011252,0.24398009164337178,1.2407975524744248,0.7610129718043481,0.20924042268807758,1.2414072212025802,0.803438276030644,0.1783097854122191,1.2102545923422938,0.7602728976892468,0.18575772039060445,1.1492770116063902,1.085752160191792,0.13155424172282973,0.9093436473578579,0.9883473665130793,0.19406454549376628,1.0817734703013628,0.8928357341605806,0.19693813718398878,1.1758264115918928,0.8759154993325279,0.1896535312747465,1.2014368703914586,0.8612316182343411,0.15103762364468948,1.1859173617501468,0.7820352330939663,2.533333333333333
0.4060583701884401,0.7092411672843879,0.829642971494895,0.35025675788365623,0.340711043400067,0.7028654396765178,0.3591614857168108,-0.09277529122509809,0.9041724186479249,0.3012825864407658,-0.13244140146513472,0.7568483893328665,0.3626070913155215,-0.13689016332070067,0.7892459181564699,0.34909356745912096,-0.14437781307394562,0.9745021556942219,0.21711633008111478,0.707387053049823,0.8816598297386601,0.12706334586517615,0.3418920428592106,0.7369462239730156,0.09639332812026041,-0.0758499593068568,0.7524012596646497,0.12913334857204822,-0.09827326301385093,0.6350257660960752,0.05084133433331889,-0.1154678841274148,0.6824337250830028,0.11377335009094408,-0.13938670787729396,0.8217987967130648,0.31782873557563385,1.2056908295168,0.9993442342348472,0.2531096213253685,1.4496174564168764,0.9635411163035565,0.23525274765305956,1.3034083698701087,0.9379548105579105,0.4589405289932012,1.1873803573993367,0.9114765967973106,0.42389939168903057,1.0088610086754901,0.6925260655802352,0.28559174564910694,1.1647349376269196,0.7691256327055386,0.2455705712485208,1.250382874611729,0.7667841417337855,0.21233564164456348,1.2524612409614335,0.8004487580635098,0.18234742847337151,1.2186143463500714,0.7644188812688617,0.1893555584993728,1.1528279419804925,1.0814205079654837,0.13698824846026614,0.9061336281385947,0.9942125659993514,0.1933874704261631,1.0920384535285037,0.8961636533918056,0.1970558347894816,1.184386885070932,0.8771308705020022,0.19011306479267542,1.2065205253778526,0.8646689184542858,0.1504993027034152,1.1958961142310587,0.7966842322617982,2.55
0.40515167833451726,0.7118731789409661,0.8271184581181323,0.34710425603831435,0.34086187321532924,0.7033480281274175,0.35879881503525013,-0.09143831665254665,0.9033746027280528,0.30207140483890443,-0.12963413570560095,0.7573543692302267,0.36277777636865227,-0.13697769249650169,0.7923881732217145,0.34794694959660427,-0.14551206348442886,0.9781155723674879,0.21711754675651418,0.7077667221690508,0.8817772792896789,0.12480602586900331,0.34135698136801396,0.7377112710208896,0.09659633587751698,-0.07670152300176827,0.7530551854381897,0.12782770702905263,-0.1005356449412082,0.6368194827807289,0.050820242843738095,-0.11586220880024678,0.6827787638638164,0.1139665470644887,-0.14073602148907488,0.821709053293448,0.3177709527909795,1.209004334776587,0.9982551460794065,0.24667196188228413,1.448383958822017,0.9736084951435544,0.22636176228888882,1.3042526083914,0.9466968817364406,0.4565369298064883,1.189278819090137,0.9056521958828676,0.4221815340672802,1.009647748071146,0.6928600979165636,0.28550709524817586,1.172074951092392,0.7683462473698031,0.2473502209329897,1.258357422334513,0.7719373888300982,0.21646307609036114,1.263150362476667,0.7969560842068624,0.18685664897430357,1.22416645725581,0.769803525087927,0.1951003559520394,1.1566745653934383,1.0737977368411689,0.14370225540854564,0.9011630479619928,1.0027742562952913,0.19264258179211902,1.099358592969967,0.897275174490678,0.1971975778790003,1.1918090912900734,0.8784409802918223,0.18934195003975804,1.2103294115208634,0.8672144540187896,0.15236740096081755,1.202870779851042,0.8110761367543753,2.566666666666667
0.4042975437355366,0.7141905030883986,0.8254430756571074,0.34384780014797556,0.340952103071653,0.7037949793044411,0.3583286463643088,-0.09008928612264296,0.9027780222704955,0.3025688507928544,-0.12690497916434074,0.75780039936677,0.3626531541470228,-0.13616572657957882,0.7931312960324508,0.34671448317238224,-0.14693998887272508,0.9823467382729122,0.21712239467464478,0.7080471681183654,0.8819094999612085,0.1227494594627104,0.34096459744661994,0.7383819108019324,0.09675267952944767,-0.07762054893505657,0.7540276360061064,0.12607387754415506,-0.10353609179229512,0.6393819363690689,0.051024292697856286,-0.11698619316452258,0.6840330118481202,0.11426726800847481,-0.1421364591238986,0.8217606559225434,0.3178832621529068,1.2107673277496371,0.9962421432852592,0.24053799364761105,1.4465506036447908,0.9823273571127602,0.2187674702801201,1.303927379870561,0.9527899972496467,0.4541073153014329,1.1909604640119291,0.8992827225897775,0.4197797815674834,1.012130256418535,0.6928368512615385,0.28457791915151176,1.1771708242007053,0.7690450376683593,0.2480823050233475,1.263401788990912,0.773525408874136,0.22207494855545007,1.2718899144814078,0.7932756040072492,0.19034224323636595,1.227179054490743,0.7733037663738582,0.2012173872464959,1.1597480489546095,1.0658181319965905,0.15080580640181607,0.8947278956502696,1.0142753055864484,0.19096612565952523,1.102045545277821,0.894527498455187,0.19574294961482838,1.1967714316829867,0.87885952731463,0.1849667181592557,1.2121222892672905,0.8703398332995204,0.1538649026285449,1.2066153257798238,0.8205501170193822,2.583333333333333
0.40353874675889767,0.7161952591812023,0.8246665800470907,0.3406311001147965,0.34095895441890284,0.7042233544590288,0.3577655411653776,-0.08872863966688489,0.902364683374311,0.3027407468002601,-0.12458005135579872,0.758143963396062,0.3624780202149257,-0.1343638011982144,0.7914545753517278,0.34535525585037974,-0.14836861603074702,0.9866457521321897,0.21712446319846718,0.7082429602858187,0.8820643688645275,0.12095030343632296,0.3407131653297186,0.7388826835783205,0.09684003832842314,-0.07858926695933506,0.755147971650903,0.12420728980048999,-0.1061708316289624,0.641578226503532,0.05133780308218233,-0.118764087947895,0.6856178407190666,0.11472789482265768,-0.1434774175408395,0.8218951007654871,0.31808558439946205,1.2104408189438582,0.9935289168180945,0.23502804422307666,1.4441905266721529,0.9887118546084753,0.2132071302645325,1.3022300927537238,0.9552964928856655,0.45151739519023876,1.1923809534007208,0.8930403436344442,0.41566781324377233,1.0157996356287549,0.6944915626492352,0.2828684239677099,1.1797674074759001,0.7709348853409334,0.2475437168781349,1.2656802855992422,0.7694847458583555,0.22935693556012265,1.2776614573860994,0.78880212935578,0.1917300447714012,1.2283705600017456,0.7735020738661643,0.20600823017652944,1.161121392430553,1.059923580610552,0.15761072171136492,0.8874381963184415,1.0281211352892858,0.18804278134365762,1.1000944375991644,0.8874204118806786,0.1919410121678289,1.1982676296537358,0.8779590504377073,0.17647470942881532,1.211635402083195,0.8750573387333984,0.1525817402187487,1.207443422835572,0.8241123626947076,2.6
0.4028464781565431,0.7179129283807499,0.8247185025793807,0.3375220136840755,0.3408237642195967,0.7047395017378457,0.3571216004706317,-0.08734514527302782,0.9021210396574261,0.3027101170418659,-0.12262172980476918,0.7581671414961294,0.3624668449650758,-0.1315804903291719,0.7877411770270828,0.3438636295409563,-0.149574160468361,0.9906540081069868,0.21712159535374276,0.7084070059089735,0.8822425494989783,0.11937130621832841,0.3404848426501933,0.7391924070191115,0.09686157148032896,-0.07952094778391244,0.75612019814386,0.12261873946955182,-0.10755804299665193,0.6425874719990419,0.05165586212867569,-0.12078778714369184,0.6868824426185809,0.11527021733344694,-0.14470184247949902,0.8220280931336814,0.31806604414200795,1.2081232754644486,0.9905727766371122,0.2300605333630566,1.4416195260626052,0.9919862666714092,0.20964549222600726,1.2995976332540287,0.9544082868046289,0.44813532939410183,1.193188748583485,0.8881627041537097,0.4092398458767392,1.019862492945097,0.6996293997796028,0.28058683905904047,1.1808585411273909,0.7714903237321828,0.2453769605891878,1.265630232544054,0.7613360809637237,0.2360539657771631,1.280367652583961,0.7826991927917463,0.1902728351206544,1.2289850503663737,0.7702384427560045,0.2084967990519024,1.1604013181812045,1.0571226272680652,0.16384499587861356,0.8804387729832899,1.0416393072114751,0.18361991084024734,1.0952885485871924,0.877641335984781,0.18558984314874144,1.1961902326895568,0.876992988167492,0.16478141442067848,1.2091049107903646,0.8817945211522904,0.14680108277917459,1.205766158887585,0.824314214845688,2.6166666666666667
0.4021259246933256,0.7193874835782545,0.8253536828380228,0.33454478209841193,0.3404753427165409,0.7054204062041316,0.35641158067154854,-0.08595281007530103,0.9020189063225934,0.30273898293636964,-0.12080656227343212,0.7574969666778105,0.3624853108490081,-0.12822241102248896,0.7827929042316525,0.3422896791829566,-0.1505167439452591,0.9942688538085771,0.2171138109868538,0.7086074703461887,0.8824344966997731,0.11790898737825352,0.3401804078716708,0.7393274155336608,0.09683158623159828,-0.08031742793940383,0.7568126570649738,0.12156923473695527,-0.10731310382658428,0.6421002904252205,0.05187192799252916,-0.12238323337728284,0.6875081713649454,0.11577191982578153,-0.14576588941398283,0.8221102360834152,0.3174276914593899,1.2044824104474134,0.9881333931334626,0.22543461187012429,1.43904651814043,0.9924277360394779,0.2074367987789234,1.296603384913286,0.9513802704943035,0.44349077713974216,1.1929671197888496,0.8859854727927414,0.4011323187876132,1.0239757062349906,0.7073290694268283,0.27798360657105675,1.1818861932625973,0.7672284918973902,0.23928682549585734,1.2622624222706476,0.7563054313751689,0.2373693539371926,1.2792953726514544,0.778940495086047,0.18520944248422266,1.229615662717637,0.7653088921965505,0.2084214748908216,1.1578546669555243,1.0567315199428569,0.16941925873941827,0.8754249646279595,1.0501857253411337,0.17723040231417042,1.0896413162861545,0.8692565343511609,0.17655480876254082,1.1912997169585389,0.8784679014249486,0.15117488619054528,1.2051389801274481,0.8909450427094817,0.13593921038646284,1.2021209412337646,0.8241738450986045,2.6333333333333333
0.40130445642110707,0.7206456869496403,0.8262357067736388,0.3317485179339407,0.33989555270278726,0.7062299620907705,0.35566617933795525,-0.08458794817817178,0.9019838093156105,0.30306626897583144,-0.1189663674949142,0.7559448008144788,0.3621694548596576,-0.12499494005153311,0.7777554524634811,0.34070748348808155,-0.1512528203172586,0.9974813659933295,0.21710466981932647,0.7088425758185666,0.8826195808577774,0.11649629941484048,0.339894862304151,0.7393285890704953,0.09677027800056694,-0.08090934145971036,0.7572637470951992,0.12119206473939301,-0.10553706864551687,0.640180211794715,0.05191180765399993,-0.12287538732665902,0.6874566577153849,0.11614643475863644,-0.1466364003672831,0.8221609222879348,0.3158481742039491,1.2003371882954297,0.9871453476620756,0.2209614277717106,1.4364075528959206,0.9914548202896347,0.2057905979712892,1.293638662152452,0.947907283395248,0.4379720122391156,1.19165717296883,0.8870085702047545,0.3928886854690312,1.0283542372350063,0.7142481596877666,0.2754315825671189,1.1835880842596647,0.7563131912606571,0.22655447410214238,1.2541843599653366,0.763002526978285,0.22955289589259836,1.2730021750766114,0.7845433466323128,0.17639521896731908,1.2292913944303583,0.7621205899791088,0.2061071949363026,1.154164102782602,1.057339287835291,0.17410620583028252,0.8738269402899714,1.049829204821324,0.16864058206103527,1.0842263424007648,0.8668496537599937,0.16501465764711673,1.1847620760169126,0.8844906572495193,0.13707209667749623,1.2004376813196698,0.9027944914872015,0.12093750693315583,1.197058302718018,0.8259888642341594,2.65
0.40038491957537575,0.7216405692457926,0.8270838913582426,0.3291912376955194,0.33910670042596414,0.707069227813647,0.35492302735358194,-0.08328051036755775,0.9019301597426268,0.30375368765110994,-0.11700647180831708,0.7536978006564211,0.36137017058801657,-0.12236626039169742,0.7736244659981325,0.3391781914995699,-0.15183328779070504,1.0002904846376977,0.21710181428687017,0.708992652973587,0.8827783879817996,0.11515683993489402,0.3398446829462809,0.7392435495547796,0.09669526617412917,-0.08126577402437993,0.7575429694515555,0.12154036933183548,-0.10269705852465993,0.6372056458944311,0.05177692496774211,-0.12190199432279997,0.6867820859282274,0.11636342848272214,-0.14729474187561553,0.8222332924796677,0.3132746825994657,1.1963292702146933,0.9882626519830596,0.2164878459376507,1.4335945436280197,0.9906062568925742,0.20399214762986023,1.2910018237399514,0.9454250449970771,0.4324863904073871,1.1896765831033158,0.8906318317839385,0.3858642568084793,1.0333205478741803,0.7172916197077319,0.2735291915855517,1.185590059369281,0.7392209031890217,0.20686492125263334,1.2416032953589786,0.7853290938720167,0.21259135108184735,1.2612439496600598,0.8028553765470392,0.16442768957886666,1.2260759043708356,0.7650391847694764,0.20266029340221897,1.1502026145256863,1.0574933124360477,0.1777328156488309,0.8759777964280531,1.0398336015408591,0.158322498490847,1.0793868379224132,0.872885459796775,0.1519934526498819,1.1775609591804577,0.8958055077444227,0.12417368910689525,1.1955233852735738,0.9171380708311527,0.10379342959604493,1.1905725675815808,0.8327503789316356,2.6666666666666665
0.39940482669211363,0.7222893257471017,0.8277006972884562,0.3268900833134823,0.33814039571912635,0.7078397603749187,0.3541875475353249,-0.08207652450356884,0.9018801842264915,0.3046953933547532,-0.11492084028023739,0.7511562046514723,0.3601921520759279,-0.12038472560789609,0.7707928118619074,0.33772924195917653,-0.15230421427185914,1.0027355891479226,0.2171123455051563,0.7089308983985573,0.8829132809328062,0.11393702833981802,0.3401310160203349,0.7391080683458765,0.09661757279858042,-0.08138705605300044,0.7576921417048318,0.12248188426909112,-0.09945277336881599,0.6338596197835988,0.051524059687538135,-0.11962036659651379,0.6855651103745001,0.11642761239737452,-0.14774172492290197,0.8223432474065501,0.3100652029810095,1.1929486090864077,0.9912902258738092,0.2118524812988659,1.430624258589296,0.990628381335142,0.20148311847383987,1.2889745488766422,0.9443707456993472,0.4275863785147483,1.1876197929311432,0.8958106850873458,0.38069536569503504,1.0389886933223749,0.7151399364082692,0.2728024246570774,1.1869607278608147,0.7179210735461049,0.18248878085777454,1.2262549935251064,0.8218090469540156,0.18917040544166175,1.2457759159776705,0.8319471094469229,0.14968484216217387,1.2182419226295986,0.7795760256706709,0.1997922011615736,1.1469329749768125,1.055675075690715,0.18061537186059728,0.8813724634120735,1.0221858243025252,0.14736647077843568,1.0754689612070742,0.886747829793739,0.13923521863309618,1.170387945261854,0.9119318339721986,0.1140716529768553,1.190830371267559,0.9329216474678138,0.08678355155581924,1.1821187903210948,0.8479741629092978,2.683333333333333
0.3983835635585403,0.7225772257736627,0.8279247188023542,0.3248127620076041,0.3370632202294637,0.7084986778123015,0.35341670282820076,-0.08108004358571896,0.9020025137969778,0.3057250762867942,-0.1129012059298963,0.7486789104046275,0.35871785098836934,-0.11893587085679802,0.7690897719556781,0.3363469049567986,-0.15275337927037094,1.0049118206941456,0.21714070059818008,0.708652702921896,0.8830521637650514,0.11281662171212783,0.3406978169787316,0.7389414910350306,0.0965433505408769,-0.08129201287228748,0.757722845896938,0.1235512408738838,-0.09648421509982004,0.6309409224839396,0.05122093163987732,-0.1166773833495724,0.6840474624340157,0.116365796254802,-0.14797525473973705,0.8224480660975972,0.30677901306494526,1.1906200529681483,0.9954067485616184,0.2070230143880984,1.42760308677663,0.9915215987021078,0.19812391101408738,1.2878030790899881,0.9438989089491333,0.42317708818594246,1.1859421778144121,0.9015650763761611,0.3776867988074505,1.0453965145390878,0.7077526505860435,0.2732244080759755,1.1874913524683746,0.6952647241949358,0.15646780599178378,1.209869031686773,0.8682930993057347,0.16266011585401374,1.2291372757142482,0.8674119998211874,0.13290345627453026,1.206008725853368,0.8076611236457623,0.19880209298591034,1.145063446045683,1.0511733138123704,0.18338563851235018,0.8890905272033507,1.000158802249828,0.1371044724266161,1.0730325306433128,0.905726232824271,0.12836960264146602,1.16386135480891,0.931386034377274,0.10750597053176561,1.1869069293754793,0.9480811714909638,0.07214794217550766,1.1715610053526095,0.872396462309088,2.7
0.397342683507953,0.7225800739051504,0.8276602872142848,0.3228841215537849,0.3359199786827726,0.7092256804516257,0.3525645398312426,-0.08042225489513957,0.9024738657774748,0.30668197847212814,-0.1112869376554654,0.7464940515044224,0.35704531056468314,-0.11797325475240072,0.7682577881541227,0.33499745196880226,-0.15330351012320964,1.0069070448574295,0.21719023593146788,0.70825538732447,0.8832252050656673,0.1117328616379244,0.3414488752065221,0.7387519218351642,0.09647249876166734,-0.0810053401913964,0.7576131966829034,0.12415046357858864,-0.09433999221039656,0.6290655579950786,0.050912018987119396,-0.11392560311223417,0.6827320121963962,0.1162385499359001,-0.1479340547010084,0.8225110915811735,0.3037895165054043,1.1895511933662402,1.000187001229905,0.20244530595352844,1.4247050868604596,0.9929164142128679,0.19433751228041057,1.2876614817562992,0.9424985023311032,0.41893493557938194,1.184900046768369,0.9070406681643355,0.3771798129812781,1.0527924131025979,0.6957297791905388,0.2743148821102891,1.18817781919788,0.6747101224947392,0.13127735165122073,1.1933079359721988,0.9193650405381233,0.13636853074208918,1.2131505844307309,0.9047227728145087,0.117337862814937,1.1934391565800677,0.8390808586581726,0.19965259530280102,1.1445342958817326,1.0455104109864086,0.18630977588318293,0.897502747876561,0.978168677659895,0.1287034100323477,1.0723798688007717,0.9263775145701485,0.12021675066707108,1.1584627262397018,0.9517235904480477,0.10395257166199222,1.1842315556581635,0.9605550710943994,0.06183190948798316,1.159931061474214,0.9015898614405662,2.716666666666667
0.3963388439834807,0.7223976974229054,0.8269286855868867,0.3210156339343916,0.3346334297088359,0.7104493369106072,0.3516309067182231,-0.0801894077292184,0.9033546466959789,0.30742487612121616,-0.11033173518684188,0.7448028439169547,0.3554616574169293,-0.11750350964682954,0.7682374461718652,0.33367235896230596,-0.15403146616186583,1.008738701233974,0.21726003562887286,0.7078333250170155,0.8834302508789436,0.1106448621430811,0.3422743578866045,0.7385989895953395,0.09639723519413655,-0.08053662247316078,0.7573189693402662,0.12407662766139452,-0.09328900889084477,0.6284385598212898,0.05061142867690751,-0.1120884721070606,0.6820606596427928,0.11611571735928841,-0.14750586753547168,0.8225541262726637,0.30117416181128753,1.1895312320767426,1.0057590878123652,0.1988464203994827,1.4221712731916132,0.9942610460901187,0.19082309314219142,1.2884223953178866,0.9390851435218825,0.41483374831294884,1.1845830225822878,0.911521634895073,0.37910112844387583,1.0614648883454512,0.6805539571507524,0.2756817530066993,1.1901907884700293,0.6599642589552108,0.10946950539937214,1.177803371690282,0.9669764726290078,0.11395906834103858,1.198917103648239,0.9394562011511727,0.10831235852639035,1.18717425276902,0.8540017626464391,0.20108576770264544,1.144533067009034,1.0420519009880496,0.18904478513570477,0.9042380709583255,0.961577633758516,0.12297194110124733,1.073109039260892,0.9450840176429904,0.11487392253998886,1.154404735955854,0.9696463655751136,0.10202075908321519,1.1828311421079176,0.9695459801113899,0.05691199132668064,1.149102943819138,0.9282546517370776,2.7333333333333334
0.39544074419059494,0.7220651618427338,0.8258397841260652,0.31917807085275174,0.33307558555846745,0.7124536241611208,0.35066376261353166,-0.08039993787392859,0.9046168399548062,0.30785692627700706,-0.11002203503735764,0.7438388160953016,0.35434710073201375,-0.11738714751419194,0.7689336118453064,0.332403947940989,-0.15492475788976856,1.0103886896331626,0.2173401604967235,0.7074172250702355,0.8836251577837778,0.10952051840045071,0.34303154968859095,0.7386555829386325,0.09630659839941057,-0.07985099351574412,0.7568039027064626,0.12372512491320467,-0.09322251379763241,0.6287574641511431,0.050335516009737506,-0.11155138242102919,0.6819679620592174,0.11599855082292392,-0.14663899873322458,0.8226164836824464,0.2988757425586551,1.190020398383755,1.01171652883075,0.1963253600891832,1.4202038749179584,0.9952858714345709,0.18804740680123677,1.289422052548665,0.9339853703112204,0.41117938554758926,1.1848687825661806,0.9145014972981509,0.38229912854973636,1.0711061710243797,0.6650651554211549,0.2772721334961507,1.194132542994228,0.6536680669046668,0.09559805415682035,1.1672936809734074,0.9987616503232128,0.10002138353864473,1.188683585839641,0.9651064793632593,0.1096437929930326,1.1920246186679964,0.8382120977061989,0.20165733184638135,1.1441808350765919,1.0435874202040305,0.1911598060425133,0.9072074518938068,0.9547168831418185,0.12054455719339935,1.074275019934662,0.9583223429505,0.11234101250462028,1.151806612812101,0.9814349158618321,0.10066727631355435,1.1822173075395184,0.97469230865942,0.057134985768399024,1.1406021216631594,0.9472204105799773,2.75
0.3946848597049177,0.721525490120284,0.8245193500606546,0.31743805875363,0.3311930243555024,0.7150623892417615,0.34973937427622265,-0.08104525605699875,0.9062181410967066,0.30799279294975557,-0.11008670107780921,0.7436546340812726,0.35399080653295467,-0.11731244585435502,0.7700720882718955,0.3312181701969799,-0.1559468652079972,1.0119097198546558,0.2174129629232646,0.7069891525936634,0.8837613117391672,0.10832609106142525,0.34358568927355576,0.7390980320406437,0.09619275624061534,-0.07887750126443353,0.7560394831040235,0.12367999503437246,-0.09375468465241313,0.6294235407353898,0.05010692434675955,-0.11226448875406031,0.6820185466713204,0.11582016499535461,-0.145432516508145,0.8226995076184971,0.29681278209475237,1.1904658539270687,1.0167256266251088,0.19396009309726303,1.4187759842199412,0.9967223274680219,0.18590455595465766,1.2896675243897646,0.9291993193754005,0.40811490974986053,1.1853740278372058,0.9159558239292409,0.3850851243840041,1.080773127254648,0.6527259254615814,0.27923607578019927,1.2004564998851408,0.6550712627144353,0.09529517359787018,1.1675992959357686,1.0024535184096757,0.09865993357871153,1.1868712019227403,0.9726090419584071,0.12145194078700555,1.208786086882414,0.7917504287044539,0.2008408109413709,1.143120036194428,1.0501391681144419,0.1926984793772295,0.9059296948683879,0.9582866568685564,0.12181645856669374,1.0747604710304834,0.9640603071726637,0.1127446228773672,1.150803525729566,0.9845160053847333,0.09996030518187116,1.1816585629397556,0.9746760954449012,0.06116303812986081,1.1346908519429648,0.9580669239811874,2.7666666666666666
0.3940403720324408,0.7207285101962646,0.8230675597738708,0.31589077355144546,0.32903119834271555,0.7178318159516216,0.34892953144855465,-0.08211539976535745,0.9081282548431274,0.3079931228497722,-0.11017971884716973,0.7438999633570337,0.3544698562626548,-0.11709699012238442,0.7714727405679682,0.3300843228922462,-0.15711119807287377,1.013462565106896,0.21746252387822299,0.7065350326073462,0.8838178114902419,0.10707612080105627,0.3438650035987194,0.7399242433087673,0.09605440333419202,-0.07759388831608133,0.7549710735290769,0.12418320561649497,-0.09449158144310074,0.6300259662263832,0.0499017696983505,-0.11375166674619708,0.6819131250141196,0.11555434111008994,-0.14410456750051884,0.8227672147021386,0.2948222700980647,1.1905265749438472,1.0196506866162638,0.19050301618830895,1.417487733386721,1.0001193243203461,0.1837440846312557,1.2883340906754739,0.9273987977125674,0.40536916460638167,1.1855793361837192,0.9166470613974519,0.38680801167689816,1.0897880049987734,0.6453875762093636,0.28157214686113463,1.2095198103694003,0.6598912583649863,0.11031126698082473,1.181476446350165,0.9759717985100114,0.11024786888218649,1.1971787513545569,0.9568721959724069,0.14101954574899533,1.2353044979304892,0.724937144967799,0.19920426702128896,1.1415462482889853,1.0587068710014877,0.19396878798975672,0.9017890886660643,0.9689934014044217,0.12643333835857803,1.0734562019684883,0.963817232076703,0.1158731092416232,1.1513212795600964,0.9793827827037361,0.10053072215228455,1.1805410948476402,0.9682096029503787,0.06763085346094555,1.1306823048707075,0.9631714299540852,2.783333333333333
0.3934124878781351,0.7197496270076242,0.8215795523101083,0.314553958925923,0.3267526523651534,0.7203987791390414,0.3482492220076681,-0.08354445991514331,0.9103073242947687,0.30803673240584506,-0.11013565954117549,0.7440622841277822,0.3555688015182861,-0.11691417053175476,0.7732305667663447,0.32894629796325003,-0.15846637994091695,1.0151992835775197,0.2174916994814324,0.7060878276779966,0.8838122804757433,0.10584436685874106,0.34388827484089246,0.7409564410558378,0.09589966196882586,-0.07611440153645503,0.7535670474827784,0.1249648489862734,-0.09523179206872,0.6306521445006695,0.049661163053810055,-0.11531151857767144,0.681651937518072,0.11525920901466814,-0.1428873830785147,0.8227732594501853,0.29265878128918255,1.190056618154891,1.0205093429408556,0.18517084989374133,1.4156452736324567,1.0063580686723506,0.1806869276626156,1.2850784853513881,0.9303465123618039,0.40265990835531285,1.1851437932023212,0.9176663557622005,0.3884770913905084,1.0982558342211284,0.6418885912792796,0.2838249943635424,1.2207097558861508,0.6637532111474829,0.13637710399615807,1.2059189058549038,0.9297710103569736,0.13105572836029722,1.2188861961551116,0.922482519650798,0.1648999116387867,1.2673904083131304,0.6523220003213046,0.19768370537071883,1.1399007764900515,1.065384573762042,0.194898147611933,0.8970964536287608,0.9818166050094153,0.13333570023736543,1.069833370078364,0.9621449518215539,0.12102330009214243,1.1529671820418332,0.9692311202230173,0.10295459556543987,1.178729932739168,0.9558383512950185,0.07613341596874795,1.1278543014575364,0.9644719199783753,2.8
0.39272196689452926,0.7187922437221551,0.8201507696400967,0.3133434656708513,0.32459266453910085,0.7226571727334123,0.3476343802637348,-0.08514809588669076,0.912635368866392,0.308114860698159,-0.11014693475870255,0.7440144003984205,0.3568386184798841,-0.11714584555995616,0.7754551717707872,0.3278065166288962,-0.16001889482948117,1.0171143322703782,0.2175263147671301,0.7057147783814058,0.8837873954009218,0.10471253315181117,0.3437302048224026,0.7419925979063182,0.09574742107586237,-0.07465945564523972,0.7519954387161062,0.12547797135145017,-0.0959706412158968,0.6317216355546996,0.04937868248313375,-0.11637651188193293,0.6813565849844487,0.11500813741845164,-0.1419241877765349,0.8226893753338039,0.2902228252915445,1.1889977006396695,1.020060395940718,0.17789464521776863,1.4126604664062286,1.014545309980022,0.17605315439554836,1.280085504768277,0.9383105415296888,0.40002941739843967,1.1841311326723658,0.9193730561284432,0.391591617689158,1.106505849212247,0.6394171650953657,0.28546297300587575,1.2320989675353688,0.6650615224717662,0.16714190730359652,1.2350861563055102,0.8773814461806145,0.15680754209963674,1.247719431075338,0.8788687171181874,0.19049337586574522,1.299478695091544,0.589008960006583,0.19702023450282197,1.1384784875563843,1.068050616899626,0.19496189540920167,0.8939307746589734,0.9925064860155359,0.14150615496763044,1.0646403080533358,0.9627568977634907,0.12752492092432646,1.1552334644376667,0.9576139316172085,0.10787364162824827,1.1766627860145764,0.9401444510951893,0.08711736900268968,1.1257356208907001,0.9630401814144403,2.816666666666667
0.3919818777250109,0.7180755236470571,0.8188039442367384,0.3121534318788987,0.32271094145989065,0.7247058965972695,0.34699262201123876,-0.08666093281469478,0.9148709373198687,0.308022535444819,-0.11062148307476283,0.744159203735226,0.35772592689614713,-0.11801052017857491,0.7778748780561139,0.3267530985752671,-0.16165051488279014,1.0190123847014685,0.21759082575720015,0.7054440145319381,0.8837710520834566,0.10374233779124542,0.3434586323657288,0.742893647245833,0.09561721730260933,-0.07342829160534796,0.75065809539285,0.1252874342371692,-0.09673722893217665,0.6334994755993717,0.04911831086799859,-0.11675215692877812,0.6811041289952094,0.11482729962998678,-0.14121545892974183,0.8225244532919934,0.2877927649027233,1.18741318751321,1.0189133039683846,0.16925847227429966,1.4084701458549147,1.0227027163366538,0.16968842261393116,1.2739321336530158,0.9505575405787653,0.39767253293113747,1.1829624309836755,0.9211640932512335,0.3968454525401055,1.1145674170680213,0.6359219486370137,0.28673593283095133,1.2414458172547709,0.6647070632305828,0.1978278228374255,1.264107180407271,0.8279082519014047,0.1848144983214723,1.2793262972065433,0.8333969386605328,0.2158080880171373,1.3260267962811836,0.549012802327983,0.19772320006114302,1.1372639076729403,1.066502983261343,0.1937422745566249,0.8936327734541861,0.9982583691150415,0.15042931511843682,1.0594372412434079,0.965769219217093,0.1350821139143392,1.1577305685004489,0.9469445103743312,0.11592230860979844,1.1749288636549404,0.9248119329767244,0.10099824663316953,1.1239313340469717,0.9605541216224234,2.833333333333333
0.3912721961548285,0.7177145799925735,0.8174550238217265,0.3109509231679867,0.3211338756216927,0.726647248135748,0.34627900429526676,-0.08787223113722872,0.9167621505292359,0.30757588669403496,-0.11169261771805924,0.744850195722709,0.3577004033774078,-0.11928950301351551,0.7797022615890862,0.32588799221454184,-0.16313431782193044,1.0205881994821502,0.21768688210640125,0.7052250934800086,0.8837544790392986,0.10298631112172502,0.3431815719595836,0.7435605445196515,0.09551682556069341,-0.072509952540608,0.74988955062557,0.12430417955396966,-0.09743549543627858,0.6357467393549547,0.04894947331109653,-0.11657195584581273,0.6809024782957549,0.11469708481332785,-0.1406619862329875,0.822319029305627,0.28583943180442206,1.1855951658535926,1.017358536561604,0.16017482272472017,1.4035128233965526,1.0291983241338505,0.161969527882259,1.2673199175013685,0.9655204846427512,0.3956743964185302,1.1821951238950354,0.922301203984607,0.4041873510297953,1.1224153059362987,0.6309570170281593,0.28874307202794514,1.2479729012045644,0.6643372312351783,0.22511715055427706,1.2899951923944866,0.7869931975051239,0.21286107490850223,1.310610488204089,0.791031744256601,0.2385769498139857,1.3431384301417453,0.5428022924579781,0.19995042076890057,1.1362542020128377,1.060784760479333,0.1914111080492139,0.8970715551354596,0.9969500678088291,0.15988624009701208,1.0553680899284812,0.9692746250134493,0.14352275896147856,1.160257792441506,0.9385856848401692,0.12712018864450217,1.1737938545671094,0.9134064317051087,0.11749067669448737,1.1223060539755374,0.9591971761394424,2.85
0.3906693802722133,0.7177227876765222,0.8160016908454089,0.30978619195258794,0.3198237894475752,0.7285048095830942,0.34552156826909286,-0.0887353232806774,0.9182007626150838,0.30678149976932856,-0.11294592323245364,0.7458129363664492,0.3565181809773148,-0.12049534022165191,0.7800500482214688,0.325237443729598,-0.16427998458035964,1.0215516024317561,0.2178009369867333,0.7049815848138973,0.88372008571845,0.10247887549362093,0.3431122400375318,0.7439296876450442,0.09545396439351059,-0.07188553526825904,0.7497045365409988,0.12276746568251662,-0.09788226339733566,0.6378207076776435,0.04889380125504852,-0.1161415235558457,0.6807568627876357,0.11458772273892359,-0.14018178011396884,0.8221195672620593,0.28446977652005967,1.1840142333279062,1.0158871700478584,0.15149438665992865,1.3983679540075422,1.0334895905070254,0.15362372714192063,1.260888520558246,0.9807269469792198,0.39388709606556105,1.182239044654707,0.9225931960493734,0.41343504573624357,1.1303064776243927,0.6251692872123108,0.2924874572870602,1.2534269842842944,0.6648473557531895,0.246210090665547,1.3108507704952712,0.7592597856973047,0.23800403499464395,1.3389916808578977,0.7559722917724135,0.2571567495371425,1.3505387853740976,0.5703002068923949,0.20318292655192438,1.135774741366086,1.0512457568662745,0.18863686339282318,0.9042960991128728,0.988051942333962,0.169437599136197,1.0526839157845345,0.9727046965808622,0.1524179661256391,1.162671427778707,0.9334509658477441,0.14053019294661684,1.1732081262181988,0.9083225093192295,0.13542855435968162,1.121348949619836,0.9597691760428413,2.8666666666666667
0.3902192834817434,0.7180861336745126,0.8144107845611491,0.3087264848343483,0.31873998584072327,0.7302913621307806,0.3447803540718073,-0.08934932653300516,0.919232294867965,0.3057751435852887,-0.11382390883508478,0.7464758621019132,0.35442873569970157,-0.12133195572757566,0.7786997258834217,0.3247603784646397,-0.16502016921544424,1.0217431828577808,0.2179195619235037,0.7046735765919209,0.8836696796171735,0.10219261991825053,0.3434330565695547,0.744053914209611,0.09544903891210052,-0.07147590210410329,0.7499236051931899,0.1210666907255034,-0.0980295315244255,0.6391650939281535,0.04892287311961551,-0.11578367658551658,0.6807106882220685,0.11448422660605474,-0.1397858922763435,0.8219524298277904,0.28316709206588797,1.183092330798126,1.015409705994364,0.14390272600396203,1.3935301857051665,1.036025426141204,0.14558025118365817,1.2552055779894267,0.9934437528082135,0.3920005683649196,1.183169806545274,0.9224080323306924,0.42428330604044295,1.1386910974776776,0.6197885157449867,0.29813341343334876,1.2607683640518108,0.666043140428821,0.2591698534554841,1.3256748098319846,0.7472229246320146,0.2570593105400522,1.3619165768908563,0.7313038298647497,0.27198897437833236,1.352579033593091,0.6162999569467562,0.20618246099955106,1.1361636004057607,1.0401970041721895,0.18592770471325654,0.9132667316220602,0.9753120425911215,0.17819729859380565,1.0512484679043528,0.9775738917334496,0.1611046748147713,1.1648190291617617,0.9321899991376592,0.1545614778952046,1.1730469289960932,0.9104241329105798,0.15299042237622196,1.1219817402560062,0.9610034594263165,2.8833333333333333
0.3899458229862324,0.7187694453858995,0.8127233881428964,0.30781998604369143,0.31786727644979196,0.7319925008568169,0.3440815359063963,-0.08987652619119463,0.9200038907952911,0.3046728763879215,-0.1141586059889477,0.7466722125383518,0.3520005149129104,-0.12181937926095032,0.7762632078599079,0.32442077033037486,-0.16541052403758122,1.021268555005696,0.21803497865967875,0.7043023624075582,0.883618856143771,0.10201438348359133,0.34409009477344876,0.744125179059971,0.09551029943886999,-0.0711920545147503,0.7503823135539283,0.11957529633428905,-0.09805251512571267,0.6396885799778367,0.048994397672308565,-0.1156921355763322,0.6808124481693405,0.11438522632312742,-0.13953423031803486,0.8218219840517408,0.2812156637986045,1.1829426558953637,1.0167926036765789,0.1378096325385089,1.389387857666736,1.0376326178116657,0.13872236626200377,1.2506814438622722,1.0015827019250743,0.38987621287265906,1.1847888070760415,0.9222493470523914,0.4358890934542663,1.147944267675644,0.6160446282997822,0.30509680179864007,1.271662678038428,0.6676148725728509,0.2643017090940303,1.335446256428969,0.748586064673616,0.2683322214175054,1.3777992387440736,0.7176597232476973,0.2844986856534797,1.3553790887509756,0.6594289302272383,0.20738363399110119,1.1372299466582825,1.0320216811464116,0.1831529446969305,0.9200686565499697,0.9660919733142375,0.1852819233768987,1.050960040755686,0.9850210712629373,0.16913756398508611,1.1666843484238871,0.9346235787119639,0.16758123756109117,1.1731323068275563,0.9190666688016849,0.16834320609322684,1.1247609944586638,0.9610984916270752,2.9
0.38986168987275843,0.7196888615099231,0.8110272556795803,0.30710617829579456,0.3172348367272688,0.733485333164398,0.343385365185976,-0.09047039573014398,0.9207439561681204,0.3035577204304518,-0.11413186547573026,0.7466447840518188,0.3497830536635787,-0.1220545021892292,0.7736576163929691,0.3241956059864114,-0.1656691685905961,1.0205802311419985,0.2181475264386535,0.7038850664696024,0.8835960325044778,0.10178464454979666,0.34477446715240667,0.7443635806367612,0.09561097477746852,-0.07097321736799231,0.7509412199914718,0.11858763491938851,-0.09802201322574884,0.6394572785708487,0.049083361422551305,-0.11589288689165075,0.6810489654842887,0.1142956010283396,-0.13943293372140464,0.8217314839745026,0.2783452739322987,1.1832657372594677,1.0203997916145742,0.1331309472324425,1.3861701529694455,1.0392733432492638,0.13354404288373867,1.247316528084184,1.0047086144146289,0.38776243592972426,1.1867985560769485,0.9223317003468048,0.44684575103285684,1.1582671069628827,0.6143406990416618,0.3125605034511542,1.285687009647812,0.6695996605894246,0.26476278826985244,1.3435322169678898,0.7564293772178909,0.2730048184119057,1.387533075587043,0.7122995436179198,0.29482762274601526,1.3622527617477538,0.6871262501732196,0.20562289357626806,1.1381546808608642,1.0308928553692016,0.17986841567426942,0.9213744826201025,0.9662179453020704,0.19041096037300215,1.0513980730894399,0.9936975296015935,0.17663603877784254,1.1683799143073552,0.9392680566848108,0.17842690172179748,1.1731065463189458,0.9319605429665552,0.18038936782328072,1.1293407870803651,0.9591781051204693,2.9166666666666665
0.38997378192903065,0.7207285928135164,0.8094047859366731,0.30660630149071244,0.31688265181390646,0.7345797524470941,0.342621120764847,-0.09121612811886182,0.9216792172380499,0.30254711352121344,-0.11392256567025999,0.746606809373676,0.34816033371760824,-0.12208553260208771,0.7717446792245402,0.32403692452704164,-0.1661106375878761,1.0202581675743116,0.21826612378634436,0.7034352484101021,0.8836595152780546,0.10138697008785477,0.34511889064773166,0.7449133051742518,0.0957093371522749,-0.07079993832364984,0.7514363394237017,0.11824289431829202,-0.09761218951969661,0.638213584072261,0.04917610258525862,-0.11628171788943831,0.6813326538400625,0.11422691909533285,-0.139407529123735,0.8216906231444969,0.27485677165734135,1.1834866356782912,1.0260748254273209,0.1294410932869561,1.3838258748452956,1.0423266219019687,0.12997599055368592,1.2446740864424175,1.0046885906883158,0.38606588315830015,1.1888964772088113,0.9225651604782663,0.45583547189179696,1.1698217035422647,0.614047873100706,0.31978069060758446,1.3012350966737627,0.6714682321579257,0.264537395708861,1.353503689550219,0.7637091789323182,0.27429876219098626,1.3941481118470929,0.7101804919120029,0.3019904322068674,1.3727057630621613,0.69910951539421,0.20078505819661657,1.137886313762848,1.0381785752745916,0.1758547855005456,0.9164398957171485,0.9762980051479146,0.19389692673768139,1.0514767266301064,1.0006831937394691,0.18398535831898832,1.1699288541352675,0.9441497554467232,0.18657959743812141,1.1725490671094405,0.9454671640387209,0.18900286049553167,1.1348083928562005,0.9554060769777571,2.933333333333333
0.39028808198157056,0.721768019925133,0.8078950828644755,0.3062977552468714,0.3167940874493289,0.7351519962668178,0.34175754321214935,-0.09210483697817654,0.9228859406007379,0.30177788095932856,-0.11358931360776599,0.7465821618368603,0.3473642126844898,-0.12198058997584865,0.7711845013862145,0.3238674577938609,-0.1669241584984623,1.0206317083692908,0.21839893667164242,0.702961026733143,0.8838606280383813,0.10082204419844844,0.3449643720510776,0.745796825406424,0.09577850937780878,-0.07068073637662607,0.7517451240410283,0.1184219243816349,-0.09641143861893953,0.6356794910299332,0.049247895083124896,-0.11663102793992797,0.6815737441947262,0.11419628790122076,-0.13936761391349006,0.8217047863717182,0.2711794611968813,1.1830332411367608,1.0333504143947732,0.12635166269539455,1.3819758764886243,1.0479421984536004,0.12749842396820316,1.242277442953098,1.0043706641574546,0.38498886848349795,1.1908252199216771,0.9227866822145896,0.46228256661952244,1.1827053371168854,0.6141694091766142,0.3259043636100064,1.3163675696950927,0.6718412192231031,0.26556391960103765,1.3663427350215822,0.76746350272849,0.27488927377043915,1.4003207045388795,0.7072292583452157,0.3055801426150776,1.3846534482749902,0.7004149550534984,0.19370130323002496,1.1357729965331012,1.0519083205027413,0.17108825151571225,0.9066446116913832,0.9930998793522248,0.19620736041214806,1.0500797827341946,1.0040217696826845,0.19121784100303832,1.1711994184889376,0.9481693921906772,0.19209963332914537,1.1713716220099362,0.9559787823818566,0.19466394543174143,1.1402515165937952,0.9505716126564276,2.95
0.39080836810613007,0.7226996242997079,0.806550698120698,0.30611901046440976,0.3169268442535852,0.7352046033725481,0.3408430432103257,-0.09303227689697467,0.9242168116015351,0.3013050414209666,-0.11322183481524437,0.746549194964646,0.34743937358244137,-0.12189424479924961,0.7722517295840143,0.3236035353899884,-0.1680240862817584,1.0216327351948435,0.21853750582426615,0.7024876438882148,0.8841351888902993,0.10018167543142124,0.3444426726059737,0.7468962916567139,0.09581344830851728,-0.07063057952719907,0.7518753934310822,0.11878201361155388,-0.09437942495740745,0.632159215274835,0.049262291077790316,-0.1166571766721512,0.6817216905481998,0.1142173025102272,-0.13926857369362589,0.8217673251335951,0.2675664165576011,1.1816409151233975,1.0415650769191338,0.12365336706117067,1.3800768892040105,1.0555912668408063,0.12550111859499816,1.2399467861140299,1.0055332144788387,0.3844419086348398,1.1924318296844743,0.9228980814488754,0.46628046528266476,1.1965874805485237,0.6138824536542165,0.3299226354496987,1.3292971479641351,0.6696848002219655,0.26740193925586647,1.3803228965554006,0.7682029044197751,0.275466413941602,1.4066763430607365,0.7025180655844661,0.3063325782283751,1.3962144784600343,0.6960453473000292,0.18558497441185107,1.1318658054536699,1.0687859695022364,0.1655812228142034,0.8940455047958098,1.012572571913696,0.19774541345380062,1.0471846755395409,1.003603339670669,0.19792954247359335,1.1720300298854545,0.951291162417123,0.19558619575230182,1.1699954651617883,0.9616272455233932,0.19809831474164546,1.1448126094549014,0.9456480746178711,2.966666666666667
0.39151243547267656,0.7234864596048787,0.8054966492130144,0.30603437591539484,0.3173297409061111,0.7348057638380527,0.33998025495642137,-0.09381436783040956,0.9253892934440601,0.30103395222733476,-0.11308814832133435,0.7466322118654358,0.3481405319641825,-0.12202242700778529,0.7747659715603544,0.3232067633256613,-0.169078157986167,1.0228722264688217,0.21865349513943771,0.702078270119276,0.8842938569182767,0.09954813628166569,0.3437815550218424,0.7479769960870492,0.09582172425171206,-0.07065487497593691,0.7519214539936077,0.11894530993183684,-0.0918349454633881,0.6283983984521311,0.04919570833537715,-0.11621273630782519,0.681724857691432,0.11429150733133522,-0.13913819310751463,0.821846667198459,0.26426874904174785,1.1794925083263479,1.049871065602263,0.12134822417449276,1.3778029276869355,1.06307799290111,0.12374812128529611,1.2377346843029644,1.0087490592480923,0.3842525458287036,1.1936648858509655,0.9228947638685421,0.46812018932381105,1.2105844488414481,0.6124859390145776,0.33134335329759734,1.3388850713859606,0.6652898744024676,0.26879548117950147,1.3930333393699244,0.767031355358033,0.2755528902441825,1.4124913382282007,0.6973750103435451,0.3055026178586463,1.406216540046486,0.6897866513403728,0.1777486855090336,1.1265535710673495,1.086283232940953,0.15956696059920794,0.8808042190940545,1.030964627201088,0.19891916634444123,1.0439712270061774,0.9997665603595285,0.20372190996789352,1.1723368293150225,0.9537912074624083,0.19803693264401523,1.168997413131448,0.9629135184282036,0.20019878505005834,1.1475852283432517,0.9413503727248269,2.9833333333333334
0.3923283766375879,0.7241991968545236,0.8048528676915002,0.306114685445428,0.31811233197120403,0.7340054363041766,0.3392628144829554,-0.09426757822212319,0.9261556070240659,0.30081368213327647,-0.11352664494082254,0.7471321240718722,0.34900094354237443,-0.12244866290416961,0.7782064260431891,0.3227369643209552,-0.1697220053578416,1.0238793349453266,0.21871417834551185,0.7017981111502096,0.884197042381987,0.09895235201664909,0.3430977607159166,0.7487656890975535,0.0958157481104755,-0.07074454886866163,0.7519590922386491,0.11869688431236325,-0.089186414381872,0.6250314291040034,0.049054717536689635,-0.115378090638034,0.6815248961906206,0.11440743342994866,-0.13905032707517487,0.8218880736049882,0.26167217965141304,1.1770400304304358,1.057408016988484,0.11966631181121894,1.3753017397982044,1.0683754400790413,0.12253657580455973,1.2357433655971164,1.0142510797836537,0.3843599621285822,1.194538442103712,0.9228456896345212,0.46820054345308054,1.223663634208185,0.6094847258638942,0.3307658664683971,1.3450364094024116,0.6601228612745511,0.2686852453220689,1.4030336612677867,0.7646389977787835,0.27465070808135894,1.4171213624913945,0.6937230919143493,0.3040499411978677,1.41415236620913,0.6840849080368154,0.17140776843935235,1.1202193302292456,1.1024309691892484,0.15355797200082974,0.8692046851163272,1.0446068392210424,0.20015670535797864,1.0416090708558787,0.9924695891077144,0.20844102140860876,1.172154934688524,0.9557800200653004,0.20039480032225732,1.1685811805774566,0.961828362098238,0.20183947788317896,1.1478842241729097,0.9379635606140638,3.0
0.3931558663073706,0.7249204342683299,0.8045835254521572,0.30652564255681614,0.31924658617380397,0.7327908101769873,0.3387454939097276,-0.09430611464131004,0.9263846301800183,0.3006110304548609,-0.11461311702471652,0.7482571782325537,0.34963360418872147,-0.12303756269677643,0.7818549187911228,0.3223247820033399,-0.16979687112321284,1.0244145254596948,0.21870014339793187,0.701652349394311,0.8838727212687675,0.0984310619355829,0.34242538270559275,0.7490696632184626,0.09581367410836766,-0.07087779631265334,0.7520062275793817,0.1180997556648565,-0.0867686154589738,0.6224894039321606,0.04886432215452896,-0.11433211948052574,0.6811141152017415,0.11454575375919451,-0.13904984632877002,0.8218611661942263,0.2600261201364515,1.1747157926874163,1.0635174875924194,0.11880379994676842,1.3729924760106398,1.0709427452918052,0.12226683565899857,1.2340071765784535,1.0217118147437514,0.3846926528833864,1.1950635571397696,0.9228162788690751,0.4671584127928285,1.235050046821166,0.6050777537399286,0.32929744149617224,1.3486036443726492,0.655823641388172,0.26653655995148207,1.4101331948107592,0.7618365937164884,0.2723811149900594,1.4204831409885752,0.6931331060854486,0.30221747048276293,1.4200058935272968,0.6799044440256292,0.16720713303614693,1.113429333103794,1.1149268208408183,0.14816528148096042,0.861378055873301,1.0502271135457772,0.20171077205861992,1.0402683458344912,0.9825492576820452,0.21207096910326195,1.1716461751634584,0.9571691180549223,0.20307786475334358,1.1685264231903583,0.9602979373508964,0.20354064630226104,1.1457179687047412,0.9353301279316526,3.0166666666666666
0.39390841398159937,0.7256087525315831,0.8044415643960252,0.30738016166601445,0.32050010224507297,0.7311108094539449,0.3384547988892656,-0.09394553029001403,0.9260388361142654,0.3005079745339962,-0.11602725302709345,0.7498575710041182,0.3499144863897108,-0.12355037287057347,0.7849443654744429,0.3220860601643383,-0.16934329631054315,1.0245152213958144,0.21861240447815783,0.70156616363909,0.8834209956755428,0.0980667428564765,0.34183120064167627,0.7488321061521928,0.09583761877015884,-0.07103280768509018,0.752039891506125,0.11740807764079592,-0.08489446639213033,0.6211982899054384,0.04864603389612902,-0.11322034324662067,0.6805405682315019,0.11468632798822512,-0.13912247645066156,0.8217920537114192,0.2591598794699198,1.1728067194349723,1.067654080422821,0.11860028874427617,1.3711551797966393,1.0713490137459925,0.12296595409514595,1.2324200623542618,1.029672687027643,0.384967079904257,1.1951544826240743,0.9227687327050866,0.46565129794532156,1.2442216374507693,0.6003964589033155,0.32748512643348787,1.3507754388665023,0.6531004169693928,0.2624872395775767,1.414801271446622,0.7596478318769937,0.26838677237318087,1.4227388986564935,0.6961234061873736,0.2997401663211048,1.4240980567451305,0.6769915262978343,0.1649505538730215,1.106984194026339,1.121930332302088,0.1438920218555358,0.8584000314882655,1.0467537601690209,0.20344681756217123,1.0392698727041645,0.9725833993919993,0.21471715660529644,1.1710405513945479,0.9577897025507227,0.20589371243189947,1.1686647567122372,0.9590431617338724,0.20551542136437592,1.1419724874991017,0.9324825947254916,3.033333333333333
0.3945428001824823,0.7261187070792684,0.8041119690030871,0.30859539271950237,0.32159788981222126,0.7289916336424215,0.3383828941811719,-0.0932505817959522,0.9251782457416409,0.3005435118455453,-0.11732924735396691,0.7515530544197644,0.34988153973207514,-0.12385019199874017,0.7869307630446432,0.3220673448195998,-0.16846955976998923,1.024302960012469,0.21846656327597877,0.7014069699151482,0.8828959048900943,0.09792972376468037,0.3413785664623135,0.7480694100438703,0.09589734164343826,-0.07121626989274868,0.7520384373690766,0.11676903835987905,-0.08403058071518368,0.6215995557029587,0.048413434439252695,-0.11214991931593024,0.6798498103468664,0.11481435719846736,-0.13922810758428547,0.8217253293847686,0.25857787649790775,1.1714543994885611,1.0694148819706601,0.118647541359649,1.369770619118228,1.0702979430835122,0.12430309596385442,1.23085649178176,1.0360349378075948,0.38486471548742374,1.1946936696542916,0.922539109460792,0.46407607517778227,1.2507551533834185,0.5971538995177257,0.325168431733392,1.3523324489562663,0.6518032012181223,0.2571662057775479,1.4176614189662358,0.7586481770269873,0.2626460713216942,1.4238791341976071,0.7021368067427255,0.29636375903073303,1.4268613177167901,0.6746278299968127,0.16391097762619053,1.1014673029006714,1.1233892524535047,0.14080938811131388,0.859488138066848,1.0367211338763194,0.2049323320539908,1.0378084958948386,0.9654001238949881,0.21671204602933292,1.1705005158679704,0.9575376876696402,0.20831212394775797,1.1691998406488306,0.9575092913710506,0.20803755402193083,1.1381683020113467,0.9271593416366724,3.05
0.3950747773432507,0.7263842891948336,0.8034270996516525,0.30996965160979273,0.3223827478490834,0.7266395124847955,0.3384598894749791,-0.09233196438571246,0.9240205827952971,0.30071489241382976,-0.118224728884975,0.7529616849681833,0.3496556826909134,-0.12388431581076548,0.7876240070379994,0.322237584833911,-0.16730031288866148,1.023883885991825,0.21828134059665436,0.7010705603344345,0.8823103464845546,0.098008429609599,0.3410516373540101,0.7468148835870643,0.09597659114248572,-0.07147404361187785,0.7520170764864126,0.11613223415996692,-0.08463808975157605,0.623894497693824,0.04819078790861643,-0.11124844514065321,0.6791136053610374,0.11492421857808018,-0.13933034658548174,0.8216773045480196,0.25776972381917407,1.1706306085306633,1.0691048009373871,0.11862565383318946,1.3686945738441758,1.0680166101842046,0.12579607895992787,1.2294165539547777,1.0390630269699297,0.38434732109661474,1.1936936901753965,0.9219757897498011,0.46264043411032996,1.254457658380711,0.5967925450779026,0.32214110990298694,1.3532756747960764,0.6518702534467158,0.25132560875752263,1.4191957454729573,0.7587530504414817,0.2557157678712816,1.4236375523529576,0.7103444077947465,0.2921548264098749,1.4284946775866514,0.6722654989917789,0.16330007788560658,1.0969234031383017,1.1209845651427446,0.13846119913884494,0.8625215532589343,1.0246030149590093,0.205794016016627,1.0355718490972192,0.9620837417437886,0.21851484359015957,1.1700201914815167,0.9564699915706993,0.20980712845894722,1.170544816909298,0.9546628395371242,0.2114652161080917,1.1359733064236837,0.9164107863951565,3.066666666666667
0.395547560439459,0.7265289235511476,0.802393990737694,0.31140979881839415,0.3228470902544006,0.7244205129796877,0.3385723446889286,-0.09134510587443208,0.9228927047909151,0.30110508399340064,-0.11854839582950648,0.753739582868753,0.3494657709229311,-0.1234945255060157,0.7869736202697024,0.3225099011530712,-0.1659539057654234,1.0233720408366138,0.21807395493994444,0.700578202586527,0.8816816096617633,0.09823839879570154,0.34081986607110903,0.7451371216257923,0.09604666291782575,-0.07186628592113868,0.7520071545619466,0.11551982163562548,-0.08659604802166673,0.6274943311726657,0.04803472768109795,-0.11069919870953575,0.6785488201088778,0.11502126860623292,-0.1394066281269472,0.8216381964343776,0.2564592422869026,1.1701312579843917,1.0679653776773645,0.1184599781798849,1.3679140942052728,1.0644179763274626,0.12699531930238545,1.228371918233238,1.038297202110792,0.38361300966931544,1.1923076631633747,0.9212257593495352,0.46153628200084873,1.2556689206248182,0.5996046968821427,0.31859675088636846,1.353172358965818,0.6533819326956605,0.24562641463438367,1.4194933026867451,0.7596088739856333,0.24853350780480196,1.4218876486320697,0.7199381506000913,0.2874104288310455,1.4288695427467242,0.6696721430801797,0.16252295471556327,1.093032446311062,1.1170204918106683,0.1362964318477596,0.8655653252032975,1.0136170641297422,0.2059684612303626,1.0328948108719809,0.9616089873168816,0.22041822718264056,1.1694445336789165,0.95490224002673,0.2100506360306179,1.173034455109541,0.9497453606607855,0.2158826228416418,1.1364845010248086,0.8990678665260987,3.083333333333333
0.3959754482319395,0.7267561887079151,0.8010772966559314,0.3129944703668011,0.3230849781748172,0.7226660631082089,0.3386618688968073,-0.09039473877396419,0.9219730507771066,0.3018273328108673,-0.11820973417937301,0.7536409913467931,0.34952175226165666,-0.12243192211421076,0.7848938600988624,0.32279891800346994,-0.16454992325241546,1.0229139381295147,0.21785618410299168,0.7000400484955003,0.8810307882322019,0.09861412395965116,0.3407231313137842,0.7431539519991519,0.0960906168626016,-0.07242447522346458,0.7519982548911466,0.11514927994072371,-0.08908208852818755,0.6309847562087216,0.048010550964197846,-0.11063883270493151,0.6784516004370791,0.11512045168690811,-0.1394526904552873,0.8215993399205012,0.2546981180706073,1.1696890575364403,1.0672999328165602,0.11828434645331386,1.3675566102436445,1.0597131620506333,0.12772430245755417,1.2277953571141909,1.034897383607814,0.38283618996933017,1.1907197117505557,0.9208208421431805,0.4608773190136253,1.2552087051717575,0.604692002230581,0.3150070635846832,1.3518239970374515,0.6558820647191965,0.2405991854848546,1.4184876494092942,0.7606083007587245,0.2419845683747078,1.419038062382097,0.7296117435667503,0.28241082591590494,1.4279093024022678,0.6667672557139217,0.16125136920851782,1.0895009576822527,1.113326274320535,0.13410091732727403,0.8678224663607135,1.0045360640436412,0.20567207165969553,1.030458112551204,0.9619126155889384,0.2223543054983565,1.1685955957301757,0.9534303710686723,0.20894322294375678,1.1767982519055926,0.9424966765112496,0.2208276485653235,1.139513971473177,0.8782915150422768,3.1
0.3963372602137743,0.7271896417709431,0.7995494369267606,0.3148222156048771,0.32320288259771784,0.7214276349458034,0.33878896110861817,-0.08944475075759893,0.9211272434934502,0.3028751280779931,-0.11720959733666783,0.75259311263171,0.3498559834328522,-0.12070516639648808,0.7816469341845377,0.32307885893953586,-0.16319383021327238,1.0226169371430631,0.2176165595732542,0.6995449923536876,0.8803538883454869,0.09924653430741788,0.340791391616711,0.7410531402496423,0.0961078623519745,-0.07310317497852747,0.7519143966424218,0.11525267121550184,-0.09122690861545799,0.6331045151061339,0.04813651786789744,-0.11103838263320424,0.6789427572419477,0.11523162957512564,-0.13946800344753302,0.8215731831007853,0.25276019063682437,1.1691224787650727,1.0674468114234197,0.11828813774111707,1.3676282819996655,1.0545297414829542,0.12815906464250168,1.2274275763058127,1.0307451491755726,0.38206396708388174,1.1890844853756288,0.9212706970496376,0.4605391707774319,1.2539631441143184,0.6107290874813119,0.3117675735126086,1.3496012288459522,0.6584992733643957,0.2366326729025361,1.416473239431959,0.7608165775014921,0.23653824971130316,1.4159006396360958,0.7374422474592564,0.2773482074730006,1.4259548632501664,0.6634180143299678,0.15943405499335672,1.0863594816463933,1.1105897398440634,0.1319844542334246,0.8693071586242315,0.9969040081785969,0.2052463928382866,1.0288119177608188,0.961464745272091,0.2240000674847797,1.1674395438007297,0.9526531438463086,0.20658702685644942,1.1817548815946817,0.9330831075916043,0.2253292051925086,1.1436988642461459,0.8606532926546633,3.1166666666666667
0.3966041270349057,0.7278176735386555,0.7978877934667433,0.31689716595176354,0.3232722753151024,0.720485445540479,0.3390620729619968,-0.088367971426177,0.9201035662466818,0.3041121527125542,-0.11564054764369004,0.7506526221919578,0.35042681119161934,-0.11885291907066056,0.7784367913511073,0.32337345074989665,-0.16187540764111188,1.0224072522947276,0.2173110725491027,0.6991319173087623,0.8796142767097592,0.10027533102866111,0.3409339019265993,0.7390949852468429,0.09610201047170407,-0.07376207008281738,0.7516490548330579,0.11592785707359038,-0.09258300528456875,0.6334232133779433,0.04839544662581341,-0.11186051166248966,0.6799410183021648,0.11533111282122098,-0.13944700786188224,0.8215870739012532,0.25091890803977235,1.168394946634233,1.0677730470778077,0.11854999905945532,1.367880721489557,1.049568040616159,0.12861837375268606,1.2269470209094628,1.0274327317135146,0.38132660415792885,1.1875529848593867,0.9226230482917852,0.46021043579968235,1.2526582408376026,0.6164014139991106,0.3090972655217936,1.3472873869848394,0.66061172386606,0.23387798272481153,1.414105066124297,0.7595265277003822,0.23218837090727995,1.4132758029659622,0.7415317232276865,0.2724083656754055,1.423709571509615,0.6593723076672788,0.1572387511195912,1.0839048397145599,1.1084856506092102,0.13015906777161998,0.870076183370883,0.9904858965422908,0.20499474970921844,1.0280882609207447,0.960067010302468,0.22508326349181784,1.1661149360485537,0.9529832897685975,0.20326269387467136,1.1876384448790005,0.9220012437056688,0.22824102667366886,1.147586507061952,0.8518705213011917,3.1333333333333333
0.3967568624382804,0.7285075663574963,0.7961643072549633,0.3191373981307795,0.3233285249455127,0.7196078592031391,0.33953952612311894,-0.08705919139217753,0.9187855092095706,0.30535442615937736,-0.1137215576522414,0.7480447287709902,0.3512842574535365,-0.117635519742012,0.7768194270105647,0.323694961651406,-0.16047761700690577,1.0220560693327951,0.2168979016137908,0.6988171869492408,0.8787756557208102,0.10174365946761398,0.3410405220938329,0.737497257879589,0.09607077235909804,-0.07421917011020622,0.7511360663753114,0.11711639347983999,-0.09304863550421508,0.632046850437967,0.048793275249845364,-0.1132763974468618,0.6813745018762652,0.11536828733204536,-0.13941948552194494,0.8216557671841029,0.2493038884983294,1.1675891462454193,1.0673534724198155,0.1189612570413781,1.3680515043716654,1.0452370450674826,0.12927461026718387,1.2263043607323045,1.0259197761336742,0.3807298428551187,1.186292108948989,0.9245793930998556,0.4596320384295423,1.2518586690152567,0.6203544200241484,0.30721218905230585,1.3456237214217013,0.6619297583725895,0.2321219076877855,1.4119867769205328,0.7567799980208956,0.2286543428100684,1.4116892713254956,0.7409007294313589,0.26778096955535924,1.4219342959182386,0.6542744573507328,0.15486522843689127,1.0823049084658178,1.106556538832263,0.12878402768710911,0.8700294393558181,0.9855263722802379,0.20501770326944802,1.027974791744858,0.9581659842211351,0.22555765912277703,1.1647969388850141,0.9547766901242847,0.1993842193874704,1.194052435880059,0.909971290527825,0.2287105665348097,1.1504661663568365,0.8538856189761852,3.15
0.39679166802404187,0.7290830115293988,0.7944629573150882,0.3213940096753631,0.32332554112609846,0.7187883980418459,0.34021244128848444,-0.08548972469439936,0.9171987527957289,0.30644458336102365,-0.11187717698438802,0.7453879121872031,0.35249555731084486,-0.11742890496140584,0.7773178509604749,0.32403376102561027,-0.1589212525385254,1.0213812615495454,0.21639159833301208,0.6986073860158835,0.8778528076745273,0.10357805237321566,0.34111029816894933,0.7363613714590399,0.09601001883898727,-0.07436151236638237,0.7504235607907079,0.11868677987572807,-0.0928353827947865,0.629448839315799,0.049341467060540094,-0.11549535344799072,0.6832227224155873,0.11533325076231511,-0.13944814877941142,0.8217769412151634,0.2479131243642611,1.1669158463309868,1.0654624439193578,0.11928988749441385,1.3682168999711073,1.0414263711411376,0.12999267212834026,1.2259347866474868,1.026078786823503,0.38026190758974815,1.1854294919910862,0.9270109108477651,0.4588740324764029,1.2517164006692723,0.6218424671626062,0.3063493772137116,1.344923583042816,0.6622314342355868,0.23090629240225957,1.4104750304339744,0.7530693319634094,0.22566509971103055,1.4113425837788873,0.7359867164916993,0.26363683059289034,1.4211395209916753,0.6478439825317075,0.1524046791233455,1.0813855082050883,1.1047451709427172,0.12788476476675129,0.8692007614660876,0.9822252392007218,0.20518458265155765,1.0277650465956996,0.9561418903986356,0.22549231893522237,1.1635996354933076,0.9581332154493475,0.19537523552212493,1.2005940865920381,0.8977202694975058,0.22654316600995522,1.1521610382377463,0.8654895323167618,3.1666666666666665
0.3967071524367218,0.7294754839997729,0.7928868179613929,0.32350111110598295,0.32318546549685134,0.7183057182094641,0.3410247254591222,-0.08369423491331851,0.9154097832836973,0.3072886825409747,-0.11063398151129655,0.74366967218051,0.3540132532683169,-0.11816017497661742,0.779493742094116,0.32440336702636896,-0.15722630496527717,1.0203566654742227,0.21586982491433807,0.6985022543240558,0.8769306409853552,0.10566451560051839,0.3412081682145599,0.7356573570614193,0.09593250922480151,-0.07423572702857707,0.7496870542248227,0.12054823321613103,-0.09249667672585477,0.6267365882229969,0.049990725145970166,-0.11842891682998896,0.6853386036069296,0.11528551767592811,-0.13954164890876122,0.8219462194349624,0.24667578443744453,1.1667682873550853,1.0616973819000757,0.11934003734370523,1.3688628139565435,1.0376184025307984,0.13042879025608634,1.2266486543487893,1.026545609425076,0.37957248900280327,1.184978601292342,0.9302062344719456,0.458499218457876,1.2516606370842638,0.6217934333605086,0.3065917832702397,1.345054329870209,0.6613316811574612,0.22991034965225227,1.4098071877376808,0.7487140991235708,0.22325583257632312,1.4121396111582059,0.7282047008886916,0.2602612467285767,1.4214085473566984,0.6403223094830326,0.1498511874855427,1.0807920871860401,1.1030662918946554,0.12738006324774537,0.8678812902053574,0.9805144101476592,0.20527005622479155,1.0266254631352054,0.9544136388548965,0.22491656393158505,1.162544718245022,0.9624645235232405,0.19149742145483228,1.207018012489383,0.8856920124831753,0.22232633686901873,1.1524780217036863,0.8839765950696628,3.183333333333333
0.39648676256398635,0.7298076665505753,0.7914873180836339,0.325389593150672,0.3229421314286248,0.7185734836271519,0.34189439583769493,-0.08174477287919715,0.9134793883480691,0.3078552714079831,-0.1102695694101376,0.7436179234666149,0.35570611490238935,-0.1197361724949561,0.7830923004483521,0.3248450714081479,-0.15544443284671963,1.019045827146942,0.21541587216884459,0.6984814009606907,0.876127548139729,0.10793127456049158,0.3414313537336123,0.7351263454322112,0.0958782265484402,-0.07403551746525089,0.7491715414324085,0.12258040588764588,-0.09271110001179608,0.6253561597809836,0.050636716773056166,-0.12163767825873678,0.6872847099074934,0.11528477421393578,-0.13964221825552636,0.8221559578430016,0.24542574304636539,1.1675904683205707,1.055973576546741,0.11904517206148896,1.370500130087649,1.0332501700846248,0.1303327697003482,1.2290917628549018,1.0257049641472524,0.37822481515684686,1.1848473229214136,0.9344482690392358,0.4593671145711047,1.2507095033464855,0.6224318816096956,0.30777226751156994,1.3457331434667308,0.6592198506503957,0.2291557498616485,1.4102540347656998,0.7437714395844341,0.22183137039459716,1.4137641117175188,0.7190034314855208,0.2581046801194512,1.4225060972461565,0.6325638831934787,0.14714791413872025,1.0802093464836156,1.1012342779107729,0.12715985992539477,0.8664369192742716,0.9801863473519561,0.20497852993178872,1.0239264233010235,0.9534912376525766,0.22388230830879213,1.1615050319767914,0.9665808912938875,0.1877870777937076,1.2132890247371773,0.8739437823717628,0.21726660840200487,1.1510670423926646,0.9055620370629388,3.2
0.39612911904351844,0.7303089182137781,0.79015123247523,0.32711674708717176,0.32267456921198934,0.7199085330928446,0.3427567870335594,-0.07975248025844225,0.9114541643504047,0.30818854521523054,-0.11057903420927095,0.7450253452252853,0.3574158142123358,-0.12206008999856002,0.7880680031596541,0.3254065168286195,-0.15356050005090147,1.0174435227182377,0.21504910968518065,0.6984655698463129,0.875540195182399,0.11036723413425702,0.3419004931882761,0.7343680767077417,0.0958919459994558,-0.07398859541628053,0.7491238042608753,0.12452929833744895,-0.09396347202704139,0.6261872910713769,0.05120035992105213,-0.12456078157434819,0.6884920258996338,0.1153347565487536,-0.13973355465640414,0.8223887524357748,0.24383714839688225,1.1695608112244216,1.048596433715949,0.11842039476168892,1.3731381922070929,1.0281358959127418,0.1296756188238029,1.2332590697462331,1.0229177578190687,0.37614072409679866,1.1849458047662038,0.9394854317187429,0.46215011608828405,1.2481810604041723,0.6256491457227797,0.3095291555185896,1.3467819962011405,0.6561338064351483,0.22883846092839788,1.4120172983686203,0.738455977909014,0.2218120874439768,1.4158750973630772,0.709368282101448,0.2574709497695938,1.4242762849586872,0.6254021571101589,0.14423677178991018,1.0795414487517532,1.0987934660099166,0.12708439276709912,0.8651321942500808,0.980774862470179,0.20383670042124527,1.0193530981355095,0.9537903389532838,0.22253706761521375,1.1601661630216364,0.9691813218387977,0.18416412573889662,1.2194627021090174,0.8623411087671518,0.2126684583873783,1.147695230192572,0.9250831317888553,3.216666666666667
0.3956986321802548,0.731167261224671,0.7886276401670407,0.3287573501179689,0.322381044055398,0.7223885695280803,0.34359764538080934,-0.07785395960703953,0.909363740068448,0.30840436390024445,-0.11106851141482928,0.7469411693737055,0.35897346774339645,-0.12463558235489436,0.793728286006165,0.3261478458503608,-0.15149235245738116,1.0153894952848719,0.21470926868855375,0.6983285587777305,0.8752025981827467,0.11297932527344413,0.3426939197326435,0.7331881136096239,0.09598396912999183,-0.07422024594019962,0.7496860878817473,0.12617074261674296,-0.0963210613095285,0.6290829123588788,0.05170014321406069,-0.12689189720286548,0.6888635916422796,0.11540820072246383,-0.13990886355584556,0.822613302184521,0.24149050325672797,1.1724614709205436,1.040353213285707,0.11743347025287135,1.3762864073053769,1.022605534505809,0.12848653010119201,1.2385720074345246,1.0185419639364373,0.3736161160617994,1.1852817420237767,0.9447386920388786,0.46701611193063625,1.243955862939713,0.6320961106779297,0.31148626685680764,1.34805596890646,0.6522814623206536,0.22905254949355108,1.4146552877515512,0.7332141035691955,0.22325596976221254,1.4182175871548284,0.6999762426002636,0.25831445025791283,1.42678110823525,0.6191372477378866,0.1410901144835429,1.0789723166736738,1.0954802294112518,0.12702371210106267,0.8640614399386064,0.9815643475761177,0.20135718991198293,1.0130383872066495,0.9552617912038215,0.22098338840376766,1.1581128330986443,0.9692828528102448,0.18056676547167333,1.2255469822392735,0.8508008100437457,0.20931273754563057,1.1424409376722295,0.9372268649986317,3.2333333333333334
0.3952884738124526,0.7324478826941054,0.7867795669424855,0.3303126848017124,0.3220932937206796,0.725848903537457,0.34442864402270373,-0.07613550799201825,0.9072348035731291,0.30856082086572945,-0.11144576102991845,0.7486215991417579,0.3602493094753801,-0.12665295823487105,0.7986013170150358,0.3271031318957606,-0.14922406744014255,1.0127014154973704,0.21431782612083045,0.6980162673761068,0.875051694381946,0.11575669357607787,0.34382061316411394,0.7317694982838574,0.09612125080652859,-0.07469530007492865,0.7507795345519236,0.1274930494350623,-0.09939704175372918,0.6331328484663187,0.052241110229733725,-0.12876964710306235,0.6890647700326319,0.11548378530087891,-0.14029896790854945,0.8227968598414622,0.23815414342343666,1.175831320649224,1.0323963378957188,0.11595439622777481,1.3795073361208559,1.017067028516379,0.12680916117330518,1.2442729558599237,1.013083720259376,0.37104458258234835,1.185948429113643,0.9498267552452222,0.47362878817733284,1.2382460212781201,0.6414419375888831,0.31351179034723237,1.3492123991428038,0.6474706691600669,0.22967432408195695,1.4165743078566695,0.7282071744591186,0.22583401863854646,1.4205500537503752,0.6914039984390072,0.26058332900208614,1.4298165410553922,0.6137787254354121,0.13771553516765506,1.0787147811547002,1.0914684284286138,0.1269667768090285,0.8631696483809432,0.9820570205981003,0.19749685921134824,1.0055992796148343,0.9572630967125675,0.21917210933717496,1.1550707244911926,0.9665800987073694,0.17698515368252646,1.2315066606767617,0.8393515187122857,0.20727374004050192,1.1354074211045333,0.9401081528998585,3.25
0.394915189688272,0.7341124015872573,0.7847615045536582,0.33174451197370775,0.3219930868526262,0.7299925591182177,0.34523961546351545,-0.07455749507401394,0.9051230996880176,0.30854465190803676,-0.11191122221164268,0.7500522117864552,0.36116074380926877,-0.12758873983526758,0.8013076979793626,0.32821200817323487,-0.14684489206619505,1.0093465054852488,0.21384315274417237,0.6976463689812139,0.8749465929852926,0.11865125423255425,0.3452116792307869,0.730532080103172,0.09626454624274844,-0.07528720011236936,0.7521432993496738,0.12858397379960454,-0.10257032055922398,0.6372662594294123,0.05288965697582016,-0.130468114120535,0.689881476300714,0.1155482014624504,-0.14096322675404638,0.8229437710486915,0.23408781032982867,1.1791667584692391,1.0258655483465433,0.11390899846435998,1.3827590646790335,1.0116488652533273,0.12485804430005656,1.2497016220705917,1.0068999686821671,0.3687782261709109,1.1870432141926512,0.9544147970609679,0.48113914477185415,1.2315173380042237,0.6525064275748378,0.3157708478122544,1.349745763308714,0.6413328643455065,0.23046812091881202,1.4156143188815138,0.7231980482800191,0.2288534344945731,1.4225339338161853,0.6839530798280447,0.26437186479470065,1.4325194835192379,0.6092918982415987,0.13422964611895383,1.0786958461079226,1.087285547369571,0.12701210125684065,0.8623561478058213,0.982265608167983,0.1929472799091713,0.9980878325004802,0.9591654931474632,0.21705259154265644,1.1512276594832336,0.9616557715598557,0.1734125690317344,1.2374454391934024,0.8280049556666688,0.20618998922991577,1.1266551694440283,0.9371702441265508,3.2666666666666666
0.3945002892099817,0.7360654122106788,0.78287717747253,0.33307368564562234,0.32233876278048523,0.7344741688672556,0.34598269232053536,-0.07299851949047254,0.9031356308362924,0.3081779801353718,-0.11291060713291552,0.7515280510497783,0.36165101293185986,-0.12757685595902707,0.8016435102189675,0.32934680453098947,-0.14439722534482993,1.0054417288197457,0.21329676746083676,0.6974364957286671,0.8747734168593845,0.12155745071605356,0.3467242965122273,0.7299047461400194,0.09639595544995326,-0.07588484446700164,0.7535054577304833,0.12944330723442093,-0.10527351194628083,0.6407710113424744,0.053570487022604335,-0.13205241512614257,0.6915089577925332,0.11559306703288927,-0.14187355025464288,0.8231055154971583,0.22994048784925253,1.1820627355030737,1.0214109708370243,0.11145956689187833,1.3861634109679648,1.0064980746526473,0.12296678499422321,1.2544776524159733,1.0005439416810422,0.36715479447035404,1.188619184005788,0.9575954568767259,0.4881531823143357,1.2247203673341955,0.6626478236687343,0.3182790218370639,1.34919664898828,0.6337934007272616,0.23125512081143873,1.4103109458940613,0.7180596899329957,0.23122814337023348,1.42345318301255,0.67743943060569,0.2692061933550485,1.433552312029035,0.605263563242155,0.1309332349723754,1.0785879395732114,1.083375087846459,0.12725820038661262,0.8615768842594075,0.9825181735719605,0.18899177424358804,0.9922177001827863,0.960569541854037,0.21479213759102841,1.1473326398372572,0.9556919255767187,0.16976888246918592,1.2438762118228155,0.8164951218971285,0.20558809048936827,1.1171162111347266,0.933195250450976,3.283333333333333
0.39396365027866914,0.7381719417129178,0.7813606057369045,0.3343727991021014,0.3233411544514887,0.7389121004371844,0.3465997796124661,-0.07141938927709202,0.9014106955557987,0.30738883358361924,-0.11470257441747836,0.7531396143603407,0.36175701169575664,-0.12726629853666793,0.8007243870407815,0.33039718577831884,-0.141865081111136,1.0012127600974303,0.21270601394866406,0.6975428607236902,0.8745214243685357,0.12434098994268208,0.3482163466236182,0.730110480478337,0.09650433277802863,-0.0764335260755249,0.7547042324943484,0.1299950739824402,-0.10710131606296076,0.643297863755414,0.05413811349044863,-0.13345407998120015,0.6936094952683138,0.1156184563756232,-0.1429471188715974,0.8233392958493961,0.22631234161419428,1.1843127568832637,1.0189128812832742,0.10892660073511636,1.3895598594413654,1.0019932686104478,0.12132078143912048,1.2584805416650673,0.9948380459045266,0.3665559418488429,1.1906855952375817,0.9579038706315,0.493115614137303,1.2191551850611577,0.6679137154151631,0.32047540276862563,1.346986914258893,0.6253371019586231,0.23185674026144312,1.4005253941885236,0.7128448187126294,0.23185033690537388,1.4220653007719837,0.671498222177972,0.273662065900962,1.4313040205154541,0.6007885063583016,0.12817380759208757,1.078117152432359,1.0799249432703124,0.12769938125759228,0.860935899114772,0.9830085440336911,0.18687238044951116,0.9900885126462149,0.9605097179711515,0.21274418412164925,1.1442158662826676,0.9498703916749685,0.16586831030114485,1.2516974369629184,0.804075300868998,0.20511775724099374,1.10930295824236,0.928601155080667,3.3
0.39328736298072037,0.740285577134659,0.7803117809154072,0.3356120466606084,0.3250463206184985,0.7429963106581499,0.3470687046223419,-0.06995120050670534,0.900056669148082,0.3062535260033453,-0.11726153258598229,0.754796640362296,0.36162903813992553,-0.12733338020041046,0.7996466547987877,0.33131141239675455,-0.13936928851674432,0.9969643468509688,0.21210335961938184,0.6979970931220478,0.8742456027838448,0.12691092464069947,0.34959487341227313,0.7310719888288744,0.09657697660637009,-0.07691736788671247,0.7557031956791309,0.1302224338672745,-0.10785296239687236,0.644627421401995,0.05449831466349471,-0.13463031643401654,0.6957327413000176,0.11561988252968723,-0.144055085535016,0.8236627690692897,0.22351248176199273,1.1859046258103163,1.017669688396369,0.10654861266030653,1.3924663240260204,0.9983173582060865,0.11987106357463645,1.2615922921526659,0.9902788904445139,0.36722740986315083,1.19313743372075,0.9544895943915153,0.4950067155035393,1.2155597350820326,0.6652506205823328,0.32158553485399155,1.3421448698998995,0.6174545999943017,0.23195241406410438,1.387135926164792,0.7076077446990118,0.23011782458315555,1.4171915776909982,0.6660993697334212,0.2762134572625687,1.4239330557529812,0.5952593034079752,0.12615810737457472,1.0772730535857984,1.0773301846628134,0.12814724367492614,0.860691945944678,0.9833963022961689,0.18701794036538683,0.992847899426306,0.9571762734081561,0.21123780457664837,1.142075635091946,0.9451116465541956,0.1615854540307251,1.2610738674066464,0.7899608680796694,0.20473901628103422,1.1061836089869759,0.9191326120674708,3.316666666666667
0.3924957712607641,0.7422738775684707,0.7797104893554261,0.3366233196489546,0.32728026193435583,0.7466298097431526,0.3474202340041614,-0.06879438244401159,0.8990908341881403,0.3049648307432753,-0.12045498196331797,0.7564449294230173,0.36143029224333084,-0.12806147183057925,0.7984648250356235,0.33209661565207566,-0.13717232209308952,0.9929475163976094,0.21150872670462217,0.6987615010644178,0.8739707109414598,0.1292446054153533,0.35082694800465364,0.7325233349001038,0.09661075015717713,-0.07732921658740627,0.7565369887338167,0.1302033202879968,-0.10761204204082403,0.6447027668229655,0.054616336699172374,-0.13552544058928953,0.6975460578139564,0.1155767550066306,-0.14505857402266734,0.8240433926289564,0.2216276189823161,1.1869930171719063,1.0169259520496858,0.10444642827273488,1.394707616328835,0.9951411570011339,0.11850169646250691,1.263725230403682,0.9864698790103079,0.36885263848914196,1.1956526727122712,0.9483684940747181,0.49369170476973556,1.213219507661112,0.6550202759221,0.32125440530040816,1.3337995119745487,0.6124176607669668,0.23139529943890275,1.3713254582689514,0.7027122680496138,0.22610083948695453,1.408370607130235,0.6614472193689998,0.2758961412355569,1.4099276519391573,0.5893334591824829,0.12498395454398814,1.0762398273465164,1.0763527242150441,0.12829372679828244,0.8611141710091172,0.9829103105294339,0.18888799275535628,0.9998681113532475,0.9490403821291169,0.21049936414125212,1.140579009181234,0.9413650923827195,0.15729259381643723,1.2696370056910153,0.7750123403179257,0.2047531635538905,1.109041628957007,0.9000022731680597,3.333333333333333
0.3916238274027407,0.7440150401967663,0.779491826773584,0.33730128275007887,0.3297709751155365,0.7498474775464721,0.3477201806028091,-0.06805856703118404,0.8984079519545431,0.30377279009882785,-0.12404951778500256,0.7580575064908365,0.36133178203175703,-0.12938124627610792,0.7971183428772367,0.33280321070722135,-0.13545108904728628,0.9892126795813323,0.2109075859177245,0.6997988596278583,0.873614052992786,0.13133751590536238,0.3519546388380349,0.7341597829841406,0.09661021686693029,-0.07765397003063218,0.7572389230917173,0.12998549732422038,-0.1066933318563549,0.6437410217374424,0.054478569749499814,-0.13602110286312297,0.698815920441362,0.11547799231881853,-0.1458893047123599,0.8244217445100558,0.2206349558241867,1.1879910498166097,1.0161571930789017,0.10280162733089449,1.3968358337245177,0.991946191638926,0.11720654685895712,1.2650492169915721,0.9825323552967749,0.37057855923494853,1.1977918771704952,0.941959516995108,0.48973557943389356,1.2101569851648668,0.641024334327194,0.3196156136616195,1.3219855840034072,0.6116755363184718,0.23051182428193473,1.3542127214862143,0.6985660507847364,0.22051238863714878,1.3956873057311474,0.6574485185522837,0.27208397503075027,1.3891395848058303,0.5847763890252958,0.12463914878500079,1.0753178100646414,1.0773196794889548,0.12791649236282246,0.8624349305323297,0.9809226599026079,0.19146249398832246,1.0096875339462772,0.9358191817411079,0.21068992006415346,1.1399795490924438,0.9354828233811945,0.15399268351353085,1.2729933421273956,0.7631292916730881,0.2055068028926053,1.1169820589086579,0.8691127192084452,3.35
0.39071212254273674,0.7454179844750755,0.7796892560232176,0.3377618464048687,0.3323456826989951,0.7526022962760299,0.3480443074397903,-0.06769359281367288,0.8978152624313526,0.3028986449464487,-0.12748186877387083,0.7594846651979452,0.3615405853850463,-0.13108232177460236,0.7963417353918865,0.33351029942890287,-0.13416968458734627,0.985616309024061,0.21025989397904585,0.701094895412975,0.8730126264017937,0.1331612302999063,0.3530343608483396,0.7356926974241116,0.09658078065145947,-0.07787810356578821,0.7578089530628005,0.12953347093951645,-0.10545942711691875,0.6421137196971479,0.05411019834358714,-0.1359570197944779,0.6992597119550152,0.11536252209870962,-0.1465716094521324,0.8247434788137403,0.22039686771269656,1.1894365400732183,1.0149230362069435,0.10190889728645242,1.3995070943930923,0.9885529021207287,0.11615569961590809,1.2658325054639792,0.9780124981993292,0.3716952838630858,1.199230645576466,0.9372098708022863,0.48397389859438245,1.2043085846079737,0.6279960661174269,0.31703516446282237,1.3074288403080243,0.614857346604881,0.22961905144443462,1.3370379141353355,0.6947912918725235,0.21448641662854157,1.3794168331946397,0.653625599422297,0.26444838263453857,1.3632940898666075,0.5830225083699528,0.12487220176090591,1.0750664009821973,1.0793611642009193,0.12697590768701705,0.8649346488696734,0.9773372417384774,0.1937040743124011,1.0211994180415889,0.9183563804935633,0.211770046925,1.1415004595608462,0.9214438437141372,0.15239288791725936,1.2683897356445086,0.7590872537578437,0.2067454078552503,1.12843045432973,0.8278094925593178,3.3666666666666667
0.389802693346598,0.7464715910410054,0.780445586423544,0.3382793246139588,0.3349806266704295,0.7546927246976372,0.3484388755520401,-0.06757468013381063,0.8971690954309162,0.3024672621431643,-0.12993563856262813,0.7604899381571949,0.3621556204329782,-0.13276367646292575,0.796902157130898,0.33429571555740684,-0.13316581109474385,0.9820054051526058,0.2095511369273351,0.7026272840721092,0.8720914165042941,0.13470895133454228,0.35407299512324064,0.7368340410404594,0.09653164868326354,-0.07801911725388833,0.7582254865632286,0.12885618072890292,-0.10417330375470384,0.6401269158939464,0.05361903879970495,-0.13516092855344647,0.6985891755888849,0.11530234016983061,-0.14717198117421668,0.8249904408200136,0.2206023941432666,1.1914833330987846,1.012785376027966,0.10196909641409374,1.4026991515810123,0.9853284927617342,0.11566965658322953,1.2661746006951402,0.9730271740242398,0.3721077746392184,1.1998938896602342,0.9345313842586109,0.4770763162790951,1.1945880900956385,0.6192158269949621,0.31379984801927263,1.2906293283933656,0.6205265693668519,0.22845598783843363,1.3211071496047215,0.6906778670838595,0.20891209224657886,1.3601565925959116,0.6497589035554638,0.2532198644799238,1.3353223854943062,0.5840506272461675,0.12528729086045942,1.0762195019884406,1.0809004240199522,0.12552974503323108,0.8687418801572873,0.9726152391950651,0.19469395311122284,1.0333198884149306,0.8982810242411683,0.21294697365081572,1.1458235527392284,0.8956121197256117,0.15197275811162325,1.257039351204556,0.7639216307527585,0.20707390464118935,1.141560627207058,0.7806165598782739,3.3833333333333333
0.3889106105473397,0.7472395108245439,0.7818151726978769,0.33909240447066097,0.3376624182699135,0.7558457625289826,0.3488895553797363,-0.06765184413363612,0.8964866757638947,0.3024410273138829,-0.1309205446809782,0.7610569319920426,0.3630584727427173,-0.13386390621144972,0.7988071363361126,0.33517102785888875,-0.1323487220376503,0.9784536568558553,0.2088269688853736,0.7043202420484693,0.8709817609521359,0.13604780379725612,0.3550643892567895,0.7373131071349351,0.09647711052992052,-0.07814207758397992,0.7584654286274282,0.12806704998460228,-0.10294658242042459,0.6379926418358078,0.053185992843756164,-0.13363812629307714,0.6969124482176783,0.11530666745553525,-0.147777812573243,0.8252109487776177,0.2208417139998587,1.1936882410997187,1.009453509193292,0.10283085438364777,1.405914055039242,0.982748368121139,0.11609258387999721,1.2661148446567994,0.9676602938348682,0.37217548008948,1.2000168853542659,0.9331960680348238,0.46937596859105246,1.1810882521741617,0.6160947950536033,0.30977621352975765,1.2716521146622073,0.6272934059921791,0.22620381721226734,1.30700774185994,0.6862273269696646,0.20362002805839652,1.3389362875802624,0.6466880486774877,0.23904094510204288,1.3076746835029618,0.587128446366876,0.12559369327307332,1.0790921512628318,1.080810915463095,0.12363323402446241,0.8734783051402908,0.9674803320894336,0.1937193095930484,1.0439191057150894,0.8779469485852807,0.21236438700597782,1.1516837588248754,0.8607261608569967,0.15187150175197567,1.2422377014902983,0.7732815475129315,0.20447813655345654,1.1533600322152922,0.7346009443689034,3.4
0.38799872031050514,0.7477756382675231,0.7836129896685903,0.34021631432295335,0.3402600429164272,0.7558341191508098,0.3493429146243594,-0.06798281105858753,0.8958881026947956,0.30259143634012453,-0.13070258522065886,0.7616057649415693,0.36405746154068597,-0.13410040813504787,0.8016232142216194,0.3360477175617365,-0.1318439433032676,0.9753116259972141,0.2081642550324687,0.7060590827410074,0.8698938845539618,0.13726402299314985,0.35601452844003445,0.7369955038667951,0.09642791647021993,-0.07832129292401524,0.7585158016789656,0.12730667168566037,-0.10177160473319519,0.6359338832373492,0.05296270423594917,-0.13171127106256209,0.6947815006442868,0.11526257886469231,-0.14847489032252092,0.8254918614114062,0.2208557333221416,1.1954016893339743,1.004919220295228,0.10401015999338104,1.408908861025337,0.9806760551761161,0.11760980076584113,1.2658753175951432,0.9616360957652295,0.37238528350845557,1.200095124143758,0.9320152508199364,0.46107779373503516,1.164641683940968,0.6189334601591311,0.30449843164387164,1.250758638778041,0.6344518318173271,0.22190420651435983,1.2941028164148676,0.6820904428443185,0.19728169920533442,1.3169419276938605,0.6461470184398876,0.22262427570017404,1.2811041240810432,0.5923906739929801,0.12566382744553073,1.083267366224984,1.078638120858189,0.12132019105697209,0.8784487667068935,0.9620832875926513,0.19054413222695393,1.0500301531636949,0.8606805350389717,0.2080325212472155,1.156536305316162,0.8240500841135387,0.1524158914371697,1.2265209985400833,0.7802787315495392,0.19773303046536833,1.1604696463922983,0.6980693762621939,3.4166666666666665
0.3870110924052548,0.7480763484210353,0.7855198357002879,0.34142730336163435,0.342622902300454,0.7545719928871713,0.3497445092121632,-0.06865076959051333,0.8954848122077226,0.3026788743961008,-0.13000643258697495,0.7626770102565309,0.36507349282137536,-0.1337243941213602,0.8049459774806399,0.33679253660171704,-0.13192533529735456,0.9729883314110122,0.20762797454680929,0.7077476794528512,0.86892364826201,0.13837894870442935,0.35688175518899445,0.7359796722558387,0.09637877296587516,-0.07856920317805889,0.7583725003482211,0.12672197626782977,-0.10063882447950535,0.6342153955209016,0.05294693139293524,-0.12973403546581935,0.6926202887909902,0.11500867056420139,-0.14925521330255465,0.8258393980136156,0.22068465558595368,1.1962127586149072,0.999520473980025,0.10507386948784862,1.411894708908261,0.978406964153854,0.12010824223010068,1.2658934473308325,0.9547100055108618,0.37315974428721116,1.2005960087524161,0.9297674305208912,0.4524674266237373,1.1463005952043357,0.6270878244988696,0.2976852135645766,1.2288907311295019,0.6421438230008182,0.21496860791292693,1.2812190557103544,0.6792231662536854,0.18834805589402007,1.2950783336027054,0.6495311789653757,0.20468904474684504,1.2553327824989693,0.6008891062665,0.12541581045039224,1.0881140891537118,1.073980907720535,0.11869683960209562,0.8832437165381825,0.9553914667084603,0.18565331051822648,1.0497558780983889,0.8502519172156475,0.1990706782711411,1.1582918392011785,0.7935489139252074,0.15452802196978574,1.2113093781167412,0.7798767118061859,0.18717171734488292,1.1613488088115174,0.6780482339099625,3.433333333333333
0.38596167913691654,0.7481580094847313,0.7873559203377392,0.3424966097253311,0.3447781554266611,0.7521516866822494,0.3500512346873684,-0.06968102155228423,0.8953606082359041,0.3027014993586863,-0.1293424009919258,0.7643174738470947,0.3661060120376569,-0.13316073077345114,0.8082568264315368,0.3373078114100489,-0.13277194764391437,0.9716963930468173,0.20725491606750537,0.7093247053344395,0.8680464975833873,0.13936097828615693,0.35757584166447376,0.7345513642117376,0.09630500094379552,-0.07882699310559242,0.7580377723924798,0.12649882973118515,-0.09968453513963953,0.6331110544261932,0.05300884613916304,-0.12780715047111318,0.6905194242539391,0.11444759764056041,-0.14998571699731617,0.8261236204587233,0.2205026180865708,1.1960775662540968,0.9938191248386927,0.10599149590440474,1.4150906957248788,0.9753581384274973,0.12317764317492394,1.26661877734218,0.9471553016648528,0.37475142451914817,1.2016399729232996,0.9255264382983963,0.4438752882722903,1.1270914867741961,0.6384355628723802,0.2894136667567741,1.2074051554617133,0.6509228845103463,0.20535747030806475,1.2677084488551549,0.6786929517579445,0.17623434507371905,1.2736108574661675,0.6569183116645001,0.18608667090689313,1.230422627640351,0.6132568605215643,0.12473223036236454,1.0932793164279084,1.0664777480413847,0.11603578065937475,0.8879490026587826,0.9459568019942609,0.18012321947555018,1.0438959578841611,0.8485824915840925,0.1859577665967581,1.1563493407631842,0.7749691668566311,0.1578841597884233,1.1980826315018591,0.7711821512795591,0.17433789297816346,1.156994989117703,0.6766955468122244,3.45
0.3849706699844013,0.748147768671785,0.7892220594448809,0.3434417251556045,0.3468993791676247,0.7488233806337886,0.3502397800803847,-0.07098857856718507,0.8955741530170029,0.3028298993580803,-0.12877365154681875,0.7659761457324801,0.3670818874645567,-0.13268670337889393,0.8107063606908269,0.33756383575509663,-0.13424733004833572,0.9713606660744875,0.20704307749571257,0.7107659655741789,0.8672241789376355,0.14019832573775792,0.35808526379629546,0.7330305344207253,0.09617716639665456,-0.0790267112787484,0.7575207473096199,0.1268039116776077,-0.0991733299073501,0.6328348838012203,0.0530356409637075,-0.12586312178792564,0.688479977861133,0.11357635211425539,-0.15052791984496386,0.8262113856938001,0.22039441413665645,1.1952262282584871,0.9883316887472405,0.10704938587615855,1.4182817164546373,0.9713295380881228,0.12633693045017463,1.2681596021611174,0.9396757709782462,0.3771891866680751,1.2029703751539513,0.918959087079042,0.4356913911105448,1.1079709893943097,0.6499238500619811,0.2799221728943123,1.1874264256124396,0.6613844193952795,0.19343882696896086,1.253832415569484,0.6809630261875853,0.16183635820324505,1.2525479638187413,0.6672578424605926,0.1680896315172259,1.2070514921333402,0.6289245353364346,0.1235189012839947,1.0985144285795951,1.056465653718948,0.11359666389124495,0.8928245058811924,0.9332418306905611,0.17506877682894045,1.0353102337719442,0.8538249281641492,0.17040621957933078,1.1514084941219374,0.7699619568564202,0.16106822708956098,1.1885474323235734,0.7558934539687465,0.16128875080871125,1.1499408981475276,0.6896173395376431,3.466666666666667
0.38417144391775043,0.7482104872017145,0.7913345178851998,0.3444749940386947,0.3490919292315303,0.7448927008807769,0.3503290218767745,-0.07236002212741233,0.8960927008824245,0.3031459205642126,-0.12824135653185392,0.7670208021751078,0.3678634864121185,-0.13255270519495008,0.8115243328242491,0.33761378443899404,-0.13589777449579216,0.9716566241290753,0.2069483069563176,0.712109726551394,0.8664545770039744,0.14093817797977165,0.3585162594015858,0.7316144373920145,0.0959838977096151,-0.0791229924713597,0.7568209889159275,0.12765349624003633,-0.09928766032341288,0.6334333333629083,0.052983051500296016,-0.12387740160966533,0.6864756529141082,0.11245059079374146,-0.15085195778216337,0.8261132180690143,0.22032342814428557,1.1939569785055029,0.9834954814519696,0.10848007370003296,1.4209529081720655,0.9664070425220392,0.1293201152909904,1.270130902676709,0.9329115104003902,0.3802009239397398,1.2041290048909299,0.9107454957004142,0.428471731699298,1.0896985519363833,0.6593973234444994,0.2696825080600938,1.1696543160667956,0.6743219870454822,0.1800726362445868,1.24037282567803,0.6858895905677322,0.14703862022063768,1.2327287474667514,0.6794340227693163,0.15241157245404624,1.1860167348444126,0.646628797397451,0.1218375797004054,1.1034826240553772,1.04509941814174,0.11132689267752341,0.8978697504869185,0.9179402697259061,0.17122195590560357,1.0267418192688873,0.8616352228780211,0.15523693594814036,1.1445905283427003,0.776730421733854,0.1632386647802957,1.1829438375126695,0.7370067030444758,0.15003683816542338,1.1425339689627205,0.7088257394874881,3.4833333333333334
0.38360929208406364,0.7483852226607548,0.7937927051378444,0.34572848352962443,0.35133571776510863,0.7404932352821332,0.3503854805549169,-0.07351335500503381,0.8967530305197552,0.3036219580516982,-0.1278268878594645,0.7671222126668565,0.36843646166138055,-0.13299099722783758,0.810625123347634,0.3375825785668041,-0.13723263579110706,0.9721556708158847,0.20690521625299682,0.7134380243953454,0.8657517813073272,0.14167794072826498,0.35896593744788174,0.7303481246578972,0.09573950613440405,-0.07905983418144415,0.7559125902059478,0.12883284123239455,-0.09997028861822257,0.6346867452501677,0.05285016981013777,-0.12206415384787772,0.6845743423168026,0.11114261938457026,-0.15100326734589894,0.8259346127137367,0.22022566868036378,1.1925442468490828,0.9797514631565948,0.11031703746347815,1.4229137344003235,0.9608207548475396,0.13214414889077136,1.2720391714060761,0.9269776230662393,0.38319585966024006,1.2046537935231276,0.9026283998691426,0.42272067130488983,1.0726519355015556,0.6666374347728728,0.2595619869251777,1.1547575974822908,0.6902507514719987,0.16690514924193117,1.2278810784341025,0.6941673756274982,0.13379551755646096,1.2158454609547789,0.6933048987693413,0.14030209374579056,1.1680020017433066,0.6658168030332997,0.11993165188656191,1.1079312865266924,1.03361752690102,0.10899141387673128,0.902702598302748,0.9015198964960375,0.16900900261988616,1.0195890425840801,0.8683586521061596,0.14357541431692916,1.1369789521875773,0.792027199223911,0.16456925429533348,1.178569788451874,0.7207949938433482,0.14214493118731802,1.1356423040242467,0.7279587462510186,3.5
0.3832643984418337,0.7485594453312516,0.796540352936967,0.3471256035318064,0.353596816447176,0.7355484045271965,0.3504774528722175,-0.0742339360308289,0.897379645407585,0.30426627031806,-0.12758550286484482,0.7662141719337878,0.3690170491546785,-0.13389122845829973,0.8085993398454867,0.3375769949687322,-0.1379989241256941,0.972505898003258,0.20685626915449412,0.714802771033486,0.8651228260219502,0.14251521569278405,0.35940229921304634,0.7292532837336559,0.09546791516220177,-0.07874501522122276,0.7547646816539331,0.129971889892343,-0.10100323278006909,0.6361625201909915,0.05266755060432229,-0.12089148025935977,0.683091003448875,0.10971112423971602,-0.1509749278362279,0.8256961847832376,0.2201465559797396,1.191396376662484,0.9772464099043829,0.11261054622340716,1.4245400248123485,0.9545593988777992,0.13495834017527653,1.2737203079627462,0.9213292850213326,0.3855334904656881,1.2043439098297792,0.8964286744177437,0.4184593329941424,1.0568142571487664,0.6729606487721331,0.25065283037903857,1.1434045954193353,0.7083072177278233,0.15603857920492642,1.2163790792162872,0.7077750966747735,0.12369004487557875,1.202919407763631,0.7101761589408526,0.13175672647395847,1.1535046511925957,0.6876614197776022,0.11806082564951664,1.1119550231041158,1.0226079314753596,0.10659220698873464,0.906926908273826,0.8857948247431897,0.16864866671870488,1.0144655952695016,0.8724841007760282,0.13761791454137473,1.1300177278924408,0.811258892679825,0.1654228803337359,1.1718868900989579,0.7164409532422304,0.13834633560804324,1.129146753247901,0.7449857762545943,3.5166666666666666
0.3831243690109431,0.74858896814497,0.7994586927969403,0.3484988695126585,0.35583246364196286,0.7301520832042846,0.35062161075925113,-0.07447118964745814,0.8979255803000423,0.3051110956202596,-0.12731296151335805,0.7644173610662133,0.36991020821838183,-0.13471665650446477,0.8062148574948163,0.33761341704534514,-0.13817109306857286,0.9724982978633349,0.20677619508567538,0.7161755113973467,0.8645725279124787,0.14347420906125352,0.3596693207670135,0.7284200334073478,0.09518475388872528,-0.07810135291056404,0.7533907493130392,0.130785406684697,-0.10220092827111074,0.6374544266565302,0.05248083701472499,-0.12081007512278899,0.6823878968822683,0.10818970446539994,-0.1506698543110745,0.8252669654428414,0.22027146799330535,1.1910138591757944,0.9755308323951555,0.11553230508284976,1.4262496455094777,0.9473203173973801,0.13787490931187782,1.2752437856781127,0.915168392322854,0.3868833067488334,1.2034039370773506,0.8929443745553172,0.4151390018893677,1.042032762123779,0.6802093445838644,0.24392920005653823,1.1356036671886394,0.7263201909997927,0.14902166410242546,1.205832950047948,0.728211777002828,0.1177706277220429,1.1933235990521087,0.7324136115735623,0.12610140105309176,1.142579084463931,0.7140866979857238,0.11635156689490642,1.1160679260930633,1.012058775834889,0.10438235483031888,0.9104654225114925,0.8725812825438667,0.17002319923434567,1.0120056948464178,0.873850686445955,0.13786318169325237,1.1255200296997179,0.8292099542127815,0.16547717208813373,1.1626460497692241,0.7299219435756577,0.13813416078892504,1.1233586444259847,0.7610227761246581,3.533333333333333
0.38320000423704176,0.7484137795499061,0.8024461201585403,0.34972923864726835,0.3578848655695064,0.7248470070961115,0.35078998975720943,-0.07432207053186338,0.8984351808441151,0.30611200189639065,-0.12671649904783783,0.762103886248601,0.371268374475821,-0.13490932599965816,0.8041028862931415,0.3376635687922977,-0.13781067483224396,0.9720729050760731,0.20668838589618677,0.7174630165563023,0.8641202381103729,0.14449155285379506,0.35962815313781205,0.7279612846096969,0.09490208865054368,-0.07716310708535644,0.7519021675884998,0.13126873220698254,-0.10340895769575932,0.6383255792214902,0.05238275462465799,-0.12198780632994652,0.6825951242436256,0.1065966291671324,-0.1500270831229221,0.8244896714338067,0.22075922402938242,1.1915755555098997,0.9738559615341282,0.11916396772225529,1.4280340953551183,0.9390538452400207,0.14092943404184521,1.2766591527660367,0.908083264603393,0.38731703758363367,1.2022845405396445,0.891828873497049,0.4119954812629709,1.0284781506077632,0.6895364401558031,0.23981998424268425,1.1304807239479058,0.7421024654537347,0.14619272501031416,1.196624683184286,0.7550158342992306,0.11607141230204146,1.1855964985631136,0.7620270118946431,0.12281224146937039,1.1346093967470705,0.7457207950829705,0.11485261008591577,1.120744950577715,1.0021979127514338,0.10254067474624111,0.9133376109171251,0.863405363671149,0.17253900565679464,1.0126169303606534,0.8726504254074732,0.14297594467927308,1.124513190584275,0.8432606601261793,0.16387556473959752,1.154233744904143,0.7587159695443274,0.1397720849379801,1.1187376584073079,0.777872548930583,3.55
0.3834986537710803,0.7480922160547727,0.8054261296878614,0.350787776944643,0.359506449755975,0.720409535483129,0.35095189402801935,-0.07393282953400794,0.8989376187315202,0.3071181573401056,-0.12572553472443082,0.759869465657945,0.37302285215730313,-0.13419152109890078,0.8026865818675627,0.3377339555113704,-0.13696999846069818,0.9713036815362364,0.20664882583932156,0.7185656779882119,0.8638059537221514,0.1454901948798354,0.35925800183730405,0.7279440732016963,0.09464509347442762,-0.07609879889742653,0.7505065836453203,0.1316539423971867,-0.10437724307357366,0.6386945374337549,0.052580326784327155,-0.12427846928756356,0.6835485759150463,0.10494900350443523,-0.14910277472751718,0.8233045581536976,0.22160061197494466,1.192792166613894,0.971656331565244,0.12335178593984797,1.4296017600681112,0.93015991405672,0.14409303936375126,1.2780076626053658,0.9003096078016748,0.38716756220736104,1.201490052886307,0.8920411859142904,0.40852792235022295,1.0169685247275744,0.7007527766167425,0.23788907030496936,1.1269579426964458,0.754643615375834,0.1468451497687031,1.1894380300945364,0.7861551051170116,0.11729969237373122,1.1788672330042356,0.799041771251641,0.1212517137177681,1.128329309960082,0.7813895041509382,0.11364189709622519,1.1257988654645525,0.9940415429358731,0.10105033516835463,0.91539019990483,0.8589966855844351,0.1752729462752612,1.0157668980941144,0.8692784513842314,0.15043765169105777,1.1264002626763165,0.8541400837588988,0.1606733957581529,1.1498299558630332,0.7936136687371159,0.14129333896277665,1.1149144307960974,0.7966026178418395,3.566666666666667
0.38399912040802114,0.7477700897447269,0.8083008320657828,0.35175261224668497,0.3605389899805451,0.7174688729616108,0.3510933548634334,-0.07340182603459286,0.8994327711939011,0.30792715644704716,-0.12444575418940712,0.7582617465614564,0.37501909746553286,-0.13255243147859627,0.802106805404849,0.337863760709846,-0.135657091090718,0.9702910629513429,0.2066896890258337,0.7194294550147584,0.8636704622045914,0.14645355388343975,0.3586374984788824,0.7282557413587051,0.09445069391361617,-0.0751197372278898,0.749397862012193,0.132227058689691,-0.10486936471678987,0.6386993491539695,0.05331962899819524,-0.12731791333038622,0.6849037581633541,0.10327159156842917,-0.1479886272239171,0.8217409441511082,0.2226614838727353,1.1942576659924375,0.9687675166214966,0.12779021323338974,1.430750402246079,0.9210843804977272,0.14722340597014896,1.2793042513023183,0.8925146023982975,0.38682012403716565,1.201443211515413,0.8924099180677971,0.4047078108145316,1.0086267524769077,0.7129166704442098,0.23714207948958438,1.12441450647499,0.764394085266751,0.1498770259439801,1.1847853224588376,0.8190283410248995,0.11958476520429005,1.1732957593895013,0.8406109805192814,0.12037260881550235,1.1224372671054716,0.8188904027344057,0.11279885761654876,1.1305391293467157,0.9886748836917149,0.09982004208616826,0.9165866639898932,0.8585262845149736,0.1776153360004481,1.0201302995255697,0.86457638853262,0.15790812387187692,1.1296111793614072,0.8634323227380225,0.15740509655239646,1.149845459464387,0.8250559683316079,0.14168835324400725,1.1114453207326604,0.8171895962918635,3.583333333333333
0.3846542460680135,0.7476347909639205,0.8109247508395129,0.3527856476642739,0.3609968570748871,0.7162825207467849,0.3512125636186761,-0.07277985504032958,0.8999151877701999,0.3084349299897023,-0.12292348934372091,0.7574792636774687,0.37712014047317444,-0.13027436292696665,0.80222202486736,0.3380635407084624,-0.13389569268214113,0.9690773937524748,0.20677467481417056,0.7200650891638098,0.8637207431582361,0.1474241851627131,0.35794029374303205,0.728555486576733,0.09434294378383543,-0.0743738923540835,0.7486527328713599,0.13319221664817726,-0.10493413312696472,0.6387148832879078,0.0546903115058912,-0.1306161719344103,0.686355630283198,0.10160332699765857,-0.14674978618936163,0.8198543204029279,0.22378326429575196,1.1957596545570015,0.9654707592036043,0.13219019397798815,1.4315191909442408,0.9120480514221598,0.15003995777521797,1.2803629555139189,0.8855153479623858,0.3865326094936037,1.2022690814137713,0.8922892840445897,0.400837097295773,1.0040365158867572,0.7250420392949026,0.23679258384376034,1.1227343540780368,0.7724245025467344,0.1542573971318594,1.1825957633961246,0.8509735183516334,0.12177130089149102,1.1694189812093299,0.8812837895386905,0.11950391531338278,1.1166004242055068,0.8552337044965841,0.1123077473094842,1.1344836262269928,0.9862430362334336,0.09884007598240879,0.9173492333743418,0.8597602136326309,0.17983745794568984,1.0245682578020752,0.8595645923926618,0.16396495104818756,1.1328576699114197,0.8718772784775564,0.15543964599370214,1.1528874423401534,0.8479551756276,0.14104292529825935,1.1086967819355276,0.8384951866937156,3.6
0.38542778434287256,0.7478627538230527,0.8131758777253002,0.3540102775291586,0.3609871875603692,0.7167148749745221,0.35130850263253965,-0.07211938435773549,0.9003757189410446,0.3087161793801131,-0.12112492262190602,0.757298296561091,0.3791662541775317,-0.1278277127634018,0.8026015167137364,0.3382987596380458,-0.13181347613858346,0.9677066405973646,0.20681689047115245,0.7205478235064278,0.8639151801078899,0.14843988107919562,0.35738284043100144,0.7285989599001391,0.09431339832324112,-0.07390867639744159,0.7482626632141238,0.1346128575104162,-0.10495215449509279,0.6391066216066897,0.056572645205237276,-0.1337009179659073,0.6878300539486697,0.09999624639386846,-0.14546554551150553,0.8176970751803344,0.22482562592382047,1.197244352399769,0.9623145215037114,0.13639140647626632,1.4320562786116846,0.9031405525621957,0.15221265409936025,1.2808073787424537,0.8800961367433543,0.38636410279714706,1.2036940168431203,0.8918515795816884,0.39739013157427583,1.0029607387439279,0.7358775384121634,0.23663407311232076,1.122011476986485,0.7793374910400963,0.15902885372111225,1.1822479667260128,0.8792741692714398,0.1237664976557635,1.1675130488920575,0.9146615805319709,0.11903872944670951,1.1116626035654336,0.8868545649405615,0.11203547115546397,1.1375575142331638,0.9860379151096714,0.09820019017473039,0.9182851861109228,0.8606159156372475,0.1828769169101668,1.0287506160432056,0.8544258169536064,0.16794828836652426,1.1357898185933095,0.8787959262541486,0.15465455096006714,1.1575507150451094,0.861911229726442,0.1399528267112471,1.1074267357617773,0.8580562902823017,3.616666666666666
0.3863102000662674,0.748540373745444,0.815081339067867,0.35541615981037455,0.3606782916635506,0.7183626026112001,0.35137021027205284,-0.07146191977784427,0.9008048659094898,0.30886761132605517,-0.11912782557446526,0.757300800041564,0.38093965716888334,-0.12562359272031615,0.8026280390937562,0.33851388531881244,-0.12964673206893124,0.9663023096884216,0.20674451797712798,0.7210088461786581,0.8641611589735071,0.14949650118749036,0.357089328401132,0.72852019403239,0.09432989626454355,-0.07368384300416388,0.7481935994601947,0.13639435837054104,-0.10535845974664976,0.6399721068339169,0.05874111154088418,-0.13627490518566138,0.6893903338470682,0.09850151738547819,-0.14423868800880874,0.8153296353922949,0.2256635945088752,1.198639422497929,0.9597866021704449,0.14026524257846334,1.4324296219569088,0.8945600420259918,0.15352195131392946,1.2803272843810292,0.8767584069814791,0.38622923226653694,1.2052620320943235,0.891685844433859,0.3948724584467053,1.0048932492562612,0.7438399122568935,0.23673847767315315,1.122342152191099,0.7849589532346319,0.16338134243694374,1.183032052766603,0.901163392630399,0.12587920311528628,1.1676844380484046,0.9356646105368219,0.11982308866238922,1.1088569295273443,0.9104437004506385,0.1117940589010712,1.1397890079984325,0.9871319921529684,0.09788951168117843,0.9196798719314261,0.8604200610365087,0.1875717305912219,1.0328910935270283,0.8479693414411611,0.16996694930127515,1.1387573180869426,0.882305261672633,0.1544306482198246,1.1629846472837322,0.8681907320367149,0.13904823361972396,1.1081816740277126,0.8724861643521075,3.633333333333333
0.3872640046023543,0.7496205410029442,0.8167986688801742,0.3569120401566905,0.36031129598901124,0.7207502863218396,0.351376048212954,-0.07079709579587465,0.9011999452847113,0.3088636086178109,-0.11721406109169313,0.7572266279135587,0.3822455971060413,-0.12393874270809818,0.8019406585345308,0.3386359596878116,-0.127636022830091,0.9650004033339924,0.20656187064599876,0.7216074329121611,0.8643311591828866,0.1505888807804323,0.3570450396221346,0.7286309277767538,0.09435998094457047,-0.07361002662343227,0.7483549749486266,0.13831845200807294,-0.10632305556926372,0.6411261657777614,0.06093462620574212,-0.13821467572359003,0.6909523398176451,0.0971522231198774,-0.14311538159874357,0.8128433872064768,0.22616609849475,1.1997866320258381,0.9582066423112354,0.14351723268479774,1.4326016912983968,0.8868784121520784,0.15399007461039102,1.2789018545725332,0.8755112394540696,0.38606799544147447,1.206656589698124,0.8921733223631447,0.3935554379978446,1.0094654036226434,0.7479051043155833,0.23705807998819228,1.12372522298435,0.7888035989329001,0.1669200661910099,1.1844319130325967,0.9148117318036381,0.12821217960788117,1.1701322153705407,0.9423753253659113,0.12213545456208971,1.1089618888679302,0.9238934663877272,0.11143679616715761,1.1412120516223292,0.9885606695431916,0.09769253698627445,0.9213882117014502,0.8596173131626565,0.19412567706790063,1.0370377871273246,0.8390791994043292,0.17072954275467622,1.1420668394897269,0.8813009613521432,0.1547160754123873,1.1685123184670825,0.8684583372982331,0.138781635721837,1.1109034660048973,0.8794817911091561,3.65
0.38818160284577036,0.7509878374069715,0.8184227177278486,0.358431168918873,0.3601010912130813,0.7235212593600511,0.35130340690386036,-0.07008960522101973,0.9015469909445185,0.3086824464962153,-0.11571904571109395,0.7570502306819338,0.3830302566369477,-0.12282972221720723,0.800704088310296,0.3386055065532873,-0.12588245555377647,0.9638189783863432,0.2063413451117048,0.7224702091478787,0.864345717591933,0.1517398957418167,0.35716975386970984,0.7291184135030734,0.09438723656270027,-0.07360646150298315,0.7485788523004253,0.14012260975205662,-0.1076622793097302,0.6421961789817047,0.06289309963731267,-0.13951719998890524,0.6923120601403795,0.09596273952943182,-0.14200963929684926,0.8103524079218748,0.22621929062305973,1.2005402893254034,0.9578167634694623,0.14575781556934475,1.4325643574986135,0.8809863581350661,0.1539328210244287,1.2768504437088062,0.8758451126646458,0.38595536712346834,1.2078153575104262,0.8933406287094614,0.39329459003236433,1.0162118991018405,0.7484406611830903,0.2373969297805609,1.1258760830898993,0.7907748420897216,0.1696292827768413,1.185956333074836,0.9210426512353052,0.13049240424348457,1.1746956049514043,0.9372092461560618,0.12540110374772306,1.11180273399632,0.9274975709944954,0.11094575271449483,1.142007218599351,0.9893460999973064,0.09745451521228435,0.9230645938572163,0.8588420919538358,0.20222568460256427,1.0407771070101894,0.8284163560363538,0.17085642285033592,1.1454255321779936,0.8773950188694748,0.15550903766782648,1.1732672633803758,0.8658531406966407,0.13938874249756555,1.1146758565027788,0.8798336732605538,3.6666666666666665
0.38896086048641115,0.7525239241673185,0.8199360878262598,0.359951821276996,0.3601182207344338,0.7265193615115022,0.3511374249651245,-0.06939018456426943,0.9017754084103432,0.30845054007794814,-0.11485903389406336,0.7567772488130676,0.3834075725585202,-0.12205464402895061,0.7993479963714295,0.33843749974025084,-0.1243633283708622,0.9626605318592751,0.20615327712510725,0.7236209320121215,0.8642365748676337,0.15296652075124537,0.3574029031019571,0.7299973656363524,0.09441375053925179,-0.07363770211381801,0.7487184627457935,0.14156968716044283,-0.10896092032563048,0.6427511705730946,0.06440345707635427,-0.14030077061452775,0.6933807814699579,0.09494544072920574,-0.1407329827660429,0.807935899058291,0.22584345633706185,1.200916560429434,0.9587154681083497,0.14677760098594428,1.4324459619875367,0.8777578731098754,0.15384442132544712,1.2747075940043042,0.8769010647077509,0.3859624712457565,1.208794610501693,0.8951945578135778,0.39359211075120404,1.024241900953046,0.747068474017387,0.2375664746068017,1.1281667083700773,0.7914278041241758,0.17159398943067303,1.1870720846912628,0.9232286555978937,0.132243815929569,1.1801661268913783,0.9264598247225275,0.12860490122993098,1.1162299424445197,0.924510039745426,0.11042213409659501,1.1425658094898443,0.9888192021556778,0.09730402265477678,0.9244054297898543,0.8584316905999829,0.21136338979997266,1.0437145834680028,0.8177350714934855,0.17063979783244426,1.1481773868770193,0.8740218852610491,0.15648729837269254,1.1765605822571847,0.8640742687902891,0.14092744940943094,1.118073093332056,0.8768843281644774,3.683333333333333
0.38960880783988155,0.75410703049685,0.8213628297318122,0.3614283163681959,0.36024235628330425,0.7298053636719725,0.3508840080492803,-0.06888379688577115,0.9017698296423224,0.3083401216801223,-0.11470796645509446,0.7563650749136801,0.38355677491545825,-0.12132740246404919,0.7982611965795455,0.3382195970327201,-0.12313799566143444,0.9614359634759506,0.20602469656640035,0.7249742192550345,0.8640687068801015,0.1542632004973126,0.35771142435762765,0.7311882724136853,0.0944489958166112,-0.07370700886338911,0.7487519125534705,0.14249519746992345,-0.10989510145294229,0.642692213483525,0.06534179051029142,-0.14079380159778226,0.6942231741648996,0.09411479012774329,-0.13915423304182922,0.8055788052615027,0.2252339223654483,1.2011078701669387,0.9607271066329297,0.14655539646194535,1.4324193057501142,0.8779911874355809,0.15408303653660407,1.2730027928768775,0.8778948006876018,0.3860130021246407,1.209610951802541,0.897852099142785,0.3938535027774916,1.0323391925576757,0.7457742174140023,0.237511282710669,1.1299852977332936,0.7915125946843913,0.1728602685263278,1.187494821658967,0.9245301891454871,0.13313358891360086,1.1846328935155728,0.9172328095351303,0.13095176909709808,1.1207902030173442,0.9194265255238163,0.10996891362992867,1.1433324975896233,0.9869071421962166,0.09744995626786088,0.9252855827259405,0.8584111108370511,0.22074813656920395,1.0460329540429687,0.8082506042661017,0.17035852974777088,1.1501564507990893,0.8736402359622302,0.15739376738626024,1.1785290688513173,0.8649615135981704,0.1433292230964822,1.1200498064047828,0.8737815513319097,3.7
0.39022119160007807,0.7556684069498583,0.8227474359308267,0.3627697883675347,0.36018651629199394,0.7336471795339531,0.35058568677976876,-0.06877150286710051,0.9015001265395446,0.3084085886126047,-0.11519659524223208,0.7558573312673245,0.38358317023472277,-0.12064523436960538,0.7977184693237831,0.33804938419899794,-0.1224196405914242,0.9601367789229052,0.205946756150964,0.7264148677121576,0.8638259058615714,0.1556100163015961,0.35804225580654747,0.732622612284645,0.09449843036999128,-0.07383187391414579,0.7487469078829017,0.1428536193452115,-0.1106412062335909,0.6427076029081507,0.06574787208779347,-0.14131523448928116,0.6949765115637916,0.09347757451890051,-0.13733787213092818,0.8032091629310936,0.2246038105424612,1.2013194442038322,0.9634831662275779,0.14507387590491594,1.4324840045000062,0.8823396302381317,0.15466671942270108,1.2721705089463944,0.8785049945470174,0.38597872659265725,1.2103021828014542,0.9012114432848494,0.3937456656193657,1.039449246782964,0.7459658226575521,0.23746245109189512,1.1311427317802025,0.7914604684130793,0.17345834057811627,1.1873034036209065,0.9257973433339508,0.13324329171842839,1.1867775316864335,0.9134486502521177,0.13236405174979818,1.1245984084321718,0.9152374195144719,0.10960413012084094,1.144448148048835,0.9840949041804872,0.09793925032721434,0.9257905061861937,0.8586548790514871,0.2289873299432471,1.048353931113318,0.8003493547954434,0.17035742263613562,1.1519789377345437,0.876151798487578,0.15819212364199225,1.1799893015010556,0.867970695249344,0.14642516504107805,1.1205075716928874,0.8715968889580723,3.716666666666667
0.3908762681691697,0.7572520211562341,0.8239707230967603,0.3639465186197301,0.3596582785374183,0.7383265320633077,0.35030852107560806,-0.0691622481293658,0.9011128413340855,0.3085897763258214,-0.11608895904430097,0.7554640463462873,0.3835103552746475,-0.12020353121384773,0.797776158782065,0.3379703520569952,-0.12240186192269169,0.9588172150581629,0.20589773675335102,0.727873437773391,0.8634325085598815,0.1569559633401238,0.3583171324117065,0.7343002814554086,0.09456324806374133,-0.07403085479852378,0.7487649256678988,0.1427380949519863,-0.11176921039913496,0.6439294307900482,0.06585103562772945,-0.14212455625369685,0.6957101887022316,0.0930441922828413,-0.1355133091160628,0.8008565759535706,0.22405037818602216,1.201636127936971,0.966562009781778,0.14238479683996808,1.4324136515365844,0.8907495363805281,0.15541207218318392,1.2725359762476707,0.8788752394851469,0.38581523041241017,1.2110683677906362,0.9047593502755265,0.39339335448346535,1.0451745653131959,0.7479427109362082,0.23791285405305806,1.1318017962517686,0.7914368399803198,0.17364293854247448,1.1867536299894683,0.9262824367489824,0.13317022549869517,1.1867390333089964,0.914245294197023,0.13348949567526755,1.1274944593095264,0.9121697594094256,0.10930663203365304,1.1455365071238037,0.9812546438583506,0.09869891406935907,0.9261272675237191,0.859024339995456,0.23430002576132553,1.0510709968124532,0.7942168524405511,0.17090897091498516,1.1542268587788207,0.8796221437273779,0.158933957377744,1.1816126629305512,0.871620393911575,0.14992478257929115,1.1200078630208958,0.8698831487997198,3.733333333333333
0.3915772669828638,0.7589276439171221,0.8247906061147633,0.3650440692044683,0.3585492191015848,0.743862625875729,0.350105545601395,-0.07009677743927509,0.9008446601387715,0.30878207513047806,-0.11713867090211674,0.7554140706783041,0.3833847485141255,-0.12019062571929062,0.7982091991778862,0.3379405020505402,-0.12315056705406968,0.9575939419875286,0.20587615472145981,0.7293304994872478,0.8628952887524515,0.15821907650643266,0.3584604262221977,0.736202491751909,0.09464529782329935,-0.07432683420508013,0.7488273128511251,0.14233365538036924,-0.11363536241719305,0.6469356894238665,0.06591562600697354,-0.14321777652461826,0.6963733955472619,0.09284331668646889,-0.13397303739734936,0.798744254678261,0.22360301040738512,1.202057358105554,0.9696127223227349,0.13881932524800017,1.432004191941597,0.9020238576802926,0.15619987560312437,1.274105159979374,0.8793218832462727,0.385541369909152,1.212144807592559,0.9079381247374908,0.39313805170860205,1.0498380682872583,0.7508531092043031,0.23923102957361858,1.1321622596165684,0.7915403554144337,0.1740864699079806,1.1861314588661354,0.9251633935950543,0.13382983989503186,1.1857240701495808,0.9158966889915608,0.13517995288111595,1.1295038978865852,0.908441974477721,0.10910390764520317,1.1459272004842804,0.9793818928424702,0.09962672452146548,0.926480994217789,0.859406150576202,0.2354209403261341,1.0539029738036276,0.7904003623273173,0.17212614078727484,1.1565863317934175,0.8820054241807846,0.15967382871639862,1.1835444284809868,0.8749782994918792,0.15341084836490054,1.1190934788389555,0.8680576468467176,3.75
0.39227863543850033,0.7606770971683139,0.8250536804201644,0.36614555561983125,0.3569394653740795,0.7499909622523934,0.349998769383157,-0.07159784203289338,0.900900716215646,0.3089189249849078,-0.11831451468066648,0.7557497866869617,0.38329053323548695,-0.12085004555081211,0.7986984013659072,0.33785089300528937,-0.12468077771382259,0.9567068907830886,0.2059188971193147,0.7307737557234352,0.8623704482732588,0.15934562104529698,0.3584372501455462,0.7381842504753691,0.09474954142690278,-0.07474836734158671,0.7489286278362479,0.1418206345757124,-0.11621183491266109,0.6514487430979824,0.0660495563431864,-0.14438940155581925,0.6969254320404504,0.09288658007945301,-0.13298503169030512,0.7971838482582195,0.22332253254128126,1.2025572852897848,0.9725284286493477,0.13494301899719052,1.4312925031678896,0.9142437094436509,0.1570665788366732,1.2764088226927945,0.8801042399814755,0.38513256800500995,1.2135278780045506,0.9106830549198829,0.3931393001971366,1.054042563640698,0.7531326409330776,0.24130091938207032,1.132373961344233,0.7917561231900194,0.17531400918358242,1.1855212560106563,0.9222773101008777,0.13579232662790036,1.184903582338677,0.9152933341426347,0.13777419363140558,1.1305192163344073,0.9024475982746591,0.10904803793267426,1.14513372616325,0.9790745269690965,0.10058344250825027,0.9269655311868665,0.8597049868461804,0.2322942401373089,1.056040553718864,0.7899525682664824,0.1737477634981297,1.1579693756982914,0.8825446931337886,0.16046981957478113,1.1857009297431464,0.8779130579605235,0.15644622660098728,1.1179588336793376,0.8659866018446537,3.7666666666666666
0.39292818448912037,0.7624157601219085,0.8247319856800951,0.36722886104963315,0.3549902613625148,0.7563440008723932,0.34998051887171977,-0.07368490416938778,0.9013937951485351,0.30898188350948347,-0.11975317787652746,0.7563154097755788,0.3832775617572486,-0.12241609973385785,0.7990047287388584,0.3375823943043935,-0.12701881483802194,0.9564981097983523,0.20607833788969265,0.7321540598557886,0.8620514902787185,0.16036033816889872,0.3583134819111883,0.7400115808291178,0.09488156492582545,-0.07530637979466388,0.7490562226835283,0.14130708260935815,-0.11940391280849144,0.656889085603109,0.0662154926665269,-0.1454649989364129,0.6973701396271025,0.09310831910907436,-0.13272762367072058,0.7964019051104418,0.22330369831076424,1.2030473717014805,0.9753963638596106,0.13122754829682431,1.4304265840269705,0.9257526506165946,0.15801551375609568,1.2787592688805884,0.8815545808048232,0.3844932046023441,1.214965867976699,0.9134113631596181,0.39331345895612946,1.05816521508218,0.7533599562214812,0.2435480284567101,1.132586086533212,0.7919657249371888,0.17682970626137984,1.1845413859379512,0.9187757834070385,0.13858143649189045,1.1846278534709311,0.9122993103457049,0.14072186203643525,1.130411099904383,0.8949766300745182,0.10911238778748833,1.1432043140552146,0.9800824113418887,0.10138852880775295,0.92764090625427,0.8598296295173202,0.22597782943385283,1.0567092257213653,0.793761010136057,0.17502271609538544,1.1573909855598483,0.8823197966905827,0.16137522015665245,1.1880337419842346,0.8805909630970047,0.1587376177425977,1.1166809378843459,0.8638764835229285,3.783333333333333
0.39347869839189925,0.7640818265527289,0.8238082472833139,0.36820189084078553,0.35287155407297355,0.7625729538852515,0.3500163421229558,-0.07634588020965023,0.9022716046967316,0.3089837841205464,-0.12155792794381008,0.7569021839564068,0.3833397383543771,-0.12488213591113362,0.7990225938553338,0.33708810091778085,-0.13017029440236108,0.9571788944997732,0.206384370485712,0.7333804333085903,0.8620401142370039,0.16132793185192482,0.35822768324211257,0.7415323226570619,0.09504048065075472,-0.07594671926435072,0.7492097666194245,0.1408328653195397,-0.1230806320502321,0.6627003480602313,0.0663717245963716,-0.14640411947893814,0.6976993532077682,0.09337691064484911,-0.13325175524017993,0.7964095199395334,0.22357937558521207,1.2033578693815608,0.9782116354318684,0.12782335568785386,1.4294495888338377,0.9357570065857035,0.15880148036291622,1.2806096389228143,0.884256536271556,0.38358476645929196,1.2162047292724931,0.916378743059876,0.39343537588627797,1.062155055883198,0.7511822649689752,0.2452400867934628,1.1329123891437058,0.792068647502828,0.17728285032955032,1.182602896002138,0.9174964542147244,0.14083297245696674,1.1844627731989794,0.9093596635025251,0.1428964712578713,1.1291009452136178,0.8891983569535221,0.10919633426481418,1.1406523683439644,0.9816252107799591,0.10188227641643881,0.9284873745570463,0.8597361321286509,0.2179958546063701,1.0557821895747004,0.8016829407142191,0.17507193573771385,1.1548692062570256,0.8834898200537578,0.16236476619959717,1.1904665169689779,0.8831853493866745,0.1602403056815727,1.1157274982576413,0.8620272821396839,3.8
0.3939030623194715,0.7656652961033097,0.8222606030754522,0.3689800616291611,0.35068851164272286,0.7684362440740649,0.35005929005524916,-0.07949141251569591,0.9033158793770295,0.3089553833420361,-0.12368390835088325,0.7573869909180645,0.3834512954759318,-0.12798544502247272,0.7988583754625634,0.3364435635542743,-0.13406931488938545,0.958640838886944,0.20683971764731057,0.734358500090409,0.8623456918597606,0.16228073316266567,0.3582319761121265,0.7428144683874494,0.095212794250102,-0.0765412197237808,0.7494006530005585,0.14040850558394244,-0.12682732236689062,0.6681807130068312,0.06651624582184076,-0.14721568565490356,0.6978870637190502,0.09359406360746288,-0.13441274180449195,0.7969772955577665,0.2240531127344162,1.2033199517380178,0.9808598236926909,0.12471720565364935,1.428334313785299,0.9440967662538737,0.1590809663065076,1.2816478302546586,0.8887263801418439,0.38255256820482125,1.2171663413723188,0.9193349448381123,0.39313886765783734,1.065704228284594,0.7475450382938365,0.24581616743731138,1.1333905657615393,0.7920128589880959,0.1755720732270854,1.1794593868043741,0.9219545623475902,0.14128033253170436,1.1836608464674823,0.9094995368186927,0.14336773930794433,1.1266255798481706,0.8882156767511445,0.10928851576770772,1.1379409058324368,0.9833710133341107,0.10202682373753302,0.9293549863195965,0.8595698394504785,0.20968990279059146,1.0539915405272238,0.812570760791933,0.1734108866050889,1.1515976874958556,0.8875869814011528,0.1632731386521744,1.1927585303326402,0.8858829127269567,0.16117888478082643,1.1161936548356406,0.8606576062404886,3.816666666666667
0.3942292731002105,0.7671752484752159,0.8201698315362397,0.3695354403832291,0.3484454009224223,0.7738689384778357,0.35007681678378116,-0.08296565506494034,0.9042978611209104,0.3089338473597545,-0.125888902334105,0.7577359824907192,0.3835961031062364,-0.13125371469167874,0.7987196125469487,0.33579751784228506,-0.13852183060271472,0.9605652848504113,0.20743670607614706,0.7350305662402462,0.8629429004823218,0.16321422164933913,0.35819626332629784,0.7440836040100285,0.09537397544882345,-0.07697439092213218,0.7496254656238835,0.14008442560561715,-0.12985867943372653,0.6723127496267667,0.066636850299278,-0.14783011275173824,0.697896661981835,0.09376273501780909,-0.13587006517599273,0.7977790748282563,0.22456751984249596,1.2028483465876545,0.9833671983930827,0.12200609194748196,1.4271168419817375,0.9507876306941294,0.1587510175351715,1.2817790792453878,0.8948842587314818,0.38156934682797605,1.217889209812313,0.9221432535691129,0.3919891132751181,1.0686667922787156,0.7436464875558562,0.24507284600171936,1.1339721872093225,0.7917787319522293,0.17152171068061411,1.1752093192581703,0.9345872506759316,0.13946126894763133,1.1813842374449228,0.9151023612847671,0.1419580312160409,1.1233005933971412,0.8928482184336022,0.10957025061392134,1.1350581688545778,0.9859848849926198,0.10195847134788655,0.9299613597411379,0.8597021789723807,0.2021930119804583,1.0524788562535208,0.8246729373242068,0.17015326592549457,1.1490110710933028,0.8946169665051138,0.1638362708921789,1.1945276440678072,0.8889037642019344,0.16188673969349598,1.11926751426216,0.8598573848858083,3.8333333333333335
0.39454742255886954,0.768624982100285,0.8177853137350592,0.36991159806928914,0.3461293268922706,0.7789258708315588,0.350063637604065,-0.08659819001023847,0.9051124617612973,0.30894232537865396,-0.12777447602610814,0.7578360720187592,0.3837046145454911,-0.13401824699268572,0.7984406799964546,0.33528047909088005,-0.1431851175135424,0.9626080010780519,0.20814794418697366,0.7354019950703907,0.8637935839516666,0.16412327875134872,0.35793625457076156,0.7455150171922998,0.0954982734171489,-0.07723971136753158,0.7498598400713504,0.1399900177090478,-0.13119276006819425,0.6739057515667465,0.06669629250001256,-0.14807905590170276,0.6977198095627829,0.09394963953916911,-0.1372944768209679,0.7986050715940123,0.225050206592875,1.20199706675785,0.9858506575581025,0.1198723960606111,1.4258657008078373,0.9561012230569739,0.1579490262836677,1.28112190223183,0.9020300760284886,0.3805396966250134,1.218356015420416,0.9254392574589565,0.3895602927371309,1.0712774785183057,0.7395089224986009,0.24315155028124597,1.1344993404561958,0.7913720641141653,0.16562869170652633,1.1698863385718643,0.9556234331632959,0.1356607304099558,1.1768012095245624,0.927329608192132,0.13916082506385466,1.1196788383439096,0.9016469844011907,0.11031664490370496,1.1316957530680947,0.9908007547036995,0.10193868263763031,0.9299794225160798,0.8606204502781627,0.19666130001967894,1.0520489610347188,0.835958294907138,0.16580647522908165,1.1477138029159104,0.9038083956606522,0.1637986166771371,1.1953975195263404,0.8924541333774727,0.16253862616911785,1.1253744908495416,0.8597637213660464,3.85
0.3949490177184665,0.770049150208915,0.8154046805949349,0.37018075744952966,0.34380790635976366,0.7836616752703112,0.3500314300011277,-0.09024099228456939,0.9057564826627332,0.3089743763811912,-0.1289941719323643,0.7574525941866815,0.38355158807051726,-0.13566885620130972,0.7973272344411549,0.3349659207473283,-0.14766683008083598,0.9644555948578347,0.2089264883205595,0.735556236024046,0.8648374063154013,0.16499411704076777,0.35740546311607957,0.7470954251557491,0.09556958702036561,-0.0774186719722323,0.7500835309139977,0.14020313323223038,-0.1302546482191243,0.6723799521179918,0.06666346413847789,-0.14782386126800987,0.6974282815538355,0.09421606804655817,-0.1385855627654446,0.7994461497466351,0.22558430548745023,1.2009754197497873,0.9882722107233319,0.11836074350711073,1.424525497669151,0.9608482000423973,0.1567586954049231,1.2799151590172686,0.9093344671469951,0.3791681795340137,1.2185079702659478,0.9300619078436994,0.3854057319087269,1.0739259703818218,0.7340178718562491,0.24041853312449976,1.1347588485502893,0.790811648505833,0.15851782905890188,1.1633439240771541,0.9825835785314714,0.1306108134968793,1.169548402286667,0.9451181917627309,0.13567102241122042,1.116254075067883,0.9122465892184748,0.11176411481592327,1.1276594858329814,0.999171793063638,0.10224780712246151,0.9291669360830278,0.8629141881045164,0.19385685435422256,1.0527334247953553,0.8449266986021813,0.16088312896548193,1.1473926298421655,0.9146262378636831,0.16299063772446704,1.195114909233431,0.8966739875975138,0.16315296443635682,1.1339172693353634,0.8607446294589095,3.866666666666666
0.39544287713191095,0.7714821153661513,0.8131555878611383,0.37036973048352867,0.341648397309561,0.7880274868245561,0.3499963333280701,-0.09379627177035006,0.9062434572639387,0.30897812413008685,-0.12950546898752738,0.7564657094430187,0.38280128952834835,-0.1359641391021487,0.7947424094701918,0.33489100088552826,-0.15167187370085045,0.9658485422904732,0.20975119701820455,0.7356177868879344,0.8659902001088688,0.1657758257623049,0.35669220919136935,0.7486783778515108,0.09558677188974392,-0.0775826803302626,0.7502878618425844,0.14056885784333614,-0.12754576724426672,0.6686053292800501,0.06653789066668789,-0.14712807067076697,0.6971689904890891,0.09458962633196273,-0.13984025997403363,0.8003765678869484,0.22636480243119264,1.2000282168427514,0.9905535927031357,0.11733862028561676,1.4228327421933804,0.96596441016036,0.15511153600351293,1.2784023910217535,0.9162384332955826,0.37730239544737443,1.2184535853139344,0.9359020043781985,0.37921322169828153,1.0768321715006397,0.7264434158360196,0.23731922043823014,1.1346136110503682,0.7901101621303106,0.1507483936925642,1.1555766983878615,1.0099173790811844,0.12532750563671974,1.1602279131636741,0.9645243174046549,0.13213906257998168,1.1132592855516978,0.9220324612918858,0.1140552219035441,1.123048860824783,1.0117693038857118,0.10306936885076617,0.9274490796705888,0.8671330515513498,0.19348186235497405,1.0538163690372453,0.8514824253727038,0.15577233750073527,1.1473049257520338,0.9268315606060907,0.16135458176393314,1.1935928223699812,0.901612704412265,0.16377971306566197,1.1435922261663083,0.863186844284215,3.883333333333333
0.39595942591830785,0.7728943433360341,0.8109831851284435,0.37045119852842834,0.33986996782670975,0.7918406848694396,0.349976323215485,-0.09721578032137314,0.906568365553456,0.3088217074459508,-0.12956772765359867,0.7549359723138629,0.38120225969835264,-0.1348847626388109,0.790443891064585,0.33507367889253536,-0.15507994770573064,0.9666521697847926,0.21063542261886012,0.7356517621104064,0.8671870886001765,0.16641907700937564,0.355890239590946,0.7501491964119328,0.09556199697024177,-0.07774481784511734,0.7504633995225508,0.14076950525327345,-0.12425968474415322,0.6642654602979193,0.06633725600485105,-0.14620734956224027,0.697053425719367,0.09506511359627993,-0.14116202609731532,0.8013669910271953,0.22756149970383538,1.1992858527849952,0.992796817683397,0.1166954900802582,1.4204955900254386,0.9716629154967871,0.15298441792093775,1.276797809281067,0.9224441628825925,0.37504463795584525,1.2184923021059244,0.9418541626544354,0.3712477842160524,1.0799527814594592,0.7173209745311675,0.23422254083875615,1.1340622182461377,0.7892276222370584,0.14306006385894388,1.1472313785936499,1.0302465739890339,0.12091733506949762,1.1502375977225068,0.9800294984255885,0.12918937299613995,1.1106426569923349,0.9281151032339643,0.11715473365014518,1.1182648435371,1.0280457459583363,0.10439548293499298,0.9249397357221011,0.8732556078870991,0.19434707711454824,1.0542602253068312,0.8566523487039821,0.15092765845380363,1.146485554371994,0.9400507940107139,0.1589479020238459,1.190918719379388,0.9072210313693139,0.1644561161420324,1.1527976118883327,0.8671250595627689,3.9
0.39645523362375296,0.7741816457949598,0.8088736908636468,0.3704132124544179,0.3386161624388127,0.7949350458665885,0.3499871285768425,-0.10043083240963956,0.9067335534870594,0.30831993099740573,-0.129483184510951,0.7528540571848905,0.37877114353183794,-0.13238059094218346,0.7843529614498946,0.33550093671287035,-0.157910052930462,0.966899592255671,0.21157694132108024,0.7356130342312284,0.8684339061844668,0.1669491090864566,0.3550430170103293,0.7515080226481187,0.09551262545737091,-0.07788960763395464,0.750600890090711,0.1405941262548229,-0.12123507327259209,0.6604089106653515,0.06606703417353355,-0.1451812613343014,0.6970261778269937,0.09561239084755602,-0.14254866697867838,0.8022216918520362,0.2291128633118471,1.1987558473040447,0.9951914905996209,0.11648637928860109,1.4175435032763428,0.977257201654207,0.1505995940072209,1.2752825679555617,0.9277146635031401,0.3726041850457581,1.2188421157600045,0.9468457711382663,0.3625431126789751,1.0830731645496918,0.7079636752938193,0.2313512497911947,1.1332243844360481,0.7881362457555057,0.13653537677346692,1.139786301835686,1.0379751450618326,0.11817128133326829,1.1411006485631208,0.9877171180142934,0.1272164299918505,1.1081051195935832,0.9283081142279737,0.12075537687893412,1.1138085017302077,1.0463074121929319,0.10602311896824093,0.9219277985011503,0.8804101539247449,0.19520462730570443,1.053296129631839,0.8614316135347084,0.14679133945167655,1.1437858228716788,0.9536758741716249,0.1559402235781837,1.1873498626179462,0.9133510012290749,0.16505508350193923,1.1599688514188413,0.8722321631433323,3.9166666666666665
0.39697409897853764,0.7752441074277835,0.8069787764611402,0.3703043495832074,0.33782668613634115,0.7973810383350795,0.3500279329427658,-0.10331430765086072,0.9067726292497461,0.3073673613765725,-0.1294413097235304,0.7500807491316082,0.3758070078218356,-0.12865396592544892,0.7766126725763518,0.33613314736727723,-0.16018385394978016,0.9667121562177803,0.21254393533527804,0.7354328109775221,0.8697664674946113,0.16744652739673205,0.35417757550131157,0.7528005031074979,0.09545392647949086,-0.0780278373739774,0.750703059452816,0.14004735016921935,-0.11879542326217976,0.6573310362842875,0.06572599608252261,-0.14401174011561083,0.6969136248654823,0.09618956455670444,-0.14391286297241712,0.8027075649039042,0.23067380817636265,1.1983768066909741,0.9978542753141408,0.11677314376915493,1.4143614371667321,0.9818654724769291,0.1484009631121039,1.2739992368356696,0.9318393118213465,0.370171903103657,1.2194457834682981,0.9504600693010776,0.35438574966258374,1.0858676162934267,0.69994884956549,0.2287996143696694,1.1322974767878715,0.787141414105464,0.13208713441873465,1.134867399329422,1.032320215776837,0.11714773676678544,1.1339839799897418,0.9875872313181095,0.12611683054334544,1.1052872262058906,0.9231515788794898,0.1243681327568218,1.109981264214312,1.0642878496890205,0.10767685437246484,0.9187924834652637,0.8874492676221213,0.19521768671019835,1.0505981137717335,0.8665735394969385,0.1433938752876468,1.1383843373204547,0.9673244997780899,0.1525881209278817,1.1832701085250235,0.9197784343814384,0.16521199649298457,1.1638546179151863,0.8782152033599748,3.933333333333333
0.39758843399365873,0.7760513498316388,0.8054838547464362,0.3702046847272512,0.3372568257288951,0.7995120145761809,0.3500745542236852,-0.1057531343013785,0.9067278704677074,0.3060347050629721,-0.1295913344137597,0.7466311667306496,0.3726977918591916,-0.12450421711170089,0.7678401293083061,0.33692681296142624,-0.16183348055559718,0.9661886968198178,0.21350409911792315,0.735103220443935,0.8711929986258706,0.1679515814767248,0.3533406709242327,0.754015264247722,0.09539759848373622,-0.07822067063717648,0.7507887593155752,0.1392347210035747,-0.1172201804262844,0.6553533953985936,0.06534265743039133,-0.14267547679653966,0.696598724604981,0.09675870156439607,-0.14515195868442893,0.8027404036299859,0.23187323904300614,1.198053549727808,1.0007127931909143,0.11736220872786196,1.411331518883932,0.9851671505051013,0.1467785923389863,1.2730662813143665,0.9348561591608362,0.36794427117373185,1.2201046865827827,0.9525853434826139,0.3476335355993491,1.0879327392910236,0.6947708514378135,0.22651694317942359,1.13143735053809,0.7870521242872903,0.1297434367945121,1.133205505879576,1.017520962702516,0.11716278109163145,1.1295368865198623,0.9828583742640833,0.12543340653509327,1.1020051907381185,0.9164053188933199,0.12756248641033124,1.1068831453129664,1.079846612936929,0.10917115450423864,0.9157964752962561,0.8938272783964827,0.19395571231811531,1.0460501943934255,0.8735517473334676,0.14039328967348158,1.1305607633365553,0.9811476401280529,0.14915777248161022,1.1790625959245196,0.9262740541897554,0.16427977338424662,1.163774130541193,0.8852243874818353,3.95
0.39832184057100284,0.7766055726875665,0.8044489687984671,0.37017162876550275,0.3366331699054105,0.8017207699003304,0.35009361289702107,-0.10768679995553035,0.9066057373661482,0.30452733085546935,-0.13012617371241927,0.742890903171161,0.3697183877011964,-0.12102959233821665,0.7590881562540861,0.33784574791611316,-0.16277063674853692,0.9653845811010916,0.21443493469017635,0.7346371798577345,0.8727252916455706,0.16843323942231875,0.35255364359616814,0.7550738255221234,0.09534644960798357,-0.0785440444256842,0.7508810236663165,0.13825958051665732,-0.11677211467347245,0.6548588903937435,0.06498172900348076,-0.14128332081554767,0.696088384157353,0.09730215787713031,-0.1462114920967632,0.8024401054146176,0.23260404037888527,1.1977036407193613,1.0034812677871505,0.1179039932472108,1.408624639123722,0.9874555867690193,0.14588258965555412,1.272526938962965,0.9371451745758878,0.36618199325078765,1.2207152003568185,0.952971996733571,0.3425761177071286,1.088962034411064,0.693091631725429,0.22440545019461056,1.1306962657072461,0.7886567739220194,0.12878519273496206,1.1344250950971253,1.0001751624048136,0.1173431578547602,1.12784605193396,0.9773401837924267,0.12477107447929987,1.09830204050653,0.9126034128309919,0.1301033921684654,1.1046044849621892,1.0915611065740753,0.11048015971667693,0.9128898339157039,0.8998941384560486,0.19136048712888362,1.0397662808952737,0.8846674167330528,0.13765588183558913,1.1218365184529424,0.9950488943541196,0.1458156622311207,1.1749385230429836,0.9327038104899987,0.16157783002610104,1.1599573170105435,0.8937080723843283,3.966666666666667
0.3991455884160637,0.7769014391736349,0.8038363312474675,0.3702018684208598,0.3358003525888742,0.8042048320569604,0.35005786049988225,-0.10908006547289503,0.9063448456313206,0.3030822015132174,-0.13116803701942129,0.7395099165449528,0.3670467481172761,-0.11896139032213617,0.7515788118912194,0.33886303440839993,-0.16301617178780797,0.9643531593953786,0.2153151426733312,0.7340272961438151,0.8743860613827088,0.16884346641935977,0.3517836251110591,0.7558926179350165,0.09528462682729841,-0.07902823397457634,0.7509904427051282,0.13722762513247333,-0.11745365197804063,0.6558297358274408,0.06469993347056478,-0.14001434276395172,0.6954505873294705,0.0978325868953734,-0.147102111967399,0.8020273314874952,0.23299014464320617,1.1972645745854644,1.0059698742657355,0.11829113519814816,1.4063197203174522,0.9890755407640524,0.1458115615480404,1.272228160266466,0.939095169530336,0.36510559521178987,1.22129800814449,0.9515351765787681,0.3391469997902315,1.0889604455521722,0.6943376998712212,0.222553597881971,1.1301381448418535,0.7919455219183019,0.12857652606514858,1.1376220444020975,0.985124916203943,0.11728932755491081,1.128402089806124,0.9734091564625764,0.12407983741963058,1.0944335137826124,0.9140833780324646,0.13193160042092342,1.103239410052763,1.0989757281651156,0.11166616521995092,0.9097902826130735,0.906396631876199,0.18774244658563044,1.0323079947931098,0.901542107561965,0.13548572446934726,1.1141656450668902,1.0077168393834262,0.14258131516471417,1.1708937916250548,0.9390683882131421,0.15689269409066048,1.1537271011597916,0.903748890772783,3.983333333333333
0.40002253553643974,0.7769554792904826,0.8036558834133585,0.3702303773253304,0.3347640934150973,0.8068033866633666,0.349952461842912,-0.10995326586715214,0.9058541915800915,0.3018894110988254,-0.13251638894268108,0.7370670129817786,0.36490030778474514,-0.11831181970595656,0.746197193963227,0.3399535180488579,-0.1627380207441444,0.9632005427244634,0.21612513649813941,0.7332751002448719,0.8761619539497971,0.1691602408667532,0.35104080443870445,0.7564244333578741,0.09517846827988043,-0.07963327180509473,0.7511112488625364,0.13630452310453015,-0.11887635598799064,0.657680548643456,0.06450742718345343,-0.1389628013058638,0.6947597746472398,0.09838236658793069,-0.14785614529328184,0.8016744267840438,0.233088037666816,1.1966541002309101,1.0083916853009602,0.1187781336463477,1.4044900309217283,0.9900937870865775,0.14675822010188988,1.2719189812450786,0.9407488390870741,0.3646719615805945,1.2218375875201817,0.9490322592299296,0.33705623294407083,1.0883156646039902,0.6969614240224256,0.22116702502522018,1.1298613881750734,0.7960621556434327,0.129046155108486,1.1417727308384877,0.9734164773930074,0.11719767616416955,1.1301162236008842,0.9716073365247883,0.12361596748846228,1.0908667176569797,0.920302506036452,0.13308231639558102,1.1027144707471155,1.1025251884209653,0.11275976030283935,0.9063329725749734,0.9136167411424734,0.18374990387340978,1.0244397990007847,0.9239885739782799,0.1341385553237982,1.108799773814965,1.0171356603257267,0.1393782364081741,1.1668673667781424,0.9454465229473705,0.15061853002929657,1.1469265698167497,0.9146760843400302,4.0
0.4009342756042683,0.776791355115896,0.8040137928401764,0.37018749121125205,0.3336465023217178,0.8090314649489228,0.3497851575166845,-0.1104158497280943,0.9051530593900584,0.3010571983029057,-0.1336572178189948,0.735772882324781,0.36345892888605424,-0.11856201398742341,0.7429829010587912,0.34107230371733643,-0.16216637034219716,0.9620932033975007,0.21685767376875897,0.732400186231583,0.8780011762326472,0.16938333407900993,0.3504159949674095,0.7566483510201317,0.09499909257063949,-0.08027444858200766,0.7512284251466863,0.1357009070113848,-0.12030326865221293,0.6594243950508359,0.0643776348984414,-0.1380760614186953,0.6941003500966492,0.09897557411999153,-0.1484867837180967,0.8014396166105469,0.23281131339904643,1.1957842782711483,1.0112055845169685,0.11969964774531602,1.4031408079717695,0.9906690916954488,0.14877489409291028,1.2715437328938979,0.9419316008805764,0.3645347626544864,1.22219416282446,0.9470313598514164,0.3357791155383407,1.0876314028359468,0.6988118852471028,0.22022898329752427,1.1298249760327834,0.7999543325100462,0.13042190951279253,1.145888123974946,0.9634535847259422,0.11744123033515877,1.1316569402864558,0.9711303542733254,0.12362509143818584,1.0880719991739771,0.9292348323295785,0.13366526676046298,1.1026506740943007,1.1034787930839014,0.11375134824138533,0.9026883619671944,0.9210166843204723,0.1801019583771421,1.016651282599506,0.9503385975875535,0.13337042628634563,1.1058598846159124,1.022050985253001,0.13610029903989146,1.1629114412039374,0.9519295868398685,0.14349272066440863,1.1410172943476296,0.9254185031383233,4.016666666666667
0.40186786171690825,0.7763789110046064,0.8049831323410291,0.37006294417190216,0.33260433372964093,0.8103513700427569,0.3495911174518004,-0.11062257628861516,0.9044385160004388,0.30060344648512427,-0.1341707301482521,0.7354926084381851,0.3626403547538545,-0.11913857584473864,0.7413096720048319,0.3421449247636064,-0.16147535671096133,0.9611486558816213,0.2175266694504389,0.7314185618542565,0.8798474868431398,0.16952657578414193,0.34996028882754715,0.7565679185634953,0.09476394827497722,-0.08086709360017258,0.7513263961562915,0.13551307445045752,-0.12108458864228958,0.6602566390486795,0.06427850345632276,-0.13724653396746228,0.6935626533658752,0.09960733605563346,-0.14897004731356184,0.8013080843769772,0.2322779430562728,1.194638968037422,1.0146754108546467,0.12123631535449375,1.402180624095069,0.9914684409143324,0.15157116110499247,1.2712850815709098,0.942646289450098,0.36431812583446777,1.2222287078317366,0.9468131704423752,0.3345916724735051,1.0873291680018102,0.6979087580629695,0.21942636316028002,1.1297740403682899,0.803057683869532,0.13257906229247296,1.1491225244275185,0.9528320829391079,0.11815860510252395,1.1320705100753108,0.9705863531280838,0.124046933782604,1.0862004564259196,0.9387596792769368,0.1339743342034089,1.1024981319885852,1.103757214977122,0.11469031616923073,0.8992002154305815,0.9277974225063125,0.17716663639945396,1.0092275272926794,0.977802905828925,0.13267509158883695,1.1047875204902367,1.0226053506705726,0.13267148147785288,1.1591974902581785,0.9585537245153695,0.13636873520746315,1.1367632249868298,0.9351641956127852,4.033333333333333
0.4027950599118856,0.7756580901894036,0.8064848772207969,0.3699021190939026,0.3317521170495923,0.8104774779794279,0.34941685977432835,-0.11070724113723726,0.9039080647243946,0.3004403928360241,-0.13402661558106693,0.7359621631323735,0.36215664062466846,-0.11969907436816457,0.7405951611420644,0.34309878195180954,-0.16072758373013313,0.9603279495968616,0.21816491192267956,0.7303495289289192,0.8816606888839191,0.16963211729086802,0.3496037713940525,0.7562622441060437,0.0945499685347429,-0.08134869851937758,0.7513927766816414,0.13561025422040113,-0.12116818382337138,0.6601931031690598,0.06419683114656458,-0.13644582343834774,0.6932052351158353,0.10024939296326466,-0.1492233582143424,0.8012516414020703,0.23196127505003217,1.1933288982578358,1.0185535478222856,0.1234232074270548,1.4014720195319847,0.9934390995625528,0.15466978918202376,1.2713231756152543,0.9431752222588272,0.3639035746793343,1.2219545571224149,0.9483475166308984,0.33288078926027476,1.0873136364094207,0.6936047955526752,0.2183570941411057,1.129374386894003,0.8056590399650667,0.13469127785558654,1.1507122417699083,0.9397481863616047,0.11916207853681121,1.1310325062935749,0.969012470698569,0.12457283596979646,1.085060710241799,0.9470501716412757,0.13447656508882463,1.101937803005189,1.1049924354785552,0.11571167663542146,0.8960865150375514,0.9336272236967001,0.17501883629613235,1.002748453539756,1.0024018784800612,0.1318259297989916,1.1048940706236452,1.019848890044102,0.12916004080099658,1.1559197696363024,0.9651345136959391,0.13010185753523262,1.1343914556147598,0.9435400380606629,4.05
0.40368987634140474,0.7745960562277452,0.808394098299533,0.36976101525022403,0.3311258724848995,0.8094640354235194,0.34929129271720943,-0.11073407430548177,0.9035191932582339,0.30041151786490294,-0.13345006828237543,0.7369356239736632,0.36184589087813596,-0.12004568298841478,0.7405866117926893,0.343899411433295,-0.15988893105773758,0.9595174810450108,0.21879600830411736,0.7292351570683159,0.8834079512696623,0.1697718927093577,0.3492158328222602,0.7559076232364608,0.09443815919970219,-0.08167415154833375,0.7514203296671174,0.13574859251455312,-0.12098106744213152,0.6598961283104695,0.06413808879456953,-0.13575534987588997,0.6930322907992829,0.1008709867956989,-0.14912713333551608,0.8012435131946753,0.2322515695108422,1.1920875726210973,1.0221143786261542,0.1261622168913411,1.4009668173634329,0.9971885945932768,0.15764084963576944,1.271680930199014,0.9438527075254528,0.3634747787650079,1.2215099969522007,0.9504535981264949,0.3306292688021937,1.086965927096242,0.6870074374494595,0.2167746207945606,1.128461392102159,0.8085452437235496,0.13572524705232206,1.1501153558693855,0.9251128546021008,0.12011259060174656,1.1285474821956305,0.9668370089634885,0.1249036245745754,1.0844155600507153,0.9527537291084955,0.13550361838857064,1.10106140511739,1.1074921570416916,0.11691499286376203,0.8933453896943844,0.9387465327289469,0.17397603887867463,0.9983568386719058,1.0191948805103053,0.13097917286551455,1.105593141255967,1.0150709560763924,0.12586822039049178,1.1532192189281192,0.9711324084372301,0.1255741366499248,1.1339091857394021,0.9500233512339047,4.066666666666666
0.404572047609829,0.773191302929337,0.81075972193433,0.36968034152571005,0.33068297182918827,0.8076072376835003,0.3492029088414288,-0.11066580796732427,0.9030413649219025,0.30045801754055823,-0.13271666480093017,0.7383211789787139,0.3618704014771308,-0.12012577128878837,0.7413098740068008,0.3445409579088741,-0.15890478174377054,0.9586931262737457,0.21940310131084942,0.7281257113923131,0.8850418874177713,0.17002113252833073,0.3487146127353452,0.7556829146712324,0.09445870137091009,-0.0818204212681333,0.751413093727654,0.13576225023018623,-0.12090663753740555,0.6599529684880758,0.06410244400828435,-0.13530387707607788,0.6930242303230173,0.10145260480210311,-0.1486599863705067,0.8012433251909918,0.2330342220756273,1.1912329672245079,1.024459782884748,0.12914541930149417,1.4008477204594365,1.0026026472313236,0.16019440631501375,1.2723146215891672,0.9447812621019114,0.3633978722485054,1.2210613182158232,0.9516335536873886,0.3285551234904024,1.0854413158692133,0.6804421950339343,0.21485443739600923,1.1272511973612027,0.8121690158742498,0.13531948435351887,1.1474522435712369,0.9141164756546878,0.12075959007967908,1.1249299583808716,0.9655999289206758,0.12487301693417213,1.084170480852111,0.9554091984009925,0.13701417781162473,1.1000095311345972,1.1104644208441918,0.11824718654470054,0.8909364069357751,0.9434789460334065,0.17465987514206954,0.9973628679918473,1.0233561371752617,0.13032323786620365,1.1064903179708712,1.0093804809579419,0.12325470504950715,1.151154160752266,0.9757829105631739,0.12367209522304329,1.1353684054634101,0.9533233400274856,4.083333333333333
0.40551106280548077,0.7715039124971153,0.8137518483544774,0.36968198426491455,0.3303268310412547,0.8053167602815711,0.3491133135739039,-0.11037933485827212,0.902409547364317,0.30071211884295135,-0.1321379415739719,0.7401640755368081,0.362534438272759,-0.12020626170659357,0.7430330248566369,0.3450200168883554,-0.15779099712127367,0.9579447272025721,0.21994379622344476,0.7270395734208496,0.8865069593423092,0.17042849967271936,0.34811274169790474,0.7556602923741429,0.09460637080133115,-0.08180976453045656,0.7513822647921002,0.13563905652999714,-0.12098286066550043,0.6604396130896248,0.06406972719582708,-0.13515644021217726,0.6931421910057821,0.10198497585003613,-0.14804676593998567,0.8012171458255456,0.23388477437794397,1.191072002966448,1.0248782599324442,0.13192571944392284,1.4014098151650987,1.0089468356796083,0.16225628210334508,1.2732559946876512,0.9456157393635916,0.36401369994854293,1.2207555372702796,0.9507415545976762,0.3275703943479282,1.082160360774977,0.6764738124359523,0.21322597981771857,1.126250488692663,0.8163041367470556,0.1338694476744751,1.1433802214836475,0.9136070906302765,0.12103057692560111,1.1212707710508443,0.9662372182730086,0.12449726378252748,1.0842106877898885,0.9557368975075224,0.13874801836327869,1.098607822070916,1.1131451577044476,0.11958495379486594,0.8889602651589666,0.9477901216095667,0.1772819408167129,1.0003337856893506,1.0125935527081573,0.12983702000134315,1.1074383653033164,1.0034911336509857,0.12175014938033649,1.149693047023201,0.9783990628300662,0.12465954363605494,1.1386758071954854,0.9520214709771924,4.1
0.4065704075053469,0.7696829087512074,0.8173323120188881,0.36976510321235634,0.3299731844042647,0.8029609042522121,0.3490035193102189,-0.1097774611948349,0.9019038100763749,0.30132227255989646,-0.132052344465103,0.7423711456044407,0.36391090130520115,-0.12068892624153382,0.7458397433389131,0.3453311926771777,-0.15662899910785996,0.957385227668241,0.22039353937801826,0.7259402882335535,0.8877898104835553,0.17097998356557378,0.34747092207636865,0.7558031369679962,0.09488199247692766,-0.08170569048689223,0.7513257070064813,0.13550400169324278,-0.12083516785793867,0.6608072273349884,0.06400505267667816,-0.135164509613785,0.6932173056045767,0.10246017685390844,-0.14767845532588736,0.8012362926957526,0.2346192913639203,1.191726746461532,1.0231948995717004,0.13423209053070445,1.4027454238056578,1.0152540457293595,0.16399235256026087,1.2745570263416806,0.9457039564426819,0.3654351572952262,1.220613770107449,0.9473756581925561,0.32813516839635815,1.0772276409614807,0.6764381836389781,0.2125409295523838,1.1258334542061315,0.8202918269748976,0.13180032651572302,1.1385161695504782,0.9262024225908452,0.1210143891213873,1.1192694547608433,0.968289108561553,0.12403231423492153,1.0842575509653365,0.955190593432692,0.14049624071331626,1.0965708399865606,1.11545655261451,0.12094406008338754,0.8875286683638061,0.9514597105837007,0.1812243549312813,1.0065136066152496,0.9893859289104807,0.12938586709323835,1.1084411467024395,0.9977196981718669,0.12162559827100891,1.1487155417138686,0.978586474562708,0.12756420839173604,1.1430820877049417,0.9462216619637447,4.116666666666666
0.40774829769250215,0.7678574584178002,0.8211659283986436,0.3698911282267792,0.32961481024560835,0.800696374596859,0.34889755554461244,-0.10892555233361093,0.901885302209474,0.3022572618187967,-0.1327055165041681,0.7446221864495732,0.3657261741102269,-0.12165296644041693,0.749232781894675,0.3454718097044752,-0.1554894027716667,0.9570839363564556,0.22075945389998952,0.7247689337398375,0.8889654596239897,0.17158699571116626,0.34683284858497004,0.7560141542478308,0.0953080728736266,-0.08156187525208129,0.7512145237120715,0.13554475776372918,-0.11989076172099862,0.6601477417239136,0.06387996751434921,-0.13498573453799134,0.6929219342031273,0.10286749270045291,-0.1478649699647486,0.8015448551656305,0.2354830669365815,1.1930077474742529,1.0200710374470732,0.13620858720080664,1.4046447459772737,1.0207162798263503,0.1656994303954064,1.2761240974761854,0.9446330995416244,0.36750850904480253,1.2204331311728422,0.9419503530908356,0.33023985446177917,1.0713818920961464,0.6794728796413085,0.2130839101333482,1.1259683361369466,0.8231386500277211,0.12947716033201642,1.1335581452254024,0.9472005451936136,0.12110016834348893,1.120161443367999,0.9708249858948983,0.12396348609926043,1.0841716695614536,0.9544833286204414,0.14217112665180903,1.0939750997188395,1.1176941417224957,0.12249733631813475,0.8865268531317527,0.9545017876890882,0.185479965751658,1.0141646815081593,0.960229543880994,0.12885311971493987,1.109479071408729,0.9921192012093982,0.12295164434498551,1.1480320827255703,0.9763030732233651,0.13078862329418356,1.1472171740757378,0.9378900403331736,4.133333333333334
0.40897007974119265,0.7659943372659423,0.8248905782924953,0.36997491848697783,0.32929295305064343,0.798455027676324,0.3488390698215117,-0.10805318708116023,0.9024902566538047,0.3033367800290478,-0.1340860484905227,0.7465962930950357,0.36760078922915546,-0.12271735493039249,0.752479637468709,0.34544285611914755,-0.15441058918559533,0.9570560653329865,0.2210538183194061,0.723503739852227,0.8901416669505912,0.1721400719145934,0.3461966633140516,0.7561800812761422,0.09590795804516855,-0.08138501964494309,0.7510085916928688,0.13589350567215025,-0.11787171247825501,0.6578970970837656,0.06371202108576832,-0.13432482319601938,0.6920056089851064,0.10319691384089257,-0.14870299449557742,0.8024056038713218,0.23673795000143344,1.1944875281351346,1.0169163337005596,0.13825067010047656,1.4067935041808663,1.0249770664677031,0.16764503133035275,1.2777598141731616,0.9425044404426202,0.36991637653695475,1.2199340629427955,0.9353928220831289,0.3338286779796923,1.065528800721002,0.6835027620223932,0.2148897289523994,1.126457956342816,0.8234709242943276,0.12809363284116898,1.1297524970943809,0.9676979917093191,0.12223625669032123,1.1241189655963568,0.972720834247103,0.12498889485152562,1.08435545793087,0.9526055680601785,0.14373313996282738,1.0914254977711901,1.1198887238927555,0.12433441059556033,0.8857020943754351,0.9570891057599504,0.1892142435258063,1.0215032486449984,0.9322003376670838,0.12810685993708892,1.1104746333054387,0.9867436795781492,0.12560121477246594,1.1474424767781146,0.9718321024187184,0.13333943930482656,1.1498842369968263,0.9291647880478126,4.15
0.4101311453080356,0.7639445075209689,0.8283090381934425,0.3699282064553607,0.32901382997003314,0.7961159423012268,0.34885040866559996,-0.10739491843530762,0.9036383782958665,0.3043752971150941,-0.13581473460113458,0.7481120070102119,0.3692863467176044,-0.12331631080332608,0.7551465281131805,0.34525089550406945,-0.15341673947769463,0.9572624559371883,0.221264141173337,0.7221676534630473,0.8913157441127034,0.17256925139371468,0.34552507662253734,0.7562326384798318,0.09665464073813863,-0.08116958822248366,0.750726916198546,0.13657467365897913,-0.11498080623598848,0.6542320841751746,0.06360474669923105,-0.13317200152401137,0.6905981017209827,0.10344526761659396,-0.15006805940259715,0.8038192896166376,0.23823871915193903,1.1957328581614952,1.0152294596440288,0.1406098790745892,1.408959259446148,1.0282079195028684,0.1698792224431709,1.2794008866104507,0.939656153711629,0.37228879645326207,1.2189974821521912,0.9286951193833959,0.3390788771346812,1.0604041616556243,0.6870290458687552,0.21794217367444768,1.1272443528873546,0.8200781579011149,0.12972759380563523,1.1286163617161924,0.9799953349230264,0.12568303548925314,1.1306576361322473,0.9719149340643811,0.12791547745903947,1.0856098899981304,0.9477030211488546,0.14511351260223393,1.0897176200276326,1.1217592416794646,0.12629007055121877,0.8849810145427459,0.9591199853345443,0.1919332369929473,1.0273317593414835,0.9103028549130439,0.1270008408853346,1.1113276846141575,0.981900105550328,0.1292669615484172,1.1468167504126052,0.965722794979887,0.13521638204343084,1.1505113754585041,0.9210444472960244,4.166666666666667
0.4111530210306034,0.7616211714082318,0.8313563530524182,0.36975797503866303,0.3287462533690266,0.7936461955141433,0.3489099020743054,-0.10699973277210477,0.9051661220918411,0.3052763347737624,-0.1372967568387142,0.7490554212961638,0.370646483123551,-0.12313361797494046,0.7571733160595229,0.34491550517641795,-0.1524925512068836,0.9575895194505774,0.2213593169709165,0.7207949162921303,0.8923401683042246,0.17285645025471363,0.3447883085669009,0.7561817314117671,0.09744985684492197,-0.08095254915108788,0.750518510905911,0.13753807355367875,-0.11161596647900493,0.6497250409388328,0.06370988007897442,-0.13194431202320794,0.6892491015049604,0.10362986275057992,-0.15165022013040472,0.805457547111113,0.23963743103126212,1.1964987139714487,1.015870504211372,0.1432116392164887,1.4110101209865413,1.0306965988359122,0.17215438215615875,1.2811615052212384,0.9364286318099319,0.37430410002089176,1.217672886489671,0.9226681960002108,0.34625264998564087,1.0565661569835572,0.6895228631711923,0.22208896310769383,1.1282651284733554,0.812829954006743,0.13575572368330416,1.1311647101464004,0.9798322946703473,0.13208449361276098,1.1388858947540341,0.9658770893946527,0.1332152324852576,1.0884932455341654,0.9386302966390574,0.14624905377280145,1.0892863522200433,1.1232523152832345,0.12806694346999323,0.8845835817046497,0.960141985303349,0.19338148596444454,1.031045295892644,0.8969229961109473,0.1256002511734547,1.1119512795727788,0.9778882329790294,0.13351011930235387,1.1461266912482673,0.958699736390795,0.13687038857330594,1.1488076442030088,0.9138767582176248,4.183333333333334
0.412015851088422,0.7590617132254459,0.8340611885682592,0.3696006668542126,0.3284731215842692,0.791103670985206,0.34896197703757015,-0.10671488428645207,0.906892447501078,0.3059959139955616,-0.1380681342586373,0.7492743868483444,0.3715420725488383,-0.12237943924802003,0.758691843363433,0.3444616777638684,-0.15155294261986357,0.9578647810782561,0.2213281256671966,0.7194171464904631,0.8930627028885327,0.17301958088656688,0.3439757950980338,0.7560789331887273,0.09818698295939432,-0.08077052669221774,0.7505438401461417,0.13867171030959996,-0.10817340141931686,0.6448944226853859,0.06408899853856896,-0.13133368850964697,0.688546417559654,0.10379779044653878,-0.153082393704681,0.8068891008751887,0.24088218729245714,1.196759074054041,1.018735925308941,0.14585232350877606,1.412891130135352,1.0322807182024345,0.17413618860737684,1.2830654313620315,0.9332774522468882,0.375858871622872,1.2160599899724822,0.9178748219509356,0.3553051438613786,1.0543335953208615,0.6907417966143076,0.22698873322554292,1.1291196282923268,0.8031287777543981,0.14562245654404726,1.1373417191669841,0.9664580396957427,0.14089298880563136,1.1473128465253624,0.9536629982339178,0.14056958668182795,1.092872889088329,0.925747985648538,0.14719670176189456,1.0900197541885452,1.12471507189826,0.1294880294373965,0.8848208815225184,0.9598415219250694,0.19350463585879057,1.0325791956889976,0.8917503520117648,0.12446433415467384,1.1123712285931486,0.9742964859493219,0.1378868235786096,1.1454002687932783,0.9514768236691411,0.13865979753516683,1.1445914635455088,0.9081511802680944,4.2
0.4127451940639959,0.7563423194255591,0.8365431591465651,0.3696194193243617,0.3281885200325028,0.7885812446303417,0.34895845043887286,-0.10639570989154717,0.908670215874414,0.30640392876307526,-0.13795031894164503,0.7486216463677711,0.3718767007921274,-0.1215551414635776,0.7598112831891105,0.3439015530092114,-0.15049340920291057,0.9579872306840067,0.2212000689697108,0.7180536648239025,0.8934503691599793,0.17308669940642846,0.3430593873097689,0.7559606657925213,0.09883099638161179,-0.08058767328060965,0.7507446310335202,0.13979606630793556,-0.10523341059063011,0.6402955432646491,0.06464555274518798,-0.13186077888450715,0.6886969768151412,0.10399446973961442,-0.1541401362805388,0.8078650073883258,0.24217350329021625,1.1966130057903115,1.0228631829803545,0.1484919632799253,1.4146142494219935,1.0325057916920468,0.17571438980693738,1.2848162441786015,0.9309040791052561,0.3772006530065872,1.2142744503064322,0.9145046019659514,0.36571120368296417,1.0535031376136024,0.6906103967957884,0.23221210468411707,1.1291353225212841,0.7935871825463656,0.15749442479777112,1.1459785617878606,0.943118481110596,0.15075288414035537,1.15423269436049,0.9372073545980498,0.1490107806352291,1.098123706339677,0.9107884306360796,0.14807922248558744,1.0915505203186417,1.1262206205792114,0.13057824685709313,0.8858000649538791,0.9585922658165223,0.19267384013264682,1.032492555990459,0.8920350765131082,0.12461311560393143,1.112851704865048,0.9697708390867599,0.14212337745014214,1.1446654247528185,0.9444940747584551,0.14078775635409527,1.1382623143720578,0.9042539802601232,4.216666666666667
0.4133778812161585,0.7535064421635996,0.8389586935362348,0.36989433858236026,0.3279034629264731,0.7861455508662902,0.3489005460247431,-0.10605750870764731,0.9104183945956238,0.30629693925983886,-0.13705707176928536,0.7472296244876108,0.3717716085247612,-0.1209680045859786,0.7604847899213575,0.3432565471162822,-0.1493169420913037,0.9580426107412524,0.22102081074363988,0.7166966260872033,0.893577147077865,0.17307332366150374,0.3420094279664173,0.7558294910678223,0.099403527406949,-0.08036915136970876,0.7508931359474027,0.1407164530200661,-0.10367037840809368,0.6367830486806486,0.06522096896259286,-0.13364531915674646,0.6895748792239973,0.10421689714147413,-0.15484624790774468,0.8084230044617781,0.24351448501935863,1.1961874707817204,1.0268899977960433,0.1512521179334393,1.4162255484899922,1.0312612447987968,0.17705480738823282,1.2859416077618624,0.9300161502211677,0.37878306786498106,1.2124516833439158,0.9122615597099091,0.3766846326604597,1.053290869861785,0.6896590424238721,0.23731896967240337,1.1279478176233872,0.7867425431604678,0.16963285091468608,1.1554068015282792,0.9164612287563019,0.1601890550146612,1.158628782198369,0.9201980845150444,0.15742946763129068,1.1036071586122789,0.8959732818941684,0.14888058351816125,1.0935470481918952,1.1270645722164017,0.13141117734601288,0.887362638741205,0.9573640327154137,0.1917731825060618,1.031815724014073,0.8938348791769464,0.1270891173364567,1.1139573059377958,0.962760501089968,0.14618209370187485,1.1439333184352085,0.9378099190692718,0.14351566349542022,1.1310849851855027,0.9017164349979718,4.233333333333333
0.41394402458766294,0.7505773081915635,0.8414203394870207,0.37042027763873736,0.32769612264971254,0.7837836417619223,0.34883306436235834,-0.10580270116505393,0.9120995731428573,0.30563842856137213,-0.1358041917793091,0.7456757456163392,0.37159138894799093,-0.12054778850035716,0.7605986283322289,0.34258336288923547,-0.14820544798921895,0.9581743500718334,0.22082528323536219,0.7153331107162486,0.8935249580826654,0.17297749563530251,0.3408508475650821,0.7556720936760468,0.09990587950148636,-0.08017409369617862,0.7508637717448224,0.1412984298018703,-0.1041496339834056,0.6351552889682796,0.0656901332823965,-0.13651032932259288,0.6909611029232977,0.10442545986093758,-0.15536855032317354,0.8087312439727078,0.24464656438732957,1.1956318535797892,1.0295535715527415,0.15421636981395118,1.4178132451967782,1.0289873475144877,0.17841145358737232,1.286271462169386,0.9306993216131467,0.3809207986465595,1.210736829051767,0.910512648404827,0.3875134148042504,1.0528261430894459,0.688995539810157,0.24202054207406193,1.1259286398003827,0.7835355937469353,0.18088698311219087,1.1641670560918547,0.8939553542341814,0.1680721219981987,1.1606190351291465,0.9056204072272815,0.16491448905213832,1.1088344849085545,0.8830464280707013,0.14939855577972722,1.0957374723430278,1.1264017355220541,0.13196790805624156,0.8893526213033572,0.9568945736521314,0.1917708971543095,1.0315253239131332,0.8936201460509106,0.13247166190481838,1.1162783554229583,0.9526432578626882,0.1501485121762775,1.1432030992113795,0.9312644204340864,0.14720877762863244,1.1246265981691344,0.8991306039228106,4.25
0.4144507871817803,0.7475907738667411,0.8439192664468269,0.37115829238005926,0.32768408784494113,0.7813970789705394,0.34881836155990187,-0.10569808704660168,0.9136504194842069,0.30466093515567155,-0.1347113712728582,0.7445959598505361,0.37165978155755114,-0.11999108480989074,0.7600968028026236,0.34195796808316636,-0.14737391478606382,0.9583180579671425,0.22064535176579952,0.7139874094308807,0.8932782572113255,0.1727769517475073,0.339634281625584,0.7554904637494728,0.1003045397956184,-0.08009404889176285,0.7507017723141112,0.14149420145443017,-0.10659623259488037,0.6356259706682083,0.06597062755809388,-0.1400351068172014,0.6925516665219429,0.10460233830073166,-0.1558363690254685,0.808842275971792,0.24543679166730342,1.195154285122582,1.0300341583187071,0.15741644941635244,1.4195270241137026,1.0264495299704226,0.1799789342932799,1.2862018884891087,0.93219872627442,0.38359502335637197,1.2092436844613343,0.9087532560979377,0.39764748289417196,1.0517197067028774,0.6897148880905091,0.24638381070646737,1.1238358569597426,0.7832308326273019,0.19038773868032421,1.1711646762464154,0.8803338764498201,0.17385521633147744,1.1611677112269618,0.8944559435535485,0.1709231624788694,1.1133201968667719,0.8730895856642812,0.1494187602237808,1.0978463636907436,1.124090910157403,0.1322164433069514,0.8917741734578649,0.9570059919617959,0.19316735822546022,1.0320368655696603,0.8896596062749744,0.1406790974491258,1.119870613401928,0.940154920550194,0.15409209190263734,1.1424665726770995,0.9246867940870089,0.15194220942788708,1.119822834248629,0.8952208435786868,4.266666666666667
0.41487305148025866,0.7445812141605883,0.8463206393921863,0.3720620119142028,0.3278953017852697,0.7789085112088441,0.3489338715872127,-0.10571337023267048,0.9149012092569961,0.3036676121049228,-0.1341173874200952,0.7441472076293904,0.37201513844390977,-0.11912158096942042,0.7590746229178144,0.3414718815905916,-0.14683718181051308,0.9581903495212895,0.22050173666331097,0.7127116360992326,0.8927278723682295,0.1724212993094517,0.33836697595342213,0.7553371650707943,0.10057168360072599,-0.08016771826048705,0.750491942937652,0.1413349754779501,-0.11049130708045876,0.6381183431560794,0.06603463828758803,-0.14355756694878263,0.6939850600761142,0.10476692554555374,-0.15625287873889818,0.8086268822158362,0.2461441957066453,1.1949123178191712,1.0283101113959172,0.1609903821240798,1.421481963048201,1.0242791588409945,0.1818761177400018,1.286311001763929,0.9337057377826754,0.3865675874330756,1.2079570711580399,0.9069798814608772,0.40663762441979934,1.0500192397396808,0.6924373249539042,0.2507444880227923,1.1220630917734105,0.7847972997780261,0.1975453015735545,1.1758151331640347,0.8749218301903989,0.17758913097747567,1.1613410522389358,0.8866729616522351,0.17534939876507183,1.1165866701993072,0.8667261449655428,0.14891238461870535,1.0996440369110418,1.1204709606310546,0.1322617848922089,0.8945192253591903,0.9568926546281357,0.19583124430481325,1.033146581252149,0.8826230242015202,0.15103438623880916,1.124138009444732,0.9268171620449712,0.15803078198408332,1.1417143001144516,0.9179823780935066,0.15725066609484023,1.1164667442722984,0.8900307650519796,4.283333333333333
0.4151932278377159,0.7415531416267671,0.8485167288367992,0.3730728829640001,0.3281588353814699,0.7764759316187935,0.34923924861127176,-0.1057160382042983,0.915634850555346,0.3028719718750129,-0.13408944215560648,0.7440713706681927,0.37259480155521585,-0.11815979773658315,0.7578815454222175,0.34122094968840666,-0.1464273519964867,0.9575957562390464,0.22035552538485698,0.7115380223521545,0.8918014846984947,0.1718717305766583,0.3370324520514505,0.7553055610491111,0.1006989410208524,-0.08037554663642839,0.7502874664498919,0.1409480801176315,-0.11551588322102471,0.6428205813088687,0.06591437067957423,-0.14643319637218707,0.6950930398195542,0.10491698571314578,-0.15651303759396276,0.807912227784865,0.24719626425452362,1.1948254821157724,1.0251843292035712,0.16520753167835484,1.4236760485084403,1.0224964350067443,0.18420433888039925,1.2868658340670225,0.9350167249405157,0.3895979831841344,1.206731258915731,0.9055894651299716,0.4142917758848822,1.0477113530646305,0.6973877478102405,0.2554555772653101,1.1204305626966873,0.7878490803774159,0.20272492729845315,1.178449047869481,0.8731181708854736,0.1798678610758693,1.1616937176967719,0.8824643274654549,0.1785407560560725,1.1185410233273325,0.8637820630229005,0.1480292250238864,1.1010618031752808,1.1154597891301918,0.13227378228006798,0.8971204977710212,0.9559809869646378,0.19914638499986073,1.0343031452121256,0.8748804876622738,0.1623887921491025,1.1282888103078366,0.9142609423855683,0.1619673969331341,1.1409479209578286,0.9111774068531563,0.16262543106822433,1.113576419433118,0.8846437681198815,4.3
0.41545220178966763,0.7385240947319276,0.8505756243576538,0.37412434753688206,0.32817451673372666,0.7745444925733116,0.34971498676301477,-0.10555172410084403,0.9157857212905918,0.30247879625109064,-0.13441380416288873,0.7441685362209904,0.3734830090231806,-0.11751424427873972,0.7570703749331059,0.3412482473123316,-0.14600501057016982,0.9565956484381011,0.22011723050528742,0.7104896091293781,0.8905234180169138,0.17118721930401734,0.33566458879457156,0.7554353995076728,0.10068645867462302,-0.08066754308898355,0.7501239481068096,0.14058084604146553,-0.1215572172913182,0.6498378786545779,0.06563129508365334,-0.1483394804924469,0.6959304945973463,0.10498649587756098,-0.1564462809170916,0.8066162011358611,0.24877549255039078,1.19470896839793,1.0216005686207652,0.17024890559234085,1.426088618797877,1.0206381064180905,0.18704054989068028,1.2879513499331392,0.9360740043282056,0.39253542294043375,1.2054782861042599,0.9050057548998915,0.4208433737612878,1.04454960443056,0.704686947688544,0.26076238919676836,1.1186886828745684,0.792328076449337,0.20740507717753187,1.1800171320091293,0.87137295416047,0.18179183797878679,1.1624170347480303,0.8816163126763337,0.18129545374474804,1.1197372602552529,0.8630798653232322,0.1468696358687976,1.1022300526350057,1.108193232181916,0.13224982822136294,0.8989139100550074,0.9544534522515954,0.2022624381238078,1.0348600226575708,0.8691855271336484,0.1732263960423983,1.1315942914863089,0.9040771959145748,0.16592362752682685,1.1401905658466436,0.9044472909658996,0.16805331245974156,1.110311091602915,0.8798557786583627,4.316666666666666
0.41572642391813674,0.7355910164527535,0.8526638504997237,0.37517605358167183,0.32777380648616433,0.773548839966545,0.3502742116798029,-0.10516048878489449,0.9154885313859631,0.30276906255327357,-0.13468451445519156,0.7444540986385377,0.3747800758860902,-0.11743986484282123,0.7572290207647856,0.3415326360734348,-0.1455236409798385,0.9553113581498757,0.2197311124551417,0.7096214733100721,0.8889371439766679,0.17052396754022572,0.33435850756791446,0.755645080690007,0.10053649334200479,-0.08100156516242506,0.7500306331431554,0.14050679738662908,-0.12809205075586824,0.6583096563070111,0.06515140327548045,-0.14927716506921496,0.6964747996601485,0.10489464216916208,-0.15589103946447774,0.8047891833802072,0.25076353747492314,1.1946408148905718,1.0179669001594809,0.1759690175966988,1.4287640260411183,1.0183169872724855,0.1902685285428563,1.2899343323016974,0.9365602785721041,0.3953059256863345,1.204295100726728,0.9053485024944496,0.4267350689253204,1.040415248727942,0.7142667731286572,0.26663615964741005,1.116926659677668,0.7977855783360759,0.21279834537093859,1.1811381190288879,0.8694001912839775,0.18447921826522118,1.1637319089647364,0.8825197721190219,0.1845138212089245,1.1208589205979995,0.8631416137116413,0.14536254446027055,1.1034227157812038,1.0976106730841568,0.13194627625627411,0.8994216333399883,0.9529436449159159,0.20447049526352418,1.0341396054912368,0.8680030705082511,0.18199986162536794,1.1332528165343088,0.8977168512422276,0.1699398101248153,1.1394842716124725,0.8980628960850002,0.17371675875915538,1.1064096689067011,0.8757912219433716,4.333333333333333
0.4160571357489226,0.7328819702453104,0.8548411663568438,0.37623519634792196,0.32706785601635446,0.7736291825252497,0.350840078099812,-0.10457991388204227,0.91489289557928,0.30399082067918876,-0.1345735035323853,0.7449226593621419,0.3763827694614968,-0.11806666793794043,0.7587646758349633,0.3420489321285605,-0.14495729323489348,0.9537543790222935,0.21920611294269676,0.7089623339591593,0.8870871997450692,0.17001903620090889,0.33319113094162417,0.7557950606720844,0.10024700923140945,-0.08136237109134867,0.7500209692563772,0.14085380528795705,-0.13399324628224699,0.6664262934790468,0.06447320547037887,-0.14955207384036043,0.6966245628175046,0.10460637215039884,-0.15481355492434096,0.8026121324917036,0.25297874983784985,1.1949890948990782,1.014145525674057,0.18191021203427965,1.4317074552626725,1.0152219785177756,0.19350351175723396,1.2934552967191428,0.9364987640539277,0.3979062157326679,1.2033409017415282,0.9064134762573768,0.4322786755475574,1.035644575929495,0.7255543854564706,0.27260931845227904,1.1154227777279917,0.8029898951177161,0.21843526327640855,1.1817244194062237,0.8677516548798587,0.18818424124144956,1.1655865414784794,0.8829792059602892,0.18851420330338683,1.1218785102586941,0.8629613663248281,0.14341323934935846,1.104929579018635,1.0833010770140632,0.13104132273869773,0.8987302889306037,0.951624841687629,0.2055815839431418,1.0316141510313273,0.8728964347934021,0.18781011395023123,1.1324797148323438,0.8959515623965872,0.17405399312431136,1.1388787756783398,0.8922814980552924,0.1792735980657434,1.1018487738731744,0.8728006700080825,4.35
0.4164234818533853,0.7304593257693983,0.8569840369453988,0.3773251856979197,0.3263085576911009,0.7746675259792555,0.35139303134476113,-0.10384543192203036,0.9140316127459367,0.30615598230280994,-0.13396630254521488,0.7453641416756679,0.3780198612352825,-0.11948594805580906,0.7616051207593013,0.34277499902516473,-0.14433560899017073,0.9519709143106768,0.2185762152230361,0.7084370325523665,0.8850781606971503,0.16972342716282088,0.3321788052137805,0.7557926268774209,0.09980835206097756,-0.08173087348330828,0.750070761289819,0.14156779435278594,-0.13827009774929655,0.6725813375572844,0.06371488192222602,-0.14973642237154464,0.6964588523767816,0.10412557857965293,-0.1533112105761761,0.8002877111059414,0.2552938324670259,1.1961197765194977,1.0097255517851014,0.18754957947035034,1.4347922399602662,1.0107337546851913,0.1963452662837113,1.2988252449513162,0.9367353286791241,0.4004792525084312,1.202655872367703,0.9080290251170076,0.43759976537627343,1.0308623745071086,0.7375549502277532,0.2780897553438334,1.1142925025175394,0.8064973027654533,0.22277009139742301,1.1815103401149725,0.8661556785110758,0.1921689185287888,1.1673184420540792,0.8820998762685991,0.1927909532629716,1.1221605935835026,0.862355514254844,0.1410658936420142,1.1069320940059975,1.0658290773683663,0.1293308912436501,0.8975459524166522,0.9497799824643691,0.20596286229515523,1.0275383803100961,0.8826006459765934,0.19098340388179458,1.1290198374357794,0.8981499058362562,0.17828996572548467,1.138416764396287,0.8872623256374683,0.18366734999607487,1.0965124533183153,0.8720237957024229,4.366666666666666
0.4167743006619794,0.7283374978354421,0.8589064672962614,0.3784417069621887,0.32570828441424504,0.7764030304537703,0.351961276858687,-0.1029915194606118,0.9129072515697058,0.308871641625457,-0.13283972722556103,0.7454660466086014,0.3794274758218924,-0.1214837197832485,0.7649620552333318,0.34362496674148785,-0.14384055231041212,0.950202496640742,0.21788098088706184,0.7079329768827916,0.8830566871934465,0.16964104167632255,0.33136766352008673,0.7556272672594873,0.09922310568364982,-0.08203248717983894,0.7500946975968277,0.14250225938009195,-0.140762001724659,0.6762671618380651,0.06306216788580367,-0.15024175233366951,0.6961813213305913,0.10345539064757461,-0.15146662730700872,0.7978517678665591,0.25759407154958314,1.1982516678724242,1.0042530510624064,0.1925072763036472,1.4378249693060967,1.004316304360776,0.19873766229195877,1.3056390884548088,0.9382138987682387,0.4033509378997519,1.2021220333083278,0.9103697364714156,0.44274585984337367,1.0265087015172971,0.7492507293874817,0.282900662005083,1.1134364782460797,0.8078024762471006,0.2248179791594598,1.1805598682900045,0.864732796545469,0.19546453032639327,1.1682288573204243,0.881127371096849,0.19649795845585055,1.1213432470874964,0.8620172364365473,0.13848507207247224,1.1094904381992006,1.0464942074479964,0.12683875563469732,0.8968027049264188,0.9463508080287085,0.20616727017046602,1.0232277421522395,0.8922462163365259,0.1930519016692696,1.1236330210124568,0.9018370387562409,0.1826690095513684,1.1381018428113543,0.883025993075363,0.18561027639505495,1.0904811766164748,0.8746198315367943,4.383333333333334
0.4170717229744322,0.7265464448562755,0.8605165499097235,0.3795588850039592,0.325394681385587,0.7784554285153856,0.3525847225939464,-0.10215392290197883,0.9116517746539489,0.31135444794097383,-0.13124918668521945,0.7451096769020837,0.38045771552108515,-0.1234196353177982,0.7675972826140937,0.34444708325471135,-0.1437325987375879,0.9487406229336642,0.21717385909584905,0.7074265055144864,0.8811339501814163,0.1697651036438503,0.33087368099192127,0.7553288174440093,0.098525064756806,-0.0821470106104252,0.7499852252989371,0.14350482989414695,-0.1418534092653251,0.6778048933946185,0.06265356854744293,-0.15098659807204742,0.6959694097001792,0.10255665877532316,-0.14931350421780332,0.7952031437457195,0.2597999614230315,1.2015118078381668,0.9974526354914921,0.19662242554037035,1.4406474032664527,0.9964655818890034,0.2010892841835016,1.3132296448526053,0.9406542438117789,0.4068414430101797,1.2015179049267148,0.9139361187945246,0.4477250838561178,1.0226690351270877,0.7597790589469882,0.2872546482625422,1.1128749270552372,0.8070965433722114,0.22469557396738138,1.179198860157173,0.8641978791734547,0.19753280532053347,1.1683289396015208,0.8819700340808125,0.19910394668522285,1.1197267859959639,0.8625098460007141,0.135851258300416,1.1125966087592993,1.0270264459428429,0.12380943175315354,0.8972698142109883,0.940690954878991,0.20667020896606209,1.020168095570445,0.8967631615249838,0.19588494684501118,1.1180015323932768,0.9032900507169627,0.1872375457012211,1.1378389794985604,0.8794535371081724,0.18441237252078138,1.0845226772959624,0.8800870725886343,4.4
0.4173028954895167,0.725130975234151,0.8618126497588191,0.38067294010244085,0.325414394188569,0.7804458591619168,0.3532891695168773,-0.10156059231126399,0.9105430748198773,0.31279534216627025,-0.1294855296288359,0.7446086641908596,0.38105182749700434,-0.12468338606341033,0.7686747859406369,0.34511455177868455,-0.14417390680566844,0.9477274215747861,0.21650880320726418,0.7070252138772944,0.8793118927253283,0.17007383303285667,0.3307441771733949,0.7549073794161707,0.0977588698875202,-0.08201627496781551,0.7497351094510462,0.14449726714754813,-0.1417879030451042,0.677610651644994,0.06253493832476542,-0.15166741559096392,0.6960357611768361,0.10133694887441566,-0.1469796861561864,0.7923726439449406,0.2619951421750412,1.2059933542597019,0.9893048197571778,0.20006337638681065,1.4432182059379464,0.9889471140300599,0.20403173588398937,1.3213192356379337,0.9421764079951871,0.41103231429174814,1.2006439061481842,0.9192556210539156,0.4525161100570386,1.0193823003710616,0.7683557465605227,0.29145323643441695,1.1130022026044004,0.803955392950144,0.223256371701804,1.1778968122564457,0.8638911419756479,0.19865994258885122,1.1682882265068164,0.8844229057532378,0.20087231838256078,1.1181165946128224,0.862493970242976,0.1333165913076017,1.1162701161431545,1.0094883670802528,0.12060924288108618,0.8993639260353832,0.932893500395613,0.2078970566917855,1.0188747892856147,0.8952753040023131,0.20044805118058603,1.1137242267944747,0.8998934826670034,0.19206772119618387,1.1374001117382286,0.8763655215853209,0.1807087020179085,1.0801044551789698,0.8851405588137454,4.416666666666667
0.4174662370835305,0.7241498964147633,0.8627598510561232,0.38180652118972247,0.3257330042837421,0.7822200544898408,0.35407751297441953,-0.10139099552057838,0.9098000560380329,0.3128190729055523,-0.1280077790998028,0.744574527708785,0.38113623638151906,-0.12515813520669974,0.7683398305308046,0.3455950783643818,-0.14518406879900567,0.947193966723569,0.21591103664693861,0.7069060774838596,0.8774785722764438,0.17053623567376014,0.3308783792865654,0.754355919113352,0.09695854545566801,-0.08171727109233815,0.7494879874978446,0.1454929633393918,-0.14074579587022848,0.6762528296995249,0.06269642430551836,-0.15218524615154735,0.6967060341847805,0.0997248206843576,-0.14471466047313564,0.7896228650441007,0.2644237963943511,1.2117229596485153,0.9800773155276092,0.2033440532857903,1.4456651904765052,0.983800752392428,0.20807848407835494,1.3299110886164638,0.9406113782945018,0.41575242470563556,1.199548895141926,0.9264297947565177,0.4570991975452428,1.0168442420655188,0.7743718107187688,0.2959488217756569,1.1143514791501843,0.7976107628760776,0.22177984933804845,1.1771517286688356,0.8613322070869414,0.19998914376538102,1.1687540746138878,0.8853832972405198,0.2028211875005933,1.1174690266932616,0.8589703679147578,0.13102221687679558,1.1206257639929444,0.9958730071763973,0.11760798301642206,0.9029944348044839,0.9236306803975716,0.20987406164205008,1.0188061501622185,0.8913425234591639,0.2063958967135994,1.1113084985218027,0.8922595228218022,0.19714297970351102,1.136583667962368,0.8737355916517424,0.17626221016892424,1.0787256099258047,0.8851768550084309,4.433333333333334
0.41757479754360344,0.7236947680402752,0.8632786037606295,0.382964853505765,0.32628117102303167,0.7838685456609543,0.35492326987330847,-0.10165241622690961,0.9093614660046955,0.3115654787429432,-0.127126312567984,0.7454372989190736,0.38062741231051045,-0.12518155896044042,0.7674584871933863,0.3459415096733453,-0.14670654837755293,0.9471521170618653,0.21538328813933674,0.7071983602330031,0.8755266461938742,0.17113949862489447,0.3311474580848762,0.7536934804810822,0.09615139074414332,-0.08139544120240091,0.7494254997702386,0.14650864925575696,-0.13939333436526663,0.6750371429316779,0.06306831604910398,-0.1526655630709622,0.6984057658555842,0.09775775825004503,-0.14272099053104137,0.7872822635717762,0.26723413066919854,1.2184954850945775,0.9704353436463247,0.20711789393077185,1.4482112238666518,0.9815939529837616,0.21360570037213938,1.3386723140873062,0.935098947499059,0.4206975892666013,1.198585608133597,0.9348950726598027,0.4615397769767509,1.0151679209385478,0.7778338748633356,0.3013305843211214,1.1170866656888103,0.788604993573669,0.22164984716116354,1.177086214273965,0.8546991721929845,0.20277037642517926,1.1697914337537068,0.8812961787575668,0.2060152298513425,1.118303119954522,0.8500373351166716,0.12908139937720775,1.1257455156565173,0.9871164467778455,0.11507531603817787,0.9075932685694337,0.9137800605287212,0.21160576274703113,1.019322239658548,0.8890533355762843,0.212671032476029,1.1105431912982013,0.8832710567327198,0.20215166534760254,1.1355822480794322,0.8718710313865303,0.17290567038569182,1.0808944253356465,0.8779955813277289,4.45
0.417668404571439,0.7238462068591556,0.8634101822707824,0.3841159609883746,0.3270255161821375,0.7855102970994999,0.35577152386981,-0.10217401777920729,0.9089421321424243,0.3094878045272971,-0.12676200593991607,0.747101797275533,0.37961417895405974,-0.12514916020036002,0.7669195757994368,0.34621679394566407,-0.14868493739046512,0.9476431461026668,0.21492836990103256,0.7079077949915377,0.8734642354217115,0.1718927725773193,0.33151704583821096,0.7529615998037136,0.09535617053007736,-0.08116660882601257,0.749653497661682,0.14752260242179213,-0.13867638984571343,0.6755630300047958,0.06343075144622103,-0.15309315712342314,0.7013608531401664,0.09553046825389758,-0.14109645236711593,0.785644866277364,0.27023408106167157,1.225722669223078,0.9613075142495334,0.21201983237809277,1.4510615173392294,0.9806444592705017,0.22096956062714404,1.3467751554545935,0.9261333705786589,0.4255147592324141,1.1981021069642115,0.9437223245676222,0.4660883680650061,1.014131775469242,0.7795665531049447,0.30788299922379503,1.1207935258607842,0.7792062103380564,0.22384573169974564,1.1773116557617225,0.8449503642613407,0.20751468018753172,1.1709726060601813,0.8708237176376001,0.210952838135651,1.1204633669875388,0.8365179617452403,0.12746493971246464,1.1315028851247908,0.9824812326778565,0.1131134317145957,0.9125398970195551,0.9042295114949058,0.21142534651588124,1.0205672099731675,0.8894122297879705,0.21809365175810042,1.111517146889354,0.875553441944552,0.20653624235108708,1.1351567886866045,0.8709979223729178,0.17186677991205185,1.0858457971785789,0.8655278680792529,4.466666666666667
0.4177900134817751,0.7245865932045725,0.8633811743624953,0.3852040311258527,0.3279663233585669,0.7871505003987587,0.3565548489343524,-0.10273418632624857,0.9083386185693948,0.307230454132311,-0.12647263711472245,0.7490079671881764,0.37843703830213593,-0.12517029673359698,0.7671357588194883,0.3464106471474877,-0.1511255827798358,0.9487783015288317,0.2145308304454405,0.7089334815695294,0.8714089262090678,0.17279109890206976,0.332052463142673,0.7521852131749862,0.09458518433187055,-0.08108109346479428,0.7501896647340326,0.1485305511046996,-0.13911705305911695,0.6785219621039326,0.0634849296845082,-0.15308192690467629,0.705036139719528,0.0930534050328672,-0.13994292946397952,0.7849871370392282,0.27297711430633,1.232642052778298,0.9534624985401244,0.21853829278559544,1.4544055123748012,0.9784290704417045,0.23028112043690657,1.353437286633898,0.9146590676569859,0.42983668790999363,1.1981893630306324,0.9521229048124489,0.4710179210831551,1.0133163274538182,0.7807079232262844,0.3152452960854269,1.1247613598932682,0.7720115471290285,0.22843651160452613,1.1773600678843261,0.8350379897651111,0.2139763168924243,1.171953690698227,0.8552327052032024,0.2175162139862169,1.123508702016414,0.8207589172463983,0.12594203053426498,1.1375966183287014,0.9801342926743375,0.1116889442731389,0.9175817451540026,0.89569931200501,0.2082998258982785,1.0232963038230165,0.8906406579699924,0.22162841037626899,1.114719140394517,0.8701067991285492,0.20997347987464865,1.1363598059431448,0.8702900310977606,0.17386990556643983,1.0924894250001356,0.8511035649497358,4.483333333333333
0.4179416434751488,0.7257987730531898,0.8633342226046918,0.3861546222318701,0.3290954931449408,0.7887234889963171,0.357221246925989,-0.10320290667971542,0.9076227581517027,0.30548494750329414,-0.12583930114584507,0.7504567401072492,0.37749299379636747,-0.12512549774944348,0.7681019921282054,0.3464369248120588,-0.1540408945998506,0.9506248752259843,0.21412251223253265,0.7101406683206403,0.8695041276364784,0.17378329060378916,0.33287529655027176,0.7513588049035401,0.09385491758368782,-0.08112554388724923,0.7509781624306984,0.1495347720886937,-0.14052392868626265,0.6832531498127117,0.06321944993948708,-0.15204076473233108,0.7080372519210161,0.09023387599605796,-0.1393426320779545,0.785458138768874,0.2750697688691452,1.2387854748263836,0.9471386233340977,0.22676137739048874,1.458420794013118,0.9734064289256857,0.24106634885349315,1.3585142437682225,0.9019006092773383,0.4333191336595299,1.1987606163148197,0.9595717052580404,0.47626774709200664,1.0124250326538535,0.7820500939869597,0.32265729906681573,1.1283727271644757,0.7682931517264465,0.23457292692764875,1.1771484459749453,0.827390185902767,0.22159696108259536,1.172915001874808,0.8371424912360422,0.22510560235684102,1.1269435647718609,0.8049079139543043,0.12426495329553483,1.143703404931994,0.978319640928423,0.11071327780480186,0.9228211256230774,0.8882763559201532,0.2024854035138262,1.0280569435684004,0.8910309618797656,0.22276578701031752,1.1204738858911747,0.8661899767611071,0.2126903148977597,1.1400444388801945,0.8677922736901016,0.1792452508764738,1.100260040816536,0.8363316566337038,4.5
0.4180894109221705,0.7273597215466263,0.8630839115616542,0.38688238102049594,0.3304200055248524,0.7901748302148253,0.35775742763642693,-0.10357959786733521,0.9070099339976804,0.3047221463819282,-0.12484757219978898,0.7509210678886787,0.3770092604701323,-0.1249531377247808,0.7696089457015058,0.34619375781835227,-0.1573196652843471,0.9530632092868093,0.21358563927016117,0.7114355343467775,0.8678104804335642,0.1747835609953142,0.33409660893387483,0.7504626863914579,0.09318775709110275,-0.08124065110088761,0.7519110259366169,0.1505203381066035,-0.14212171865438228,0.6881619027549041,0.06318969472263597,-0.14939795459761376,0.7087156270608255,0.08697910541317971,-0.13925998349373414,0.7869647488715763,0.2763466222136045,1.244124263460283,0.9419061589231899,0.23623375082213224,1.463226078912957,0.96520391839385,0.2523096078774799,1.3624922799531787,0.8896638633040284,0.435726628194889,1.1996819565035655,0.9655359491295703,0.48142047389282966,1.0114103572606272,0.7839647958654672,0.32962633863093027,1.131234999851963,0.7676067473713295,0.24115507863480445,1.1770952698367172,0.8224564452764953,0.22966911212891383,1.1744655296555624,0.8191736235293733,0.2327357599959926,1.1299787394891478,0.7908208910906709,0.12240528108972613,1.1495953704623139,0.9760512683502844,0.11004226989216734,0.9285464990333201,0.8812203177953897,0.19505197407128216,1.034944249164249,0.8899369002915749,0.2218343304930167,1.1286746748277865,0.8623360784654868,0.21518073906431806,1.1465411079132994,0.8618083972063547,0.18769476954187497,1.1088297064072787,0.8217100755480506,4.516666666666667
0.41820547808741326,0.7291731214797612,0.8623341249049478,0.38732497552597234,0.3319780440371904,0.791492690368937,0.35818624642478364,-0.10395451051987223,0.9066489447300864,0.3050664725352843,-0.12370267542683543,0.7500734007333629,0.3769984980709412,-0.12477448798730109,0.7711746549533964,0.34559967276007636,-0.1607474279808401,0.9558938284900781,0.2128082661155239,0.712808762416941,0.8662476266395791,0.17571801299699086,0.3357304011499077,0.749494073185183,0.09259575338289144,-0.08134858094079493,0.7528728789016872,0.15154486226104708,-0.14296111231071537,0.6915535593717783,0.06433394154189429,-0.1446631267074962,0.7058048717519743,0.08323395201123239,-0.13963475505394687,0.7893094767949809,0.27687706927440087,1.2488596759622443,0.9368791032762802,0.246047281794669,1.468860327327273,0.9540130902961622,0.2627938209156145,1.3659670252759966,0.8799170316491465,0.43705642981744425,1.2008282373857466,0.96926922240626,0.4860347362546674,1.010381948593743,0.7867072855852566,0.33631179661807076,1.1330885782606415,0.7690192684680722,0.2474115314663029,1.1779342227224125,0.8198059085573317,0.23729074708690734,1.1771703219378258,0.8036460980241209,0.23922119386394247,1.1316850617403045,0.7808574032632883,0.12060571643937676,1.1552513281881165,0.9730727499080111,0.10951665435701946,0.9350931592048419,0.8736459094676687,0.18728287032272894,1.0441013390333298,0.885969266475152,0.21988991702371263,1.1389785546880065,0.8575890296988846,0.21782740745783086,1.155719294098922,0.8520443060040181,0.19815526839761258,1.1175715354154514,0.8087474375197297,4.533333333333333
0.4182535040464167,0.7311225454893406,0.8610165640564423,0.3874799955617879,0.3337561972853953,0.7926849142851075,0.35853543982235925,-0.1044090826441905,0.9066034260737215,0.30632318144095483,-0.12244833304516453,0.7476996607104849,0.3773582348294474,-0.1247718649201304,0.7721219406519675,0.3445895110673445,-0.16416128695843454,0.9590342780496943,0.21175046083117846,0.7143156217745297,0.8646117228763088,0.176559652045658,0.33765760124180133,0.7484937575000377,0.09202266042188238,-0.08139141972354441,0.7537785151317792,0.15272730317121752,-0.14218238440424902,0.6922912006876037,0.0674616694014716,-0.13744195593041178,0.6987384245491932,0.07895583236996552,-0.14047050377260506,0.7923449288686093,0.27695441134682297,1.2532676321865388,0.9313363114030326,0.25506405394368414,1.4752249568550129,0.9406290563719308,0.2714829900728931,1.3693402785583038,0.8736500848598108,0.4375727526687983,1.2020931993906192,0.9700604664587835,0.4898530158735727,1.0094640473933423,0.7904894034396748,0.3431448110442557,1.1338119734789671,0.7721245435214881,0.25286334623359064,1.1802053151491758,0.820042986636979,0.24353952613323349,1.1811056636571367,0.7930892462990898,0.24365217047445897,1.131796569678763,0.7771665799921594,0.11925275437232295,1.1608053825921807,0.9695399783112717,0.10912244008070346,0.9425357128050827,0.8653756691798642,0.1803697618613428,1.0556776352569828,0.8768784900540247,0.2183268249188753,1.1510936614149447,0.8510741714403458,0.22081529368813835,1.167121100366809,0.8394057916023252,0.2091867552761092,1.1258892982730058,0.7996415794686739,4.55
0.4181561220203834,0.7330900217266964,0.8592664322614028,0.3874318848062632,0.3356312044532394,0.7937258500415135,0.35880158746360236,-0.10486329948150148,0.9069221013977592,0.3079964282891872,-0.12108186880326711,0.7439741595116822,0.37798226997826123,-0.1250396652935424,0.7721429971491469,0.34310888529043704,-0.16751701111815714,0.9625223457039375,0.21044235488238883,0.7160010646556115,0.8626523706422634,0.17731922964181757,0.33967441884094474,0.7475293485531446,0.09131750551863721,-0.08138004875126649,0.7546186297265731,0.1540929648431393,-0.13897373445223177,0.6898037102772903,0.07279110017573737,-0.12774747942337397,0.6880047474732653,0.07414359398690798,-0.14173977618328817,0.7959281341989438,0.27702364628628606,1.2575935595917733,0.9252067245239759,0.2623377723685124,1.4820455267875368,0.926692127995072,0.27795236743544066,1.3729484648138464,0.8700133091267435,0.43767036824083894,1.2033312029383936,0.9678312321661773,0.492756414806638,1.008691721439233,0.7953789699984184,0.35023311751275965,1.133614567279415,0.7762260422920375,0.2573340110615657,1.1838337167723387,0.8240509584203023,0.24800470132839927,1.1858910302126457,0.7892826749983207,0.24613381738607298,1.1311680117807303,0.7793208755663408,0.1186195938855499,1.1662914235377704,0.9656785662418179,0.10894200672816826,0.950422924662726,0.8570174926282654,0.1752334479336783,1.0689021682216149,0.862797421053792,0.21817137043820564,1.164670103151608,0.8412804879683973,0.22414253149324304,1.1798259968486624,0.8252666575543062,0.2196938318895928,1.1339818946813722,0.7945720828110127,4.566666666666666
0.4178424602879685,0.7350210339508085,0.857254152922066,0.38735747196243747,0.33742307264695703,0.7945351191414303,0.35895134214095653,-0.10507182474480156,0.9076387232272984,0.3094756109366801,-0.11992281682830619,0.7399384784254918,0.37880720827872416,-0.12572327267435593,0.7717763481831225,0.34116907532338026,-0.17075445425011798,0.9663495030333034,0.20892641709930107,0.7178500877581957,0.8602316378816794,0.17800888940171064,0.3415807450441097,0.7466443936774101,0.09033763693986127,-0.08139909864605675,0.7554827250369448,0.1555717629845063,-0.13309642816044767,0.6842819341315864,0.07977001150590893,-0.11667977123692547,0.6755772732452374,0.0688781969331944,-0.14335205819714242,0.7999076230291434,0.2774509279430085,1.261928951051351,0.9187697377070504,0.267596577764047,1.4889658045137528,0.9142071969510259,0.282616690458042,1.3770582246685932,0.8667870443219167,0.437679161347151,1.2044107546557843,0.9633540680474924,0.49468589422507725,1.008019492314477,0.8012133235585266,0.3573793242985076,1.1330585014259698,0.7796098444767026,0.2612940982452189,1.1884312425076204,0.8299775488747415,0.2512839351205848,1.1911764522475885,0.7906679019851683,0.24803381661767104,1.1313324672645155,0.7832692494673208,0.11865716440358137,1.1716322287489176,0.9614159978081641,0.10880408582100817,0.9578331995832663,0.8495093675550006,0.17240230547334914,1.081829971526712,0.8477136717248168,0.21949133106299956,1.1787728708397984,0.8276554581365252,0.22765033063164203,1.1924104562042785,0.811060927842628,0.22928095116208896,1.1427812778295092,0.7904672424413008,4.583333333333333
0.41728873147109286,0.73692022477713,0.8551400872298178,0.3874442142886108,0.3389511367056419,0.7950440836430808,0.35896178941769424,-0.10486640743166024,0.9087391559967667,0.3103801621977399,-0.11956704949853571,0.7373041943428419,0.3798044253804525,-0.12714022494095356,0.7720502797928698,0.3389254317946809,-0.1736294626862428,0.9703183926520358,0.20722351905360065,0.719803404396022,0.8574273370205447,0.17861737603442235,0.34326308677562034,0.7458397922628779,0.08907410283720116,-0.0815099761414991,0.7564383682382624,0.15713653282413573,-0.12569169409783265,0.6772662868120334,0.08725270908702583,-0.10647509950858555,0.6645206159715772,0.0633095635131686,-0.14525428531124343,0.8042225428586403,0.27824176596022854,1.2661838620613168,0.9121667245769813,0.271240596639884,1.4956258917821337,0.9045419586315433,0.28645644618184907,1.3817013156676297,0.8618675378417393,0.43770588318983245,1.2053878734552559,0.957720536072079,0.49564143100459523,1.0074453844326667,0.8074796234335239,0.3643597767499608,1.1327252942254795,0.7808042180995061,0.2656270934845513,1.1936690187401358,0.8328999697431076,0.2545990615086114,1.1967520568591203,0.7922142436869424,0.251079505659461,1.1334979780781318,0.7837124380268503,0.11899992957721611,1.176844178727767,0.9561928990122266,0.1081183101993341,0.9636138571805561,0.843754283346065,0.17171997036587094,1.092370551929439,0.8362883992199304,0.22168918334499904,1.1917635839454657,0.8123416202610445,0.2310823299416716,1.2034084771161244,0.7982460241464475,0.2378742303118277,1.1527946305846366,0.7839285817976944,4.6
0.416473876409337,0.7388027782075934,0.8529896218083799,0.3877692949765477,0.3400736922917846,0.7952928194781593,0.3588547269798045,-0.10429586041696871,0.9101524312386281,0.31067502949537534,-0.12040268271490255,0.7374038849725392,0.38096957488188576,-0.1293835210505762,0.7736470161680562,0.3366720691586831,-0.17574308932826938,0.9740379697549383,0.20533461262843977,0.7218027277544634,0.8543985112158391,0.17911644774884758,0.34472189287493354,0.7451014103470945,0.08763956690683511,-0.08168831252081007,0.7574329493883522,0.15880151400439077,-0.1189076086853404,0.6712599694768384,0.09394242133502036,-0.09929653697151719,0.657502021462248,0.05761858489494509,-0.1474592660163958,0.8089091279415072,0.27902410042894105,1.2701391326230969,0.905508240549604,0.27386124787175853,1.501641725298057,0.8977605215702907,0.29049642573092077,1.3867184474268963,0.8543135538337672,0.43755806520995877,1.2064211855400917,0.9516921911951537,0.49576419256484106,1.007088134042486,0.8133879222877292,0.37076913957842383,1.1328539370073007,0.7799719198965778,0.2707658115966928,1.1990369788597803,0.8285343479822731,0.2586608212882906,1.2021146650983443,0.7891220678864936,0.25622900846765995,1.1378020347702067,0.7776612069230568,0.11915573820649393,1.1819846430614762,0.9491976656461087,0.1061898563478624,0.9668199773165335,0.8403559952687689,0.17224748386183597,1.0995337462448251,0.8296324509158929,0.22415690749282058,1.2020684723503803,0.7988058029599013,0.23409365991783732,1.2119530930823073,0.7882026665050418,0.24517067523850133,1.1631535577544392,0.7750523613173819,4.616666666666666
0.4153502255718421,0.7406680698217771,0.8506883280250379,0.3882876177660688,0.3407793342287888,0.7953900094670069,0.35869109380585423,-0.10342738575762117,0.9117639541526213,0.3105608535431442,-0.1222962309029132,0.7404490290987594,0.3823285624998074,-0.1319279711565659,0.7765894657485395,0.33473034820096703,-0.1767452587176833,0.9770502817695548,0.20325577592978417,0.7238233257990174,0.8511688319450275,0.1794831339496556,0.3460250555003154,0.7444364139237974,0.08615524178073444,-0.08193175504686195,0.7584442836494774,0.16048563394013976,-0.11458754551270975,0.6683441851451318,0.09884298967387271,-0.09602903819393493,0.6555681716465718,0.051977169044308685,-0.14996710141913294,0.8139722941202422,0.27937071744067166,1.2735010542016485,0.8991725624854574,0.2759149452960775,1.506636825802353,0.8929989404952787,0.29539522766894755,1.3918395920356232,0.8443901166295188,0.43682379126664017,1.2074889120535446,0.9455910957314161,0.4953862835439177,1.0070991741623159,0.8182306203871464,0.37588986290865134,1.1333479924266572,0.7784781234151417,0.27627181580221966,1.2037018607653363,0.8164393330180644,0.2631644852613153,1.2063982907007242,0.7800168552048627,0.26348106579952535,1.1435202938420344,0.7653514561466797,0.11873881590737129,1.1869586242014127,0.9399564811417018,0.10277212305387251,0.9674200713791149,0.8391250606503109,0.17306585118575843,1.1039058808424413,0.8244218047834772,0.22649694567930215,1.2089833797725325,0.7892172373611066,0.23637552394937816,1.2179581269305517,0.781588167801301,0.2506745077814486,1.1721070817841994,0.7667952431279463,4.633333333333334
0.4138704449654934,0.7425157825725215,0.8480571264130463,0.38890204247723836,0.3412178201998334,0.7953654641188151,0.3585345092258624,-0.10214716282300136,0.9134222950549502,0.31040742331617016,-0.1248364908941712,0.7459149875813974,0.38390403781711785,-0.133906075648971,0.7805155144278006,0.33326961014560813,-0.17654950611162257,0.9790644440506513,0.20099075073550146,0.7258837265501771,0.8475746093291648,0.1797028830265008,0.34722495351895916,0.743910296619987,0.08468484001569511,-0.0823286760805437,0.7595898793619753,0.1619909212949534,-0.11351933879003538,0.6693838254357288,0.10154899875633333,-0.09640847630968147,0.6582541828904567,0.046519385752585775,-0.15269564749139478,0.8192433521576006,0.27909389651174143,1.2759826832874233,0.8937494269546855,0.27767397002576444,1.5103714148990284,0.8895068190315514,0.30128037894193127,1.396656611847356,0.8330450281543896,0.43507464302389054,1.208389474334716,0.9396740641230532,0.49484926438405774,1.007515595134067,0.8217158395694253,0.37913027984319153,1.1340445534175487,0.7775470990386711,0.28116685013383974,1.2069742064728328,0.7994504353737292,0.26737850036657795,1.2089815043885037,0.7666565300052937,0.2721450001718859,1.1497932052931406,0.748702045966489,0.11756857567641052,1.1914914980857665,0.9287880284980423,0.09836561385649159,0.9666096760855318,0.8387176484661419,0.17419726732603202,1.1070723323108551,0.8159054053486997,0.22855651684499656,1.212813389818392,0.7833959859138787,0.2379742791246568,1.221811451112873,0.7775906180378216,0.2542503121717484,1.1783483851084784,0.7607589262067864,4.65
0.4119986536071996,0.7443652905515974,0.845011446121377,0.3895000633830397,0.3415522291472689,0.795177853968786,0.3584378358444196,-0.10027001217730562,0.9149048813414177,0.31062992888853624,-0.12779295831388676,0.7533764733481164,0.38566879162842593,-0.1346824548108987,0.78497116603564,0.33224206265880657,-0.17535836382369238,0.9801370553324872,0.19854392755228809,0.7280337535054509,0.8433543746962253,0.1797489051062719,0.34827337468962194,0.7436549127924621,0.08325330814088465,-0.08294944588413573,0.7609936410497972,0.1631457173367497,-0.1154651770339017,0.6740162817675677,0.10225874608267987,-0.0998077686957867,0.6643744238872582,0.04134979453816174,-0.15548317462562788,0.8243730081003914,0.27826427648315455,1.2774513303903352,0.8896327973600155,0.27925433314453835,1.512853354891078,0.8869501829659185,0.30782371769104305,1.4006823142907903,0.8213826644609448,0.43207466524058835,1.2089712297326498,0.9343928688174465,0.4942543268156489,1.008189049588275,0.8240147608487605,0.3805387522915689,1.1347586345457956,0.7775974000440575,0.2846510510308202,1.2088755262653113,0.7810498238066532,0.27083830554319094,1.210027600795771,0.7518630253745142,0.2808836800003349,1.1559062734565475,0.7303760731849414,0.1156411151057003,1.1952371652681113,0.9167720094581779,0.09386811782928692,0.9661288768711527,0.8373619276430697,0.1763224092132401,1.1105271503821417,0.8015219739485493,0.23049541710600163,1.214575014659999,0.7793719510702022,0.2393390437672149,1.2240130231283022,0.7744086721155949,0.25649370982364117,1.1816546236496888,0.7553032238035186,4.666666666666667
0.40969293396599327,0.7462272250808583,0.8415756311074873,0.38996476133368874,0.3417877825553201,0.7949039911957525,0.35845285322225007,-0.09776760005771087,0.9159581558003524,0.3114547143304901,-0.1311435684423038,0.7626202366585956,0.3875382954558998,-0.13411294964011908,0.7894601534994097,0.3315418567693447,-0.1734771802300298,0.9806117484759275,0.19590851128138845,0.7303034116970161,0.8382983163009298,0.17958866308331592,0.34902324409651647,0.7437727898034381,0.08187524828545362,-0.08375555766519066,0.7626797497926923,0.16393422074731395,-0.11947002230294929,0.680809368273037,0.10148354636604266,-0.10537155215738059,0.6723990282528082,0.03656442785415035,-0.1581450205270801,0.8290208074210378,0.27708085131580107,1.2779986436080832,0.8866422942283474,0.28071468366966884,1.5143609459557323,0.8848946883835731,0.31440298761874,1.4035409363260747,0.81046061924354,0.42787923156089835,1.2092726975913681,0.9300253313004436,0.4934913538396713,1.008793880269885,0.8255070925223054,0.38073330723241894,1.135125139700317,0.778519038460475,0.286575380306476,1.2101483618042335,0.7638847538903807,0.27334770536778347,1.210319936898761,0.7381381406470924,0.28788848773842357,1.1610311414437824,0.7140316602728963,0.11312533114386461,1.1979944719375837,0.9052741196841003,0.09000730133055324,0.9673523102138417,0.8339360869388954,0.17981356283420397,1.1149549258048095,0.7819813823330792,0.23257906269700204,1.2154380031708218,0.7751308238944354,0.24092334017623526,1.2250267690442367,0.770777596975731,0.2584212648198753,1.1825568912731124,0.7477085769947309,4.683333333333334
0.4069202339572403,0.7480837911028572,0.8378244736391385,0.390214148870888,0.34181745173584166,0.7948026435151905,0.3585959283948481,-0.09481156348970587,0.9164923282792303,0.3128383717542478,-0.13456955467173085,0.7728728800517739,0.38936862308886133,-0.1324186479734013,0.7932986331846936,0.3311332805552702,-0.17117392914522978,0.9808973916603546,0.19308165838151423,0.732661020309408,0.8323875305050584,0.17924154302311893,0.3493666900779877,0.7441676086149897,0.08055260615270149,-0.08461635936889363,0.764559617462433,0.16445889272924696,-0.12442778846392598,0.6880822496469353,0.09974470138535454,-0.11184348412619832,0.6806269787086252,0.032227882271812607,-0.16051265372385667,0.8330377609692113,0.27575585771014965,1.2778537368498943,0.8841497399083693,0.2820818124232963,1.5152967279084872,0.8827883989805115,0.3202793380629525,1.405127493420699,0.8013012955046691,0.4228106675527658,1.2095161522511488,0.9261939120475158,0.4924289584417172,1.0089556248276272,0.8264252463734566,0.38030563184937805,1.1347407327332182,0.7801225488472154,0.28704216689459433,1.2116549003875359,0.7500808448709243,0.27456764313107795,1.2106696474084981,0.7275470189276785,0.29158516199282813,1.1642550499622453,0.7033742046543818,0.1104176579531117,1.1999585030180078,0.8952007618071798,0.08731907301584896,0.9711287854051017,0.8276604557735703,0.18441991056533485,1.120237570854691,0.7601224331277836,0.23487190914955575,1.2160755563312502,0.7701410940090341,0.24287223476143893,1.2253465375901722,0.7666775650084392,0.26075742693997783,1.1818549410158723,0.7368110124255262,4.7
0.4037068460999072,0.7499047939788033,0.833858309899588,0.39025034791819196,0.3416538462278752,0.795067666815472,0.3588114534676732,-0.09164873327504033,0.916676004689611,0.31455105365583363,-0.1371071081637692,0.7823646775656483,0.390987038188624,-0.1298806278436286,0.7956791641655214,0.3309922837224825,-0.16868348506373498,0.9812938694949204,0.19010180866252363,0.7350433923857587,0.8257880690933485,0.17879686519246016,0.349362954120731,0.7445147867569872,0.07925506682228822,-0.08538273023691924,0.7664208892775594,0.16472785905229942,-0.1293605627431666,0.6948016288363452,0.09746129984958826,-0.1178847376076275,0.6877192374148796,0.02832672210907372,-0.16244528195115832,0.8364323582802128,0.274442104935709,1.2772825730963748,0.8816420168786088,0.2832837965350922,1.5158948155746883,0.8804449354712307,0.3248705008084031,1.4055621686183692,0.7947547631695387,0.41738352399613854,1.2099299017322553,0.9221461213693263,0.4909710113550837,1.0085273983033969,0.8266720536172634,0.3794200773130809,1.1335513814635918,0.7821247181129716,0.28580356824931297,1.213692733909897,0.7417756117225607,0.2740279674403915,1.211418396895427,0.7219702252840969,0.2914622556339901,1.1652197634266248,0.6997632330480152,0.10812879482936594,1.2016447859457944,0.8865902500970395,0.08632728721848992,0.9779499226127867,0.817292803647701,0.1895560780024188,1.1257414879731784,0.7395035252493878,0.2373156921903115,1.2163412693841908,0.7648188500677349,0.24504121552618255,1.225355300751895,0.7627085921995987,0.26356657910548265,1.1803510782544724,0.7235258335223469,4.716666666666667
0.40013834368692136,0.7516411483311671,0.8298015436726377,0.39015342955232923,0.3415330378434762,0.7955822749681243,0.359039744806943,-0.08850178064190646,0.916749179876305,0.31626929511020935,-0.13765253350075568,0.7892782899277898,0.39228613572483095,-0.12676143461732584,0.7963115216521138,0.3310345158102869,-0.16624661593665038,0.9819775005187924,0.18706110572466886,0.7373902168623216,0.8187372601863265,0.17832524793656096,0.34921529270048346,0.7444900716182526,0.0779238712548944,-0.08597727244185802,0.7680027143249516,0.16452215430840406,-0.13334976369290708,0.7004779621222386,0.0948945350518557,-0.12263878716173568,0.6931858295574718,0.024775577778147425,-0.16388956462787233,0.8392165880577024,0.2731925518211379,1.276495071994509,0.8790507788768469,0.28423646662809987,1.5161274809867245,0.87803768449385,0.3280663922244028,1.404990699472131,0.7911216317885023,0.41216932517046445,1.2105234163847634,0.9174608726533586,0.4890556103738659,1.0077197218380254,0.825860329900316,0.37809229443965603,1.1319059260928317,0.7840017204971802,0.28255468430621267,1.2158561279714497,0.7406790114269007,0.27169576113360094,1.2123412972803236,0.7226352745908038,0.2882493870316479,1.164487702947992,0.7015629872465526,0.10692084240776444,1.2034910090102693,0.8787157551287025,0.08728012706263477,0.9877433523559754,0.8017726604095181,0.19456889888911105,1.1305162554755754,0.7232076375775391,0.23995832135571704,1.2155600167691047,0.7589863577534235,0.24712953578883445,1.224948245531222,0.7592415344382226,0.2664545583917815,1.178649733861853,0.7095165695469194,4.733333333333333
0.39629876419392746,0.7532193109475247,0.8257507372869132,0.3900083287621653,0.3417003198477735,0.7960480178134844,0.35932448040286546,-0.0855328734186709,0.9167834119013187,0.31773517208362856,-0.135956537527547,0.7932502847870433,0.39328920045670734,-0.12364993614413214,0.7960753307533975,0.33110986351387794,-0.16411736003148394,0.9830513397923699,0.18407100502104753,0.7396350250707683,0.8114777457507082,0.17781308801339646,0.349141093881394,0.7439945553386936,0.0765169335937616,-0.08640055415554411,0.7691198074948467,0.16361589107704377,-0.136079579387822,0.7050740278867161,0.09213048169184887,-0.1261551811687815,0.6974492453269368,0.02149568241263719,-0.16490180817360073,0.841306502285001,0.27196790479005617,1.2755845753639092,0.8765241395547485,0.2849991340190611,1.5159156784163088,0.875704331676684,0.33031340094357475,1.4035285335565135,0.7899827950504748,0.4076496570868402,1.2110600471373791,0.9123170447438074,0.4867344695197948,1.0068267239894808,0.8235737141743897,0.3765883066959773,1.130144168334684,0.7852697460525907,0.27758466880144816,1.217606819710454,0.7466472196342635,0.26821309771130813,1.2130632675687174,0.7290460236306059,0.2832827647837551,1.163080747584265,0.706070541637709,0.10732353724481733,1.2057088315161426,0.8701330590778105,0.08984487040514119,0.9996205783464561,0.7814019979924388,0.19909925518337956,1.1336592079446541,0.7124614308285934,0.2428974394778774,1.2132081310322471,0.7517600359842886,0.24886277464388007,1.2236442675223675,0.7560459761935256,0.2689707424494517,1.1769946639540698,0.6959859867816771,4.75
0.3922432698720384,0.7545719579993264,0.8217315629398768,0.3898456349071697,0.34212341272199515,0.7962647345346652,0.3597608042053316,-0.08286777092950452,0.9166737287332813,0.31890444539643387,-0.1329619147894883,0.7955813329719663,0.39409472429312153,-0.12147996107368003,0.7965824446716406,0.33099485758629316,-0.1625586502098496,0.9845728833358547,0.18122822722592416,0.7417111940006403,0.804244793679209,0.17722133407623666,0.3492237835547649,0.7430982861145308,0.07505045939396068,-0.0866685830291824,0.7696913014374009,0.1621531962564296,-0.13828619647303345,0.7092162789433946,0.08927791662024963,-0.12924997271872973,0.7013841665052958,0.018488516714424173,-0.16553852384843165,0.8425249416668413,0.2707431470775503,1.2746241222913899,0.8741074593378398,0.28569903018981346,1.5152720220697118,0.8734502045196356,0.33229262924163483,1.4014556961186624,0.790408910949966,0.40413621471949246,1.2112332268278843,0.9072401707352573,0.48417468269298297,1.0059084248392278,0.8198487463311173,0.375202009239178,1.128252036178006,0.7858769348635579,0.2717498794900715,1.2188406220197765,0.7568894047579005,0.26436202955575416,1.2134576579633558,0.7388098433696622,0.2777523854616061,1.1618436617318153,0.7112779391086428,0.10959252616317469,1.2084586241023583,0.8590590484573217,0.09329386360727315,1.0121090677268096,0.7577469264445518,0.20347804295447436,1.1347721347541189,0.7057731945452044,0.24605682098963022,1.2093545611114649,0.7431285692130545,0.2501996859768914,1.221214958936665,0.7525089853766995,0.2708985462870501,1.1752883797624003,0.6839278050328831,4.766666666666667
0.388038099754615,0.7556633151100832,0.817789196432458,0.38965625317113983,0.342496580762747,0.7962006500321943,0.36028452333461103,-0.08073657003397754,0.9163569784112946,0.31985259582303016,-0.1300914016153906,0.7977888655556131,0.3947437335436652,-0.12081934290005189,0.7989140394015066,0.33041678136338093,-0.16183379916159704,0.9865672727441449,0.17861484688036589,0.7435854969387639,0.7972330672605219,0.1765431392820577,0.3493263804900565,0.7418710390707858,0.07359537462227828,-0.0868062282771468,0.7697139277572831,0.16070002828286528,-0.14093435713501654,0.7135921885488258,0.086709815352574,-0.13269866098898148,0.7055815434682235,0.015822136511397588,-0.16582735275912502,0.8427378610131621,0.26965413473126837,1.2737923474359665,0.8717062108871185,0.28634604762215654,1.5142520069185976,0.8713328354907972,0.3344548857986114,1.3993278196175978,0.7913581914513077,0.40171262086344417,1.210882366193533,0.9026813621386847,0.48146303975572413,1.0048548848845595,0.8153673097179417,0.3737852463907806,1.1260329392250028,0.7861003772706614,0.26604172219720057,1.2197692768928097,0.7674961789501829,0.2605945669904613,1.213569784099003,0.7490060380824182,0.2726320745824169,1.1612830201142819,0.715812589952254,0.11358649499386875,1.2118633252900877,0.844520991309822,0.09693257280688708,1.0237555480391207,0.7327694999764904,0.20859138125925963,1.1341065214459711,0.6999843798054065,0.24909597684550425,1.204618399477166,0.7350992939177883,0.251334719811847,1.2180024940100624,0.7484817385146162,0.2723216309355706,1.1733596721141786,0.6746434142919369,4.783333333333333
0.3837849284121242,0.7564682165898174,0.8141070112952148,0.3894318962623337,0.342500341864591,0.7959177536385553,0.36060350940917696,-0.0795127931899977,0.9159348798881733,0.3205958020845043,-0.12827734134941016,0.8001378845297167,0.3950971507903432,-0.12149265132909873,0.8030470072411994,0.3291756727075393,-0.16210246904392533,0.9889502860577695,0.17629623758378105,0.745275299092897,0.790546691784341,0.17577654336375403,0.34917533919705823,0.7403626374905129,0.0722143119602559,-0.08689167158297739,0.7692849576656425,0.15988535189762898,-0.1441767343977663,0.718122921873026,0.08499360611713688,-0.13659681676399005,0.710009898267571,0.013572660131550682,-0.16589041246973804,0.8420544368473458,0.2689348853392681,1.2732842566704174,0.8692309860010698,0.28686506718049426,1.5128987010958226,0.8695236642546584,0.33689487771784,1.3977221649228315,0.7921353947704519,0.4002274039373797,1.2100614780055903,0.8987854620205469,0.4784569525072766,1.0036322353668965,0.8110449567327834,0.37191585011668427,1.123519521974233,0.7861503732898305,0.26142155999716843,1.2205127892608536,0.7757652194186836,0.25734963647881687,1.2134804290871322,0.7574249333282702,0.2690177665115818,1.1616913401001292,0.7182674824236717,0.11879457108485876,1.2158249417153577,0.8271200763339118,0.1003767942012495,1.033674927369142,0.7083699067242839,0.21523840181177445,1.1324722518589516,0.692824596678725,0.25150021481216006,1.1998073109000007,0.7307840490229981,0.2523876248589557,1.2145971035896312,0.7451074450753383,0.27340008574934654,1.1712241336478209,0.6695310588290452,4.8
0.3795598543934727,0.7569316466787741,0.8109836325599664,0.3891759023475492,0.3419862720059928,0.795512366456661,0.36041183302171786,-0.07943893528323093,0.9154798974935099,0.32114814402137015,-0.1276908171195485,0.8017905677004074,0.3948330923913356,-0.12303964023061438,0.808305209628043,0.3272613347894001,-0.16328051080564548,0.9914503602830544,0.17429209328033687,0.7468070322904613,0.7842211393852242,0.17490350145376266,0.3485694849217885,0.738628110623148,0.07088940744637301,-0.08705520369766785,0.7686037920015654,0.1600365327589884,-0.14728872129661263,0.722091547822142,0.08460996549047528,-0.14040895956135935,0.7140720528658643,0.011809478063233105,-0.16594797282886142,0.8408351203640847,0.26870260642284755,1.2730763586514668,0.8667420327052444,0.28726825557126173,1.511206249219125,0.8682357207603688,0.3395636223524291,1.3968700953847664,0.7925141857280791,0.3994195591567989,1.2088707112502295,0.8955602083891956,0.47492109765153667,1.002343518481869,0.8075730064267951,0.3695495201700387,1.1210198772975097,0.7860538658496394,0.2589299475103154,1.2210776187971673,0.780775894136897,0.255509508388059,1.2134173012647893,0.7625252424353652,0.26788741114119424,1.1631377337004771,0.7175752957937946,0.1245367164577997,1.2199890675395815,0.8085754903344342,0.10352599282799559,1.041618608708701,0.6864709349480218,0.22351689058673524,1.1310334907285882,0.6842228052373679,0.2527516895381635,1.1955111823907634,0.7325216773658336,0.2531760776224462,1.2113589289486009,0.7444857720223019,0.2740259293289158,1.1690689793160656,0.6695762225486275,4.816666666666666
0.37535667055956096,0.756976410786362,0.8087217967561424,0.38889598551996046,0.3409685196100379,0.7950883936242636,0.359605864279588,-0.08042853269250108,0.9148517684571901,0.3216247453673938,-0.12810530761674216,0.8021725316152887,0.39370893855785294,-0.12505284379115178,0.8138651189920086,0.3248100100485645,-0.16503902838190998,0.9936129869081979,0.17257132551367996,0.7481430906936933,0.778334133214013,0.1739297337093649,0.3475012913782447,0.7366840827632035,0.06955107924170696,-0.08738147746528539,0.7678420354630063,0.16113668459336952,-0.14928122730197074,0.7248194577294227,0.0857041503604498,-0.14337166836413617,0.7168365385901813,0.010593825961211603,-0.16614272181464185,0.8394639193258313,0.2689394277045664,1.2729029286439373,0.864365016353158,0.2877490943868171,1.5090715615630907,0.8676529404922924,0.34238179920281364,1.3965544210780623,0.7925412649052268,0.39906186726074766,1.2072909997402905,0.8931260803695689,0.4707954968512372,1.0010919858093377,0.8053061032947018,0.36721787965566455,1.1187414555730077,0.7858093204225529,0.2596338638346414,1.2215891536852577,0.7826138657249044,0.25605659578543094,1.2137239501138049,0.7633055616236784,0.26939538456500456,1.1654082223904627,0.7139180445370965,0.13015018064316292,1.2238855446763282,0.7909272744450655,0.1062755645814325,1.0475503716787053,0.6691797625827056,0.2326595818572607,1.1307937577382434,0.6752515063546218,0.25250014471092597,1.1920273422255119,0.7407893312747804,0.25347403144456077,1.208286545213927,0.7481831833617542,0.27381975392681956,1.167046706998477,0.6746934924949674,4.833333333333333
0.37113576428236694,0.7565532656631129,0.8075493703665109,0.3885966995006798,0.3395555772251182,0.7947196766862245,0.3582789651584777,-0.08225224552690259,0.9138366788552323,0.3221380438994767,-0.12899851638654422,0.8014595804084629,0.39189794209712475,-0.12704295422951217,0.8188937958163051,0.3219493756184564,-0.1669614868932381,0.9948607615284977,0.17109851841538365,0.7491877713254237,0.7730615929262015,0.1728954122075424,0.3460901824678619,0.7345583522196131,0.06818254205393161,-0.08783357267146669,0.7670202132759374,0.16295721219138548,-0.1495645244843024,0.7260139572127777,0.0879688953094741,-0.144902020381804,0.7175763937815249,0.009913235370430524,-0.16647052681191546,0.838199470469729,0.26959294546543516,1.2724890082235583,0.8620377569010429,0.28867386512008947,1.5063288330327036,0.8678493210225147,0.34522832301342604,1.3962931984251177,0.7925319266850344,0.3989556768844632,1.2052708582351073,0.8917036850698206,0.4663042485920158,0.9998377886082742,0.8043129034453882,0.3655749997353003,1.1165983796710566,0.7854358900229076,0.26403255520237845,1.222267968319353,0.7818018939129266,0.25927855427274715,1.2145570507198349,0.7597792074705798,0.27280788395562106,1.1682117928234206,0.7086308751253506,0.13511124283760959,1.2271061442063913,0.7760665737924348,0.1084491460300098,1.051431908037039,0.6580345322696282,0.24152146654075718,1.131995225738349,0.6668780114813191,0.2507064549112053,1.1894844251125964,0.7541659075932887,0.25353146704784973,1.2052713038679346,0.7557137222256783,0.27261930155038294,1.1651160899005064,0.6833937967925693,4.85
0.3668969159314777,0.7556452880215154,0.8075694021907556,0.38826886192300925,0.3378915098265103,0.7943840853319915,0.35660298743265106,-0.08477117178264465,0.9123536084891876,0.32270917401732635,-0.12935821442135884,0.7996567586248761,0.3899579131981542,-0.12845607962928535,0.8226407464373212,0.3187265915303731,-0.16880781822838523,0.9948076962791458,0.16985527429880595,0.7498710448598604,0.7686070121747564,0.1718093489095133,0.34444892504273966,0.7324283667691551,0.06685641573896545,-0.08831410090580717,0.7660593941245959,0.16500810191628404,-0.14800315988609242,0.7254612973540182,0.09075212607392258,-0.14482913726317603,0.7163221580308788,0.009597854905327104,-0.16691656932883966,0.8372088153553567,0.27057774106891197,1.271678336447637,0.8595465062463037,0.2904042179102044,1.502864072939082,0.8688669584848798,0.34802481206015,1.3956273864973248,0.7931009416367126,0.39890012777603967,1.202872765339111,0.8915152770640398,0.4618200222201334,0.9983929506026541,0.8044635735455787,0.3649039593034937,1.114536803773408,0.7848578615320017,0.2714252593585543,1.2232003178007589,0.7789732602019859,0.2646084212457447,1.2158183155767968,0.7529533456835995,0.2772866893917214,1.1714937803330783,0.702970272053364,0.13915692321304615,1.2295028956334941,0.7652059359856278,0.11010538860105487,1.0535667010576388,0.6525341123926893,0.2493070761169991,1.1341395919873607,0.659900132233415,0.24783112948329175,1.18776722021442,0.7697501489146477,0.25433788820797576,1.2024071590267496,0.76408600965629,0.27097185134510227,1.1631623854763604,0.6932661544116381,4.866666666666666
0.36267721700833877,0.7542240053498765,0.8087067825936529,0.3878871546878082,0.3361144030641078,0.7939626720377588,0.35474011674228034,-0.0879393778740831,0.9104724385208876,0.32331410398751115,-0.12798851475874234,0.796085300011928,0.38845605574316694,-0.12896046380690915,0.8245941937767838,0.3151690144767963,-0.1706846738424573,0.9936321383130293,0.16881256268308303,0.7502016052113372,0.7650936454185181,0.17064727047997316,0.34266939567678467,0.7305463619084505,0.06567551279247266,-0.08873676539270353,0.7648858540693635,0.16649188325567169,-0.14441218785542173,0.7225739225287788,0.09332763112290268,-0.14331191428053514,0.7138161464246962,0.009360375219742471,-0.16750088968829135,0.8365321052706456,0.2718041379875964,1.2704047041311788,0.8569289289046023,0.2930532585271423,1.4986715057399573,0.8709584494367111,0.35076399814055204,1.3943078539891705,0.794893902247088,0.39878221617470433,1.2002473969138403,0.8926262423797839,0.45763642603603216,0.9965607225802857,0.8055218521376863,0.36510343221821406,1.112823124717512,0.7839212658976029,0.2802249331362813,1.224259145986963,0.7746749932707482,0.27123935732671467,1.2173382745840455,0.744136276182352,0.282461469304812,1.1753494888893254,0.6972638699424981,0.14233259771630502,1.231237447712117,0.7584137075579345,0.11164486712473373,1.0547704148320172,0.6500474881313845,0.2558091779758458,1.1365700365757045,0.6549909805689575,0.2449799556634675,1.1865620889053459,0.7836461063710856,0.25718934441692803,1.1999517089706253,0.7693265024443534,0.2699933115571765,1.1612967261908629,0.7017602629623116,4.883333333333334
0.3585258048702485,0.7522888650982914,0.8107537567958852,0.3874341862475215,0.33436524676684803,0.7933290019678879,0.3528128873659766,-0.09167080535342272,0.9083341402956129,0.32397630427477575,-0.12442275278669197,0.7902456338272823,0.3877121676503982,-0.12867749180555402,0.8246908469443831,0.31133383492153777,-0.17286739175454802,0.9919137122932704,0.1679218844568073,0.7502556649782258,0.7624853936548115,0.16947696251261485,0.3409008645018896,0.7289371242636714,0.06468554188151188,-0.08905282927042997,0.7634584705945865,0.16679160963348316,-0.13866845018653198,0.7167526155329447,0.09517573032047308,-0.14054484531691358,0.7106985268865902,0.008967368677148396,-0.16816939643607007,0.8360106369550703,0.2732587475012903,1.2686852704344642,0.854725848900018,0.2965065883284909,1.4938662341454148,0.8744975191357871,0.35340370732228843,1.3922477102285078,0.798192952650684,0.39861247280709733,1.197530012216353,0.894678468023102,0.45387655046003705,0.9942370328859977,0.8072155948667554,0.36610993485377535,1.1118158538808482,0.7825941238552407,0.28893500976151354,1.2252020907286212,0.7697028643568928,0.27863322877754837,1.2187976368570959,0.7350206871906266,0.2882627253928868,1.179661684431713,0.6916142018642014,0.14489782537148171,1.2325565947666683,0.7546852058213025,0.11369181792388763,1.0559239729569847,0.6475704835138061,0.26114567489562174,1.1388186649511753,0.652301396853606,0.24368640132564412,1.185854926262261,0.7917246144752115,0.26278904967884886,1.1981355457110572,0.7689733637718892,0.2706986246575236,1.159924199804357,0.7068558722406058,4.9
0.3545203260410232,0.7499263611598981,0.8135831153601567,0.386936370875128,0.33278455769597115,0.7924015123570478,0.3508941062621553,-0.09578178499784065,0.9060926782917289,0.3248673550768129,-0.11955116755641489,0.7829949371904346,0.387853942160831,-0.12808424422113474,0.8234225381318967,0.30726976433550235,-0.17545665013275658,0.9900730903883079,0.1671457270009818,0.7501232700206173,0.7605644768247186,0.16852023489681642,0.33931174076835036,0.7272836328472517,0.06382702138515542,-0.08930744463170362,0.7617857930287694,0.16605137607986317,-0.13121700232193828,0.7080510383918852,0.09618766790603345,-0.13644922222519576,0.7066084120803974,0.008338897726367171,-0.16886622853300445,0.8354902679948294,0.27497820102358467,1.2665944182586513,0.8537385641916078,0.30061277588298596,1.4887153073590957,0.879402547917677,0.35585009920444893,1.3893684063766165,0.8027048488681412,0.39830981115298825,1.1947574088274533,0.8972651856784629,0.45055469338985266,0.991289811308589,0.8094698895009256,0.36811602382782194,1.1115716474933839,0.7810416472155053,0.29666532909490584,1.2258105274048268,0.7652875358295652,0.2864641164886255,1.2196053818327983,0.7282459799655654,0.294613378220224,1.1839695338609995,0.6871904606594618,0.14719203067870776,1.2335816836869258,0.7523988764876206,0.11712004482419587,1.0575672214812795,0.6431724297908747,0.2655495624715878,1.1405760380039844,0.6511754589208696,0.24529577256055335,1.186207560111845,0.7908168929762736,0.270832516053537,1.1972818156715745,0.7628773616072567,0.2736068630801177,1.1595207745398415,0.7076228171707717,4.916666666666667
0.3507636749449698,0.747206441244529,0.8172711029622389,0.3864569011782501,0.33140745942025696,0.7911455191462335,0.3489764836924873,-0.10005876093150634,0.9038698894344085,0.32623883976209944,-0.11521645958658513,0.7764835771112836,0.3889015689010315,-0.12760227030161228,0.8214697376270464,0.3029923851191566,-0.17825340927241595,0.9880613939789493,0.1665271007791238,0.7498701659084622,0.7589572580349855,0.16803094363722754,0.33795229525808324,0.7251393574111616,0.06296113765096326,-0.0896397068707736,0.7599501107974758,0.16488009646456836,-0.12270934469852116,0.6971374985968433,0.09665157518898967,-0.1306575525648171,0.7004699388264953,0.007480552680914905,-0.169694354068051,0.8350720278220718,0.27696933189823003,1.2642170696124622,0.8545383557004722,0.30515821280751054,1.4836153064162647,0.8848152208440543,0.3580508327712367,1.3856424342015137,0.8077720650103268,0.39738909788685334,1.1918333092349884,0.9010877812904183,0.44755350767547963,0.9874444406527275,0.8127899818737083,0.3711631740229603,1.1117591248056007,0.7794924321366365,0.30304798678388456,1.2259762892316908,0.762491058136953,0.2943764193323799,1.219255445885682,0.7263558431143805,0.3013728129138861,1.187502199817178,0.6862317166498555,0.1495597381211455,1.2343461405067777,0.7500218577921312,0.12294510793211895,1.0599317126985914,0.6360288057637893,0.2694282528699079,1.1416716785762155,0.6502629410640337,0.2504057161485865,1.1883241472022448,0.7801889054383908,0.28040545096547925,1.1978762759834725,0.7523882492389429,0.27888191969294523,1.1603430891119413,0.704554330941906,4.933333333333334
0.34732204298473734,0.74408616419892,0.8218787244835435,0.386031411357114,0.33005822644309035,0.7895820180051829,0.346978889659492,-0.10427961362464774,0.9017004257771708,0.3282136789883434,-0.11342097359763847,0.7728593178904611,0.3906510792413892,-0.12760686763887527,0.8194131697326045,0.2985326498424798,-0.18087155774183883,0.9854573090541834,0.16622515860134984,0.7495431363446317,0.7572129237898472,0.16815330967283532,0.3367464446253542,0.7221595831669494,0.06193777873818786,-0.09017472393217221,0.7580637004372278,0.16357357174674086,-0.1135246229643617,0.6851005364658154,0.09690560923053518,-0.12311899232160053,0.6920304000227911,0.00641244914171778,-0.17072442099221352,0.8348716493807846,0.279154869287777,1.2616272902693955,0.8571503132304847,0.30972843233880737,1.47900481461288,0.8896571744555886,0.3600579747819882,1.3813059635740115,0.8129277581295398,0.39507199041606633,1.1886599000694429,0.9079896608193084,0.4445164660104617,0.9825356574971869,0.8181444905855071,0.37466562852437313,1.111882492741494,0.7782430624024286,0.30815253352131433,1.2257307486547393,0.7614527782065472,0.30199043222706184,1.2177813510853555,0.7298856600744787,0.3084401501038097,1.1893766741629346,0.6903881918310648,0.15228699471810064,1.2348737202764846,0.7468779775852361,0.13184769619596737,1.0629448302088835,0.62629091814593,0.2733683385070597,1.1421215404084122,0.6484428484304875,0.25875842627984313,1.192495698475082,0.7624436719512158,0.2905615774466226,1.2001826348213842,0.7400570403433226,0.2865067438330517,1.162212790341998,0.6994426298989516,4.95
0.3442013777102825,0.7405019298891612,0.8271837728226241,0.3856453414952642,0.32844904810201137,0.7877481147508364,0.3448465574991064,-0.10818703231966532,0.8995132558041061,0.3307451144320267,-0.11575363599030214,0.7731330653602004,0.39260999456497897,-0.12880190193857854,0.8179935645056943,0.2939984920802126,-0.18285575684445024,0.981704308380902,0.16641748348413088,0.7491799574029354,0.7549957004351786,0.16892581954699995,0.335634963289157,0.7181546879855608,0.06068262646052133,-0.09091289039009548,0.7561937367883549,0.16198081709699302,-0.10417557230247135,0.673387155234325,0.0970151316783561,-0.1146681543287223,0.6824727233167125,0.005191028553496754,-0.17167543049418107,0.8345894927999248,0.28129527618731043,1.2588233310744708,0.8611028506436036,0.3138080368357733,1.4752273955911035,0.8934832633188003,0.36204841529680476,1.3768109710822896,0.8182658255726596,0.3909207403949751,1.1852835346001152,0.9191323852364449,0.44102295943503966,0.9768475408643854,0.8260734266961667,0.37770197448508863,1.1114631680768217,0.7780300003223246,0.31256696451272936,1.2252201596518983,0.7610997285862968,0.309157900048469,1.2156719228225563,0.7371473449344311,0.31580205759030533,1.1889861386347742,0.6992837270097366,0.15558953295738254,1.23511376099649,0.7434027265511642,0.14370249408985244,1.0660781781439108,0.6153600892280251,0.27782729431658937,1.142142934259454,0.6460109177550613,0.2695016255677188,1.1982669644082369,0.7426968134435985,0.3004456043889922,1.2038284322718957,0.7297171217317733,0.29613526614017127,1.1645043066458005,0.6949220449252411,4.966666666666667
0.34137998422577404,0.7365031874976689,0.8327767888022077,0.38530260131424243,0.32642852635644903,0.7856670240183838,0.3426275496354817,-0.11156330069983683,0.8972134022554453,0.3337059390027912,-0.12264983021802309,0.7769889633434058,0.3942729489154325,-0.1317979076318713,0.8179935172166727,0.28960146822949756,-0.18369768544451084,0.9762928544554024,0.16717941452136725,0.7488279903448306,0.7522707582776097,0.17035019468185283,0.3346772381907174,0.7130483333786451,0.059246532778733325,-0.09175037654741446,0.7544034918190831,0.15998349975321596,-0.09567983833456124,0.6633627746363195,0.09692482640591112,-0.10657931498865875,0.67299899222027,0.003912145004096978,-0.17203027256541253,0.8336327661138417,0.28304851013082016,1.2556900163678375,0.8657671645830569,0.3170068325607425,1.472324002184055,0.8967851713845695,0.36425424387550576,1.372455406318955,0.8241940136583079,0.38522929486415103,1.1817267403498548,0.933735642714021,0.43699429285840885,0.9710015910211521,0.8359648147803771,0.3799140904027284,1.1099991794180244,0.780168248068895,0.31730274547316717,1.224518333832754,0.7598254498749776,0.31602707255663,1.2134289988957945,0.7455317047532538,0.32332912905349936,1.18606185302556,0.7109922155760349,0.15979532029464058,1.234918541031747,0.7406619349695984,0.15749762845011278,1.0684642821080799,0.6055255706583702,0.2828213259985793,1.1420827947519898,0.6442329403279413,0.2815422961959703,1.204274519735804,0.7264275893247375,0.3091763413667578,1.2077994341923084,0.7254137142125935,0.30681590695341643,1.1663893201961004,0.6937496484522774,4.983333333333333
0.33882863438736494,0.7322935974772171,0.8382814619645298,0.38505378199804596,0.32405966967473593,0.7835066517113419,0.3404119486047451,-0.11432180868072046,0.8948427027049565,0.33696080019336605,-0.1329499657154838,0.7835532193935913,0.3955099361541391,-0.1361943386002209,0.8195052764095624,0.28559678625937795,-0.18292388636688672,0.9689193576844402,0.16848756027319398,0.7485567488525522,0.7492110225499777,0.17240234982414995,0.33400697444113775,0.7068775503067164,0.057726960863445954,-0.09265398209534564,0.7528660764127787,0.15785948353391782,-0.08926923852340074,0.6558215060780954,0.09675641471157503,-0.09984183360034249,0.6637975654414565,0.0026376622013917833,-0.1714334885423091,0.831623021800584,0.2842433472619782,1.2521405587590286,0.8706902327846502,0.319138522303293,1.4699413928961391,0.9006692029703953,0.36679459691167476,1.3682141113633544,0.8309344785895582,0.37871466884455557,1.1777263373078957,0.9499193345395246,0.43279827361540313,0.9655608284743932,0.84634352016082,0.3818963404844924,1.1069785825323133,0.7857041392960515,0.3230300923373089,1.223299463743392,0.7575017675448696,0.3226587658231941,1.2112833084076968,0.7529170817089622,0.3305697775142449,1.1805460470594815,0.7235497682288352,0.1654351876181784,1.2341716104436227,0.7396266988295073,0.17166433878481896,1.0692830354523073,0.5989071620431613,0.28806519935784203,1.1421425354327355,0.6438467115746467,0.29381382912817444,1.2085696544486264,0.7174594023971284,0.3161507990659376,1.2107940268625572,0.7292553079453122,0.31713934357413726,1.1671463699553493,0.6975910991012952,5.0
0.33654303797158264,0.7281567964430371,0.8433313202763584,0.3849228443728964,0.32149129088888095,0.7816944110246383,0.3382521872194724,-0.11645518229688705,0.8926299754679463,0.34052101365154913,-0.14443202637630342,0.7922310353378869,0.39660547824448866,-0.14054575067971703,0.8218086923438253,0.28214823913803183,-0.18035750991662733,0.9596773833262879,0.17030209411785083,0.7484216936004988,0.745870999343743,0.17501765917521853,0.3337209080686057,0.699817023407019,0.05616681189176872,-0.09372968076419635,0.7518049438487805,0.15612688967001448,-0.0859980380343897,0.6509912310082079,0.09670682221139917,-0.09548477741856748,0.6552183929371539,0.0013479201385686516,-0.1698550240853021,0.8285863623679122,0.2849946981939493,1.248278555746298,0.8755985375626145,0.3202315254435372,1.467583401695445,0.906212872923566,0.36960027277014273,1.3640253784267533,0.838443844719738,0.37203504505650664,1.172826226170654,0.9662124970569228,0.4289724639384755,0.9608188061114186,0.8557703290227752,0.38452484728814207,1.1021521637009228,0.7943308384080021,0.3289394191155189,1.2205925365596646,0.7576462566892362,0.328707315922959,1.2089838650198654,0.7593440320580835,0.3369586774187776,1.1728707953175406,0.7358878292022086,0.17293317090651,1.2329137649165103,0.7407920563642704,0.1846379251030456,1.068089154307745,0.5966743418102082,0.2934721004200877,1.1421145324034112,0.6450126382533832,0.305406274853226,1.209413034592912,0.7170616033504019,0.3215683640897869,1.2117636248148207,0.7398484087413929,0.32605948175997446,1.1663556020580568,0.7060760707255926,5.016666666666667
0.33456074568141453,0.7243123219436638,0.8475694876452079,0.38487401515443836,0.3189113112877444,0.7805572191159097,0.3361919952278386,-0.11791817622284692,0.8907898951315301,0.34459770668569933,-0.15481557729190537,0.802563832644822,0.3978961873149154,-0.14326471864017734,0.8241908554258043,0.27924165592878575,-0.17631265273489644,0.9491700341489838,0.17261402611317947,0.7484264150519012,0.7420640564157133,0.17810148633416664,0.33381456723426556,0.6921492128719093,0.05457331924251629,-0.0950507537338149,0.7512991116052047,0.1549983761128538,-0.08648620575959315,0.6487019865368011,0.09669739835582031,-0.09517875160518881,0.6491142341958955,-2.9686316693227754e-05,-0.16747039157650342,0.8247287488966926,0.28552626874374276,1.244339524866703,0.8801657921203414,0.32054415558270793,1.4649763343700075,0.9139939557387975,0.3724441669648322,1.3601090514083831,0.8466143397760257,0.36572364166321975,1.1667495604897475,0.9819857758490442,0.42593727460034014,0.9567033860552941,0.8634863223325233,0.3880510537516013,1.0957599796603004,0.8046072775636708,0.33286694818206,1.215026763210531,0.7668511870859165,0.33364918206871075,1.2055705493174216,0.7682948598063254,0.34225531760280864,1.164178422159803,0.7477046491959374,0.18225905457897107,1.2313817305205104,0.7440868737434488,0.19535881811041175,1.0649597870125151,0.5988113989378425,0.2993524692101767,1.1416332236885474,0.6481446434454986,0.3154895135964041,1.2060705746576812,0.7245056819167099,0.3262935011418283,1.2104739370468023,0.7530774703961995,0.333598764314913,1.1640458739993336,0.7170557686914103,5.033333333333333
0.3328603471081972,0.7207954863120831,0.8509476256296538,0.384837947444088,0.31655427052846946,0.7799537446653806,0.3343176187350685,-0.1186384283331832,0.8893115507372025,0.34929722132661667,-0.16254342627203122,0.8136342467561533,0.3994551285736716,-0.14340568992918235,0.8264010946662521,0.2767288602354074,-0.17152177516602404,0.9383960928902143,0.17541646832064084,0.7485506278815559,0.7375752943555278,0.18154678846719746,0.33416263886998493,0.6841895674208976,0.052938489664806666,-0.09654742976454427,0.7512483663770083,0.15426041220710426,-0.09085207065890691,0.6485295822959346,0.09633133406161057,-0.1005867706202779,0.6479857077023022,-0.0015861181016703283,-0.1644926826991812,0.8201974806635276,0.28603000968833614,1.2405171670404942,0.8840795467278446,0.32049661943849544,1.4621514092502088,0.9239979310822823,0.37498632747210825,1.3568117482238264,0.8552675428303524,0.3603850436873593,1.1596625334648685,0.9967626289925595,0.42386982251456345,0.9527560053950673,0.8693759283637668,0.3920164005606138,1.088399410032018,0.8152353017099984,0.3331788485565377,1.2058198738420423,0.790239627257876,0.33711953074187306,1.1997996319114583,0.7848907806720828,0.34667609682781003,1.155792568723382,0.7588366256784622,0.19286393460774254,1.2298744629780933,0.7488734890138848,0.2034656994321053,1.0604745063621253,0.604194805356637,0.3059547250592253,1.140667129316015,0.6538261008842512,0.3230440656608056,1.199252577740063,0.7386125318781831,0.330983497151234,1.20774231296684,0.7652251763145761,0.3403094024103104,1.1607880857606043,0.7280932270382539,5.05
0.33123222699299815,0.7174057843274805,0.8539755323376726,0.38467811320453366,0.31451716786900386,0.7796626023206653,0.3327135680047002,-0.11870082079322983,0.8880905508977485,0.3543434118548886,-0.16697611355915853,0.8240466028822323,0.4011415296276901,-0.14071771176996817,0.828200731799046,0.27448829289219406,-0.16677772508871194,0.9283228998882576,0.17865767680617192,0.7487871138460537,0.7323429221166119,0.18525893203917335,0.33453055771773355,0.6761758127653854,0.051173933871799804,-0.09810222930344287,0.7514889854169372,0.15392292246545047,-0.09885310689742352,0.6501087522261292,0.09534141500495284,-0.11193574729174932,0.6528032878413568,-0.0034067765834939895,-0.16104528654530045,0.8150227103915679,0.2866641861429786,1.2368987599232986,0.8874303158163441,0.32056407543866206,1.4592916523096544,0.9355736042548799,0.3769430229087649,1.3541215548891303,0.8640070700592909,0.3565682319570011,1.1521180217426314,1.009850632408801,0.42270999128689624,0.9484648999094704,0.8735228544829299,0.3959423272777567,1.0807790199906508,0.8256806546479944,0.3303638416877603,1.1937366174912283,0.8268016047391553,0.338938103642118,1.1911345826808177,0.8118262000368499,0.35068603046089875,1.1484773731018667,0.7692408402179396,0.203756847341078,1.2284919502720708,0.7541884228249802,0.20929515478210134,1.0555781575307248,0.6109573824487187,0.31284667496045626,1.139484520666884,0.6625458973382384,0.32710324259310825,1.1908670977026605,0.7583201787345466,0.3354895660157594,1.2050858846656178,0.7752383044597418,0.34596693089809033,1.1576280267870276,0.738322284926799,5.066666666666666
0.329346018341559,0.7138020912322011,0.857453038920667,0.38420000663682846,0.31256927785946365,0.7799499971658402,0.3313637009598119,-0.11846240551278571,0.8872491365153442,0.3592364580027547,-0.1680789282424139,0.8324192471115138,0.40283090107296865,-0.1352814161353025,0.829010281075411,0.2725462962756458,-0.16250902296319902,0.9194383332611638,0.182245739208227,0.7491015678092897,0.7264599064787813,0.18917265504935313,0.33469170447821817,0.6681783722601847,0.04912153034056197,-0.09959391042415719,0.7517782954836773,0.15449595251235876,-0.10957599071521805,0.6531012137297884,0.0939882694800784,-0.1272358463985235,0.6619861096544546,-0.0055465250425734205,-0.1570894364660107,0.8091124828646952,0.28751479855563356,1.2335017121251592,0.890715926655392,0.3211402820174811,1.4565925159673485,0.947454045827583,0.37827885358610125,1.3515486359008473,0.8722624790210327,0.354190953975867,1.1447239498963495,1.0212663642052948,0.4222374007804852,0.9436399472446362,0.8761488448805027,0.3998485641361865,1.0736637602228207,0.8355316590252244,0.3266078363629637,1.1808513653090777,0.8697119415958514,0.3391926264889309,1.180160911925145,0.8474667574152146,0.3548149671686839,1.1422946247259402,0.7796005918140887,0.21372243349522174,1.227137643279609,0.7590836209717116,0.21382856674752465,1.0513249931156703,0.6171583656141035,0.3188397458628686,1.1381472502003323,0.6750108533236632,0.32797789827154566,1.1830672592198392,0.7806643967567254,0.33908967113872546,1.203921636236724,0.7837195551696297,0.34944366428217416,1.155723076859542,0.7485684160437822,5.083333333333333
0.32699510036848495,0.7097090412239595,0.8619001880546413,0.3832992414375017,0.31030697951894903,0.7813807614881301,0.33013790126076814,-0.11836249570062021,0.8871497955010897,0.36359041716273566,-0.16623404645457843,0.8378808169743166,0.40446976345677554,-0.12755796633608063,0.8284145650848852,0.27099211427020037,-0.15875205182147537,0.9118556461882803,0.18608830240912835,0.7493987329350292,0.7201343846197596,0.19321533848421865,0.3346004102732578,0.6601503302303872,0.046667189725336955,-0.10080806789515605,0.7516774216135773,0.15620813127853736,-0.12100544952270406,0.6569598837966203,0.0928210145152023,-0.14305649231076079,0.6726423048728951,-0.00804444018217226,-0.15248545217184895,0.8022793287121005,0.2885341389810768,1.2302626438858133,0.8943239872327862,0.3223004394955983,1.45419861387906,0.9581685405438072,0.3791811234925022,1.348585012735951,0.8795957822584757,0.35223983961905364,1.1378025233701694,1.0325481263237541,0.4221297330040107,0.938415561809486,0.8780169280980706,0.40397282521520717,1.0677852642960932,0.8437767239466046,0.32399376367868843,1.1692485411436986,0.911176066153905,0.3384040257020876,1.1682555914562,0.8869042032495261,0.35956101820775366,1.136892807137916,0.7913331490704358,0.2217820544428457,1.2257965983634387,0.7627620263482051,0.21841761965903692,1.0485339157106017,0.6214021950734058,0.32290589981839457,1.1362263553180367,0.6917297993562843,0.3282071580807818,1.1773703401462763,0.7988718155304715,0.3411917286570656,1.2048140741930267,0.7909658473824812,0.35041861597707713,1.1556889200520843,0.75884603801269,5.1
0.32422118779651465,0.7050135228387113,0.8673465301300431,0.38205401822050783,0.30752641082288124,0.7841941981652754,0.32892228732389517,-0.11864551978127044,0.888057572824817,0.3672641356995051,-0.16261135439900573,0.8406670699778341,0.4058936446506042,-0.11909297696279939,0.8271959949059293,0.26981211849465886,-0.15549850658675787,0.9057646193706375,0.1901004002622351,0.7495880104333859,0.7136219319829263,0.19726722003013336,0.3344350424298747,0.6520983844895141,0.04378669991086669,-0.10145588493823911,0.7506523783778691,0.15841458833108246,-0.13074844416242204,0.6611899688509058,0.09207932619383259,-0.15660522399198865,0.6826437430144252,-0.010952586409543946,-0.14716753309731428,0.7943935557577977,0.28958264502781594,1.2270393132332027,0.8981228002615025,0.3236792763670105,1.4521863533365829,0.9666886038350231,0.3799193557543993,1.3451038564658508,0.8859335163725368,0.3494388628171369,1.131374817665355,1.0455733823157316,0.42205724192073474,0.9331858794134243,0.8802025209503648,0.4079668225089401,1.063400137180032,0.8497674117496667,0.32331805599821695,1.1600496929644137,0.9462744042882769,0.3373851412778095,1.1571024837661907,0.9239105364612739,0.3651948470662655,1.1318922233287352,0.8055889218165477,0.22759343536008486,1.2245882187907766,0.7647517160621353,0.2242417458254658,1.0475089366311718,0.6233073500971349,0.32574548490235256,1.13319831652199,0.7109173602057812,0.3317281736550124,1.1745279319120114,0.8044859955049,0.34196521555168125,1.207360411411662,0.7966723708430961,0.35100680237729565,1.157252651476836,0.7658647567987049,5.116666666666666
0.32118464117973755,0.6997408422018073,0.8735863605731945,0.3806650420013578,0.304419320382609,0.787967925773618,0.3277592957667237,-0.11928849822715153,0.8899252598250101,0.370250634369554,-0.15921545039913568,0.8421899481448776,0.4067652983919582,-0.11250244659154875,0.8273982317688143,0.26887455054433984,-0.15286397603267357,0.9014569550043358,0.19418757694808256,0.7496577955725596,0.7071509629212496,0.20120044403091408,0.3344604500179452,0.6441943835141049,0.04052723866044558,-0.10132689413389105,0.7483317741615347,0.1601439858045105,-0.13730115659634262,0.6653981569803687,0.09154477383696649,-0.16690094127666724,0.691135864629567,-0.014291367614810983,-0.1412332673740162,0.7855108182217925,0.29053275379105636,1.2237403387438879,0.9015926120247425,0.32474611223477357,1.4505504040875856,0.9728404938682528,0.3807479465719958,1.3412682446368032,0.8913953364773833,0.34526517217339514,1.1254382351971686,1.0606349661673369,0.4218575411159234,0.928546131826891,0.8833188832823307,0.41030534595085755,1.0598460439239725,0.8555947332835449,0.32441105163896494,1.1535519893181558,0.9725493326288708,0.3368913589402841,1.148286009759808,0.9528822512184338,0.371515894352763,1.1272254887089694,0.8221789715179162,0.23145017733745163,1.2235426142258603,0.7652613665796439,0.23183350450064782,1.0479711196912724,0.6238011839858346,0.33013700957771236,1.1291512066460727,0.7270692191027472,0.34166979751270055,1.1746847855087297,0.7923112903652476,0.34232937819905485,1.2106701627852352,0.800559004845881,0.3548965895019072,1.1596325259717966,0.7643936153222133,5.133333333333334
0.3179815887262319,0.694009433465001,0.8804808536170889,0.37937679690494425,0.3014337258897762,0.791738066453421,0.3268023643498848,-0.12011532295287944,0.8925657583499957,0.37251730188124865,-0.15770843380113717,0.8437633550307978,0.4068663998108012,-0.10994440713895096,0.8307376780308114,0.26804032512262566,-0.15091888009080393,0.8989565322423083,0.19827022708777986,0.7496608914612567,0.7009115299737374,0.20494323460774722,0.3347941008577476,0.6367029259138572,0.03701410387596753,-0.10034863276751528,0.7445702074274609,0.16096521946245895,-0.14049399993417894,0.6690883148489216,0.09098891824183596,-0.17391024812668338,0.6974675392961006,-0.017972958497173175,-0.1348464889509326,0.77577501372155,0.29133112175826803,1.2204084210444828,0.9044551144919107,0.3252257023523169,1.4491639980106308,0.9772895113094398,0.38180932823550684,1.3372685192929463,0.8959643094843486,0.34006004189831196,1.120080288734859,1.0764920311580202,0.42155332022272496,0.924983699430277,0.8877724078862856,0.4086503004222206,1.055770212080859,0.8664615844655281,0.3269597194597471,1.149768933417446,0.9881741256253322,0.3373233831990333,1.1429902620412897,0.9703681706826652,0.37786833102810663,1.1231021447354725,0.8395359340882691,0.234047997606068,1.2225166166133687,0.7650992921956037,0.24100681130031953,1.0492928419321785,0.6245875378124772,0.33887027607745923,1.1249247521539076,0.7334076848946542,0.3586403544647403,1.1772311562120086,0.7633124884789653,0.34339092409996197,1.2137898399885452,0.8025304223073589,0.3645211764481263,1.1621049240942924,0.7517237511340944,5.15
0.3146086849815068,0.6879208355259129,0.8880748161023122,0.37838898179676195,0.29889956143259155,0.7946026434467991,0.3260879411192405,-0.12103127496934599,0.8959023786089112,0.37405938975521114,-0.15833191149033288,0.8457322596987465,0.4063309285906507,-0.11184046928768931,0.8373326213482785,0.2672343204389888,-0.1495883576696444,0.897934510363014,0.2023175228950639,0.7496379476906496,0.6950768596707143,0.20847021926755463,0.3352158239538269,0.629814294906515,0.03342345535249312,-0.09854752706566797,0.7393609941913825,0.16124971573799557,-0.1412408426564793,0.6721517531502221,0.09060696233883708,-0.1776785553695178,0.7007422673684699,-0.02184085184481939,-0.12812406637020685,0.7652458623115773,0.2919964168265524,1.217178997605744,0.9071372301788138,0.3251927764621453,1.4477911763568927,0.9810760770802616,0.38306396977225626,1.333294566998895,0.8994463942309665,0.33431061686036057,1.1152587386456814,1.0920070673015436,0.4210729592940523,0.9223817804817817,0.8949243845375647,0.4012477325920287,1.050008294998731,0.8870730813097549,0.33078040647451523,1.1485707516002073,0.9923148414179865,0.3388818735687415,1.1418094986138583,0.9755174269355796,0.38353020708490626,1.11972102859808,0.8557174232923874,0.2361937802997653,1.2213368705782426,0.7650261462062247,0.25115304189436327,1.050798748616712,0.6271223478072215,0.352535052621643,1.1215748662583922,0.7262925691171842,0.38081667926393614,1.1806966661373919,0.7231433903657127,0.34605195788168946,1.2158178865029852,0.8023834629371993,0.3795192750591784,1.164142237427824,0.7297085240201677,5.166666666666667
0.3110302196637001,0.6814506664575875,0.8965737663897344,0.3777089111269996,0.2967462347115829,0.7965109908067293,0.3254131451276721,-0.12220034333709652,0.8999679400512121,0.37510564981159483,-0.16023263533453752,0.848161827939731,0.40542537396510786,-0.11719164086979234,0.8463000913923698,0.2664475261899443,-0.14878900864090336,0.8980140606376819,0.20632176630572216,0.7495682384949875,0.6898123215477758,0.21175164094385865,0.3352828724246864,0.6236003823591657,0.029888523290459955,-0.09602180752084508,0.7328350003449324,0.16170588088323612,-0.1410850954172751,0.6752247944463556,0.09092561046564905,-0.17875455426334635,0.7006745214704914,-0.02578512779923447,-0.12115812343463794,0.7539127139380807,0.292567239178381,1.2142791995381568,0.9103952824831782,0.3249202298461486,1.4462432359761792,0.9849170236850884,0.38431859715641703,1.329698180222239,0.901676194795553,0.328293757813895,1.110687313405983,1.1069806123388726,0.4199683776295903,0.9196359055204733,0.907382472015689,0.38814180194702197,1.0423325389819085,0.9177169957553946,0.3354914384858939,1.149437786034858,0.9870520679704436,0.3420786584575365,1.1444807982328784,0.9699320016079378,0.38811882006283627,1.1171440162955066,0.8693371512495985,0.23844607187427225,1.2199435616330212,0.7653584500568267,0.2616513311614631,1.051884920708435,0.6321613652834875,0.3698272618161473,1.1198644285191137,0.7068744195626897,0.4051712194591411,1.1832934682668081,0.6789500147991576,0.3508973996031879,1.2160470143357311,0.7997291916500155,0.3977309487552094,1.1652607591172313,0.702808741858578,5.183333333333334
0.3072068126333052,0.674493555940168,0.9062235183293824,0.37712719788857546,0.29463645311445824,0.7983099526736472,0.3245351321434821,-0.12387163470258178,0.904695758646554,0.37602317362084114,-0.1623521808391215,0.8512904367789512,0.4042573532079574,-0.12453635715334259,0.8568496495540836,0.2657305047673979,-0.148486906320084,0.8989547482330779,0.21025003313759874,0.7494010401080947,0.6852544002046175,0.2147502334051013,0.3347479897894462,0.6181457538348303,0.026458021683920058,-0.09289286596380812,0.7252532872290403,0.1625643393158024,-0.1414283905033543,0.6788259766880759,0.09218770825827777,-0.1784671866413262,0.6982195500664321,-0.029745427093546245,-0.11408510717852427,0.7418634272400337,0.2930564648350552,1.211993963256098,0.9146558864393027,0.32479836749875657,1.4445316467292768,0.9888942541427004,0.38529761572032784,1.3269758206581581,0.9026660873185695,0.3223439610795854,1.1061363970482165,1.1216594400554156,0.41759859812033906,0.9150647689765794,0.9273555764774227,0.37111979614802737,1.0334142640851065,0.9545402935391768,0.3404673318045648,1.1513441769671364,0.9771592595180869,0.3475244156898245,1.1495685155164226,0.9578225813254277,0.39164547019084,1.1152578760478498,0.8797327521172578,0.24095044470228066,1.2184352063729766,0.7660882492126055,0.27208313653541816,1.0521374771302354,0.6397690717500067,0.3891207775011463,1.120268612672199,0.6791516292755326,0.42830603652209503,1.1839998667136054,0.6379136716014995,0.3580921121907087,1.2143449057658795,0.794359501738378,0.4167171888966066,1.1650239665309914,0.6759099971182408,5.2
0.3030903182451913,0.6670261229522249,0.9171341965467317,0.3764067379394591,0.2922876995780691,0.800906548624307,0.32342677168592515,-0.12604770957011024,0.9097637126502669,0.376944073173292,-0.16394877284752166,0.8550749366016988,0.40284797355390767,-0.13245531794564464,0.8682782257105783,0.26515194482058924,-0.1486050746870228,0.9005356784819919,0.21403220155892178,0.7491181262806474,0.6814541501168627,0.21745520123676848,0.33375935502796017,0.6136227426421593,0.023180441251404338,-0.08924095531486519,0.7168542091922303,0.163299447804291,-0.1425654145911605,0.6823152259351872,0.0938917663710086,-0.17796832774738325,0.6949295558157045,-0.03364480974335826,-0.1071046284776604,0.7293796329800124,0.29347887770202336,1.2104286308143593,0.9200246089903237,0.3252220904633078,1.442823507273294,0.9926878656780092,0.38578111246215896,1.325427834563094,0.9026623186586408,0.3168830855272695,1.1018183609102803,1.136029615229723,0.4136983448884854,0.9076423524888987,0.9543830206498093,0.35305355667353977,1.0243779253939542,0.9922203878701072,0.345630005962665,1.1532943228718535,0.9662923591978931,0.3550385288464991,1.1549243866710217,0.9445491870113945,0.394339854438209,1.1136989067231147,0.886755699818645,0.24360422467799647,1.216975130924353,0.7670801541409664,0.2821045219266462,1.0514455405937961,0.6493476503942914,0.4088572152833082,1.1233351102894895,0.647147878521291,0.44662265708113047,1.1831478881970168,0.6073998883948155,0.367430992928204,1.2113719124579883,0.7865726498377458,0.4341169922595747,1.1633035396510223,0.6539296171620267,5.216666666666667
0.29866894513539566,0.6591890236112529,0.929232859009881,0.3754397061747647,0.2895809765573828,0.8046320518404696,0.3222428392325308,-0.12853525893300927,0.9147738248650146,0.3776704124915314,-0.16479792216474012,0.8589140855466064,0.40132086432975284,-0.13966912953444863,0.8794396104368712,0.2647226426045794,-0.14903454334235594,0.9024406889803165,0.21758743597367042,0.7487635003300536,0.6783610188798452,0.21987907325963094,0.33261368829816884,0.6102227300249603,0.02020323508650058,-0.08511200606631622,0.7077384069805397,0.16319386779665643,-0.14348628180721817,0.6841852088815669,0.09511597779126464,-0.1772837474773781,0.6918553075500778,-0.03741820870469521,-0.10046871302480342,0.7168779098916104,0.29390419049055483,1.209352045307379,0.926680457703149,0.3263610585453265,1.441304917004639,0.9959430759134644,0.38581052478180977,1.324867484050922,0.9021970305522382,0.3120209170253039,1.0983477366600756,1.1498051884892313,0.40862866033362477,0.8977213204052712,0.9851963469898981,0.33749958219571413,1.016651829001096,1.0248468944313949,0.3518894295786522,1.1550084370604963,0.9542629852497354,0.36355946875819617,1.158866733155574,0.9333373970527059,0.39652842900194435,1.111943909435841,0.8905914735611276,0.24625693227907375,1.2156536196390075,0.768141011587936,0.29130419412888964,1.049921135337196,0.6597226655256009,0.42696267280563704,1.1294239446670038,0.614551148981813,0.4569449714725341,1.18172372054147,0.5940952863200977,0.3784337504898259,1.2081262334808054,0.7771495298904012,0.44738664533854966,1.1604641927191581,0.6417644085190928,5.233333333333333
0.2940359297066179,0.6512149147199288,0.9423098247165623,0.3742336776481763,0.28654411090712656,0.8093020988937263,0.3211211761346487,-0.131257448255842,0.9195954038763205,0.3779734511313516,-0.16520904929191232,0.8618413804183633,0.399885563783546,-0.1451900982473255,0.8888421708605965,0.26440441767431294,-0.14976985232212625,0.9044152419235532,0.22085705886779694,0.7484209807854167,0.6759452826429324,0.22200927017471764,0.33147569806380395,0.6081120257748505,0.017746207791863488,-0.08060074945833172,0.6979553465471138,0.16182108190719421,-0.14277719772452663,0.6833198947369447,0.09511336270325671,-0.1757143963301443,0.6893153696910886,-0.04105423904800597,-0.09445687087099301,0.7048111685639902,0.29442987321245356,1.208409410003857,0.9347449958770389,0.3280573759351863,1.440119313803033,0.9985205179121761,0.385705887290026,1.3247704582242952,0.9020214507156694,0.3074045487297286,1.0963179101792033,1.1628215518812026,0.4030972175240689,0.8865881104858435,1.0156910932084875,0.328115036336569,1.0118288676755656,1.0459237542575253,0.3601773173165662,1.156765479328041,0.9392976424856398,0.37208696688389054,1.1607731843900784,0.9241620191640874,0.3985843580420543,1.1097619448182747,0.8916331347624828,0.24880952091686354,1.2145260090706334,0.7690927434566046,0.299321024654182,1.0477353251890251,0.6694064022791117,0.44076704572740805,1.1372810890396037,0.5874710795868268,0.45812680804517364,1.1802203210243754,0.6010410482576409,0.39013030612467786,1.2050702654170191,0.7675163447674196,0.45444336132357244,1.157021800590067,0.6428609261017113,5.25
0.2894213706041387,0.6433708468711791,0.9558905853140397,0.37285481911951,0.2833602347308463,0.8145249864162627,0.3200962036783451,-0.13428087188914667,0.9243751416262235,0.3778576155468345,-0.16576342082525886,0.8630776254923581,0.3987062855364146,-0.14864936416539098,0.8954105514621897,0.26420361297549644,-0.1509579224164101,0.9065389248054307,0.22380726832512715,0.7481509650785558,0.6743335245838166,0.22382864658370324,0.3303753232881351,0.6073609068144277,0.015973020285995673,-0.0758914466274545,0.687649331503088,0.15898764465352547,-0.13958857434124586,0.6796857175322736,0.09350311470326618,-0.1729722669837646,0.6873794676950205,-0.04451672428277137,-0.08929163930328292,0.69357536008846,0.2950969845038167,1.20737881771119,0.9437061999251286,0.32991285999497466,1.439333127924837,1.000433835304941,0.3858233036029658,1.3246518860033405,0.9028679355656695,0.30255125666946225,1.0959544919590252,1.1748781283618703,0.3978307388274603,0.8757054047370709,1.0424557970134034,0.3274617190530319,1.0110898777722503,1.0502982624515633,0.3701562948827634,1.1586053459892076,0.9219881585055769,0.38021485364193336,1.1608422982213888,0.9156515750363856,0.4008424182044045,1.1077129034974438,0.8904403534989895,0.25126068091208403,1.2136750166291244,0.7699647239479781,0.3059639930958664,1.0450613345258795,0.67707229763946,0.4481593965983237,1.143345578135843,0.5751507251566371,0.45209743165086275,1.1783690366347863,0.6253279491224759,0.40109885663679545,1.2017770643595331,0.7600061487542116,0.4552502024243694,1.1530407399243239,0.6568526127863556,5.266666666666667
0.2851398422760222,0.6359802046366204,0.9691945974147133,0.3713865302088491,0.2802874135188562,0.8199782135457497,0.3191373636238223,-0.13762307443664046,0.929256265571039,0.3774968352979901,-0.16692132281817187,0.862723571249135,0.39782840699585276,-0.150498751280625,0.8991698899870206,0.26416784786826747,-0.15275649915815748,0.9091500377648283,0.22640305894255647,0.7479658997477556,0.6737011125055884,0.2254367297841697,0.32937837955932425,0.6077627765679686,0.014888333800107218,-0.07118602710195956,0.6771148248779234,0.1547084090793726,-0.13391094113435204,0.6738899440192856,0.0903338206379324,-0.16962329253852387,0.6858907908180459,-0.047665559534503285,-0.08503462842928063,0.6834028152795864,0.29585998851046663,1.2062116384149817,0.9523408188258505,0.33146081303107816,1.4388788987243522,1.0016135589686597,0.3863388313266294,1.3242241517824394,0.9051970694047601,0.2973170637283689,1.0969878526880423,1.1853708345749714,0.39346707138517856,0.8663689207151037,1.0629416922039059,0.3356837277788509,1.014541703954976,1.037205947784721,0.3802100849786274,1.1600510970180475,0.9056503978343546,0.3876877669322595,1.159720412053732,0.9069037879536241,0.40348796187580943,1.1069688955034869,0.8875779271118855,0.2536498168976994,1.2131154603660175,0.7710636135290749,0.311153539376577,1.042107644508979,0.6821409590549852,0.4492431057754631,1.1437088127637995,0.5844604145289671,0.44270334889045887,1.175689878863377,0.6596973482493438,0.41013138984652087,1.1975397536884789,0.7571101350307079,0.4523444645228578,1.1481693580081287,0.6787926602937193,5.283333333333333
0.2814366357744912,0.6293636120375095,0.9815284036081229,0.3698582731168943,0.2774414536742128,0.8256062059364393,0.31817806845865393,-0.14123226479479553,0.9342669335441522,0.3770459446415433,-0.16882520883565877,0.8616858353055539,0.39720109053216435,-0.15166495986339246,0.9010249476304796,0.26426487687073785,-0.15511388801042392,0.9123767212364609,0.2285907918743332,0.7478700319906634,0.6740283251912009,0.22707987965801663,0.328664865335159,0.6088345458261631,0.014351894403679,-0.06664175118404253,0.6667401435188441,0.14936749137782104,-0.12644698978159993,0.6665306294580046,0.0861981388654471,-0.16641213721775958,0.6841605997453,-0.05030821524616587,-0.08161893626837571,0.6743579970624245,0.296621582501705,1.2049862642552305,0.9594509792002981,0.3324262720235298,1.4385875815424627,1.0020023504132118,0.3872250049271451,1.3233675776710614,0.9090105548868961,0.29210662075336924,1.098749880989226,1.193479568313458,0.39048918529733434,0.8595891892045958,1.0756224119577575,0.3498652923169621,1.021033878395219,1.0116179996618102,0.388588356135081,1.1607465054066963,0.8926989805136933,0.3939560413238269,1.1582420903859085,0.8976664415276223,0.4064920312079172,1.1085147319740047,0.8831461035216751,0.2559166437958919,1.2127578200962437,0.7727000589584396,0.3148853520018053,1.0391066151771577,0.685021375134059,0.4463234082891405,1.1367939951826018,0.6142883688538787,0.4332473541983619,1.1719808951069677,0.696937772971747,0.4166798791737626,1.1921848249304743,0.760041271031989,0.4490018824911811,1.142292637116648,0.7020329529789446,5.3
0.2784250528373987,0.62371905560427,0.9925225203674806,0.3682126929037608,0.27466436777264147,0.831590589399347,0.3170835064450062,-0.14513330513282094,0.9394668008316895,0.3765808333885801,-0.1712347609829043,0.8607544132402313,0.3967582283761927,-0.15278703291955809,0.9018105785018095,0.2643461981768729,-0.15770167200636515,0.9158530872606827,0.2303417160229754,0.7478666848325983,0.6750338815021564,0.22899143271559352,0.3284111971805077,0.6101126584758656,0.014225669005819452,-0.06236998109643489,0.6568642833389406,0.14373899945422797,-0.1186187793774083,0.6584477774763458,0.08205596637190336,-0.1636134971246044,0.6813759276227913,-0.052278200889815114,-0.07893825970711633,0.6664466119117235,0.29728329959397354,1.203797259154219,0.9647074060820873,0.33293200796381517,1.4383035043717076,1.0018357857324505,0.3883353269898142,1.322125474937704,0.9138425095996661,0.2876507933892282,1.1004771108937144,1.198598051236095,0.3890383298493552,0.8558521305675186,1.0808987635518617,0.36490050756993486,1.0286854725628678,0.9822150446425095,0.3943992421568887,1.1609854488261147,0.8821188608632586,0.3983556060919617,1.1571799835788137,0.8879289882888393,0.40962869471108054,1.1126003954965342,0.8766680387423206,0.25784085547145286,1.2124891113194285,0.7748947742960812,0.31728844572837156,1.036310042845879,0.68657939527676,0.4417587551958314,1.1237394580732347,0.6574954670184346,0.42502927679391483,1.1673517614060978,0.7329187408738418,0.4207124059243597,1.1862245918185514,0.7682275864287236,0.4468165272476392,1.1357824957261176,0.7224893188252506,5.316666666666666
0.27621925417595733,0.6191193217576748,1.0017992863421903,0.366409374027202,0.27172198331016373,0.8380106354802459,0.315675188861788,-0.14941863333881134,0.9449853499259571,0.37610517604369487,-0.17356442048357912,0.8600915227563422,0.39645509598968287,-0.15384394980929858,0.9018700974360953,0.26424784992774913,-0.16014081937103872,0.9190109493922248,0.23174039272255878,0.747896804706019,0.6763310102883648,0.23122327217958608,0.3286616292869422,0.6113672831076977,0.01451297280806096,-0.05840571632940646,0.6476730385250119,0.13882445906169616,-0.11251014801512502,0.6511846731606317,0.07885698818457938,-0.16140540039920842,0.6773423645040959,-0.053435687944015875,-0.07678641622875697,0.6596082203301636,0.29780145914857403,1.2026724304948866,0.9686986283137207,0.33340819211639366,1.4379201759411555,1.001527539405514,0.38949045202794985,1.3206753855374993,0.9189834376808653,0.2846820352537026,1.1014919086630055,1.200817168650664,0.38872518324077676,0.8547225535419166,1.0815357567440387,0.3759517353197459,1.035765434325266,0.9569124013791073,0.39775453300411234,1.1613780153338973,0.8714136952479763,0.4007282895145221,1.1571088625106496,0.8774875478557493,0.41254583041676374,1.118721005898212,0.8678860882588694,0.2591500470844874,1.212213898070154,0.7773942290446535,0.31864527260073994,1.0339888712359555,0.6874738525986945,0.436504163599233,1.1069589185430584,0.706535978936486,0.41799843942835113,1.1620259583299362,0.7659286945246823,0.42250612946419475,1.180494688564161,0.7798972332982704,0.44533483785986816,1.128964496125693,0.7395763834502327,5.333333333333333
0.27497361347467897,0.6155732869446555,1.0088321064212262,0.3645686329952204,0.26863548797909287,0.8444737639148645,0.3139169051365586,-0.15397508489572653,0.9507410137524808,0.3755976710790582,-0.17520188741439,0.8595501296545717,0.39622943441571745,-0.15451507452707547,0.9014591903637905,0.2639020293864676,-0.1622352403911321,0.9214855064285937,0.2329664906707684,0.7477934227829379,0.6777121083966194,0.2336614204639155,0.3293468040070635,0.6125505042935815,0.015324786681818291,-0.054710076727513754,0.6392657834657589,0.13550916847327463,-0.11014337378342098,0.6461668752820484,0.07724986235295413,-0.1605190091967287,0.6727067883429644,-0.05364698114875916,-0.07476796437206429,0.653561759219898,0.298208569369799,1.2016400099849185,0.9721986993472165,0.33429204970224613,1.4373672837755993,1.0013090720546458,0.39053413998611103,1.319234140706869,0.9237321740596525,0.28390153416120184,1.101205127532867,1.2013358396993201,0.388766543549646,0.8547451256514035,1.0815580457529672,0.38075055270569624,1.0411863601420985,0.9395875522386727,0.3991979847139395,1.1621683988250526,0.8601463047346098,0.4016911125926734,1.1583762900280752,0.8658895290136217,0.4148070663367342,1.125807373300045,0.8576590919178455,0.25963299345166657,1.2118690065742037,0.7798422766809032,0.31933838472773435,1.0323497582788799,0.688103617059507,0.43087677940368474,1.089130457676384,0.7554425307462878,0.41236992058933686,1.1563978492750986,0.7940810912707874,0.4226214333193139,1.1758322070278606,0.7926988723780266,0.4434989031888955,1.1217877585108074,0.753822617078161,5.35
0.27472669403532846,0.6130642261964775,1.0132931316751752,0.36296493690579557,0.26573465402456553,0.850198314122713,0.31203541767012294,-0.1583667854451542,0.9562483775143911,0.3751402317161411,-0.17578615011912865,0.8590733835585594,0.39602483836096575,-0.15470911833628131,0.9009635322760589,0.2633859109281217,-0.1638544307821918,0.9230449415439468,0.23413457346053107,0.7473607959646016,0.679295716716944,0.23616464336105586,0.33035764346683166,0.6136722696737948,0.01675250493660687,-0.0512908199161583,0.6318398570649122,0.1341123275772128,-0.11229741839320503,0.6435107222568808,0.07736065866038001,-0.16186576378821171,0.6685763472077423,-0.05280547409981487,-0.07243612450802574,0.6478585998695754,0.29856882740811996,1.200761060857274,0.9756294948406468,0.3358119551350159,1.4366582767607379,1.0011826934008443,0.39136479255849,1.3179632649913862,0.9275504183759424,0.28588417483823064,1.0992677409177158,1.2019424332796542,0.3886017989563727,0.8543266853347548,1.0839397397042667,0.380021877314771,1.0445341461598792,0.9301880927929616,0.39907391589353686,1.1629331017000863,0.8508827845819147,0.40192329650817915,1.1608512696603441,0.8538310952151296,0.4158933377461125,1.1323862203682469,0.8481626996036347,0.2591317720336832,1.2114566170149492,0.7818888786752013,0.31966934625719334,1.031502057717321,0.688754576790422,0.42546839422356875,1.0732246015225755,0.7986062528403162,0.409094359637475,1.1514292297011655,0.814306161412574,0.4218803960937002,1.1729270142235408,0.8040598025573977,0.4409075075603024,1.1146573419237407,0.7649758257744996,5.366666666666666
0.27539599119231917,0.6116647598168521,1.0150735942017493,0.3618708132340095,0.26338906256238637,0.8545355826359362,0.31033085394121185,-0.16211335619023054,0.9608792107200854,0.37495373787240965,-0.175233881468369,0.8587802225704029,0.3958592130112846,-0.1547427949389073,0.9006276882962738,0.2628711784665917,-0.16474509795262382,0.9233664632507339,0.23521500806653994,0.7465343799550477,0.6812788252773032,0.23860986574795498,0.3315238741219979,0.6147548440256456,0.018790688337767973,-0.04832982406540526,0.625799408518891,0.1342936538305575,-0.11799734905185802,0.6422787369524817,0.07886795931155705,-0.16522883314053816,0.6654858224722957,-0.050896574209966065,-0.06960633379053711,0.6422907254456748,0.29894399863963983,1.2000386840245703,0.9790150740654682,0.33793871996577773,1.4359583707668195,1.0011541635736854,0.39193737300149245,1.3169389022738613,0.9301228119036438,0.2906602803385261,1.0958440151531263,1.2036887913651442,0.38841257142903685,0.8529306637336451,1.0888400666576479,0.3764103914405066,1.0460246352513165,0.9264375406408387,0.39745727463188435,1.1628405657524308,0.8472024912023011,0.4014820788455462,1.163524702621888,0.8445297163946752,0.41523718386468167,1.136595486243453,0.8427697416100111,0.25757493510408985,1.211047072321548,0.7832440441835781,0.3195809732850965,1.0315109282703654,0.6894235336922356,0.42084733197172836,1.0625613023801,0.8299956316141417,0.4087509808943227,1.1485327491621953,0.8243486420644839,0.42113768501389515,1.1721697289408104,0.8117767447383322,0.43800922026531364,1.1091747954387714,0.7722291241721647,5.383333333333334
0.2770246287671671,0.6116715650941733,1.013824457924747,0.3614148345626125,0.26170012863622094,0.8573560479595485,0.30895164165198136,-0.1649160823088373,0.964182752733396,0.37518355175872226,-0.1740005386675367,0.8588459455388274,0.3957584658424436,-0.15520387358993287,0.9004347565287973,0.2625039962386199,-0.16468160130204357,0.9222191978010222,0.23613558825988903,0.745433274449641,0.6836088913920516,0.2408461210112626,0.3325821003512215,0.6158751892133119,0.021334273549775868,-0.04612339438754398,0.6216158515241432,0.13546069412292044,-0.12534354304311,0.6416205338410267,0.08141629089451194,-0.1688858952342926,0.6626955640812228,-0.048048243604639766,-0.0664834667205511,0.6371535132869917,0.2994193018382504,1.1994191370320217,0.9819033517516247,0.34041967738459444,1.4355765815369885,1.0013488438466247,0.3922363020030818,1.3162298936480847,0.9313142793169805,0.297584419184276,1.0915976923700799,1.2064624341871866,0.38899313334449115,0.8511968241961996,1.0938649962932057,0.37291808601717136,1.046059592031492,0.9260029911510853,0.39441538148377353,1.1611279812775912,0.8515529832618043,0.40017790326511793,1.1643946442587638,0.8428847079178332,0.4124106474184023,1.1364426851108291,0.8455514943224216,0.2551127831689392,1.2107348991883302,0.7836937919925373,0.3186581110477042,1.032431392404931,0.6895731344125278,0.417130866602466,1.059620193355592,0.8450199417317175,0.41051273434480184,1.1485432402148947,0.825381585113742,0.420840347379254,1.1734130300548367,0.8150667323094268,0.4354898634855191,1.1071891649905357,0.7755426246821724,5.4
0.2798710194473656,0.6135057533338945,1.0089222871734176,0.3615659129876584,0.260505854451864,0.8588806292822742,0.30794869423835836,-0.16658628594700806,0.9658595328737815,0.37571536196722144,-0.17318998453667292,0.8592950944226216,0.3956553816790769,-0.15657690714173766,0.9003589056258755,0.2623367141272319,-0.16367906489215492,0.9197048497811573,0.23686364476345606,0.7442685894012382,0.6860158956509186,0.24273478805476528,0.33328706769230354,0.6171811509469434,0.024258157177917298,-0.04481734834649895,0.6194909814844881,0.13726853638344677,-0.13252811673718587,0.6411895568390366,0.08488751659397531,-0.17089731743666947,0.658993300874494,-0.04446945184406346,-0.06343841598870378,0.6329478819346056,0.3000875981177002,1.198929844313828,0.9833921942918347,0.34285587661591077,1.435811931716631,1.001844748617249,0.39226677089808926,1.3159587481803054,0.9311580897669696,0.30565054252544255,1.0873049783649438,1.2098787172735135,0.3912709183530175,0.8501699660776681,1.0956386312386326,0.37158920428104814,1.0444898885682843,0.9287994310919206,0.3902242131736204,1.1574104620926564,0.8644985428174288,0.3981755072307479,1.161114264148774,0.8529650840476359,0.4075536284197695,1.1307646210846467,0.859567333574504,0.2521405239193976,1.210574789987623,0.7831200395122269,0.31649673375550097,1.0342563214224043,0.6883996980556462,0.41402104222262365,1.0642189758298732,0.8442843756554677,0.41254814411736923,1.1510553119254732,0.8217182118239308,0.4207154426561489,1.1758280347239989,0.8154536152337484,0.43355304378509874,1.1093775407606932,0.7765191412029735,5.416666666666667
0.28411832936270337,0.6173814715722324,1.0001218192755699,0.36222660008389107,0.2597103782582204,0.8591967733551649,0.3073981013325191,-0.16697403913941716,0.9656440347442239,0.3763692706659356,-0.17366530473945857,0.8598649159583782,0.3954464817275472,-0.15873877874439762,0.9006283647386838,0.26235984750288116,-0.16188182846703086,0.9160592887954885,0.2373565546120385,0.7432162740351038,0.688323934121309,0.24422537922245133,0.3335072051545147,0.618798976916319,0.027476272379190963,-0.044295954928454326,0.6192172160925768,0.13996313403351154,-0.1378573584661639,0.6406395938901147,0.08949768716051258,-0.1701025067384571,0.6536975406869653,-0.04034228624704499,-0.06071796189699365,0.6299237158237744,0.30095093271309703,1.198724006832107,0.9826061588128475,0.344806140972279,1.4367495712719027,1.002398221585848,0.39206687471366336,1.3161947760781296,0.929886206486901,0.31376355586575205,1.0835021851590414,1.2138818653814163,0.39573888803235185,0.8505540979111926,1.0916493669800857,0.3731739467506352,1.0407239018523657,0.9368142928682679,0.385546911235513,1.151684238313094,0.8847665724597771,0.39587165244981126,1.1522263684365708,0.8757993673990432,0.4017555006210556,1.1201136029437861,0.884609457600658,0.2490966579113752,1.2105305612601658,0.7816379159705985,0.3130002900914526,1.0368127462369374,0.685538969962427,0.4108316376348836,1.0735951610803598,0.8341680212286429,0.413209865780076,1.1549193960111863,0.8179960990843551,0.4199828578663309,1.178179019231936,0.8162660673777515,0.43173324151853676,1.1150487329510883,0.7780749439599686,5.433333333333334
0.2895878408401182,0.6230793859718188,0.9880362148768581,0.3632888892527713,0.2594106833122145,0.8582079449661395,0.30734837904933293,-0.16604720482120677,0.9634212040909012,0.37720914690467633,-0.17513309986083248,0.860086829811026,0.39516547851136896,-0.16089545145515333,0.9015038770235966,0.26256898530954553,-0.15937845036613033,0.9114189901688072,0.2375230743917186,0.742325988101536,0.6906685799855641,0.24532721989914838,0.3331703493798797,0.620716406455415,0.030850413450970154,-0.044412761807284165,0.6204372420999269,0.14424586176570214,-0.1396596552832595,0.6392724178715404,0.09572474101214404,-0.1658815244166741,0.6465014080255057,-0.035824662674418466,-0.058348302398288754,0.6280082910716513,0.30188053423963157,1.1989821894539239,0.9792404744204111,0.3459276515502862,1.4382159826536796,1.002472750366395,0.39166529870027456,1.3168504917138588,0.9277198648701406,0.32101759771173133,1.080484580001314,1.2180856261840884,0.4019890893668054,0.8523923769384446,1.0815428297351333,0.37763878058326594,1.0346476858182796,0.9508303632236599,0.3815263886782635,1.1443555164563994,0.9089544807128888,0.3935803273918169,1.138133537861106,0.9083874708286077,0.3968021165536872,1.10648447668838,0.9163880144119366,0.2462177284483106,1.2104970925964158,0.7797303104270603,0.30842021787698926,1.0397512984469877,0.6814114288830686,0.40660298643743686,1.0846434551161166,0.8220055830841141,0.4116016540718817,1.1590024478061784,0.8171782613990264,0.4179233014938165,1.1795054837535277,0.820473869701005,0.4292525819647196,1.1228748945010314,0.7831164941943224,5.45
0.2958559387832137,0.6300774485484253,0.9738189767726007,0.3646250773477585,0.25964135593988746,0.8560608072328968,0.3077282663104741,-0.1639655336085216,0.9594199762743371,0.37851048855673164,-0.1763196211141478,0.8594384299795477,0.39508959591466486,-0.1620984793323194,0.9026017682365118,0.26297984094484805,-0.15622516446701656,0.9059190971044037,0.23726854954977306,0.741504790588821,0.6934205582489,0.24604876034379747,0.3322526760136817,0.6227783245530164,0.034122973811681424,-0.045120929832104015,0.6228821138443827,0.15051425251471262,-0.13696849940682934,0.6364630235783356,0.10376057600801267,-0.15798887459697739,0.6373097272948878,-0.031090368400576086,-0.056192108725471895,0.6269888873808752,0.30269942720967047,1.1998172327095848,0.9737721037195273,0.34613527962665935,1.4399144027021546,1.0016176548164906,0.3910322520331812,1.3178176351234285,0.9246407289610881,0.3270447949887224,1.0784923806860571,1.2209880396194939,0.4089389727427448,0.8553129775563124,1.066983385284888,0.3845442695810457,1.0271791067994713,0.9680818241622815,0.379573783368704,1.1366231528668562,0.9310152046436347,0.3917057971531487,1.1214904605325176,0.9436019620160001,0.39426905691800673,1.0924213897484913,0.9477685259486797,0.24349225479227332,1.210392780619339,0.7781584850610568,0.3032020813204397,1.0426435361642157,0.6768506299265692,0.4005961449978599,1.0955814225117428,0.8114116419368984,0.4073538191997866,1.162571953432578,0.8204879893952643,0.4142490825446601,1.1796248101594353,0.8287309808288726,0.42544873414294915,1.1315644655551425,0.7930377988448886,5.466666666666667
0.30261709392640185,0.6378976613941826,0.9584022124177105,0.3661683097297031,0.26029020767410904,0.8531203755569197,0.3084034483607392,-0.16099046271112893,0.9541210406677493,0.380419171370807,-0.17574871484626048,0.8574309660391649,0.39559726448805155,-0.16167084096020584,0.9028376768509143,0.26358552138747915,-0.15252894665807493,0.8998336671619787,0.23654382991768858,0.7406043720105624,0.6969359411554062,0.24638696083408423,0.33089318301262727,0.6248098239694091,0.037060147617198114,-0.046280167285609214,0.6263045111677426,0.15829289653750064,-0.1301566483747356,0.6321553527836399,0.1129470966763689,-0.14697551306280235,0.6268126680465859,-0.02629605321731529,-0.05407437980617244,0.6266391161836754,0.3032917943045219,1.2012314997102247,0.9673309555699785,0.34565895756960585,1.441566164814557,0.9997281060504785,0.3901444420209869,1.3191472744438884,0.9206448425376368,0.332069766261329,1.077715898783969,1.2206738365978842,0.41571337098968186,0.8589584821136407,1.0507305754925838,0.39282480879925974,1.0200427983600207,0.9838285929672721,0.38061867185436127,1.1304064153505464,0.9443375212936602,0.39086944607220836,1.1065297607228142,0.972241432388061,0.39482353611298693,1.0805187006104255,0.9710389903516394,0.24076995588575326,1.2101988697539703,0.7778256453049303,0.2976668278516389,1.0451622998571644,0.6724212150147036,0.3927691393469789,1.1056854980723674,0.8023602696032194,0.4004480126567166,1.1654117392714327,0.8278682032824268,0.40917538818652976,1.1789893303268317,0.8395317962470459,0.4200479397058827,1.139990798854063,0.8068483222310735,5.483333333333333
0.30982840458081107,0.6462774864266219,0.9421391921622144,0.36800532479637066,0.26139079746951616,0.8494085766855284,0.30932829895051095,-0.15728051436984142,0.9479008210492852,0.3827269320796798,-0.1726369508812446,0.8537966781195545,0.3969023826140358,-0.15926268228968685,0.9012749815890694,0.2643553695218928,-0.14844746366756728,0.8935557892153518,0.2353580108889831,0.7395706002356769,0.7013564701869481,0.246332151774676,0.32942580311055597,0.6266944116712967,0.03959036071474994,-0.04756455662806394,0.6304066763126688,0.1664730783982496,-0.12070953535697086,0.6267190753836871,0.12191515536599426,-0.13450020478041136,0.6167175261553824,-0.02157547452579605,-0.05193422261472182,0.6268643737248099,0.30364874980279066,1.2031149841427125,0.9612734756613592,0.3449047334157753,1.4429517279624855,0.9970554580082465,0.38908786551700353,1.3209416782667,0.9161136867207047,0.33673231354236977,1.0782382256346676,1.216226554680371,0.4221396120056842,0.8630129316578641,1.0359128145531988,0.40081924338973707,1.0151492730727334,0.9942320357028931,0.3843347837657443,1.1273543347270307,0.94614522957907,0.3914583811622123,1.0972048283436475,0.9873493871842466,0.3982357851732129,1.0732303271985009,0.9801206928497653,0.23779191381640793,1.209893050425621,0.7798058156427713,0.29175524009623444,1.0472511266679392,0.6681327995584097,0.3837635183172158,1.1143901955404187,0.7938591447602181,0.3915892126565069,1.1677219285855236,0.8380707583681137,0.4033564833180695,1.1781831031097072,0.8508109143543567,0.4134582888049372,1.1470507885437338,0.8213575567412836,5.5
0.31749505435281117,0.6550571254596976,0.9251564228388385,0.370300962455324,0.263284890273067,0.8444208075745623,0.310595221887684,-0.15280363887347342,0.9408428359461839,0.38505297326445265,-0.16743635960893477,0.8487310322529515,0.39896670786261573,-0.15481622252349828,0.8974811124037902,0.2652793659398229,-0.1441243835405582,0.8874625168209427,0.2337622074807347,0.7385015650613103,0.7065855667328704,0.24587971962425895,0.32823166718847774,0.6283158734371447,0.04173491227189449,-0.04864470041759836,0.6349267054738238,0.173908631238413,-0.11059315169936282,0.6207271625570376,0.12926824318402336,-0.12304761437421856,0.6091547662943496,-0.01709239090841823,-0.049882636674845895,0.6278560644840167,0.303823586038502,1.2052586676749149,0.9566941510626115,0.3441532391484926,1.4439171741664278,0.9942120820068099,0.3880258433729402,1.323126288040921,0.9117444948486804,0.3419438500269708,1.0802510591425116,1.2078052945630844,0.4284328799988706,0.8670388464167761,1.025211171505758,0.4071963783536708,1.0140322792284333,0.9967495413893068,0.38933266004160066,1.1281209484392383,0.9388643090609939,0.39323478346973145,1.0957965736470798,0.9867549496503808,0.40362448302552495,1.072593976832642,0.9719129313968027,0.23414975211537525,1.209388184500153,0.7851944564841695,0.2849894535595372,1.049050194639618,0.6639614446097977,0.3744071936362806,1.121077926345143,0.7857653485597099,0.3825203084807013,1.1699438461240237,0.8486909010216978,0.39766858375469194,1.177617915714705,0.8610635581179573,0.40698522574418233,1.1520500864806773,0.832369178477488,5.516666666666667
0.3254403791338594,0.6640571541562704,0.9078009338193058,0.3731662092115567,0.2663731070539801,0.8375506522154691,0.3123173644026329,-0.14747001699333728,0.9329430519177698,0.387186044530784,-0.16136947210816258,0.8428937221095006,0.4016078564875792,-0.1487195714192677,0.8912245588873681,0.2663629137087645,-0.1396460761720661,0.8817794417089455,0.23184258628638132,0.7375498978459077,0.7124100184265469,0.24505707901812807,0.3275728299804137,0.6294943417166146,0.04349916210221609,-0.04933970053826944,0.6396979439334305,0.17977527449851555,-0.10188503386387063,0.615170367681298,0.13424229763713355,-0.1149452375441328,0.605638505976479,-0.013043363732495863,-0.04810124128111991,0.6299757292059572,0.3038585660803568,1.2073722796751352,0.9541779333859159,0.3433583672487476,1.4444331360374807,0.9920567457588334,0.38704850902265087,1.3254651078741075,0.9081592243858955,0.3487527598988802,1.0842634163202456,1.1953196153844043,0.4348983947201108,0.870771186644753,1.0195871348229315,0.41178362747756825,1.0176074105216883,0.9889342313925644,0.3941573129513104,1.1325821491442984,0.9270856873144304,0.3957779460752428,1.102833678157677,0.9718575558139964,0.40977648679355105,1.079656831635831,0.9471406092444115,0.22939223989625748,1.2085712544861846,0.7945321438858424,0.27663716632731283,1.050666171073613,0.6603571375284703,0.36526497490375076,1.1255254066901363,0.7788283893805066,0.3754132019398685,1.1726200272742906,0.8568942580502363,0.39288977406828274,1.1775921269117609,0.8694259675917828,0.4024121700450861,1.1556245718463471,0.8362452931139837,5.533333333333333
0.33335836202419694,0.6730671151894498,0.8906472321979304,0.3765870060769742,0.27074835156276933,0.8286566256741348,0.3144975348859491,-0.1413529545817469,0.9243815823906402,0.38912964177091475,-0.1556521131276918,0.8371418798001921,0.4046058642028709,-0.14202143526922384,0.8826339713929617,0.2676047294294692,-0.13507627296646496,0.8765671697153034,0.22973429448048843,0.7368089621348557,0.7186232877652274,0.2439206585496089,0.3275046712370733,0.6300388939804318,0.0448734877597989,-0.049595275810704234,0.6446080112476875,0.18352575183165515,-0.09657457526150232,0.6113892931139207,0.13690213194608802,-0.11129499839355239,0.6061512158504301,-0.00960721856625647,-0.046704712011924485,0.6333778899203241,0.30378334054040584,1.2091673006504207,0.9536566310903314,0.34230415223020183,1.4446773631397902,0.9913439935316471,0.3861090711167829,1.327794577441777,0.905483293434401,0.3580865924751738,1.0908767168060616,1.1776330377243207,0.4419880293621462,0.8746760373176519,1.0172989683224052,0.41535321641508216,1.0260846605697416,0.9690329768736601,0.3980137768543679,1.1401830568461948,0.914391670810806,0.39931825635046225,1.1172066967054843,0.9458800588808753,0.41582421247474444,1.0938029335899329,0.9112393496437227,0.2233055275807298,1.2073869693683938,0.8073665910063047,0.2660961458204079,1.0520780255851365,0.6578814439562471,0.3567199588230585,1.128268544446767,0.7733573944866132,0.37168056354820483,1.1761681296914785,0.8606342185097571,0.38944956567721467,1.178529253226354,0.8750792547470398,0.40096380814621024,1.1596184947377575,0.8311425694320849,5.55
0.3410257554278141,0.6818603050632794,0.874265379710219,0.38035097558313036,0.2760307325051148,0.8184210127075314,0.31701321338051014,-0.13477654593454402,0.9154510819432006,0.39082912224177624,-0.15139116795609056,0.8322018986170557,0.4076713363012905,-0.13616591374476952,0.8725699663855626,0.26898724692910186,-0.13055062063731332,0.8718351025344975,0.22758797923429033,0.7363005906520186,0.7250599742058748,0.24250394147269586,0.3278907386458824,0.6298596451562984,0.04585127370460348,-0.04940526118577196,0.6495398471323711,0.18470231079041438,-0.09591310527043663,0.6102937951546956,0.1376884777384943,-0.11162427001393883,0.6091697188148372,-0.006907940249032935,-0.04570326964456292,0.6377976396776648,0.30366095370889445,1.2105192821687114,0.9543632410802387,0.3408927164726357,1.4449829068902376,0.9924276833731929,0.3851080199311371,1.330168870181986,0.9032640900980695,0.3702153174407075,1.100215083255671,1.1538367456283696,0.4502385983092787,0.879908222431139,1.0143478041802048,0.41884806426495,1.0386824575441016,0.9388203271739811,0.40084774574498216,1.1499205239044832,0.9025690303964355,0.40470301812075343,1.136199525730248,0.9138331507069437,0.4217817324429918,1.1128614395162657,0.8727008323035634,0.21611055002819002,1.20584070133595,0.8225006256593639,0.2532567540636662,1.0531070878693822,0.6568921583289244,0.34929637483669673,1.130372823601672,0.767951092650943,0.37128955152203547,1.180686164201568,0.8587966629893042,0.38739223196643024,1.1811923772990247,0.8761134592511897,0.40259082920214895,1.1655272481006786,0.8171283810263261,5.566666666666666
0.34837550249335836,0.6902525262975224,0.8591103238462017,0.3840615886048595,0.28153532518307667,0.8081460530232425,0.3196855963240631,-0.12815566727330902,0.9063315123040147,0.39205094064032714,-0.14959012370556668,0.8285008706833901,0.41037654868552853,-0.13221761481852679,0.8624823242759415,0.2704340022722906,-0.12631997097463887,0.8676842225971366,0.22550490323518757,0.7360334741561908,0.7315628950055442,0.24079115049403624,0.3286119457324209,0.6289717310401981,0.046420311761756206,-0.0487742354508775,0.6543451023681045,0.18308359553503298,-0.09933938043855405,0.611626425252655,0.13687833743347488,-0.11393695307192127,0.6123214488955876,-0.004988515110235085,-0.04506475058092847,0.6427961917412807,0.30357006639681605,1.2115385219387296,0.955305647597368,0.33918942372396244,1.4456076857712392,0.9950703526078106,0.38393378464025196,1.3326645389858482,0.9009497402026406,0.38425009260715126,1.111512500029367,1.1251277671256317,0.45992361200716986,0.8875052804490045,1.0066140945181954,0.42293104099472045,1.053640454815082,0.90459859223681,0.40317645138643543,1.1605441101086658,0.8920961214769905,0.41239720160256416,1.1565984300188887,0.8817744156844689,0.42846232844023024,1.1342004159928631,0.8380705934879489,0.2083870383644446,1.2039610739820361,0.8384431568719966,0.23848442534596853,1.0533277581205904,0.6580132581105127,0.34346979810278533,1.1328450346040542,0.7601014597110984,0.37290351723512427,1.1859229971166516,0.850766376644645,0.38655675488660945,1.186664234733649,0.8692399237064878,0.4061074960940775,1.1736033344038896,0.7952800221866678,5.583333333333333
0.35537914103974216,0.6981648700397018,0.8455140797252335,0.38736477695336696,0.28667557730588666,0.7989360020365508,0.3223514252944625,-0.1217448600509479,0.8971128992958055,0.39261459212308436,-0.15068967038640196,0.8263108683502268,0.41229327560774803,-0.13033142294992095,0.8539559613161468,0.27179432803112313,-0.12263064197929646,0.8642882169428225,0.22352060280849323,0.7360369837904812,0.7379448335969571,0.2387599343164234,0.32979125906844625,0.6273766007228918,0.04659673592095334,-0.0477105988119383,0.6588280701534246,0.17903675236803823,-0.10436808029107619,0.6140408605966861,0.13454790713272052,-0.11516196074336299,0.6130030883260584,-0.0037917867478235744,-0.04480028601796497,0.6481708332645596,0.3035307371030946,1.2124153567613143,0.9559284707525013,0.33728707368075106,1.4465886013867513,0.9983219586188747,0.38242242199672793,1.335027236232452,0.8983760615980859,0.3983583751251732,1.1233605985679018,1.0946648780942727,0.47055791325169205,0.8976245226090908,0.9923312063991618,0.42807484062938284,1.06912312157156,0.8735812493082328,0.40590650684353985,1.1712335027954726,0.8825083791741135,0.4219466038560379,1.1764489192718675,0.854258500706213,0.43714931870800244,1.1557346185524624,0.8090960880636855,0.2008334481380306,1.2018476498796535,0.8535306416795116,0.22245841530966629,1.0521863171661192,0.6623291094837803,0.3388766447069975,1.1361991446080073,0.7484079555145527,0.37447643360147903,1.1913355225103506,0.8372041073513456,0.38678956023782574,1.1958991626564694,0.8519040858662841,0.40974739142887584,1.183387191819214,0.7676574375577778,5.6
0.36195377321693023,0.7055438701402075,0.833683564124724,0.390145072868905,0.29119554064061637,0.7911621086216556,0.32488217595576535,-0.1155749081518122,0.8879564647377974,0.39254987826309984,-0.15428942331218418,0.8259444924083252,0.413305734277595,-0.12997882344690617,0.8480619198268698,0.2729035541562507,-0.11956885244908122,0.8616217564982566,0.22162035129131963,0.7363283810320402,0.7440168176683256,0.23643531426803316,0.3317096947139407,0.624997348094005,0.0464606978801742,-0.04623059875768244,0.6627402882735212,0.17338586772889475,-0.1080856631910996,0.6159834131270748,0.13060505231432532,-0.11265338195637631,0.6093902090808847,-0.0032144194376398714,-0.04500124677118189,0.6540243902285516,0.3034785053499675,1.213243943993723,0.9561465202705516,0.3352603394204336,1.4478179379320704,1.0008793010703454,0.38041632116693735,1.3366815669893721,0.8957031417713985,0.4107053633669733,1.1344562624055234,1.0657382179723995,0.4807833523534741,0.9095538331900666,0.9728245057485759,0.43477639713218286,1.0841496524952343,0.8494472339689583,0.4100954073822014,1.1821120056483503,0.872527244522793,0.43260283441233865,1.1956147401479522,0.8327309939269872,0.4490488520150191,1.1762133988945613,0.785166598887182,0.19403313567954517,1.1997654637959796,0.8661111857151429,0.2062487909801794,1.0493934034405743,0.6705675969487546,0.33408477764819167,1.1404274301258899,0.7340891998312551,0.37412801459356493,1.1963913310117011,0.8206419087086598,0.3880117391029074,1.209074302204823,0.8247292629717811,0.4117802940068115,1.194359298996685,0.7380290724512031,5.616666666666666
0.3679900854757142,0.7122259523571881,0.82373175024603,0.3924490471906659,0.2950695406507431,0.7848192512939992,0.3271577305998273,-0.10963229280449135,0.8791457797269382,0.39193921191214254,-0.15936413564608823,0.8275858141488958,0.41368463975614095,-0.130442510401703,0.8447223011820302,0.273658517317033,-0.11705610197683798,0.8593558914235455,0.21975372177118127,0.7368719680826838,0.7496949489532897,0.23389774230394317,0.3345508351460233,0.6217429019483678,0.04610880872324227,-0.044381142600174894,0.6658676457513377,0.16685496899400437,-0.10871593767577814,0.6165195438809085,0.12467584432976223,-0.10568122407841013,0.6014079242649415,-0.00319805461507353,-0.045803130050497035,0.6605335854333388,0.30331856967974713,1.2140114987106874,0.9559581730330964,0.3332506914892711,1.4491465709212314,1.0018296077393039,0.3779264408339882,1.337116057239499,0.8931089781886057,0.4202189012135321,1.1440173512177185,1.0406324862192604,0.48915316230382316,0.922269096609972,0.9513511869415878,0.4433455351363671,1.0986596539727769,0.8319204895677093,0.4165156992885519,1.1940834236744795,0.8606833674641876,0.44405227932896646,1.2149714251771975,0.8162973502152655,0.4645112558027473,1.195197406758694,0.766474833655606,0.18833885997155603,1.198162300116517,0.8750133073954067,0.19125221018198443,1.0452116213289182,0.6822241811514917,0.32765022718199777,1.145398141203135,0.7200660058278144,0.37097064775632815,1.2011214723746368,0.8043651499415493,0.3899549946276385,1.2253187022099183,0.7915551168450585,0.4112929563588129,1.2061040605432034,0.7107582486251781,5.633333333333334
0.37340612353323893,0.7179920851557726,0.8156081814990955,0.39431014589108937,0.29835750837982167,0.7800020224540943,0.3290468150482795,-0.1040435929392967,0.8710532142638027,0.3907582038584447,-0.16462481001313517,0.8310381001555066,0.4137812843647136,-0.13099427012572795,0.8431465031259499,0.27406344137351735,-0.11497222486079595,0.8572736910555016,0.21786471314881492,0.7375916056904457,0.7550616392617178,0.23124036206859494,0.33830207947493074,0.6175964454655601,0.045584334611834955,-0.04225475318127954,0.6681856074554531,0.15984286185374352,-0.10593312995092169,0.6153178329158976,0.11640324476970178,-0.09542117486325921,0.5905445080549329,-0.003680516449892208,-0.04732507086267196,0.6678388566013914,0.30302920061753924,1.2145965915744557,0.9554232959688076,0.3315050574750231,1.4503970178172532,1.0010047149912393,0.3751934524250138,1.336038846681066,0.890796434748045,0.42657163866635184,1.1515323299512232,1.020896864405115,0.4951448311569403,0.9347448319947553,0.931515765785899,0.4532473637883868,1.112999478010837,0.8196301595618962,0.4250724960317137,1.2080937503595397,0.8465455517580482,0.45613167474063676,1.2351039932783552,0.8038106606372595,0.48260588613185784,1.2129479037636997,0.7535020568186974,0.18392331290856956,1.1974294672548487,0.8800564779776653,0.17871059750590404,1.0404477509207197,0.6955778810499952,0.3192901700390398,1.151203555117992,0.7087538313112309,0.3651585710652388,1.2063653894795208,0.791055666592859,0.39156037263022037,1.2429268621324714,0.7582023931661434,0.40845977688000634,1.2182001204012858,0.6887135756327837,5.65
0.37817185954046745,0.7227721046792774,0.8089809243782727,0.3956813481914654,0.30115756915085445,0.7768499721169042,0.3304156404924524,-0.09906072378612261,0.8640902122809855,0.38893824358776297,-0.16899528369876254,0.8358038698628333,0.41378193517471307,-0.13088125902136263,0.8427928187348891,0.2742304623868014,-0.1132316488306842,0.8555290093679941,0.21592746264798687,0.7384220525334353,0.7602392105327656,0.22852368713802546,0.3428422422608778,0.612646496449876,0.04487449268408359,-0.03996911180746103,0.6698929938560547,0.1526710396228821,-0.10043789370934109,0.6123837448035381,0.1060253086644781,-0.08396458101355403,0.5789704655064618,-0.0044704373632353835,-0.049576944516077345,0.676043203388893,0.3027441129102071,1.2147311458197136,0.9550261878272964,0.33020619461238654,1.4513523293568673,0.9988403706859804,0.3725121453294738,1.333226772745177,0.8892085095965518,0.42992899053886824,1.1566121880806874,1.0074425174367883,0.4991856762684618,0.9459336821748641,0.9160057063828515,0.4629258975404017,1.1274173396494658,0.8119562958331337,0.43464794711999644,1.2243562088500195,0.8312386589749581,0.4680351238951552,1.2553927088614685,0.7949307971185345,0.5011724998620706,1.2300569258741223,0.7450307850821367,0.18084593007522065,1.197452859690644,0.8823365204097744,0.16928748620445064,1.0361943878182769,0.7084010441126077,0.30968070541184833,1.1579753258905696,0.7016174027370765,0.357143675562248,1.2132767205481028,0.782333118869273,0.3907456638672468,1.2597873157785502,0.7312249907063041,0.4034435772617799,1.2301570321675304,0.6731162037532961,5.666666666666667
0.3822657039884624,0.7266681290442469,0.8034751774873671,0.3964366055411898,0.3035449549137549,0.7753357511481386,0.331166362683141,-0.09492508802403643,0.8586676350405238,0.3864908905903711,-0.1719775671074017,0.8411555199786213,0.41372581319350826,-0.1294505341429929,0.843160693379374,0.27431010750023777,-0.11175761892403387,0.854347235361602,0.21395053192096414,0.739339778636696,0.7651666234643746,0.22577009250827695,0.348065644866304,0.6070742642162279,0.04395423198071754,-0.03761819656866533,0.6712461004214118,0.14585755857755242,-0.09375185435389595,0.6083850807370237,0.09447597031566109,-0.07354970572884177,0.5689561919816261,-0.005307863715826293,-0.05233881589073057,0.685031981810209,0.3026935350397236,1.2141379573809337,0.9556452676337948,0.329203512838486,1.451802076410741,0.99609934964662,0.3699661285490744,1.3286528531970436,0.8888619515558754,0.4309514601677508,1.1593580218591304,0.9999293068869122,0.5018557987192607,0.9550695042650814,0.905809545797388,0.47060238675770216,1.14185444902722,0.8081837413688738,0.44375743514891486,1.2419835437535591,0.817122662683659,0.47825996352593925,1.2743060251061733,0.7889651857312151,0.5173444690773302,1.2469226937827778,0.7385254867709667,0.17906741174628532,1.1975184413270363,0.8837446063323323,0.16297347312057597,1.0333795607644494,0.7189317423648136,0.29939344273289,1.1654382845569429,0.7002515056277874,0.3471221727461643,1.222493729305462,0.7784838833642018,0.3852374249909637,1.274031536084644,0.7157276724258366,0.3953103512789624,1.241621439304779,0.6645160391446794,5.683333333333334
0.385601849754052,0.7297455592694106,0.7990647756627982,0.39641777832933844,0.30552188826818005,0.7751821699959993,0.3312917901770097,-0.09177916197667005,0.8551719660478804,0.38351979168182343,-0.1735841692775539,0.8461134153286258,0.41352848801060316,-0.1266904211093124,0.8435287150670706,0.274397777343473,-0.11053943589528611,0.8539329023684652,0.21196878485122891,0.7403324030903902,0.7695497710061624,0.22297310292934094,0.3538984443994363,0.6010980716285402,0.0428464162746182,-0.03521684185617133,0.6723168734852083,0.14007591077298634,-0.08804040284782366,0.6047650278933038,0.08296625031952137,-0.0662597611057777,0.5625168235695807,-0.006027075641724478,-0.05518020406541217,0.6942836871711441,0.30304277191624696,1.212768888408866,0.957901158422199,0.32807337243651946,1.4516468737879442,0.9934863743447668,0.36735263068815255,1.3228620416711958,0.8898524021068156,0.43076395186984184,1.1604785000303697,0.9967106015654944,0.5034146228788807,0.9622505007758422,0.8999257864510871,0.4751332456110594,1.1559245596991599,0.8063557156336449,0.45134917320399515,1.259201493334787,0.8070773371849773,0.4853782936760743,1.2903625937909682,0.7836444426321976,0.5286956351316411,1.263453905673183,0.7321030723943234,0.17852474419584594,1.196818413655788,0.8857818509539976,0.15924538875817892,1.0323227032295224,0.7266337008967063,0.28864346842514865,1.1727598918241908,0.705912352978301,0.3352251299622713,1.2337398122190926,0.7783063116647351,0.3737758406226941,1.2847277713791931,0.713287443545203,0.38248695359329365,1.2525804618405627,0.6631552344382707,5.7
0.3880955876919732,0.731965106691397,0.7959254125817254,0.3955839223898617,0.3071306825304476,0.7757807073578653,0.33089267015243334,-0.08966964324247254,0.8538626375592121,0.3802028360629988,-0.17423478212239085,0.849873607467912,0.4129930223417787,-0.12369541505657754,0.8437417525346056,0.27454157734146245,-0.10980171763994304,0.8546881947428608,0.21005861839585344,0.7413339243532034,0.7730579580676883,0.2200903485379016,0.3602435989651143,0.5948641590238865,0.04168029950761824,-0.032659095736108354,0.6728730193109133,0.13576532147228146,-0.0853109543391938,0.6028751828336679,0.07254172996314234,-0.06365712238646272,0.5608873670974027,-0.006555919014464344,-0.05761187651318013,0.7029715580313352,0.30382445886457965,1.2108431549984908,0.9617093431522569,0.3265860794236539,1.450978021279513,0.9913688011039179,0.36435207157356686,1.3169819048678297,0.8917053694917617,0.43061378033468173,1.1607904195430645,0.9956563724984551,0.5038654518314455,0.9684554959973909,0.8955716041631948,0.47628929015127686,1.169089797125992,0.8037728721408494,0.4567784445673154,1.2741923262922585,0.8022095555164142,0.488694605615003,1.302744586634128,0.7762030517436667,0.5341033074693621,1.2791284807226508,0.7252559541975878,0.17918723921087643,1.1949415086072794,0.8888192148252305,0.157388475013157,1.0325913771836976,0.732234008086547,0.2777789249613678,1.1790739428961252,0.717837955669494,0.32177810219135994,1.2460891697794625,0.7795889696781049,0.3564828491124122,1.2921544635412383,0.721675311853959,0.3638196319282323,1.2632383125528197,0.6688922586235905,5.716666666666667
0.38977550098371194,0.7333193177707787,0.7940121772489185,0.39414865889712575,0.30861860962498805,0.776214598665046,0.3301505925000704,-0.08855680758943396,0.8546266650174578,0.3768715945870217,-0.17477060005053932,0.8524319978888789,0.41199959350128257,-0.12204681940762903,0.8443775549327189,0.2748376755088349,-0.10995791714359787,0.8570575862682306,0.20833215853195772,0.742201934548928,0.7755643976704196,0.21705546566269737,0.366987050950612,0.588394248762647,0.04066193465626326,-0.029755550380061876,0.6725866447492791,0.13282368880064438,-0.086355061842564,0.6031267220080263,0.06383520342156285,-0.06588134269674623,0.5638739754058063,-0.006828370015524898,-0.059229247531174645,0.7102619359208501,0.304979988267279,1.2087617481822055,0.9664629960485187,0.3249543684542219,1.4500615397525778,0.9898685115391599,0.3607256339097027,1.3122550675278968,0.8938502536477086,0.4313529863365765,1.160739732954822,0.9951716302560545,0.5031624462681725,0.9748744875559426,0.8893486302345921,0.4747058124130116,1.18105639076415,0.7985991913510763,0.4594709201154872,1.2859340331780011,0.800054576164841,0.4882290002635237,1.311502173167813,0.7658839544934425,0.5333778537272943,1.2931926806294618,0.7179229535853066,0.18095003263410125,1.191903661059021,0.8925100960339439,0.15666692289620038,1.033282638874317,0.7371534048378053,0.26739602811603846,1.1842703251101416,0.732959260393916,0.30717327765971997,1.2584486633217495,0.7798106928570203,0.33457181172319234,1.2975350106274537,0.7355464301600927,0.3394049687050431,1.273729730307224,0.6805519125412773,5.733333333333333
0.3907114832194907,0.7338767891712081,0.7930886343270533,0.3924794976328891,0.3103458392024009,0.7755785156376874,0.3293054386173745,-0.08825830856561408,0.8568471230110593,0.3740140337273481,-0.1760686712704133,0.8545583629461339,0.4107020455143233,-0.12259041762668525,0.8459261235532102,0.2754651006431148,-0.11121110623510796,0.8610741846134402,0.2068733328680645,0.7428107783139435,0.7771664484404366,0.21383298980973472,0.3739948151101242,0.5817146234821312,0.039940569568347836,-0.026419122383313814,0.6714396271138074,0.13077968896003775,-0.09032877198912588,0.604913145795029,0.05707917706650367,-0.07101759936540461,0.5696260958387267,-0.006790243099328147,-0.05985505661102715,0.7156228526688261,0.3064271873682143,1.2070834081291582,0.9714615773781052,0.32353950760710826,1.449231051884334,0.9889699488842822,0.3563520298684135,1.309525390011683,0.8963367899998196,0.43320765922577165,1.160393713821822,0.9946780319147716,0.5013502607197421,0.9822883641933295,0.8789932446478401,0.4715575109930902,1.1919786508155898,0.7909213864839939,0.45932324951318415,1.2944032528181344,0.7965493697381647,0.48444555574602555,1.3175943823499727,0.7544320854668727,0.5265635569032912,1.3049591981224422,0.7098576395844076,0.18351411696439202,1.1879799295037243,0.8967132973825288,0.15626523911457652,1.0335595223926475,0.7427843917739831,0.2580273156264493,1.1889189616774503,0.7474974657324083,0.29172562290939147,1.269637571619898,0.7774711016645075,0.31016924717497224,1.3023699985443413,0.7483115593579104,0.31114864794357855,1.2839705204922198,0.6953789470408227,5.75
0.3909498275858043,0.7337854969869847,0.7928701614879785,0.39080886091756584,0.3124874396000685,0.773403421126379,0.32858378018225126,-0.088466217698958,0.8597132787599527,0.37197742933379374,-0.17828256922711033,0.8570255008000319,0.4094432818018682,-0.12501250197469044,0.8483747630230319,0.2766047437338212,-0.11328853085520248,0.866240102153351,0.20569513722941538,0.7432031508230149,0.7779581419199473,0.21041297795829675,0.3809830300931154,0.5750704791492927,0.03953273888397782,-0.022817704464508648,0.6697559380152279,0.1292320092000862,-0.09542067496143626,0.6071003153973491,0.052252934916980236,-0.07619808535447586,0.5755699753791743,-0.006434187545524082,-0.05956986975465757,0.7189734736052977,0.30816023638894924,1.206357642079364,0.9762607542502326,0.3225390140229879,1.4487785358320413,0.9884301711439747,0.35129173965471094,1.309037939983852,0.8998420192968237,0.43600468105196644,1.1597038830900173,0.9942868943752514,0.49844284036223485,0.9908615950675776,0.8642357041365618,0.4677983030174311,1.2021747165045522,0.7823700220126626,0.4569347573324115,1.3004228079730162,0.7891711498567873,0.4781627107501683,1.3225821291370958,0.744076360509226,0.5141219824357179,1.3141535269260567,0.7014964105656287,0.18648867429700927,1.1835688086159049,0.9019800983540525,0.15544514357881228,1.033087484853099,0.7499179459154682,0.24989598173369398,1.1934511416414744,0.7589925087309248,0.2757811399551845,1.2783204200555747,0.7739107498208817,0.2861485215665604,1.3076085610030805,0.7557236621344248,0.28241648143840714,1.293662806674707,0.7103188842130215,5.766666666666667
0.3906667874236319,0.7333685071052374,0.792834450661543,0.3891021390095097,0.3149192357547519,0.7697726948883383,0.32808861957621915,-0.08889253742285945,0.8626683878543938,0.3706824889897755,-0.1805916189153407,0.8598312325193743,0.408536538415577,-0.12833542424115862,0.8512266270003329,0.27832513390273467,-0.1157165309176905,0.8719098221832944,0.20478055534500889,0.7435811850436869,0.7779350337142633,0.20670465614036543,0.38743602051204445,0.5689779782346802,0.039383927148886964,-0.019227674813754675,0.6677969388788216,0.12812189983576167,-0.10006584940687413,0.6089132384756315,0.04912262402629902,-0.0795756318903402,0.5799768407055808,-0.005775046722675018,-0.058536045510870924,0.7205051477002008,0.3103050163503597,1.20678973066469,0.9807602327911888,0.32205705365611925,1.4488924895983208,0.9879542567365058,0.3460131713279422,1.3105115720718505,0.904731113330929,0.43954167435893454,1.1586986600751186,0.9942508412081673,0.4943261577764291,1.0002236261799107,0.8463328143004789,0.46340229852834985,1.2115750600206894,0.7753056830845484,0.45276703422548703,1.3052665526253622,0.7783384537676483,0.47038769200331904,1.3279005417020053,0.736475633759172,0.4974659057257659,1.3209687991525605,0.6949254593572006,0.18961484854741728,1.1791356070514045,0.9092004266781852,0.1539470176798315,1.0320729545365845,0.7584240691291222,0.24302929397508632,1.1978832044722088,0.7670430430781476,0.2601050129647538,1.2834436079542595,0.7732249232016745,0.2656302226262902,1.3131873948778616,0.7580346507290581,0.256988543439093,1.3023716654752397,0.723737772505711,5.783333333333333
0.39023215329255206,0.7330824807721836,0.7922713062236368,0.3872114276748199,0.3174096222117487,0.7650487359471164,0.3278283036996079,-0.0893543535898516,0.8654491224562496,0.3697796933930051,-0.18175827867858355,0.8620930952028957,0.4081418474725079,-0.13142153916574492,0.8534968992305544,0.28056442219791067,-0.11823315057974249,0.8776846081675337,0.2041054444467752,0.7441098553784478,0.7772282086876389,0.20253379366237015,0.3928388888563382,0.5639834912587846,0.03942098403390899,-0.01578042451810413,0.6655823973722318,0.12762982214443647,-0.10349479340337613,0.6104173406141669,0.047300973050695166,-0.08087841533396353,0.582525503133406,-0.004822805997086454,-0.05681115083494989,0.7203480675289442,0.3130434923852975,1.2080837471457933,0.9849938841019874,0.3222645842074866,1.449555344514877,0.9876053641413738,0.3413401355889149,1.313237146243536,0.9106025273051921,0.44379797426225187,1.1575025600783382,0.9944727490075846,0.48905484821859235,1.0097062529133778,0.8272367593454484,0.45755801227511483,1.2195788730596315,0.7720313660089207,0.44662151915314624,1.3100223906038526,0.7672614594773502,0.462005208237696,1.3342115846219036,0.733310786674727,0.4787999489374398,1.325865870595535,0.6929282451552382,0.19282087276274568,1.1752467229809753,0.9187652695056803,0.15209556330963403,1.0309750527654966,0.7673998357193195,0.23764620471369036,1.2021904144589883,0.77231671615496,0.2461632838984678,1.2848379718642522,0.7797793970274826,0.2510981571233798,1.318307850366196,0.7585994423037307,0.2382840637618251,1.309696507592034,0.7349905512054833,5.8
0.3899549369573801,0.7332314648215275,0.7908209177058902,0.38507447563669556,0.3198503654195509,0.7595628579790897,0.32783369242671884,-0.0897817707535593,0.8678808217960815,0.3689945774831884,-0.18054861649308782,0.862323091953373,0.408232413471293,-0.13313021081353088,0.8540164168607328,0.283212712181924,-0.12082293852544856,0.8833791161696563,0.20358351759523668,0.7447769596307925,0.7762733981093415,0.19781407943682122,0.3969981965725407,0.5603647680327101,0.039535804277143434,-0.012463620082503762,0.663087452001527,0.12785600976909053,-0.10547857734509405,0.6119201059844801,0.046433859248428536,-0.08059546531248996,0.5836848975092868,-0.0036004550316083594,-0.05431545875561061,0.7184343783127533,0.31647827807880846,1.2095104461782331,0.9889386142346892,0.3233242619792988,1.4503883356380574,0.9877918611746428,0.33794410218643567,1.3161427546815954,0.9170431033004749,0.4488376103433884,1.1562587200301033,0.9942308512327958,0.48311541187179274,1.0186422994079316,0.8089740719056688,0.4496950252084895,1.2256144016342931,0.7734383401689746,0.43830912174736125,1.3152575548884278,0.7599075281640937,0.45355970422193803,1.3412940906140862,0.7358599843057123,0.4602281049952048,1.329427174647571,0.696581368693418,0.19609684322871562,1.1724296958384564,0.9302703361785594,0.15049322592868836,1.030213576965768,0.775804814355207,0.23426456145828062,1.2064585156778178,0.7753906694517707,0.23580902199635312,1.28333726248644,0.795398357565342,0.2434648254491827,1.3220872414574971,0.7613733288236004,0.22845580049802733,1.3154097792022486,0.7432734705092685,5.816666666666666
0.38984849292169954,0.7337508463174803,0.7887505455721922,0.38277302594542145,0.32227715948303415,0.7535265448301872,0.32816756609890074,-0.0902143668816085,0.8698346067303132,0.36814296622307113,-0.175864237737507,0.8587344607662591,0.40860204413239953,-0.13246606745928924,0.851733158282538,0.2861922899522552,-0.12354092591589225,0.8888255013001914,0.20306229455537803,0.7454221705715536,0.7756393245096116,0.1926247927113711,0.3999905476409003,0.5581213249930829,0.039614587614254855,-0.00929607934291074,0.6603547802404561,0.12867098507756525,-0.1060759836797164,0.6132493252184664,0.046290412725314645,-0.07926777634494712,0.5840632647423666,-0.0021698688683921014,-0.05093828697333176,0.7146383227721779,0.32054455852688846,1.2101548656998449,0.9926581505755432,0.32518226033711306,1.4507072494400644,0.9889173567064118,0.33598248616777604,1.31808031817705,0.9241860498304799,0.45451718477200165,1.1550854871328229,0.9927583972492331,0.47720033527885153,1.0266053174758367,0.7932108494793821,0.4401281907937372,1.2296456680592793,0.7782876510787036,0.4282913743381566,1.320961086691398,0.7586652320252778,0.4452846636141068,1.3484367548507326,0.7435233021217413,0.4430139216855549,1.3321336913646924,0.7043372382743833,0.19939722030576537,1.1708163674430931,0.9429552251928522,0.1496618734027951,1.0300061276341148,0.7829887694911193,0.23315952227437853,1.2106307493651152,0.7770098650075083,0.23051443517926865,1.2803600069147505,0.817907620914506,0.24191281338209486,1.3240399081828962,0.7690756242364731,0.22711002598924962,1.3194869465570582,0.7477972890734297,5.833333333333333
0.3897422101580152,0.734322708885162,0.786619966900256,0.3804631351687738,0.3247315244486667,0.7470917468392715,0.3288659852010027,-0.0907362537525721,0.8713042591304068,0.3668959269120662,-0.16738123944889632,0.8499770141425935,0.4088827498423776,-0.12894289609228818,0.8457464178039756,0.2894976296878219,-0.1264528459107061,0.8939290288770538,0.2024217376794962,0.7458597368729598,0.7757573218381463,0.1870992203981327,0.4019062010519487,0.5571671876386982,0.03960663371798923,-0.006390605109680508,0.6574479980871046,0.1298342330629324,-0.10560063863166776,0.6139520377578506,0.04665299468469582,-0.07740410900214245,0.5841593507565346,-0.0006313767157455576,-0.046697671813168654,0.7090162076438578,0.32501505377542894,1.2094155279365784,0.9964731561111091,0.3274952329241947,1.4499248477680386,0.9911666611842054,0.3352390251535973,1.3183930833268367,0.9321548675046332,0.46031358793608523,1.1541196862926129,0.990165523363258,0.47183131835127123,1.0333399507686454,0.7811854409150235,0.4299818393306893,1.2320261550625005,0.784326913458876,0.4175727989518585,1.326372219512221,0.7644881227409377,0.43729090725983766,1.3548082488438635,0.7539507538273656,0.42786567893909494,1.334089992050907,0.7135634876795515,0.2026490513657681,1.1700925040950974,0.9560452379285207,0.14988012552282268,1.030264569609747,0.7889488896820211,0.2339406701991183,1.2143055686230264,0.778363893358686,0.230755525606779,1.2773773014250511,0.8418085902254417,0.2447909368857472,1.3242835652784004,0.7817836597178145,0.23142985044403097,1.322159763609196,0.7482991339851377,5.85
0.38955380578153187,0.7346515028420956,0.7848667771428136,0.378254968656352,0.32720307715969166,0.7403695220898387,0.32990719314800016,-0.09140146219531327,0.8724492208853112,0.36475569409241004,-0.15614008749011787,0.8360776024591208,0.40864383703690776,-0.12296165263962854,0.8358644901120055,0.2931453079635903,-0.129592872772762,0.898785930699294,0.20166556115135648,0.7460029750957311,0.7767969502298931,0.1813505601442574,0.4028309581718179,0.5574477293665102,0.03954280323228231,-0.0038368069850934217,0.6544572676559735,0.1311029506341234,-0.10451903149046442,0.6138450928047875,0.047226360270235704,-0.07568074262644249,0.5842759462277229,0.0009204510956893737,-0.04184530821395316,0.7018980890205054,0.32957676374098566,1.2073567055977696,1.0006832239153594,0.32982300009949717,1.4479034998925517,0.9944180138063574,0.3353761924784694,1.3172230235985432,0.9404765898154615,0.46548495879330976,1.1534952716147786,0.9873562584681022,0.46731175674107484,1.038390680531977,0.7737291907054153,0.4208008234620768,1.2331267744589869,0.7895872764592141,0.407251290958206,1.330252871076571,0.7775291313703496,0.42955140323397467,1.3596062785955252,0.7647905603297739,0.4156160357689289,1.3351393719391693,0.7219883363746697,0.20577265530107727,1.1698768744135113,0.9686723772718968,0.1511946639080634,1.0305741821668584,0.7944554942659252,0.23594959517861905,1.2168940085916158,0.7798864218999062,0.2359663201232463,1.2756220710335504,0.8608951485216386,0.25051965017033617,1.3234485408716106,0.7971366943339577,0.23799858635819165,1.3238869733755134,0.7452849225350204,5.866666666666666
0.38937119959302147,0.7346195095092395,0.7836894516769631,0.3761551915926808,0.3296823321507595,0.733397200027762,0.3311975560197369,-0.0922221770991255,0.8735487564844433,0.36132101823263363,-0.1442350372794292,0.818768875094441,0.40762378036706226,-0.11578003889032196,0.8233723371613817,0.2970416407372322,-0.1328636987163304,0.903605157776591,0.20092331708274577,0.7458969351263519,0.7786789001884004,0.17550325539970857,0.40296912342867025,0.5589237770712052,0.03950353680447076,-0.0016317559128198045,0.6515501020255211,0.13222570059177408,-0.1032513391219666,0.6130380208029654,0.04771288339021924,-0.07483562082934898,0.5844650687693941,0.0024609795838330356,-0.0368719420333056,0.6938576916412968,0.33388125134792535,1.2044548508778348,1.0051565094505663,0.33187479032976985,1.4449474480839082,0.9982765256755591,0.3359869037207196,1.3151917884085749,0.9482923289273191,0.4694924799177227,1.1531968663303096,0.9850896159022942,0.4639086885141137,1.0410884066645802,0.7708197028378412,0.4139883091257739,1.2332680827387945,0.792620215616163,0.3980551152664631,1.3318413317397757,0.7956147998417138,0.4219809380071796,1.362323212804046,0.7748174967992312,0.406979985751889,1.3352459286798912,0.7279419969088146,0.20863312184824132,1.1699909972030966,0.9796435331649495,0.15344482849703533,1.0303918012278692,0.8005784047818943,0.23868536017885839,1.218152864113366,0.7805739979999947,0.24482648004473406,1.2758831959690244,0.8711392746658686,0.2576429141552195,1.3223209255737431,0.8122227568371716,0.24419792358818376,1.325174669421169,0.7401316350860923,5.883333333333334
0.3893130202067728,0.7342893847497144,0.7831161824782251,0.37412395071778287,0.3321456520210322,0.7261966419667899,0.33257372680485137,-0.09319122083044949,0.8748465605797342,0.3565491839693553,-0.13399062328336966,0.8009211849099681,0.4059031055541671,-0.10903905836049928,0.8106816056272558,0.3009683103989215,-0.13604612815117795,0.9085542034883862,0.2003409039653713,0.7456234165217754,0.7811840679233726,0.16968039586193673,0.4026022287520044,0.5614807777865621,0.03957170579468261,0.0002003102800263723,0.6489235551914975,0.1329853175339781,-0.10214551727789085,0.6116620969395438,0.04791267609870452,-0.07524922292641976,0.5846083891142448,0.004043786867400095,-0.03238993589004892,0.6856856255785722,0.33754873271366226,1.2011431431372395,1.0093400568456388,0.3334698931276152,1.441635549436081,1.0022074584343403,0.33661109843339226,1.3128760643569575,0.9548698827740011,0.4723120637602601,1.1530562675289913,0.983457975426337,0.4618985828603497,1.0411224754657415,0.7713389673437724,0.4104095511810156,1.2328996703925093,0.7926753622746238,0.3904115650397836,1.331280566717718,0.8141304762259196,0.41497862628142057,1.3629374125712255,0.7839342039106878,0.4017836685879693,1.3347030288731823,0.7307572123125354,0.21098504981528535,1.1703736968229785,0.9876084002322973,0.15629145045176313,1.0293339298930004,0.8078047962680652,0.24175443445426958,1.2185556261860981,0.7791769254085827,0.2556060082717536,1.2783312874908963,0.8717721978745703,0.264676661305748,1.3214995503930365,0.8247857889348762,0.24865590493577028,1.326442104375325,0.7344337216355284,5.9
0.3893968004194566,0.7338292520737089,0.7830787269570214,0.3721597690029274,0.33450255916875304,0.7188685449057469,0.3338504721030939,-0.09429743624870036,0.8764065966023686,0.3507801531452154,-0.1270653135570172,0.7853194823323432,0.4037885726471112,-0.10415519687900486,0.8000215403561518,0.3047158640326402,-0.1389387576066317,0.9136426507313335,0.19995206999200202,0.7451954400082712,0.7841052640001233,0.16395246290409127,0.40193373518095526,0.5648871103220953,0.03980221886873398,0.0015873988625050017,0.6466472621727142,0.13327289563582245,-0.10150393864960047,0.6097906668705421,0.047763267785134095,-0.07673612620988071,0.5846259011896676,0.0057484994572327055,-0.028885423474273586,0.6781792688337246,0.34030499412251597,1.197788856032766,1.0127082713136177,0.33437361682253164,1.4386468163643051,1.0056289824003901,0.3368510916291009,1.310634867387615,0.9599218458003551,0.4743730018006513,1.1529549364168306,0.9820049249206603,0.46135220116018427,1.0387940435271013,0.7737499080847621,0.4102626226780771,1.232605929004601,0.7900122387023982,0.38489032491832453,1.3291203056396157,0.82909011532539,0.40962439269351686,1.3617783254665818,0.7923751360624534,0.3989891386301144,1.3341358012922417,0.7310185039840249,0.21259506927334132,1.1708567505441159,0.9920452488452086,0.15936185654550564,1.027255810685443,0.8158070170395127,0.24479250095523591,1.2188839209244786,0.7755847128950981,0.26647733254169703,1.2825275529342026,0.8647209176206634,0.2704036100112458,1.321227800124006,0.8333172557133149,0.25127590807913575,1.3279184099636265,0.7292307323906779,5.916666666666667
0.3895599515494322,0.733405342754645,0.7834246475291397,0.37031129121267625,0.3366795117050909,0.7115994149599998,0.3349086753561219,-0.0954907981283282,0.8781270778294115,0.3445318755470894,-0.12382268083967528,0.7735196754840836,0.40157322086042785,-0.10182502392645315,0.7925091717970882,0.30815978201936534,-0.14145830987767252,0.918699457175279,0.19971816319178937,0.7446018264133107,0.787287918303828,0.15835827559746438,0.4010226399660033,0.5688853041612961,0.04020681820968052,0.0025659227639217574,0.6446199173467183,0.1331145835060244,-0.10142621267447445,0.6076740258220712,0.04730786650967757,-0.07874666176141322,0.5845984497369555,0.007630525487185449,-0.026490930712799052,0.671829044756416,0.34219803267660487,1.1948456856847638,1.0152151669865965,0.3344050082197054,1.436541486626634,1.0080444186746897,0.3364982948714581,1.3086941770545732,0.9634189669030924,0.47625397154642374,1.1528605756858212,0.9798801794320424,0.46193534103696043,1.0346151147051494,0.7768357553095901,0.41274278794516106,1.2327290921417389,0.785759310902743,0.3818585058781869,1.3260164458926582,0.8387566555412939,0.40688241024119376,1.3594169104773377,0.7997613038391418,0.39748891265345676,1.3341789712631074,0.7296982163379857,0.21350277164552825,1.171050777850835,0.9940016222759744,0.16242431524225875,1.0241863993744567,0.8238628466375565,0.24740612236968829,1.219587354163499,0.7707945349692437,0.2756743153400962,1.2874993063516984,0.8537527439569574,0.27423227447306253,1.321415977510771,0.8370692505692681,0.2526089877263712,1.3295152203675453,0.7251601635035692,5.933333333333334
0.3897601812220466,0.7331077326855635,0.783948810575083,0.3686251725921661,0.33872041438698347,0.7046211273823052,0.3357404888752691,-0.09664870936113804,0.8798666085830479,0.33833334499302503,-0.12349026208475744,0.7656493570147905,0.39952562866599794,-0.10190878035579765,0.7881641435973643,0.3112365224858464,-0.14358947356710908,0.9234905652499406,0.1996788016476635,0.7439175402269662,0.7905647233778657,0.15294509653219698,0.39982312340410053,0.5733033652468729,0.04072767767588856,0.003254184191943954,0.6427143433339095,0.13270948858186343,-0.10175397659325545,0.6060320198783323,0.046635207075534924,-0.08071381287375717,0.5847008864057129,0.009690843847464724,-0.025034038778767836,0.6667180876151131,0.3435285514537057,1.1926339411944817,1.0172310204096522,0.33367320832383757,1.4355006627725044,1.0092484416177285,0.3355699756442289,1.3070317957726496,0.9652454601528078,0.4783909525518156,1.1526221685798725,0.9763480837450427,0.4630761323571171,1.0291137607265322,0.7797872562369725,0.41598114764145666,1.2330791810920778,0.7812912173444735,0.3806994953482409,1.3228729940656825,0.8427285241366822,0.4066670583753089,1.356759618101329,0.805006041672645,0.39664563222161114,1.3349399595850826,0.7271567645264924,0.21401835612675346,1.170512522571091,0.9951606919082219,0.1653880748847754,1.0203209659131,0.8311529454795461,0.2491221368707175,1.220663013977133,0.7658763025248898,0.28174966470476687,1.2918929884416537,0.8431613374304779,0.2762444050466937,1.3218678219519262,0.8359504643662777,0.253123665778851,1.33088715771326,0.7226582481458732,5.95
0.3900120694610629,0.7329498203162288,0.7845181647363684,0.3671051717508416,0.34067739493611315,0.6981742413669361,0.336393187684854,-0.09761327531882946,0.8815302406070379,0.3327363337364744,-0.12479506396233023,0.7610764357602258,0.3979657468977637,-0.10368501151448083,0.7863836110531089,0.31388049415126407,-0.14528248126090088,0.9278577283316916,0.19995341950367573,0.7432569634664122,0.7938160168336477,0.1477586161098107,0.39830681597111145,0.5780010206460753,0.04124065201171349,0.0036610903912330794,0.6408906270623324,0.1323953465311414,-0.10217888235221918,0.6057473493177716,0.04589962368538385,-0.08224782470041915,0.5850304040983826,0.01187594127541629,-0.024370741882596372,0.6626608153514831,0.3445620152019563,1.1909755462858735,1.0190415887330067,0.33257596496831593,1.4350776592355927,1.009380541899184,0.3342197381789678,1.3051792904871622,0.9655128090432286,0.48092972082127605,1.151929533310063,0.9717019698377636,0.46430962080218874,1.023111674659957,0.7820951966707541,0.418050093594528,1.2332888850538029,0.7770758575245695,0.3800518295771411,1.320680848698022,0.8411836976945428,0.40782069662383763,1.3549383050781543,0.8065092028725881,0.3960709127471048,1.3360672466034016,0.7226517585349059,0.21439138028379698,1.1690493275633396,0.9963128309883684,0.1681774564150901,1.0160546538127688,0.8369808159151776,0.2496760622713137,1.2218448915300717,0.761380378266586,0.28418952031415623,1.2945123588563372,0.8357592385891359,0.2770468784769696,1.3225018289884842,0.8304197627620946,0.25324524154184613,1.3317721307053512,0.7212593802182741,5.966666666666667
0.3903391803323145,0.7328873536737202,0.7851546093175347,0.3657187677791208,0.3424641012793359,0.6924853663863364,0.33688346518053214,-0.09822115450490553,0.8830771620565968,0.3282752801026172,-0.1263576509036683,0.7589912832688015,0.3971023929058056,-0.10615495652149065,0.7862206571426019,0.3159598449633142,-0.14645240517399447,0.9317653045851195,0.20060091723622384,0.7426304942930185,0.7970859686704439,0.14284690171676265,0.3966194425339523,0.582698640979738,0.04162578219123967,0.003677714723301667,0.6392109322941187,0.13244959040512339,-0.10232111709781408,0.6070278098941096,0.04531532243482431,-0.08318936279990571,0.5855277516784441,0.014130423322949691,-0.024584638563043562,0.6595628814410229,0.34543639720192365,1.1892003167780434,1.0206053742915713,0.33157536805877097,1.4342142370235011,1.0087476971079612,0.3326195632553812,1.3024477694452534,0.9647259004038857,0.4836692482476459,1.1505798747522844,0.9673453682334296,0.4653556877773124,1.0178592315097574,0.7835453287406103,0.418084042223438,1.2333948569721065,0.7718109061677847,0.3788463080582361,1.3200942882612408,0.8344033920421324,0.4088091073078407,1.3548774475409726,0.8021349752546486,0.3951179121965468,1.3374800340375317,0.7142666140322365,0.21464107663456,1.1667425685323933,0.9972632195935908,0.1707576080151215,1.0119903616088792,0.8410212248014812,0.24952844826428805,1.222835532420716,0.7574987701438008,0.2839361735938472,1.2951233914019107,0.8316879515516864,0.27756523819835255,1.3233934533735874,0.8216242263752827,0.2537388150673806,1.3323293261917137,0.7190158794252642,5.983333333333333
0.39073600596344654,0.7328097804359361,0.7859509826313792,0.36442841202842896,0.34393644461051365,0.6877667215242529,0.33717253941969927,-0.09830610970853448,0.8845128929321758,0.3252675149904797,-0.12706568505030336,0.7586392598139813,0.39681357723261657,-0.1083245100015886,0.7864695133003734,0.31730091124707566,-0.14708737694449947,0.9353061428915659,0.20156574967965143,0.7419452984260181,0.8004822819962738,0.1382832014021552,0.39506841039174917,0.5870054570905383,0.04183260093429629,0.003231716520609329,0.6378387469846756,0.1329013185427664,-0.10188726895165987,0.6089730034518598,0.04503684021202624,-0.08359436883510832,0.586070707228712,0.016445259217440035,-0.025835234430504686,0.6576926978033413,0.3462931657221979,1.1865460906302805,1.0219744129028423,0.33092715460696953,1.4317865833489272,1.0076561759310056,0.3309432568970594,1.2984714914759719,0.9630477870935259,0.48605372731298013,1.1486812997442066,0.9649564602885978,0.4659588403199333,1.0146152637747097,0.784115354439811,0.4163192751498178,1.2337675458553576,0.7634205500335555,0.37682095820411576,1.3213236301837892,0.8225290406880943,0.4085031193108972,1.3570195140382912,0.7900821884390448,0.39294404808775474,1.3395731388147547,0.7000935122504676,0.21476258402807774,1.1636920327547866,0.9979223385449405,0.17339160349232619,1.0088758614127462,0.842994862941857,0.2498487285070715,1.223444605380042,0.7543339108626229,0.28290730416808196,1.2945541123127469,0.8295310820954964,0.278649500259908,1.3246932677628944,0.8114160084675178,0.255551769713627,1.3330395159319277,0.7137232643789595,6.0
0.3911842160821458,0.7325794494960117,0.7869389979042802,0.36321147303677975,0.34505382280045366,0.684206793597746,0.3372015619043873,-0.09774886706526238,0.8858611177112453,0.3236877214584739,-0.1266364499116725,0.7595970836899583,0.39673302234296826,-0.10952720117102566,0.7862252421256573,0.3177904864447259,-0.14732738268210288,0.9386664844420493,0.20274768374741062,0.741150625852655,0.8040104449461771,0.1341511056244026,0.39394612521865086,0.5906962712261633,0.041879601012035965,0.0023733402761147715,0.636987988770432,0.13350871149715374,-0.10083423388834112,0.6100900654627303,0.045026555132450866,-0.0836859506863197,0.5865698415899451,0.01883499354052333,-0.028185594743920656,0.6575027226387293,0.3473631713959019,1.1826372915726453,1.0237302664464702,0.3305347674611734,1.4273650522890544,1.0062381861829066,0.3293961320710337,1.2934889931022853,0.9601230681845971,0.487439950649581,1.1465487282383504,0.9658162421031664,0.46587391294902086,1.0138459265965454,0.7838874804930187,0.41338278320472877,1.2345568302884875,0.7514007610247034,0.3741954435166413,1.324225554186572,0.8064016325725385,0.4064037857166318,1.3611166588534915,0.7709182766531837,0.388988215553716,1.3424531074116792,0.6806632512222186,0.21498731723760642,1.1599539854424,0.9990311271059871,0.1767407529451413,1.0073779703581396,0.8422386752932827,0.251707421031908,1.2234649233726504,0.7522208484442207,0.2826510699762727,1.2937080665670362,0.8284267421453069,0.2806698660265779,1.326400439468814,0.8021385664759588,0.25921500239008793,1.3341353195060444,0.7053348395489221,6.016666666666667
0.391671505855073,0.732146553455772,0.7880452556597606,0.36204756707222296,0.34587414015824547,0.6818936882169878,0.3369295470499294,-0.09654127771461925,0.8871256684962163,0.32322582751402285,-0.12563320627662256,0.7617974544307128,0.3965796908793205,-0.10955334828616754,0.7856214952912876,0.31742963411047287,-0.14738672855062776,0.9420962800824366,0.2040579563127188,0.7403190444733558,0.8075738538134292,0.13050966134936767,0.3933916155312829,0.5938560719817607,0.04182392748824211,0.0012396589151153214,0.6368428047013883,0.1338187329275201,-0.09920710493117421,0.6092075144995599,0.045022267497404816,-0.08377052759120188,0.5869598200346225,0.021314089263955695,-0.03159875071328895,0.6593375136526992,0.3488567476417801,1.177695142141944,1.026554018993746,0.3301417614136598,1.4214558051939659,1.004201641534118,0.3282176843666643,1.2882647987293352,0.9556645014545919,0.48759088129801376,1.1444952310936125,0.9702790075321865,0.46505747644562934,1.0148795829008677,0.7832062761251697,0.40960930909112214,1.2355298886827495,0.7378844847223955,0.3711910335333505,1.3281727280420177,0.7886331247838453,0.4020465172494355,1.3660235554973836,0.7488062717163684,0.3829989657020252,1.345356123009006,0.660289352809617,0.21577638914431824,1.1557452554937697,1.0017225621345605,0.1813719548955588,1.007693299576769,0.8385852943518819,0.25537693104598413,1.222544029510707,0.7522151751701884,0.28357555622385283,1.292748205032905,0.8287177070007361,0.28343004857700305,1.3281274977128787,0.7963502665910862,0.26460592462422183,1.335221358376931,0.6966839208592384,6.033333333333333
0.3921818113609421,0.7316054072843896,0.7891384830727243,0.3608940442668056,0.3464884185379275,0.6806854079458885,0.3363374590089363,-0.09478403034529781,0.8883352689114852,0.3234002640434754,-0.12477462474751536,0.7650968899713162,0.3963051192632451,-0.10857475153915042,0.785665548364628,0.31631298030340044,-0.1474018331281359,0.9458958361729357,0.20543546223850784,0.7395833233874342,0.8110449247757712,0.12736258196432176,0.39335690074935775,0.5967075962462243,0.04173060426072781,-5.66881966055921e-05,0.637519999523034,0.13330689287990638,-0.0968030747230274,0.6058321918466798,0.04468953002792276,-0.08405249364601688,0.5871612168646635,0.023921396560316135,-0.03596386856464348,0.6633545379653766,0.3507802358919697,1.172310586141478,1.0304460059689666,0.3296576664978804,1.415036705714325,1.000942618118684,0.3276900041092453,1.2838862879687913,0.949098680430311,0.4867758892714761,1.1426948740317648,0.9774047609388157,0.4637020983812187,1.0166104852464386,0.782697325917419,0.4049241694785145,1.2364180846710753,0.7263595813451642,0.36781527398396213,1.3320147010822254,0.7733794393492067,0.3946624778162915,1.370148172799508,0.7301798055939174,0.3748596172608712,1.3472371226464908,0.6449715400206629,0.21754171357016622,1.1514339454390674,1.0064748124612284,0.1871930926759327,1.009394280426627,0.8334578514192292,0.26053027418804625,1.2203587650622607,0.7559283365792983,0.28530525361067705,1.2914128601097752,0.8311407312861251,0.2863763100492233,1.329172629665933,0.7964367728687396,0.2712499587446853,1.3356239547991233,0.6913226857597815,6.05
0.3926918665385713,0.7311379133313097,0.790130153206797,0.35969793616342055,0.3470683585563387,0.6801816615759099,0.3354327714585121,-0.09261163196231702,0.8896108324095062,0.32368212884568626,-0.12442182107806435,0.7690031333963081,0.395908580555425,-0.10716044799000111,0.7872767349867755,0.3145853599950115,-0.14735433714883936,0.9502095649623644,0.20687161301098916,0.739042352217304,0.8143025060945337,0.12466423880240116,0.39371427988418095,0.5993696301804687,0.04163022713223187,-0.0015053128374133695,0.6390139098950361,0.13163636624404768,-0.09329177759983051,0.6000894253476904,0.043849731703375645,-0.0845104755932359,0.5870651044650261,0.02669262495159684,-0.041068069592987894,0.6694488287598318,0.35291667221417744,1.1670926568904092,1.0346832155146215,0.32912418052875675,1.408958520433218,0.9961445910871891,0.328042718768969,1.2813765579125094,0.9390841652418591,0.4853686887070835,1.1411615105644821,0.9853589397767291,0.46208656088509337,1.0185209258410743,0.782850882106618,0.39927717735084667,1.237227406223098,0.7196373729428547,0.36368353218879623,1.3345404668537613,0.7647551046368872,0.38367473663566454,1.372282004487907,0.7209096959158099,0.3647828098807224,1.3477800308638794,0.6383341985593103,0.22035566586484995,1.1472215442006757,1.012706543365266,0.19364428070942272,1.0116951256479954,0.8290855182884286,0.2668067480455229,1.2168022373818637,0.7644697021225108,0.28734309949818176,1.2897014698660045,0.8360065377480939,0.2890162590667663,1.3288785561952683,0.8038832145143893,0.2785033402398456,1.335031827536674,0.6907584003227476,6.066666666666666
0.39318141742317575,0.7309116050896233,0.7910262999940976,0.35843539711926925,0.34785884946591794,0.6798890555670922,0.33429304361149326,-0.09009823253243703,0.8910798567336448,0.32369487245878714,-0.12464048829913556,0.7728469112764573,0.39529088467186313,-0.10612465870726419,0.7904975612606592,0.3123877222330044,-0.14713481374136245,0.9549236019601055,0.2084066058223331,0.7387337678161868,0.8172389564539757,0.12237864236130697,0.39441990666379256,0.6017880229340128,0.04149689964792096,-0.0031276829484826463,0.6411296999913445,0.12878052642736157,-0.08864413324605017,0.5927605739529882,0.04255553467645744,-0.08488232384618695,0.5865775646444984,0.02958204613073646,-0.04657144143200369,0.6771175729574654,0.35497696347517776,1.162590208046026,1.0384616579077102,0.3284183066895492,1.403674373256031,0.9903165650872917,0.329122602418255,1.2811975557355062,0.9249623166237477,0.4837255401527435,1.1399289413384743,0.9918138274255518,0.46051206663948124,1.0207974418392216,0.7837322875523727,0.39278254462218326,1.238196449318228,0.7188848388473592,0.3579654213836553,1.3350415869939694,0.7652226895456682,0.3691638727422596,1.37194557279883,0.7242838437928137,0.35341338106713566,1.3474489795336282,0.6401552744774422,0.22388842990538893,1.1430734010810486,1.019268774954102,0.2001912858957277,1.0136880119904628,0.826904829236206,0.27374786840580523,1.2119135720703733,0.7777644496917324,0.28927459808768496,1.2877956420136847,0.8429390361944118,0.29102284457757704,1.3269763778848187,0.8180766386323997,0.28519127951474565,1.333576499218286,0.6942112079924975,6.083333333333333
0.3936255823599464,0.7310026075538425,0.7918594601338669,0.3571310989124246,0.3490209631500294,0.6794196461572369,0.33308857129662595,-0.08724097735056591,0.8927024589285447,0.3233902704483881,-0.12544111526096435,0.7760678484047355,0.3943636409417369,-0.10601366521761182,0.7945815126547813,0.30983799294471087,-0.14675597961113707,0.9600040578258555,0.21007961840464853,0.7386660484767678,0.8197666175020704,0.12050418814391478,0.3955565236643407,0.6038236616405831,0.04129896281917517,-0.004836525906546957,0.6435209756626379,0.12485473129138575,-0.0831950041744378,0.5850937614825124,0.04095297536368499,-0.08471574133826726,0.5857659758569997,0.032460001579517075,-0.05207552852564559,0.6855388591014402,0.35673224545613746,1.1592949838595916,1.0414738102582075,0.327232028662381,1.3992409072539482,0.9847184000357588,0.33019303076238415,1.2829220774593122,0.9089820179820567,0.4825648461772642,1.1391815370814078,0.9940974748351081,0.4592015136352037,1.023530715861066,0.7852407089546174,0.38543313707988025,1.2394783339468254,0.7239053905604327,0.3499293431986872,1.333466981772588,0.7751016838195065,0.351993034115226,1.3693045240434614,0.7406434999707462,0.3414643813378221,1.346636733613148,0.6485264147899297,0.22753472948385509,1.1389720401506584,1.0250925845628165,0.20638545851090462,1.0145169798707443,0.8270715561754305,0.280308599648774,1.205899237365,0.7945682435140842,0.29054541177606086,1.285310764070768,0.8509262057940392,0.2918430066207532,1.32355004312609,0.8357009817593926,0.2894041025201635,1.3312956259575863,0.7008280266019018,6.1
0.39398664836225067,0.7314100267767649,0.7926067257645876,0.35585057696539113,0.3505512631846842,0.6785987531136295,0.33199016579857415,-0.0840990805186105,0.8942685680919034,0.3229769239074053,-0.12681089077454719,0.7783607565613839,0.3931453463434674,-0.10679407858780046,0.798682794369479,0.3070843330146188,-0.14650147801966173,0.9656480725578365,0.2118970850421426,0.7388504165901478,0.8218613474936639,0.11903177599831104,0.39725763791793467,0.6053721553089775,0.041072356717819086,-0.0063977985438108675,0.645838913546991,0.11993763047305957,-0.07755877310114526,0.5783290920376755,0.03910446239428149,-0.08366730588067678,0.584915343478264,0.035166322668590794,-0.05721253646431042,0.6939053913901799,0.3580611333746993,1.1573935427249002,1.043923749757057,0.3254257616930987,1.3953709802834813,0.9806577210280323,0.3303966333718212,1.2851220462566064,0.8963113965655551,0.4829610146363432,1.139074414994996,0.9905503847394537,0.4581438386597526,1.0262835008132776,0.7873920834455477,0.37723592127300193,1.2409212070151017,0.7336121333862772,0.3396601985418319,1.330230421343905,0.7928133469775286,0.33381253699340707,1.3650407764725836,0.7676503960954032,0.32925087012945387,1.3451717478365712,0.6619987445962693,0.23065192159812753,1.1349084019097966,1.0296101800539184,0.21168287585317466,1.01367781730316,0.829240105244361,0.28503726873919966,1.1992595808416002,0.8125151783279367,0.29042680008307303,1.2811255581562873,0.8585023812816197,0.2907528605592715,1.3186362776775449,0.8521593671225949,0.2893150122343828,1.3278023067724238,0.7107616809368018,6.116666666666666
0.3942414241069177,0.7321179652092135,0.7931951407814569,0.3546694775389969,0.35234231740726285,0.6774828267625466,0.3310394311340629,-0.0809378943040701,0.895605148316786,0.3226713996568378,-0.12857869783693782,0.7797483113175437,0.39172610968396626,-0.10807361640280197,0.8021979165394383,0.304318011609167,-0.14673586528294108,0.9719382440441372,0.21384076550345904,0.7392919702882861,0.8235874419679698,0.1179234050422032,0.39957660959684355,0.6064510713157437,0.040892689636134114,-0.007549686409786482,0.6479357699721556,0.1141575659643595,-0.07259631464397436,0.5734002447837885,0.03699424968822199,-0.08182788516011608,0.584332617487773,0.03754842706736105,-0.06169350456678456,0.7017322224421313,0.3590356930898352,1.1565364365125828,1.0461178473965154,0.3231932096132335,1.391467100675728,0.9789475621804671,0.3293603018451365,1.2856885605095052,0.8920276207817681,0.4856663470512182,1.1396285058724378,0.9821703911508063,0.45723192342042157,1.028614384069074,0.7900743909519088,0.3686459270837843,1.242208812961048,0.7461673432450211,0.32806407137651317,1.3258702774863902,0.8151228966048669,0.3166331406380886,1.3602202444132478,0.8003073698880054,0.3165353614382314,1.342743184704227,0.6794273134719129,0.23295237063546592,1.1306850193002556,1.0330038035111713,0.21547504527931088,1.0111782764615176,0.8335408144171992,0.2870350986543432,1.1926494545730355,0.828302871864999,0.2883455087990016,1.2744818137377596,0.8642549782411579,0.28757573982815576,1.3122520836873544,0.8636634954528648,0.28440007219252394,1.3227209291039883,0.7235593036597352,6.133333333333334
0.39441421600162707,0.7331010794435472,0.7935447924101212,0.35361196264208167,0.35426750079784386,0.6762173389107968,0.3301704463241727,-0.07810389267924986,0.8967350185326288,0.32255906778161114,-0.13042523509943268,0.7806254919671047,0.390216938829056,-0.10950453162165445,0.8046474971090819,0.30168752448517167,-0.14757792499973327,0.978631701665825,0.21587980627242087,0.7399732678025019,0.8250232088130101,0.11711681588180833,0.40235043371692697,0.6072533462216647,0.0407552527649443,-0.008188127645978371,0.6499336669545738,0.10788787006051662,-0.0691325201940644,0.5707858464076556,0.03466715029716978,-0.07969724540497981,0.584199497749243,0.03951514886190829,-0.06536639472460723,0.7089227625338987,0.3600313871139845,1.156052964118827,1.0482296468373584,0.3206687685764957,1.3868434626780881,0.9799380170415097,0.32698225072285414,1.2828621544755632,0.8976881910521683,0.4906037663898366,1.1408979380931994,0.9718696307380938,0.45648390040170816,1.0306030937615214,0.7926514950389618,0.36051304560657516,1.243014139892236,0.7592137190556152,0.31640590040681227,1.3207823904297227,0.8377096174834364,0.3020054635918251,1.3559931245683476,0.8316374959645293,0.30299688276431763,1.3394900883617737,0.6987397528956639,0.23475314836541702,1.126063381529023,1.0361156936334441,0.2175052525106727,1.0075284313147914,0.8401552100317261,0.2864874600558178,1.1866406481526566,0.8385716355179027,0.2841281781994104,1.265990006095198,0.8675706682083248,0.2828968608556804,1.3048924397368655,0.8681289180370564,0.2758024501118364,1.3163262235936477,0.7368761755732505,6.15
0.3945632761195394,0.7342894052709912,0.7935972697209202,0.35262417864711465,0.35622625555253695,0.6748919287037023,0.3293308860244152,-0.07576274857163885,0.8978152677695811,0.3226285488771653,-0.13200882180659096,0.78147678801041,0.38867284230727484,-0.1109818350239347,0.8057783437083962,0.29924325886491326,-0.1488755636774297,0.9853187579528199,0.2179692243614694,0.7408506280051407,0.8262207598592848,0.11650282691335942,0.4051858057833607,0.6081106164139496,0.04055051647077631,-0.00840961698022058,0.6519903847325548,0.10169423637413186,-0.06766357391950803,0.5702408898933711,0.03224654724331788,-0.07790026732770566,0.5846161133223199,0.041080580221820595,-0.06818173084623431,0.7155154840581731,0.3615583325384848,1.155397110013471,1.0503934233149048,0.31753115478215366,1.381228175198321,0.9835181235349302,0.3229242307935583,1.2763085293240939,0.9108848838926582,0.49698952062026847,1.1429982217440937,0.9620811168561596,0.45582159742125195,1.0326497223233246,0.7940150328135493,0.3535909658035318,1.2429342884913344,0.7705074760908406,0.30600547991183924,1.3152926092699573,0.8564906434120234,0.2906251739278204,1.3530578664922392,0.8551125574250548,0.2890268986928421,1.3358655766446332,0.7170384675925157,0.23667609784250254,1.1210771293906932,1.0400966505990823,0.21832605205945999,1.0036611362860806,0.847661865217873,0.28397353157665134,1.1815703280106378,0.8416575805432207,0.27809918317397464,1.2569054564465725,0.8688567483914679,0.2772337528162522,1.2973055436513072,0.8658744864411858,0.26557578312312263,1.3094422418155056,0.7479380346608498,6.166666666666667
0.3947322416030831,0.7355732355886153,0.7933701564464727,0.351669338315875,0.35812242768416364,0.6736281135639877,0.3285062886361924,-0.07390489626007983,0.8989750960747855,0.3228617176707561,-0.1330670068088503,0.7823467391750347,0.38707025110955895,-0.112569350488637,0.8059791210687388,0.29698217471737876,-0.15044049437473783,0.9916082834139863,0.22003071883497746,0.7418347534188615,0.8273211400633171,0.11593940562346217,0.40767432379280605,0.6093017326960714,0.04017454246860442,-0.008368985328030876,0.6540768027154111,0.09605434455649242,-0.06826527633033017,0.5707266310757323,0.029814203696814007,-0.07691122226655514,0.585617192777439,0.04231271309327288,-0.07008522180962616,0.7213151803881268,0.3638283919571812,1.1543621915162885,1.0527054176698727,0.31327924592713235,1.3751036871747946,0.988899865258964,0.31686001535436203,1.2671927083162602,0.9276938717298859,0.503804717439396,1.1459451634213658,0.9536774508302429,0.4547018026959321,1.0350099431443611,0.7928937771393053,0.34804891173659785,1.2415244585069671,0.7788369733567188,0.29796632720130156,1.3097463495988269,0.869130541860397,0.282532332461458,1.351109661604716,0.8680038460901647,0.2756530286290816,1.3319309065245764,0.732643327615476,0.23919165993426333,1.1160453585817895,1.0461883404367793,0.2191266868812072,1.00058542795718,0.8528398732966977,0.27948057217808453,1.1773917715387234,0.8389966899009411,0.2712566600950737,1.2477641207361878,0.8686412771511776,0.27032837863362913,1.289739055867199,0.8599127096711672,0.25558223711509215,1.3027438734944945,0.7560323294000546,6.183333333333334
0.3949200629597734,0.7368390916004586,0.7930211021989932,0.3508367134959781,0.35982456720605144,0.6726662099427907,0.3276941551785546,-0.07255226920143773,0.9002322861549364,0.3232621899356988,-0.13355404564604206,0.7827873764799649,0.38542564325033934,-0.11425182589402977,0.8061714344782837,0.2949162994791115,-0.15220229181819847,0.9972270695920943,0.22192828079424035,0.7427970606295021,0.8285923639232085,0.11535338774550331,0.40967302526046245,0.6108646571852118,0.039592568765785506,-0.008192648136428199,0.6560536977618108,0.09120557876203023,-0.07053643601343093,0.5709726863398378,0.02741707365360092,-0.0769345224959958,0.587170141967746,0.04322256353990891,-0.07106370648013134,0.7258766244194836,0.3665824361299388,1.1530341453067157,1.0550826436969656,0.3078879481758382,1.36944503081059,0.9946346994251344,0.3091038650994749,1.2574689048987393,0.9444577845203814,0.5101549759902007,1.1495914148661366,0.9467231571389239,0.45226859753955534,1.0376792326827453,0.7881081373707841,0.3433823891764715,1.2385103342462644,0.7845574861257127,0.2928966962951222,1.304256452121663,0.8755924834392961,0.277359358113505,1.348797235856569,0.8728828513166003,0.2636399446851261,1.3271512924058226,0.7463527646142181,0.2425601257133188,1.1113297827829798,1.0552627770920049,0.220908170576755,0.9988880978082357,0.8531067827243443,0.27258583947103715,1.1737266976988074,0.8345179514181571,0.26500397192585184,1.2385046595984774,0.8667729618190392,0.26160108966002027,1.2819912488863667,0.8544184998428169,0.2469420381677591,1.2963713762623312,0.7630729603325064,6.2
0.39510424282412737,0.7379880488506989,0.7927915285315492,0.35029616022492016,0.36118022473847144,0.6722448884216883,0.326940936122356,-0.07176653452862311,0.9014945485769064,0.3237652927271446,-0.13360189169040004,0.7823331658432535,0.38389837669123406,-0.11571636732923202,0.8068659791597939,0.2930908977959319,-0.15417916791479874,1.0020880094082598,0.2235062642268315,0.7436429984122306,0.8302156473762897,0.11479853194186972,0.41131620991105516,0.6126846052415397,0.03883854795558215,-0.007999405165856788,0.6577831354119089,0.087293840081404,-0.07377099298766647,0.5703272309690868,0.025224622697445943,-0.07791661984620452,0.5891671496753454,0.04373025232189983,-0.07127929279527706,0.7288656388148599,0.36934047332680275,1.1516575238918842,1.0572999575809452,0.30200301715072253,1.3650876760462956,0.9990698307478102,0.3006895101405587,1.2491907777226625,0.957640430181696,0.5152412717026036,1.153617901659107,0.9414961332292249,0.447973651338036,1.0406401533863512,0.7790572259627858,0.33901840024914925,1.2339913964772458,0.7889499821767092,0.29075733095642886,1.2986845954203974,0.8772927223228688,0.2745677538388118,1.3444820420859802,0.8753907368226835,0.25340158640161864,1.3210845525979404,0.75962643830114,0.24685206995086723,1.1071529008150462,1.0670689128370712,0.2238433529388178,0.9986073940921074,0.8486733833980183,0.2635782999777141,1.1702053091424114,0.8325405035046478,0.26018338648194106,1.2295460696278881,0.8634676433150152,0.2511861952412803,1.273993049786779,0.8530027572339147,0.24005400488232798,1.2901410749882256,0.7717588501080808,6.216666666666667
0.39529698298499416,0.7389729563144514,0.7928577449019882,0.3501633723254007,0.3620992838484299,0.6724674147151373,0.3263520916769721,-0.07148983118723512,0.902567497454931,0.3241434215877292,-0.133290834661412,0.7808072099925731,0.38274253131259195,-0.11637889221098625,0.8074639095277585,0.2915691086112781,-0.15635402405432297,1.0061953555720335,0.22469848638387083,0.7443648867048858,0.8320793404525135,0.11437244779979132,0.41276737611897124,0.6147224749915604,0.03803276958463654,-0.007927146705204308,0.6591108417977191,0.08454585558328567,-0.07741630702670735,0.5692249624112445,0.023549967514850646,-0.07963899616828995,0.5913581927262557,0.043762290113270395,-0.07105334715173714,0.7303004400245705,0.3716858996718328,1.1505340292065342,1.059080800651094,0.2964679820124359,1.362327954005208,1.0011067427335156,0.2928258590611566,1.2438543833636655,0.964482568580364,0.5182810442212441,1.1575606204013198,0.9384674474088912,0.44201985619841366,1.0440819736718852,0.7663153724485735,0.3349466581635237,1.2284988320354624,0.7930455687009156,0.29078134197178446,1.2931133218192101,0.8758202436628777,0.27365536077044295,1.3372019160121873,0.8803825907470109,0.24565266900922675,1.3140157277819837,0.7720425231998309,0.25175110183999033,1.103687448796578,1.0801195020725007,0.2272406946798933,0.9993595463179138,0.8420687537603697,0.25389188169991833,1.1666383256399762,0.836044038950017,0.25662283924591384,1.2218577869296254,0.8607196680942508,0.2403101853525244,1.2659823716407688,0.8580519091000585,0.2346806705397404,1.2840785379948532,0.782907167906753,6.233333333333333
0.39556402062926266,0.739841077614621,0.793274676696484,0.35042226866368525,0.3626554921366566,0.6732515365933991,0.32600332285630573,-0.0715684733503198,0.9032818476809393,0.324075723464808,-0.13266044918057426,0.778298994518977,0.38215212222517353,-0.11569472550913588,0.8067494309843276,0.29040970560319646,-0.1585887023180539,1.0094484020642702,0.22558830171969457,0.7450084232028811,0.8338607255950273,0.1141286926163307,0.4140824642978289,0.6169823277451779,0.03734010934202109,-0.008165163682064935,0.6599196017306552,0.08311025188727171,-0.08126206075789884,0.5688944241889607,0.02266185818954259,-0.08180309857735246,0.593384420724399,0.04337848556611945,-0.07072101469648577,0.7304665850414915,0.3733604522341253,1.1499300134613195,1.0601662600916255,0.2917041900717665,1.3609639542456116,1.000715641219923,0.2862826877283844,1.241781625043875,0.9651964564831279,0.5188964227692748,1.1610160178469333,0.9372797883299819,0.4351962766986496,1.0481709035409867,0.7516000232141168,0.3314696722785133,1.222825848987777,0.7972667837318114,0.29175776918694085,1.2880380977760222,0.8726939606477992,0.2741124339918028,1.3271320562194473,0.8899220302809091,0.24116699457303836,1.3068917259666037,0.781645136312591,0.25652124857266934,1.1012662253475412,1.0923354133866334,0.22991994324877907,1.0003430926172905,0.8362309761351796,0.24522735767887383,1.1629084136369403,0.8460229150985247,0.25376305679348454,1.2160650602961682,0.8613575686110729,0.2304464119611594,1.2583915541575967,0.8699842819892365,0.22996975547152282,1.2786502020781094,0.7947831001844852,6.25
0.3959806575490407,0.7406958718238412,0.7940239221501126,0.35093746462210434,0.3630864155151685,0.6743405937170082,0.3258627972850103,-0.07193368998484773,0.903750120679519,0.3233201287576428,-0.13193178118401738,0.775057956761429,0.3821160736642941,-0.11352775598462528,0.8040000240283307,0.28960477700268017,-0.160687455184173,1.0117229477361676,0.22634723763487147,0.7456205059219945,0.8352791683170544,0.11409258567744641,0.4153197289171385,0.6193278345117241,0.036863373331544505,-0.008894957412374865,0.6602650815862353,0.08274798733096429,-0.0852426694617649,0.5704521317981687,0.02256181881795602,-0.08405019969893107,0.5949759699568699,0.04279105248493645,-0.07053468108789789,0.7297367023146748,0.37428685518249216,1.1499205558534058,1.0605839232206136,0.2875690299290497,1.3605612722949012,0.9986193263494734,0.2812877522039763,1.2419696864457015,0.9637140361989662,0.5176160959190148,1.16380127815005,0.9366135125702494,0.42835900092226875,1.0525401890057202,0.7371161703834017,0.3286483578227495,1.217702510427001,0.8017547540836207,0.2928150952239011,1.283989036870159,0.870011639370166,0.27534520619233505,1.3154652993897247,0.903562504271874,0.23978303364930859,1.3006663946620083,0.7876804041738623,0.26036267460236784,1.1002271119254903,1.1019778479628455,0.23100020715416925,1.0006953587648444,0.8326327959102856,0.23840471696325027,1.158999747926905,0.861797504615851,0.25125621384459595,1.2119437382700144,0.8668911419444332,0.222335815502616,1.2516234467393332,0.8869352440615597,0.22475239337835823,1.2739785544125688,0.8063766515438123,6.266666666666667
0.3965791120342566,0.741622195428921,0.7950643131701103,0.3515479883217928,0.36364765170537305,0.6754634072068757,0.32582545688195613,-0.07261832685105113,0.9043105609233203,0.3218390474515539,-0.1314789059784952,0.7714306367418448,0.38242340558154087,-0.11020676139490186,0.7994440560120685,0.28904785376117903,-0.16254720845906773,1.013117145277801,0.22709947369686737,0.7462303273522429,0.8362222800249897,0.11428287803833609,0.41662691209026614,0.6215086063443703,0.036604408517960235,-0.010153096157058061,0.6603682129757695,0.08285249129914035,-0.08926326877375043,0.574064128705532,0.02292276978016617,-0.08601588634411629,0.5960576319018334,0.04225365296882675,-0.07063986332481688,0.7285276208139975,0.37462163321248143,1.1503436147652477,1.060717806714531,0.2838653712759899,1.3606885854703035,0.995523205761159,0.27791765447221506,1.2425906620056446,0.964990517456751,0.5156368491002936,1.165907956246053,0.9355542510449806,0.42218504092034875,1.0563409520526765,0.7248523905321766,0.32637506240094427,1.2135257720343609,0.8065028781147774,0.29392654692345327,1.2811493563298144,0.8703071109480292,0.27680476539333065,1.3038504994129543,0.9195035837106083,0.24015528642177564,1.29535805237439,0.7926421248399056,0.26289168834483245,1.1004734131357121,1.1084430122764048,0.23054306790185297,1.0001303240022172,0.8307202610280338,0.2332172027117316,1.1550588793331649,0.881702783282538,0.24890949875287743,1.2087329764654597,0.8770064883084978,0.21624453453346218,1.2458109679361615,0.905950216738265,0.2183624998156257,1.2690854391240656,0.8200966639119436,6.283333333333333
0.3973392103986521,0.7426579449421412,0.7963553501570274,0.3521719809801635,0.3644468636407713,0.6765561108491296,0.3258028197319274,-0.07363303040122221,0.9051217580366414,0.31990429570257706,-0.13151612080227731,0.7679637410147564,0.38284616421460127,-0.10629804515832943,0.7938499678943877,0.2886404775354742,-0.16420608470817738,1.0138519738180953,0.22782582779798932,0.7468538995582963,0.8366809983545913,0.11468547111703037,0.418136045332923,0.6233117373270081,0.036515884979268824,-0.011761598330564643,0.6603921576728097,0.08289750553673275,-0.09307016176300825,0.5787966366425547,0.023336799871856207,-0.08744693468057528,0.5966397195837644,0.04192291200128486,-0.07098692541394033,0.7272397811873903,0.37474994554065333,1.1509931381365435,1.0608292364556284,0.28071789270269265,1.3609779755008966,0.991855509600946,0.276189710168386,1.2420403887809857,0.9709689564050518,0.5139774834956327,1.1674803337804758,0.9343528316371288,0.41733357416907446,1.0589705187303269,0.7159952855973296,0.3246480460686863,1.2103007015549896,0.8114631612047807,0.2954684467711487,1.2792885864772896,0.8753534191087133,0.27805537021475935,1.2936276071759458,0.9361495427356836,0.24056276744633315,1.289797042649119,0.8015055645435085,0.2643706797886571,1.101484370554426,1.1122493540724323,0.22928730462096125,0.9990235656538882,0.8293370393185342,0.22923379513072722,1.1512668995435855,0.9033726921754496,0.24646724725066366,1.2058843222385256,0.8904814004175203,0.21261783539675727,1.2410634829134992,0.9242215796611546,0.211295311455106,1.2628156232703862,0.8389118983509836,6.3
0.39822153903839314,0.7437818646006724,0.7978449610626708,0.35281713983032237,0.36541741679985645,0.6777638774582605,0.3257740236804267,-0.07494419670897817,0.906025091839455,0.3181006640488649,-0.13192546247775866,0.7654537363691138,0.38326918359306245,-0.1024328558136989,0.7880560498390853,0.2883958569120071,-0.16573739251681485,1.0139940034661628,0.2284360336061646,0.7475236408857819,0.836646636946105,0.11525672069111151,0.4198352612428055,0.6246183791677343,0.036546606656269076,-0.013342140468808578,0.6602498713526291,0.08286710284043358,-0.0961818184135567,0.5832472148338694,0.02366368706504649,-0.08834585775296067,0.5967758386230698,0.041814185842868695,-0.07127403075403756,0.7259537410629225,0.3750947979586135,1.1518315279201268,1.060619258207463,0.27821787180415153,1.3611322288270584,0.9880572745155466,0.2757460297539861,1.239972753905872,0.9794957498428855,0.5129304341829852,1.1687778257726222,0.933667662104415,0.414418068992219,1.060520892518086,0.710619830784788,0.32345145614668913,1.2077232006345904,0.816898826765664,0.29738891406969836,1.2779151463568816,0.8851825570280931,0.2785849036507997,1.2852678123388377,0.9534256429778569,0.23988200398131115,1.2825491550532158,0.8184418327665732,0.26542393322886415,1.1028099454836904,1.114211303967352,0.22812868134360698,0.9981771971765869,0.8276940829259096,0.22627691465188762,1.147763869347581,0.9241773593655511,0.24367896988601567,1.2034253266073462,0.9058188463062784,0.21171879152197626,1.2377232964217246,0.9397078094099418,0.20486900703481936,1.2551579712863463,0.8623711334967384,6.316666666666666
0.399197202439854,0.7448936347237636,0.7994276242303893,0.3535254872632395,0.3664334635000897,0.6792409540720508,0.32578037736701076,-0.07648307546130002,0.9067999852335842,0.3170708329993627,-0.13241686376712786,0.7645416284168872,0.3836432694993277,-0.09920371462021067,0.7828582930147479,0.28837541594234334,-0.16714315090390672,1.0135103836779167,0.22895085155859063,0.7483040620822858,0.8360726727216214,0.11596446285879813,0.4216070920904194,0.6253799695931855,0.03662418771608932,-0.014504287929802545,0.6597451487946805,0.08321705215767716,-0.09806462136674604,0.5863027816809282,0.024052157882434665,-0.0890353336024503,0.5966298346136382,0.0418602011348479,-0.07119106516190774,0.7243418202517546,0.375777344835722,1.1529682120420128,1.0594466985374174,0.27614114965046577,1.3610173384855364,0.9848338757630453,0.2759976779214155,1.2374304524587134,0.9869423579793142,0.5121761608611717,1.1700050956180592,0.9336104021876949,0.4135425179014136,1.0615342084019839,0.7078768281134737,0.32260987251413475,1.2054273540538345,0.8230850199698553,0.2989663922102692,1.2765704448903834,0.8980172392515322,0.27777798061350456,1.2784097513142103,0.9725481726769075,0.23784044615572186,1.2729334741509477,0.8440375857005582,0.2663966064690859,1.1042329850404629,1.1147603324527995,0.22796566784701805,0.998539964885655,0.8246906505599958,0.22417224511590444,1.14454791635653,0.9421941351630074,0.24067782812851188,1.201509686573498,0.9212336882306857,0.21286815710277385,1.235842743871435,0.9518375196563653,0.20024690631189068,1.2469460578448497,0.8869501399820726,6.333333333333333
0.40025288720124286,0.7458550875250143,0.8009338378493875,0.3543375178275989,0.3673714775836254,0.6810360638746027,0.32587657840002193,-0.07810452592833517,0.9073723189570674,0.31716692565915067,-0.1328016053756952,0.7651605088791716,0.38393429002495094,-0.09702353721339085,0.7790085283278523,0.28856500262920315,-0.16837507951485461,1.0125296074493455,0.2295361185339335,0.7492453023498057,0.8349437857798964,0.11679503224660602,0.42338097384648044,0.6255802389045324,0.03664140359306903,-0.015127322279376632,0.6588655255132913,0.08445637184665881,-0.09844169295777189,0.5873791257528089,0.024682117055181606,-0.08998154242765746,0.5964399731059579,0.04195583757618939,-0.07071669301534152,0.7220466018146053,0.3764422297903422,1.154450302807383,1.0569802253114085,0.27428929862926116,1.3606886850078344,0.9831307792541658,0.2766059130031831,1.2359440344252854,0.9909533190889139,0.5112768810005007,1.1712024343557839,0.9337831814066384,0.41409159536101514,1.0625731176940652,0.7063489431522613,0.32191311504323084,1.2032755734315217,0.8294642477163972,0.2994216402425042,1.2750397131703268,0.9110960968684204,0.2753478652710095,1.2723768740961865,0.9944919830565162,0.23453177096563832,1.2612854691233637,0.8752444708508824,0.26705623005524176,1.105456234568264,1.1139826291102546,0.22926728580806924,1.0005459913737347,0.8194264531938562,0.22264890684199948,1.141317667095792,0.9564668735838656,0.23814838221096468,1.2000397779765004,0.9344321355400518,0.2146851413167738,1.2348425584597786,0.9611787237049617,0.19779050597461725,1.2388839711080302,0.9089538975097796,6.35
0.4014001441866886,0.7465925736369654,0.8022192561907853,0.35526507943841956,0.36806583860794145,0.6831217126619736,0.32607695513931056,-0.07962249247147231,0.9077923994184403,0.3182571941890167,-0.13308062259753653,0.7665855304652459,0.3841230916816581,-0.0960249658758101,0.7770383666916276,0.28883412344727377,-0.16943199583628776,1.0114032086194977,0.23030984632182355,0.7503035764242876,0.8334322878182701,0.1177196105261701,0.4252022100685779,0.6252123548956842,0.03652184037872215,-0.01533412836120629,0.6578136633530961,0.08677442609479569,-0.0974704109554568,0.5863943748755406,0.025602156467852293,-0.09140287362527011,0.5964319597175257,0.041960103586829764,-0.07001110557904491,0.7190008132000916,0.37649408884678315,1.1561192988408053,1.0535741388241746,0.2727540128020661,1.3602913673246562,0.9837557122318654,0.2775006836971307,1.2364906958142956,0.9909999203530906,0.5100558619677064,1.1722871423042238,0.9341186944909841,0.4153012729342176,1.063911820914858,0.7047217007005386,0.3213424504751574,1.2012815302805675,0.8349626109366313,0.2987721662640048,1.2732827658758255,0.9219553350234041,0.2717639586849928,1.266658300021955,1.0183395089052363,0.2301658481918598,1.248761137772349,0.9070120791354144,0.26697247167091914,1.1061694228508978,1.1116459774051255,0.2315569304183404,1.0037689649511035,0.8128456214196735,0.22166435397058942,1.13771857969311,0.9663963852203208,0.23662956598998322,1.1988659667233317,0.9433273564533062,0.21618362820923048,1.2341107543091432,0.9681312278254501,0.19712584266155883,1.2313152902250983,0.9265192216999442,6.366666666666666
0.40267210647255836,0.7471385842359184,0.8032714815827435,0.3562693362800935,0.36836582264692114,0.6854339037309314,0.3263502262703612,-0.0809135440021186,0.908134476355621,0.3198033630535103,-0.13329098486792096,0.7680516217207903,0.3842024781077219,-0.09601926960567922,0.7768897335007007,0.28898963113844617,-0.17043896988299906,1.0105483518396474,0.23117360494150277,0.7513331244314685,0.8318914361783127,0.1186725938065113,0.42711485912055414,0.6243253506614247,0.03628259687902138,-0.015193588735548796,0.6568377050406404,0.08997443616366017,-0.09556435068727163,0.5837780217963223,0.026732072838763304,-0.09300213327374632,0.5967451378163292,0.041749292176708384,-0.06909308454633031,0.7154880204235778,0.3754933736801323,1.1577357998164388,1.0500066465696332,0.2717633175160885,1.36002116668825,0.9869914765231311,0.2786307744701979,1.2391507181359178,0.9878592925683921,0.5086121052491037,1.173204344375083,0.9352121230042565,0.4170356176643051,1.06532158906466,0.7032063897392533,0.3212921836551039,1.19935370848903,0.8393686404829765,0.2980518123208483,1.2713418168481183,0.9293423326817721,0.2682272009623414,1.2611877497498465,1.0405897547179985,0.22547330250126785,1.2369764191430237,0.9341574508269082,0.2659280492269337,1.1066160211524112,1.106922314669613,0.23354988570698845,1.0073137818318811,0.8077802120785811,0.2214887483577376,1.1338112516136647,0.9718264048225871,0.2357990643457913,1.1978683725514145,0.9479407830964455,0.21731526301810028,1.2335299260824906,0.9727876672116049,0.1975505163591757,1.2244566831274242,0.9396073477912834,6.383333333333334
0.40406882006293515,0.7475900132504264,0.8041803134134976,0.3572902512231679,0.36826395476961404,0.6878969478557264,0.3266576461319107,-0.08200295449470241,0.908439116132146,0.32119228848383974,-0.1333797620499,0.7691765389540492,0.38419010581037877,-0.09654497077666367,0.7777625377552884,0.2888984887657765,-0.17162540884753005,1.010225075651268,0.2318989011051571,0.7522334823144551,0.8305711405452593,0.11957877335604898,0.4290331239177198,0.6230943778350957,0.03599068615660639,-0.014586214537269077,0.6560978624967355,0.09360554325189321,-0.0929997096192991,0.5803868050420842,0.02791308865938045,-0.09416720765824665,0.597349044210064,0.041272152991767966,-0.06777877612628697,0.711963487837765,0.3733758327549115,1.1592547728463205,1.0468653140186999,0.27148402887187834,1.3601314501072814,0.9926607242945718,0.2798949885051939,1.2433711745993488,0.9834222650442062,0.5071670099712243,1.1740832885150532,0.9375057080442373,0.4197060663969153,1.066200746953492,0.7037967086786587,0.32247017957512847,1.1973489258745291,0.8436565311648019,0.2987533131098695,1.2694497457533087,0.9331445121560653,0.26616275141154366,1.2564841659847814,1.056535869900154,0.22190878094421232,1.22751229012311,0.952944513896297,0.26389898279610635,1.1076340596970171,1.0988283123484253,0.23365170888765976,1.010114374731978,0.807711914131318,0.2223918931538741,1.1301108588496172,0.9736982881992702,0.23515971517269751,1.196862034715366,0.9508642703286208,0.21849799730572028,1.2333783517550838,0.9756582079487545,0.1984122343889057,1.2188481111488483,0.9483533001479975,6.4
0.4055178285283019,0.7480406434146794,0.805025539725748,0.35829441565552,0.3678573884641019,0.690455701295169,0.3269861212907455,-0.08305177080297046,0.9086811221592286,0.32201175890569234,-0.13327372115748382,0.7698562536539285,0.38412190279474145,-0.09716413923324478,0.7786436956269867,0.28858839634792427,-0.17316665605973489,1.010390201758417,0.2323438965299915,0.7530760495809412,0.8294386947353202,0.12041046615255394,0.43081759683923143,0.6217670698770495,0.03568047834661726,-0.013295127085276692,0.6555916397396276,0.09715808795084424,-0.08987380820819345,0.577372169436847,0.028972117705457375,-0.09431379367330228,0.5979516856652564,0.0405031929920141,-0.06590825794461222,0.7086988799132413,0.37043557934973215,1.1608175045988665,1.0442778602233012,0.2718838748175924,1.3608164627026342,1.0003156691578743,0.28120262933294093,1.2482539887803765,0.9802233119319718,0.5059609073175371,1.1751440731519773,0.9405810619565563,0.4234432868328687,1.066131256980743,0.7080244416821799,0.3253438010514405,1.1953969772678088,0.848495298784161,0.30203338410624586,1.2680834790330227,0.9335363988648835,0.26646020000189363,1.253576748610568,1.0624466931479004,0.2211049797744927,1.2215946722130226,0.9616871449366817,0.2609812525223972,1.1099035489391742,1.0872875156018607,0.23071853492814146,1.0112237942555347,0.8149711207596607,0.2244409591650272,1.1272290416185198,0.9737154980083121,0.23508783907247893,1.195812236842413,0.9548854594629672,0.21996069988397304,1.2339615236888588,0.977595152793157,0.1993554831266945,1.215438004335582,0.9522024548415488,6.416666666666667
0.40691976434266175,0.7484959110673393,0.8058248772516767,0.359271076684313,0.3672207459572105,0.6930821676425966,0.32734744140305744,-0.0842048706744446,0.9087752018811057,0.322064346570372,-0.13297096225166363,0.7699923764143586,0.3840166130587883,-0.09775613460304003,0.7790074600208201,0.28819032902848346,-0.17506945971218735,1.010820052203382,0.23252577522029266,0.7539852222317285,0.8283274028564327,0.12120084161784801,0.4323655500960264,0.620536842727372,0.035336790086272336,-0.011190846296075252,0.6551754643894298,0.10031207010726292,-0.08649327852688565,0.5759275239557259,0.029767813574826815,-0.0929879674094968,0.5980564514532934,0.0394038452667105,-0.06350632542445325,0.7057025372505649,0.3671673500728228,1.1624548850752774,1.0422385255445974,0.2727082222479458,1.3621395407892947,1.00915375206806,0.28255213733740303,1.252728772060197,0.9801119248882735,0.5051983557712588,1.1764173205829223,0.9436686016257879,0.42778637386949186,1.0652120144157595,0.7154409543418989,0.3298194320564509,1.1940143808161836,0.8530286491473094,0.30826292505682656,1.2676503471119567,0.9309003514195207,0.2690355482307557,1.2536037484304885,1.0562998617306096,0.22400986054798538,1.2199018404902482,0.9606687403372202,0.25742723340619605,1.1133788533114803,1.0734557765581598,0.22490897159479672,1.010462577063958,0.828857006033893,0.2273948233909491,1.1255143909992302,0.973486785479019,0.23640620284960479,1.1950314393200552,0.960478594239254,0.22152775300094762,1.2351720927607768,0.9792201725034061,0.2003450960562783,1.2145692150753669,0.9518791125327647,6.433333333333334
0.40820743866386555,0.7488645819895574,0.8065601305745816,0.36020730711179183,0.36641144839669826,0.6957446273330374,0.32775799150483786,-0.08545494091189827,0.9086421657444336,0.3213780586258985,-0.1325107800570144,0.7695320112431083,0.38388147911474346,-0.09834278944090778,0.7787908139500086,0.2877866143144051,-0.17723109773875065,1.011362963603083,0.23254095737091882,0.7549641295550944,0.8271376755304762,0.12198733900067624,0.4335473566089837,0.6195036406002123,0.03493454682885993,-0.008415701192705433,0.6546838782972176,0.10303159521111639,-0.08358037790591746,0.5767695611090761,0.03019880269131067,-0.09011987185683634,0.5974451075275967,0.03797025340115296,-0.06070869665935004,0.7029242568904348,0.36412013133423365,1.1640175228605638,1.0408812226392312,0.2737966069990193,1.364205291233218,1.0178840460716805,0.2840163301765022,1.2559203431817663,0.983209509067548,0.5049777764071739,1.177727290383717,0.9463489869876387,0.43220025998642175,1.0637535413732355,0.7249247190508474,0.33555289872310917,1.1937221184116265,0.8558239371560573,0.3171139784339172,1.2680208678403413,0.9273897478122901,0.27311238803463617,1.2571655254908802,1.0381272415774312,0.2304337045079718,1.2222178389623344,0.9521450204642834,0.2535666286810756,1.1174755250690573,1.059121405796182,0.2176442310553797,1.0085774334159776,0.8458349651277041,0.23062374725385257,1.1250294509496404,0.9741404422201059,0.23950854301907287,1.195007682076045,0.9654062634285177,0.22282253642268984,1.2364845215844562,0.9807553832968958,0.20152292584361695,1.2154329382604754,0.9506024800247852,6.45
0.4093448145548806,0.7490928757046654,0.8072336009119084,0.36109052565700567,0.3655298330822399,0.6983745382135067,0.3282305391759841,-0.08665406737936028,0.9082533474186503,0.3203355735019764,-0.13191663279153362,0.7687733780500899,0.383745447776785,-0.09873788366476736,0.7779866342012169,0.2873897235019614,-0.17948151736480356,1.011942414719809,0.2324840325639911,0.755919757317955,0.8259003243195898,0.12275687408095132,0.43420037757814217,0.618707335980351,0.03446949497478217,-0.005336794283317875,0.654012377208143,0.1053869475103916,-0.0821021725560413,0.5799768361068007,0.03023042676160751,-0.0864268490695031,0.5966765951197787,0.03625310880702906,-0.05760524560583023,0.7002819769614065,0.36178576032797855,1.1653743817279174,1.0403830797965665,0.2753563898142082,1.3672461935328402,1.0249066595325076,0.28564559627718256,1.2576545820798546,0.9881295352357389,0.5052252326526907,1.1789072078077898,0.9485113923087513,0.4365109925828706,1.0619388938973124,0.7359669981101722,0.3421739065315479,1.1946056482619318,0.8564684672950378,0.3276932423571841,1.2685828920816045,0.9268609060877347,0.27787031904847037,1.2637795810827226,1.0112222884195168,0.23933258353337672,1.2274348647276456,0.9396945320719587,0.2497609861528411,1.121513893249408,1.0460885866598886,0.2106394113806072,1.0066316912841697,0.8619676309540482,0.2334595023127678,1.1258432154448954,0.9761234706068331,0.24440845720251636,1.1960728878287419,0.9664155386335809,0.22354482727411096,1.2374954298916765,0.9822859402925479,0.20299305544669416,1.2171695939898253,0.9512826105367378,6.466666666666667
0.41030097866533594,0.7492442711038468,0.8078917361575735,0.36191068674226545,0.36466469993631623,0.7008703294057782,0.3287748221801125,-0.08763342275208791,0.9076050769935251,0.3195869457327243,-0.13123024908907083,0.7683656068867346,0.38363821139849935,-0.0986690496477812,0.7767628989400812,0.2870532457962698,-0.1815378302510886,1.0123760199660128,0.2323958038518826,0.75676421833959,0.8247635948887208,0.12345323140808538,0.4342157532438942,0.6181462976249612,0.03395987051975142,-0.0022738427531240613,0.6531142508769774,0.10736942468763325,-0.08296004383781919,0.58542198208065,0.02993285602571498,-0.0832145833051742,0.5967643979337627,0.03431786011990879,-0.054160410715236695,0.6975379398870267,0.3604760124909218,1.1664759531879372,1.0408798437906714,0.2776836587919723,1.371364714180145,1.0288079277888609,0.2874767970169286,1.2585018952902276,0.9930620420244312,0.5057291082851341,1.1798335588877475,0.9502144795230205,0.4407455648968752,1.0599403666362945,0.747986271687689,0.3490171818086012,1.1963290683155523,0.8555417238028482,0.3384885276477424,1.2689290894858465,0.9309669465945785,0.2827587989464721,1.271878475851096,0.9819380940570783,0.24938062201956185,1.234162421167678,0.9265742742988813,0.24645788865493953,1.1248928030259184,1.0359756064099315,0.2051697395791508,1.0054917245037354,0.8745897109476201,0.23568023406464833,1.1280222888206048,0.9791978191769923,0.25073324981054346,1.1981245707721733,0.9621474757561286,0.22367375020865554,1.2382133323824784,0.9839058980776251,0.20466093701652652,1.2196276312199668,0.9539117039678535,6.483333333333333
0.4110512577871313,0.7494130258452563,0.8085762253659833,0.3626502200925716,0.3638223481423055,0.7031390131853024,0.3293824121483608,-0.08833819950021611,0.9067007865481544,0.3196152502569026,-0.1305982246656774,0.7688509179138163,0.38352804165138416,-0.09826328885734739,0.7757837680150221,0.28690647229379895,-0.18309758245874888,1.0123840353957778,0.23225427277514799,0.7574472301602798,0.8239254329156872,0.12403266869420336,0.43359125615238814,0.6177518017176409,0.033439693142329474,0.0006732553418876408,0.6519720343566525,0.1089325883879369,-0.08649297666733247,0.5928301272139386,0.02944835677980466,-0.0815726911831136,0.5982771343316698,0.03220285845595094,-0.05025462694843866,0.6943614930238238,0.360227935135747,1.1672701814064437,1.0423839302929503,0.280791956282178,1.3763118285250409,1.0288044453129819,0.2895484375855603,1.2592599575975247,0.9965883273493015,0.506292347365235,1.1803590407533953,0.9516966522100375,0.44473203173227593,1.0580828691139668,0.7592881601240766,0.35509791326274565,1.1984888346354854,0.8533448535886747,0.3477115011933537,1.2692993348620314,0.9364568179917163,0.2873358892752116,1.2795994600361857,0.9565994952723358,0.2594323261220046,1.241450206259985,0.9141822329359808,0.2440036857194518,1.1270887385116957,1.0300088376437255,0.20183424034618302,1.005569477821558,0.882410675976803,0.23745815071244308,1.1312108384117878,0.9826944933854929,0.25760951845285385,1.2007699754932863,0.9542029924198613,0.22385333031722243,1.2389953773567841,0.9849091342626777,0.20630937319144496,1.222752707482794,0.9565962432016306,6.5
0.41160945277528255,0.7496430644756624,0.8092417745465706,0.36329119299730167,0.36296496234197984,0.7051231649803127,0.32999582739297806,-0.08888554600940086,0.9056067181119644,0.3203267708237397,-0.13025135545920502,0.7702145057622658,0.3833560430323103,-0.09818060548668961,0.7758431128203686,0.2870672019669638,-0.18403374671371603,1.0117794220285012,0.23204175390356768,0.757988622684058,0.8234687386933652,0.12450826669494905,0.43241054554285024,0.6173940676271761,0.03294331535948409,0.003567921000621921,0.6505993847285456,0.11017745469559623,-0.09194176643672466,0.6014321894538204,0.028920238097332917,-0.08174082683910502,0.6009451526669413,0.029894594201331642,-0.04580982732981012,0.6905997602490356,0.36082741391088075,1.1677072301403557,1.0445585572912857,0.28440593300764594,1.381641612692598,1.0247575819894297,0.2917184417474631,1.2604963821276511,0.9975824310845149,0.5069038981471957,1.1803701284533576,0.9532305417884258,0.44798600672057903,1.0566838586170677,0.7673617962953385,0.3596405665310153,1.200819545669871,0.8491841687896504,0.35417271502700665,1.2702265001135333,0.9379442869704162,0.2911099414518939,1.285715311608314,0.9382985685398051,0.26880802952761557,1.2490607948967587,0.9017439847344665,0.24245057328784902,1.1277939384655202,1.0285043437151935,0.2003116536735607,1.0065491098518455,0.8858952127274964,0.23890671421132387,1.1346216646474856,0.9858032316251265,0.2642307764494317,1.203803998573365,0.9449806439803172,0.2255767160841053,1.2404503701839302,0.9830155438370434,0.2078280946769891,1.2261593485137297,0.9575916839731968,6.516666666666667
0.412026676846101,0.7499158715019183,0.8097374073820194,0.36382705270528215,0.36207177150325165,0.7067820571248846,0.3305094068792367,-0.08949851929576057,0.9044994039694451,0.321084127053302,-0.13032037318960576,0.771798913165782,0.3831666677696185,-0.09913904067697879,0.7772328524293687,0.28758047161893496,-0.18437413483718862,1.0105175201842953,0.23180587985649864,0.758501351988805,0.823209051809074,0.1249394975711047,0.43074572433097225,0.6169713606204678,0.0324781963739739,0.006488589179194926,0.649054646733093,0.1113880624798468,-0.09754719277873632,0.6100616077146038,0.028481925400890923,-0.08305358021702372,0.6040957216628522,0.027363666483022544,-0.040921609119633315,0.6864606027643438,0.3619488507426789,1.1678066500126656,1.0467406461618067,0.2881137379161268,1.3870618946493747,1.017007957508909,0.2936113559408729,1.2624393882324672,0.9948879617004871,0.5077736465030571,1.1798720576900537,0.9550098669582936,0.45014032194038434,1.0557073345176649,0.7706787862450992,0.36257155607416447,1.2030919493936665,0.8421832182205052,0.35784029608916623,1.2719434905020994,0.9325897026175931,0.29374665260097244,1.2896942515014371,0.9266519854816324,0.27725713270250507,1.256983481713393,0.8876647982056881,0.2417422613127579,1.127197896410745,1.0306023828379276,0.19960976563851413,1.007650862127061,0.8870317715978154,0.2397938076535831,1.1376607084638277,0.9878904830091098,0.2702065602791046,1.2072108924304463,0.9357861808867058,0.23025786020697508,1.2430459397649072,0.9761257423404347,0.2093459555194141,1.229401003992286,0.9561020297341289,6.533333333333333
0.41231612092345626,0.7501478248243294,0.8098873168876642,0.36424786426164085,0.36113314512382844,0.7080794789364814,0.33084622267757274,-0.09034478215199895,0.9035823490932307,0.3212160107280615,-0.1307032828322232,0.7727025828533515,0.3831163425526847,-0.10139332617458012,0.779760472012869,0.28845207956785374,-0.18415458859894415,1.00861813958345,0.23163447246338015,0.7590893317890969,0.8227927981732335,0.12540374998916756,0.4286050117835293,0.6164639710441343,0.03201955638033959,0.009411023549390246,0.6473974068614522,0.11280818224177684,-0.10146166432090208,0.6175022978805004,0.02830867659165514,-0.08445575837625521,0.6071360123084368,0.024636275659141477,-0.035881318456591885,0.6823520610709359,0.36328217430318527,1.1677052521935813,1.0483101998952473,0.29161680835826276,1.3925347525326959,1.0067400626794307,0.29498905304159667,1.2650389375577746,0.9877993893095167,0.5091353663122202,1.1790229343380965,0.9570995704098884,0.4515300691769111,1.0546482787796625,0.7702432524828906,0.36453273897420657,1.2050596927371513,0.8327644506525003,0.35949640090867163,1.2742608447997432,0.9214851023646873,0.29542530767798925,1.2913055018580484,0.9196776795612183,0.2847679181798006,1.2648588136382568,0.8714663197741863,0.2418384877881396,1.1260393141117793,1.0346222613139697,0.19891052438248352,1.0083684553632342,0.8875899306842063,0.23965582458648896,1.1403413434528122,0.9887556465456986,0.2753921417956753,1.2107846243252,0.927227696456465,0.23795541754007496,1.2467572824633284,0.9647766843954413,0.2111556736722926,1.2321917079577442,0.9524013195109748,6.55
0.41241047432770445,0.7502391613269924,0.8095990178349233,0.36454472503036006,0.3600897291544448,0.7090298739987708,0.33102347106315455,-0.09141787718280209,0.9029582889020462,0.3205011374842589,-0.1311409827495031,0.7724238956592729,0.383331584174401,-0.10469077357208316,0.7831504268726001,0.2896741823921211,-0.18346099119553042,1.006183254601332,0.23158137186713584,0.7597043410979902,0.8220070543260986,0.12598227375418347,0.42598222362700866,0.6159078148490669,0.03155044832100763,0.012158866273946384,0.6456280503918449,0.11446692009783402,-0.10265907199908102,0.6227107752989627,0.02862317165079061,-0.08525659847151286,0.6095021646787111,0.02179212465013412,-0.031072003438667575,0.6785554316810567,0.3645963789802281,1.1676374085327987,1.0489230720406455,0.29493636129269846,1.397942531819555,0.9963122255488046,0.29606151481849746,1.2680480865937422,0.9770344914260907,0.5110078037580473,1.178091075062808,0.9593333293897963,0.45297814679035436,1.0530132959115337,0.7684706144168814,0.36632852564408713,1.2065767040421833,0.8228313090744725,0.3600661506563252,1.2768672316175835,0.9075290682063375,0.2967368230683949,1.290680468575619,0.9153731287811957,0.2914983772530739,1.2720846055674004,0.8543588257213325,0.24253581967023496,1.125189836833886,1.0387561441202606,0.1979321479277925,1.0087351719010829,0.8881466779366788,0.23811474162285579,1.1430566784421599,0.9886870401944141,0.27987707861492883,1.2141258929577836,0.9200847564511687,0.24746096808596432,1.2513217405100765,0.9513961147062304,0.21355408009429436,1.2344774777309715,0.9476904956917351,6.566666666666666
0.4122328990817105,0.7501646580367489,0.808929449726419,0.3647616836900926,0.35885097836372504,0.7097162291085048,0.331110960345538,-0.09259098289921965,0.9026129913888224,0.3191531651532484,-0.13134277638876674,0.7710910708189319,0.383829119657772,-0.1084567684966301,0.7870239527930801,0.29119374584926305,-0.18247625370449805,1.0033567080008197,0.23160651282590516,0.7601813852224644,0.820929242513061,0.12672639627494595,0.42290460735545315,0.6153939082380963,0.03109685762935325,0.014450818877260935,0.6436972911824101,0.11630524810606901,-0.10122896491921049,0.6251025104760098,0.029586619892219973,-0.08539028406075971,0.6105424890206722,0.018901898493112548,-0.026874990494748036,0.6751147532201013,0.3657611194903251,1.1677555743736154,1.048497576005718,0.2982742572240781,1.402828136333011,0.9883184166879146,0.29731686871863133,1.271092302120682,0.9646380974079432,0.513176508994291,1.1772906570995438,0.9613528145458631,0.4549109166314107,1.050923566313795,0.7667629590910858,0.36830481182251346,1.2076760602532934,0.8143039461231583,0.3603120119281147,1.2794664062308834,0.893411539350317,0.29822870361718185,1.2884652088163349,0.9124555990926978,0.2977500345901872,1.2782959514825647,0.8380916848534811,0.24339793858492878,1.1251308031585892,1.0417924953670608,0.19672292423181897,1.0091147453565046,0.8884686365567798,0.2351949395905454,1.1461028482309032,0.988180975334869,0.2838184078188215,1.2168796807079487,0.9150516278048908,0.25729942332013095,1.2563937823775675,0.9381247052264813,0.21678281411615274,1.2363888613220224,0.9433551360463064,6.583333333333333
0.41178308469350394,0.7499878851646086,0.8080669896331218,0.36499533085758146,0.35744747664840487,0.7102033167768509,0.3311802347217161,-0.0937473654668925,0.9024536338712834,0.3175328252275593,-0.13106062270849206,0.7691437460610077,0.3845697006863424,-0.11177350175136666,0.7904348465961106,0.29291587728610674,-0.18129517703860054,1.000107032851087,0.23160767659961845,0.7604218249089923,0.819764440138593,0.12761772469251018,0.419436862505732,0.6150870560998043,0.030704820585639767,0.016040146512144804,0.6415720745810449,0.11836813194363438,-0.09823143484307909,0.624842421896679,0.03118811546761329,-0.08511750541542192,0.6098344341414628,0.01599713380460772,-0.023600109154447213,0.6719706531318872,0.3667400359966617,1.167984032816864,1.0471790939581054,0.3017608997376066,1.406678624879956,0.9841295799884535,0.2991498467371864,1.2737594790042384,0.9527492312836023,0.5153385137095352,1.1766051341765766,0.9627778022126157,0.4571173425272179,1.0489162403777954,0.7654261655079282,0.3704013730175014,1.208501519368219,0.808192923987185,0.3607581118866121,1.2816279664737462,0.8817259219240765,0.3003126928060865,1.285708531610558,0.9102755916152645,0.3037201576914601,1.2836085013418632,0.8239417808497614,0.24391435980420034,1.1258192132367775,1.0433088965066235,0.19550640767067262,1.0099076265707683,0.8880565039074071,0.23148722347445883,1.1494042802390994,0.9873289338544129,0.2870785459741804,1.218837446388545,0.9116785979887001,0.26621230017055564,1.2612881162980056,0.9263215572683026,0.22105465739929,1.2380737769551944,0.9398966668302313,6.6
0.4111446521143971,0.7497887371658288,0.8072178188644009,0.36531088018323604,0.35605402356920923,0.7104917406509782,0.33131103571031134,-0.09482026415410325,0.9023064420528321,0.3160154665234511,-0.130180400270202,0.7670163606974119,0.3855290809358193,-0.11345937226237851,0.7919358133297418,0.2947524939879226,-0.17979314697280535,0.9961730041534249,0.23155130975624463,0.7604601361706393,0.8186152165469558,0.12859184831463644,0.41570446576499004,0.6151344334697382,0.030398124472119224,0.016843269538935862,0.6392832538167316,0.12070881483309269,-0.09535437873187574,0.6229053276497133,0.033240230171285794,-0.08492766426286699,0.6076777007909647,0.013100205984276761,-0.021370144565176025,0.6691102022437297,0.3675551548729229,1.1681221906835666,1.0453212763926096,0.30546030245658434,1.4093585512155111,0.9835350944637651,0.30159058648444415,1.2757137678812893,0.9429044518474833,0.5172249953780474,1.1757945663237415,0.963340077086409,0.459299589825402,1.0471550778073455,0.765285099247254,0.3726669291593082,1.20908786474571,0.8053618778362555,0.361648275983632,1.2828773321022031,0.8751810123594576,0.30342999187500785,1.2835834478279258,0.9085022035373016,0.3091723311971979,1.2883959062452237,0.8128529765663435,0.2436498656130628,1.1269024929978444,1.043355388359145,0.19457890437417386,1.011209644389846,0.8865886066204158,0.22801407252012607,1.1526711609976426,0.9853867393725342,0.2895104383078013,1.2199974855272475,0.9082136410433643,0.2731818345961955,1.2651875283301848,0.9169560356583644,0.22646785526897784,1.2397123088689317,0.9365602879315478,6.616666666666666
0.4104275310636119,0.7496127990733366,0.8064909593870189,0.36568873327220464,0.3548304887228286,0.7105728480789746,0.3315661106533009,-0.09576761466698826,0.9019628154597523,0.31501472893137594,-0.12880572739778667,0.7650546959732564,0.3866969942149495,-0.11264248755282777,0.7906286468396685,0.2966466756687373,-0.17776268226503983,0.9912823563041372,0.2315219791502971,0.7603519154414166,0.8174240542665214,0.12962837514518802,0.4119386225283517,0.6154801942222216,0.030174272724673996,0.016926103525315123,0.6368951047702247,0.12312674421791223,-0.09444262903055765,0.6208574362158373,0.03544419331875129,-0.08555794934210259,0.6050941608460904,0.01029731288946019,-0.020048534673108465,0.6665835245844142,0.36821251991781545,1.1680142191967493,1.0434457762215943,0.3094385013664417,1.4110866939792082,0.9854610717140206,0.3042583139238022,1.2767891491092969,0.9360548584437484,0.5186743919721832,1.1745922988724589,0.9630423032656008,0.46138822981803473,1.0451852199950662,0.767756138792634,0.3753001589215381,1.209238125913314,0.8068683757599746,0.362895346092464,1.2830985488483921,0.8746658642150469,0.3078430653146438,1.2827311088116464,0.9076554831167777,0.3136046640241449,1.2928075881819834,0.8055163688711544,0.24239489330584962,1.1279980154993972,1.0422441239162523,0.1941657003050115,1.012677982376382,0.8841364559074039,0.22595160608821557,1.1556690760091726,0.9811287564545508,0.2913535842413935,1.2204736619413734,0.9033924433597493,0.2775190772222665,1.2676306224836928,0.9107795847265763,0.23280187531164742,1.24154980880637,0.9320854008786552,6.633333333333334
0.4096801991070465,0.7494558203891731,0.8058719753684089,0.3660518659067065,0.35385694811600443,0.710459554849248,0.33194233438702975,-0.09657937834017272,0.9013708875641607,0.3149291105013619,-0.12724241468282887,0.7634876406293163,0.3880135371162945,-0.10936100485931055,0.7869662297385124,0.2985663077158068,-0.1751131260011357,0.9853716370232932,0.23157544497721433,0.7600962998060131,0.8161045556757762,0.1307979937586913,0.4084369444656365,0.6158296567277519,0.030028659538018337,0.016398272521226498,0.6344770947199828,0.12514288914940694,-0.09683834919755314,0.6201776074914517,0.03746963902973992,-0.08754521704922792,0.6030802024613803,0.007784309297130785,-0.019336849451275034,0.6644284655127349,0.3686573877146121,1.1676132514037878,1.04204063930302,0.313644038460856,1.412092470104669,0.9886437581359305,0.3067163743034675,1.2770201959743195,0.9325113704763179,0.5196564560132491,1.1728762279113127,0.9622684209277172,0.46339856610726016,1.0424472564064453,0.7734814979078972,0.37817007384222334,1.208707945638191,0.812794834997921,0.3640489091227593,1.282694807870931,0.8773110102564439,0.3132005005823245,1.2830191533906548,0.9086245439762124,0.3168550360542588,1.2966016302160903,0.8018444642398783,0.24030107964157316,1.1288805770893586,1.0403325129801129,0.19433588016817926,1.01377545151722,0.8810849575002151,0.22625643035714166,1.1581462464381123,0.9738354435702578,0.29277764246143934,1.220212680430542,0.8982776986196908,0.2791666440575702,1.2685266645321633,0.9080466219507619,0.2395007965587449,1.2436646060413248,0.9258954588194194,6.65
0.4088434809141119,0.7492643418097744,0.8052684346638059,0.3663324889017534,0.35317618647022053,0.7102172201941325,0.33238831956501197,-0.09728571759852123,0.9007371557311438,0.3158923711123052,-0.12586060571793006,0.7624521447774295,0.3893332002571118,-0.10459356348166646,0.7821478173419552,0.30048462361476774,-0.17192762974871958,0.9786831535251493,0.2315991107094174,0.7596839450129551,0.8146810898707215,0.13218430709314258,0.4054469431580838,0.6158749478023299,0.02996301313323679,0.015386498314761299,0.6321785523069035,0.12631476926939678,-0.1025783536357899,0.6213914297916063,0.03904803741852496,-0.09073046999426213,0.6019133360983782,0.005792102453269238,-0.018982076646942014,0.6626761431376552,0.3688135126127162,1.166998224263358,1.0411444901633264,0.31778338974674075,1.4124691979425825,0.9918292211514732,0.3088867113768843,1.276634334356111,0.9319088577237442,0.5202152944598921,1.1707207888679325,0.96155653869642,0.46527631064047137,1.0387733713275458,0.781580005972673,0.38078627320865954,1.2074267514030597,0.8216847358444943,0.3646097552398112,1.2823121076665203,0.8779998833970084,0.3187131002023967,1.2844088094094945,0.9104373969713877,0.3194003091339036,1.2995491003235817,0.8007430980266643,0.2377674054256887,1.1294787732394371,1.0377797535543578,0.19499868768168382,1.0141238683978562,0.8779764023757617,0.22915991575144712,1.1597856813864862,0.9638497697815034,0.29374129554316836,1.2190591508231399,0.8951499948458461,0.2790878345666841,1.2681425165504006,0.9076334953707461,0.2459268815164936,1.2458758952553088,0.9185100388102183,6.666666666666667
0.40782474755028947,0.7490110111196512,0.8045879337575429,0.36652434197031974,0.35280072887628977,0.709997366756336,0.3328606107136632,-0.09791575677108362,0.900285078576059,0.31760929374426405,-0.12494667788682767,0.7621193707035312,0.3905203303075462,-0.09966781713482623,0.7769990205239239,0.30236547113003825,-0.16838283728512146,0.9716565716224551,0.23139409024957977,0.7591495161900579,0.8132510820459675,0.1337848545701649,0.40307620915924536,0.6155189126697694,0.02997280215455265,0.014074296919739215,0.6302484067243436,0.1266201394029243,-0.11015486892083079,0.6240562942906603,0.040060152012915615,-0.09431443229378625,0.6013014780260116,0.004456058171303717,-0.018877905880110346,0.661418255812605,0.3686710793060308,1.1663677535896315,1.040190222161042,0.321371319553119,1.4122783921421733,0.993938766343671,0.3108754254213768,1.2759911669575807,0.9332607349304805,0.5204335028728558,1.1683712951569634,0.9611944153465457,0.46681546036450283,1.0344118353393255,0.7901502256485871,0.3828576997379154,1.20551090053788,0.8313781865091922,0.36446681918574697,1.2824872614782872,0.8730383787948848,0.3238460682863459,1.28743267850972,0.9100703083893071,0.32191320402204987,1.3016628326743416,0.8008327122092247,0.23522132704564458,1.1297353452002286,1.034660248535765,0.1959343462663495,1.0136195255846343,0.8754269773574483,0.23407634909626465,1.1604993048601688,0.9520278239766682,0.29450619190229965,1.2171157248217435,0.8948937147852388,0.27893037535593657,1.2671814371480044,0.9071970732575452,0.2516557870346837,1.2479962542535699,0.9107451452157118,6.683333333333334
0.40662417066730994,0.7487710969512649,0.8037968328999078,0.36668516581695715,0.3526807302746082,0.7099824699691588,0.3333440152636814,-0.09847978889922487,0.9000168939047841,0.3196385481693205,-0.12464827090420204,0.762686985369879,0.39154189631016306,-0.0956238331960432,0.7721685743234074,0.30416604707072015,-0.16467195223719028,0.9646614787530797,0.2308483741547907,0.7585590283758271,0.8118412440847378,0.13551399594830876,0.40127566636197237,0.6148621722000465,0.030046803719855273,0.01267419156951019,0.628856358850439,0.12647249578814626,-0.11746942718718267,0.6275126154931696,0.04054889404903875,-0.09732652013045416,0.6009650405311722,0.003784923160614895,-0.018980908980369665,0.6606715254039685,0.3683192296118658,1.1659702734867092,1.0384438604675155,0.3240416685164786,1.4116953625597235,0.9944825145306586,0.3126401772680417,1.2753810592945194,0.9352874538342175,0.5204620599823742,1.1661118359132678,0.9611109222891049,0.4677572283990249,1.0297318845935257,0.7975362175172354,0.38456250470432113,1.2032238098802988,0.8399863621901882,0.3638271145585159,1.2834746546140017,0.8621339231545552,0.32850357460482926,1.2924075446905938,0.9050185674506248,0.32459982657337977,1.302833899028548,0.8012525867658007,0.23298323049709968,1.1295843205247615,1.0311641998099141,0.19686564044432514,1.0123721368565652,0.8739724042345532,0.24020057692662009,1.160543907266207,0.9390437307913653,0.29537708415515446,1.2147349761419788,0.896654712410577,0.2797611656432416,1.2662704299295169,0.9055239288709416,0.2566498539507131,1.2499716837332078,0.9029732344382588,6.7
0.405358926106381,0.7486789346590881,0.8029003726535255,0.3669046614593838,0.3527128476200216,0.7103282310846453,0.33383713936312565,-0.09899008767378209,0.8998284529543152,0.3217861771658532,-0.12497415867464837,0.7642349033144148,0.39236735556214,-0.09325382148767633,0.7693059628161086,0.3058400299108927,-0.16098609906199396,0.9578930744823908,0.22998118756316796,0.7579750303197446,0.8103705206365607,0.13725926159501697,0.39992585936229336,0.6140577988354945,0.030179167694967427,0.011318570943103873,0.6279433921126764,0.1263102183649738,-0.12315149412880941,0.6312368345468116,0.040663296824969136,-0.09918118670360151,0.6008212039714247,0.0037014384468107434,-0.019260831819889218,0.6601614970020799,0.3678554732407212,1.1660007312248024,1.0355065642057801,0.3259635600962518,1.411001435235113,0.9938921373704503,0.314245232223067,1.2748641259766211,0.9371858057747325,0.5204641169203236,1.1641330096449096,0.9609939722931996,0.46818079835917303,1.025011534570127,0.80316571757668,0.38625006405925394,1.2009412567639763,0.8465015994814575,0.3628453608057146,1.2851495054420297,0.8476244039393217,0.3326133866164134,1.2987705255171131,0.8948265911733748,0.32722569589893635,1.3027306196088417,0.8012696922519442,0.23115806582548176,1.129171598874761,1.0274852955943388,0.19755915246163833,1.0107344504788964,0.8736274609302559,0.24697373720188603,1.1603203725565951,0.9255359546126325,0.29624863639511656,1.2124149818344778,0.8989583025222212,0.2814398719810641,1.2654679867635277,0.9036628680735386,0.26118491023792423,1.251769205283573,0.8954262664442467,6.716666666666667
0.40415802034582005,0.748835472971285,0.8018760209537865,0.36726399926422076,0.35280071230136323,0.711165222378082,0.33433286292344977,-0.0994184738391346,0.8996923042384402,0.3240604966827243,-0.12580478366190648,0.7667242172801446,0.3928737340044557,-0.09329002881754761,0.7706746473233493,0.3073283618881886,-0.15744972889930342,0.9514714822941994,0.2288824543453046,0.7574653225624618,0.8087432676051094,0.13892630623845995,0.3989629785738382,0.6131847343257733,0.03036728652922773,0.009994741840522986,0.6273385390061141,0.12629379880494893,-0.12688048863277113,0.6346767004587569,0.040578879778755156,-0.0999802719264497,0.6007945072741345,0.00404392651389997,-0.01978576413743882,0.6595547839664827,0.3672998738171529,1.1664927813719335,1.0315433363575428,0.3278555105006087,1.4104064674108225,0.9928920327690354,0.3162248149718291,1.2744353920429403,0.9388113497209849,0.5205060244707176,1.1625417720651168,0.960427480235611,0.4686207038328929,1.0204519699413301,0.8072927451627666,0.3881094164065403,1.1989885334528765,0.8507852143918008,0.3616055694466501,1.2869827515448469,0.8327770988335029,0.3358419072954235,1.3054017632430972,0.8804965498552058,0.3296371080694064,1.3012255731794402,0.7996909849671997,0.22964316081593206,1.1289550273062066,1.0237027098437617,0.19786860701046832,1.0092710277664596,0.8735829589072441,0.2538364584593028,1.160316673440239,0.9125804758082823,0.2970928303605307,1.2109584100256943,0.8998268667475748,0.28340389170057567,1.2647406426991727,0.9027420178667052,0.26553819894759234,1.2533394091609642,0.8886649484941298,6.733333333333333
0.40305782145444674,0.7492514812019022,0.800689911116467,0.3677976731851728,0.3528545754584397,0.7125740328723841,0.33480636510717937,-0.09966092733945058,0.8996506609933499,0.3264070987050193,-0.12689901070998774,0.7700415321751845,0.3929507588882733,-0.09587855519975755,0.7770097613078133,0.308556162290559,-0.15403350550216877,0.9455074641346026,0.22765370783820912,0.7571332886267286,0.8069247015390689,0.1404783066168232,0.3984100963216168,0.6121544009029917,0.030604974400346693,0.00863528376461567,0.626959576706895,0.1263844885133415,-0.12885117946792712,0.6372073676988502,0.04042416997403235,-0.1002143754506805,0.600806450230765,0.004559654176676297,-0.020684087259426928,0.6589709902805557,0.36665000243316814,1.1671897400937858,1.027589552820602,0.3305941395376563,1.4100458372271363,0.9910404164735395,0.3193950347760264,1.274265747248228,0.9397743982317595,0.5205646397825163,1.161340009649486,0.9592721633305079,0.46955359914257083,1.016257398903409,0.8103720559420156,0.3901456224485749,1.197533734784243,0.8528716845842259,0.3603643559518473,1.2882842656428402,0.8206515455955214,0.3378974624388036,1.3112799271719047,0.8637436710858859,0.33193335035067784,1.2986528562365207,0.7955516232618352,0.22822702525306365,1.1293866327017164,1.0198782981239347,0.1977265079024687,1.008457574963548,0.8726952684068545,0.25998584031049743,1.1611051963568149,0.9016597074213789,0.2984274825426851,1.2112972805992037,0.8967595382317618,0.2854438196141359,1.2645053297498015,0.9023260919118392,0.2697513848448362,1.2547789746972855,0.883225761468214,6.75
0.40201358761719386,0.749822852959885,0.7994073389720808,0.3684828626517003,0.35275981304708504,0.7145390664190422,0.33522309175849063,-0.09963564429458893,0.8997352918206181,0.3286866435385365,-0.1279319087161436,0.7739297311444112,0.39265118627707707,-0.10011800577746699,0.7866279337366607,0.30946440422306865,-0.1505850769981584,0.9400629834991588,0.22632930328223724,0.7570374053081214,0.8049692746211967,0.14194267011629785,0.3982783051216794,0.6107628953880931,0.030885400926403905,0.0072581077652564,0.6268333531596686,0.12652215640714937,-0.12940532256962195,0.6384401935560485,0.04028304590214271,-0.10019215787870298,0.6008632992196253,0.004978622246436906,-0.021981670486516405,0.6589788975293394,0.36600191713842667,1.167534878452254,1.0256115609141436,0.33485816376858923,1.4101030852006424,0.9865533588766404,0.3242720581338162,1.2745669635205799,0.9390848016753679,0.5206092982914241,1.160267498672631,0.9580671672449648,0.4709316733006801,1.012702099181831,0.81260071377723,0.39224842508503316,1.1967173088787968,0.8526621313417007,0.3594800002338486,1.2886822917770537,0.8129405589651039,0.33904556552937337,1.3159483110685395,0.8463816958693842,0.3342084402055956,1.2956986841605962,0.7891133841230729,0.22667801184574915,1.1305538273829265,1.0161423319679994,0.1972082205977066,1.008435811131603,0.870402422207025,0.26485853110302016,1.16301839143603,0.8939677317364112,0.30103463353626553,1.2139111885537792,0.8877918152256947,0.2876091776766166,1.2652499268361848,0.9013338840170082,0.2737155337820597,1.2563879209215192,0.8789742880650683,6.766666666666667
0.40097799772677056,0.7503865367109559,0.798178157404254,0.3692658006644898,0.35242959840236,0.716949234949966,0.33555983260405214,-0.09939087792735542,0.8999282667312991,0.33081590309394804,-0.1286093616581531,0.7779330596707366,0.3922322345889402,-0.10458521792753378,0.796865699269234,0.3100567603079424,-0.14698763722967512,0.9351002930904759,0.22481101483489707,0.7570949857658604,0.8030336658319438,0.14336974637626146,0.39845086469895385,0.6089622707665514,0.03119831550405955,0.0059823201725686115,0.6269751283091558,0.1266755479257928,-0.12900535691146203,0.6385413723539172,0.04024053187441219,-0.09989207657486729,0.6009335228737656,0.005134123614235647,-0.023598469874968997,0.660032436990001,0.36557106650480253,1.1669427183526586,1.027692036214031,0.3409133069077701,1.410650710080189,0.97810004643114,0.3306684922772256,1.2753113045911526,0.9360032178549583,0.5206321765611623,1.1588410145848023,0.9577589121944756,0.4723273527303985,1.0100562941177096,0.8136477240287732,0.39417195421103546,1.196718889105785,0.850510829402926,0.3591659537969991,1.2884561368089504,0.8087345329183528,0.3399107475530462,1.31949434648146,0.8299032629606036,0.3363473768662106,1.293153121753818,0.7817766130168424,0.22487899403692538,1.1322373067392608,1.0129224348129093,0.19669122891811408,1.0091862856738845,0.8668388559181324,0.26878474443615114,1.1658347007983925,0.8894179781280298,0.3055119696510932,1.218565108742693,0.8725624066557394,0.2898504151695813,1.2668750768980712,0.8992046414879942,0.27737302702955,1.2583706973822708,0.8752004787373605,6.783333333333333
0.3999488666371249,0.7508616755129323,0.797063428778457,0.37008997030119495,0.35187104635093147,0.7196668183358228,0.3358125157296257,-0.09908076813906173,0.9001705743965935,0.33277856189363975,-0.1287960813675579,0.7814744464862322,0.39206225266780437,-0.10824305384604997,0.8057289322047048,0.31039594290103284,-0.14333613426506636,0.9305674843580765,0.22296121854769643,0.7572061438204574,0.8012915255427269,0.14479440767988014,0.39875300255655344,0.6070077282074834,0.03152396515783838,0.004964139534243739,0.6272855680618596,0.12678004267640952,-0.12817462574994617,0.6380506547195393,0.04034826587130906,-0.09917935528415789,0.6008520951959322,0.004996479714802219,-0.025457209543309434,0.6620579327630667,0.3656002098651434,1.165207400276948,1.0347194005941713,0.3485438142759897,1.4114924297745635,0.9662199332762472,0.337993032633206,1.2762970008863288,0.9304807809608464,0.5206240218689746,1.1567457778208463,0.9589209027501557,0.47338536374357987,1.0083586744672242,0.812993239895337,0.39551077419723446,1.1975656678349247,0.8474536211761571,0.35939128042023094,1.2882689795981725,0.8052742042059251,0.3406569091284916,1.3219503277887399,0.8159823494034958,0.3381697586968913,1.2915570848031706,0.7751648344385671,0.22302205058536778,1.1342995517938195,1.0110632312469474,0.19685411605407338,1.010824950897684,0.8619743018213315,0.2728146493899069,1.1690275186509698,0.8862450147279868,0.3119581637226112,1.2244737236926753,0.8522389719462257,0.2918735222130473,1.2686451958316747,0.8960673989624213,0.28071678573084907,1.260601042812767,0.8712515582473122,6.8
0.3989758105693337,0.751307242271199,0.7960067837793963,0.3709100234299017,0.35116685703081485,0.7226284241648802,0.33598823136700956,-0.09883172903754511,0.9004034725177287,0.3344718548511211,-0.12854360764503386,0.78401080475348,0.392450878188386,-0.11082028933849104,0.81217399543273,0.31055029558802555,-0.13995320032697087,0.9265651149846331,0.22076214246772818,0.7573919855399907,0.7998255242163329,0.14621796625432987,0.3991208252921263,0.6052492826783322,0.031840734597691545,0.004320420383499807,0.6275673410174907,0.12669729985444483,-0.12732883887802832,0.6373377327300078,0.04053115171698596,-0.09799504612347393,0.6004444767524075,0.004620678715170339,-0.027522047823566598,0.6645853129270503,0.36625248206692584,1.1627373676825703,1.0453688600985918,0.35720949856111456,1.4124799228545895,0.9530297430901951,0.3459940988208821,1.2774240774535166,0.922803894062517,0.520611013117495,1.1541472224220302,0.9612283951607226,0.4741063178167787,1.0073329360570757,0.8109027175777472,0.3957606231720814,1.1989046890216906,0.8445795738355528,0.3596806205976515,1.2884467427596384,0.8008084270128353,0.3407203392333281,1.3231732618408074,0.805998381750138,0.3397398154102332,1.2908279731013161,0.7703102036167617,0.22168026049022158,1.1368782173073166,1.0110781408473244,0.19822900391811094,1.0135075333538874,0.8553287696470941,0.2777260465507942,1.1721089396787174,0.8822848419105613,0.3196957215897707,1.2305061208555776,0.829194549505166,0.2933422923593786,1.2697931545067367,0.8923648426483188,0.28370491614924553,1.2628017654080612,0.8668393057485542,6.816666666666666
0.3981184955527578,0.751820885472372,0.7950160729791673,0.3717123859622858,0.3504124732507615,0.7258505681868214,0.33609321915670487,-0.09862105337319613,0.9006149273382889,0.3356307144161855,-0.12800319807276714,0.7852347349873154,0.3935009346495958,-0.11254476524656905,0.8156370127233125,0.3105462796170266,-0.1371805760010791,0.923353678777918,0.21831668466991067,0.7577049023354936,0.7986578422301216,0.1475988781006911,0.3995459827593196,0.6039068184514187,0.03213593988786899,0.004008481098857847,0.6276586350029296,0.12632329855583688,-0.1266312681935368,0.6363337008580827,0.04059522781521609,-0.09649917189542213,0.5996694006325778,0.00410290062721513,-0.02975992855329082,0.6671672943602065,0.3675050172967151,1.160400605188091,1.0562687319223676,0.3662301055226134,1.413847449255469,0.9414097959308858,0.3548603274947223,1.2787500293331981,0.913650506801037,0.520724093984702,1.1515634567235233,0.9636182086123724,0.4747233575475537,1.0066149824376407,0.808687982876042,0.394705684569688,1.2000907778812957,0.8424532414368235,0.3591655528208638,1.2886394811048691,0.7964060554768412,0.3396179601487984,1.3233874821405363,0.7995013986130857,0.34153662594070344,1.2903979730015438,0.7672086178289415,0.22152439369518667,1.1401818736139075,1.0123813808583149,0.20068870414500245,1.017095929807335,0.8468982553199653,0.28337702968980416,1.1744793707524492,0.8768199390425063,0.32721877016283674,1.2354759668722117,0.8077004768764302,0.29436687674249046,1.2702216522188516,0.8885638394653375,0.2864752910857885,1.2648153547846614,0.8616576529732731,6.833333333333333
0.39737260102749083,0.7524674932748461,0.7942465589866978,0.37252634531483314,0.3496937344702662,0.7293113759535108,0.3361241507843773,-0.09831419396958256,0.9008456520299831,0.3360561399030519,-0.1273653057081047,0.7853892079206662,0.3950344118055852,-0.11367644815227809,0.8161136029185487,0.3103577474989032,-0.13515419681225693,0.9211956687082254,0.21576118190737492,0.7581571655703596,0.7977969637803586,0.14886367905567002,0.3999330263184122,0.603054040044328,0.03240262898014648,0.003799936259850867,0.6275499494033268,0.12570358311002208,-0.12599019214214127,0.6347066520357683,0.040368324258347243,-0.09512241549328404,0.5986328932302476,0.0035097322262118307,-0.032083168942431364,0.6695535434858292,0.36906772224373363,1.159033755409355,1.063724597869959,0.37484785248504016,1.4159430585657486,0.9343143343990381,0.3644118892844827,1.28019838992559,0.9047816884000106,0.521011104326309,1.1494005779436036,0.9654764168181478,0.47534913710649807,1.0060304831839728,0.8075682678347123,0.39302820020131657,1.2006331945676574,0.8406125221824323,0.3573921453442525,1.2882670259834672,0.7947042668619686,0.33793866226151315,1.3230857588094875,0.7945731849809046,0.34440141860526874,1.2899183143049164,0.7646732347515023,0.22286152552140454,1.1443128233660627,1.013785962561745,0.2036575154638052,1.0211235029934327,0.8376937160261306,0.289109881299404,1.1754695754726485,0.8704907268640305,0.33268270397942556,1.2386063677242696,0.7941378974416967,0.2957563579004423,1.2706390251356854,0.8852877159577318,0.28972706321473773,1.2667150143042838,0.8548438976300198,6.85
0.3966597806464476,0.7533180251921956,0.7938556938642884,0.37337918841507095,0.3490909830437956,0.7329129466711065,0.3360699775741705,-0.09783074416912746,0.9011382312344078,0.33594926777210554,-0.126839093705612,0.7853022718971363,0.3966582366731456,-0.11441572960238745,0.8148183528432018,0.3099557737589661,-0.1337723296533831,0.9201686828986173,0.21323026721248914,0.7587832834918636,0.7972291924516208,0.14993094704869447,0.4001809112132882,0.602642641770639,0.032631228368602806,0.00346393313982854,0.6273563017651772,0.12492051768188289,-0.12528358757465952,0.6322331014527311,0.039793609476670655,-0.09438829582149952,0.5975164412797841,0.0028084305241260544,-0.03435230724383746,0.6715577604400742,0.3704171644601353,1.1590026747746769,1.0656002706526944,0.3824992941822192,1.4187917977883864,0.9337488967699306,0.3736590565774418,1.2812855008356596,0.8991177236659281,0.5210992737860817,1.1474986294326406,0.9679811688296173,0.47592129778097325,1.0054967456804322,0.8078617031932653,0.39219574685994507,1.2004082484563676,0.8375073719409295,0.35499925796298426,1.2870727065180227,0.797287396829544,0.33732908784851434,1.3224132348222761,0.7895152631928869,0.3492113402238037,1.2894948411851297,0.760879601058847,0.2254309636111907,1.1493741912942166,1.0144499901874253,0.2068312638387664,1.0251945557865507,0.8288463188420979,0.2944025120339095,1.1750406492771153,0.8639618094337067,0.3348677158745037,1.2398228163766183,0.7944720594216366,0.2987365284907155,1.272063703866764,0.8835097898708748,0.29463510919553443,1.2687189319871806,0.8453609586963263,6.866666666666666
0.3958983974117661,0.7544208309779044,0.7938621954991218,0.3742208426385571,0.34863446207469495,0.7366121565670208,0.33592027315135875,-0.09725085715726213,0.901486507112867,0.33587743928553065,-0.12662022378777743,0.78579805539837,0.3979617568561131,-0.11520155863259957,0.8140738324983884,0.30935794628971086,-0.13284503493348615,0.9200676383517278,0.2108311203453407,0.7596185167532633,0.7969690794748413,0.15074707790594719,0.4003408851745014,0.6024888358749245,0.03281677856289927,0.00293541346998083,0.6271796378605968,0.12395359633520162,-0.1246671062543771,0.629093184941732,0.038901725142386004,-0.09465235114965012,0.5964935728805711,0.001928424548756118,-0.03646968377790648,0.6731171061461823,0.3710376053258204,1.160223009068755,1.0617646637202411,0.3892758096601484,1.4221610088419618,0.9397147204795209,0.38148696958236694,1.2814421317009277,0.8991607544118602,0.520391177629651,1.1452598232084572,0.9731664967661803,0.47648649211082794,1.0047024803192373,0.8095700492141145,0.3934812233388211,1.1994121625483205,0.8317006446958212,0.353359984329091,1.2850744607394653,0.8038987209093107,0.3395365300692028,1.3210240235698179,0.7839491047669647,0.35646629425531695,1.2892092116353404,0.7545827457606644,0.22855857045760952,1.1555878504977695,1.0141369999763068,0.21037489866520806,1.0294463414295414,0.8205208076891272,0.2990216734975836,1.1743112787602819,0.8574328475610955,0.33399233776756754,1.2397574186608056,0.8104506763122372,0.30435516474265656,1.2753162976644874,0.8841729951641709,0.30212347205046663,1.2709713002737553,0.8330302925384345,6.883333333333334
0.3950700932524842,0.7557070073196388,0.7941870687911519,0.3749338553473501,0.3482675414333072,0.7404815997999931,0.33567443512398043,-0.09675689992809897,0.9018348362960921,0.3363637068225014,-0.12688582263806494,0.78711878330674,0.39868060317387743,-0.11664064700835694,0.8157282248254807,0.308595042272804,-0.1322789223417633,0.9205565974801426,0.20862657978601343,0.7606350971490493,0.7970581466856661,0.15133245179931282,0.4006209572003332,0.602343072346038,0.0329736383466974,0.002286039248463906,0.6270224470337122,0.1228019605435691,-0.12454034663256741,0.6257894978452674,0.03779964284023207,-0.0960123106709291,0.5956925011340605,0.0008650223774057167,-0.038451233316516564,0.6745200780635316,0.3707561127935235,1.1625384963269525,1.0534630043646067,0.3959306142020709,1.4258570205399945,0.949904265776703,0.38764695625159823,1.2807254637604688,0.904898725417259,0.5187161416739755,1.1423902922712117,0.9813194853677497,0.4772986171512722,1.0031525809443955,0.8128888571278229,0.39734332217894186,1.1976297086318357,0.8229831484954933,0.35378745209275464,1.2822981291235511,0.81343526467197,0.34558885104672693,1.3184379113530391,0.7789929255216913,0.3662023804792417,1.2888573566774237,0.7460931212211449,0.23144176555230497,1.163160798792852,1.0128392422602475,0.2144434242720224,1.0344757964488343,0.8122545568881532,0.3029995365826889,1.1750119425472487,0.8509702336764263,0.3317046781589792,1.23956500899398,0.8382354808557317,0.3129444220585271,1.2806866286055523,0.8874020936973737,0.31221223032671297,1.2733947365047236,0.818898277470645,6.9
0.39422457479697404,0.7570316175384146,0.7947582375705863,0.37545005831106787,0.34791533862889235,0.7445686462109141,0.3353507529232798,-0.0964749371117705,0.9021080140013337,0.3376118760632777,-0.1276340541627026,0.7889340640828528,0.3987291763177115,-0.1189246207057624,0.8197519301212343,0.3076764613417945,-0.13211343485051558,0.9214218483804694,0.206674249408468,0.7618165132545682,0.7974147812481518,0.15177177898452054,0.4012270305724944,0.6020669711067866,0.03312377389256996,0.0016128388872413135,0.6268395301965795,0.12164188229300352,-0.12518624865079803,0.6228567436494277,0.03671231798424258,-0.0983946030231314,0.5952161060204421,-0.00031865966589267574,-0.04037582801812829,0.676262024048344,0.36979505890069386,1.1658685402439684,1.0428455391723048,0.40334570359952626,1.4297112178568165,0.9604490291321468,0.3930479087087787,1.27995653948309,0.9134638219375842,0.5164061703946564,1.1392160805626048,0.990850050814936,0.4785526902574013,1.0006023780918714,0.8177858495049786,0.40361569263862707,1.1951732995876616,0.8121768247260298,0.3571989161503029,1.278867191458368,0.8241804947917704,0.3557137154015916,1.314496301600687,0.7761718471070437,0.37814435602579044,1.288044667327407,0.737329955928364,0.23335994297332016,1.1720312786798017,1.0101193919981375,0.21885781744549526,1.0407272902117821,0.8041132237636375,0.30676781546447374,1.1782211836977112,0.8447863378273031,0.33028378635143874,1.2403910863456755,0.8706719853969955,0.32415922586567886,1.2875038710502225,0.8923238197809644,0.3243554220280312,1.275732613519919,0.8047372781593691,6.916666666666667
0.393418165228839,0.7582925711632702,0.795545454232276,0.3758080836917037,0.3475777626908916,0.7487718946920736,0.33498823070839445,-0.09637405380337023,0.9022513860539201,0.33958054760762924,-0.1285193222725017,0.7907320727703882,0.39818954968939735,-0.1216119297631533,0.824765147024809,0.30662585825906075,-0.13240101690646755,0.9226050704182773,0.20506798184769948,0.7632158828433679,0.7978133282180101,0.15214431700016728,0.40220153888590887,0.6016989613530466,0.03326305933122665,0.000981729968620726,0.626635231938427,0.12071320295118639,-0.1266287174225591,0.6207460880775298,0.0359299060162476,-0.10165239100141116,0.5951867621965438,-0.0015465880296023238,-0.04231128404859387,0.6786289384518689,0.36845952019420464,1.169966280348721,1.0326651000721938,0.41197676286010076,1.433376572908607,0.9675942407996021,0.39898418341123354,1.2800736438158034,0.921004038944915,0.5137184532136966,1.1361764601490196,1.0008871695383006,0.48015131254236965,0.9973887716575784,0.8235352406285956,0.4118524952539495,1.1924147400886198,0.800647610380411,0.3641346155102385,1.2751623220610573,0.8334541506530049,0.3695314708012977,1.3095244640266115,0.7760561902161287,0.3917842911564241,1.2862707004052734,0.7309686821109057,0.2338128427600955,1.1817154599552802,1.0051473106628692,0.22349885498788047,1.0481381556286553,0.7964782763239794,0.31123292221538146,1.1837575920165213,0.8389580024418954,0.33176607892370286,1.242736855778976,0.900526961718339,0.3373890942229604,1.2941181556628127,0.8976100603536721,0.33833477411798185,1.2777487250203263,0.7924575637204186,6.933333333333334
0.3926651726205546,0.7594532825708104,0.7965572473915797,0.37608526153649474,0.34731020676387353,0.7528850819870698,0.3346368050227287,-0.09631586651904173,0.9022580584635692,0.3421370288607414,-0.1291567929426382,0.7922833337046086,0.397309150270423,-0.12400044205725924,0.8293673033725277,0.30550060080019087,-0.13316466429320317,0.9241066855176198,0.20391654478256022,0.7648578164827823,0.7981406158016293,0.1525063932897509,0.40344597816310257,0.601347332361181,0.033363983324520945,0.00044504427711564154,0.6264574461908912,0.12007571421398933,-0.1287847083737632,0.6197523612327257,0.03562753381782887,-0.10556732083278023,0.5957826917280842,-0.0027942026688779686,-0.04429263987008533,0.6815257844067429,0.36687112064558225,1.1742908814781667,1.0255327215628434,0.4216144943057041,1.4363416274950158,0.9692706502361776,0.40603649152060306,1.2815423086987834,0.9245762042503214,0.5105648950635943,1.1334425512413342,1.0125110617352218,0.48179036322660174,0.9943082885634702,0.8289014441308447,0.42146764318003305,1.189930712997716,0.790189097253631,0.3746213547916396,1.2717316264320884,0.838208087813546,0.3859393698132043,1.3041399464620358,0.7781372517247078,0.40640953351210696,1.2831764683502456,0.7292670724355013,0.23269443091523642,1.191375441555283,0.9978000706395265,0.22897564458040903,1.0563415780351748,0.7883257266048089,0.3175224867730262,1.1906728742009116,0.8328139761547866,0.3373486666895006,1.2462832119978118,0.9219932246861127,0.35178064899590833,1.2987377506410125,0.9016674687863488,0.354208547236757,1.2793660598510601,0.7835993843253495,6.95
0.39196846119096157,0.7605090643772503,0.7978287047640249,0.3763432127152189,0.34712724224663183,0.7566994072031995,0.33433237204746097,-0.09617743874917263,0.9021483551989984,0.34508824147755135,-0.12955030125842112,0.7938717894772387,0.3964228473495453,-0.1256016633971756,0.8327121387194554,0.3043437353046517,-0.1344486419807624,0.9259140686204795,0.2032785510286711,0.7666728586704967,0.7985762180280779,0.1529283234972556,0.4048328970870362,0.6011508310792284,0.03340592615569514,6.098894482850503e-05,0.6263279587271166,0.11956159819115439,-0.13152241598610534,0.6198284455203319,0.03574451158402308,-0.10980533452543519,0.5971972149636577,-0.00415697032298596,-0.04630332941747667,0.6846319244073047,0.3650939931132703,1.178282800839679,1.0228155834344275,0.4315643149232473,1.4382647649902638,0.9652239685672519,0.41394608754513684,1.2843140075089419,0.9223269385112665,0.5067848919287541,1.1310815974075947,1.02725876206893,0.4831921939885454,0.9921206492700947,0.8329450402096074,0.4316647834246614,1.1881243513883404,0.7826451587584629,0.38784251901295186,1.2690579955322294,0.836352969913535,0.40302991431185126,1.299029512447924,0.7815675229878032,0.42110890682112745,1.2787325393202271,0.7332449502625114,0.2304240536403892,1.2001029886653962,0.9892346752813874,0.23646203086993964,1.0648461100392792,0.776866375284599,0.32641434899306904,1.1979876948457724,0.8249384482331158,0.3469849462419655,1.2501633046141414,0.9311906029382808,0.3660347848332355,1.3003330453786617,0.9025820416172547,0.3713397623442329,1.2806837760924832,0.7785705166016978,6.966666666666667
0.3913460078503018,0.7614603621891856,0.7993865978100145,0.3766353151379736,0.3469943932790569,0.7600669618761958,0.3340735431989309,-0.09592436888436086,0.9019357987015549,0.34815136388125567,-0.13010197794393386,0.7960857076242959,0.3958006249322109,-0.12643971209137492,0.8345687421491679,0.30315577118905707,-0.13622755068541942,0.9278701662226915,0.20312666107074523,0.7685642826990935,0.7994027373292409,0.15347798541741953,0.4062162485430041,0.6013291672318684,0.033352062073894385,-0.00013775027923457195,0.6262633748749883,0.11894860114816927,-0.13454293786682378,0.6205494521305797,0.0360415072660924,-0.11395316093454459,0.599488765062271,-0.005840351960936722,-0.048256778219888524,0.6876325714435877,0.363389628353369,1.1818008739645038,1.023704263627765,0.4410241593001518,1.439352598756129,0.9563369264435945,0.4223136240136964,1.2880646623703678,0.9132547158019203,0.5024856512028227,1.129270625065579,1.0450051430478258,0.4842086871685587,0.9911137036738777,0.8357194273447424,0.4413925426923679,1.1868939976928994,0.7792519788317672,0.40204082702740307,1.2672771941730936,0.8282019065131436,0.4186060645358335,1.2948288554459704,0.7856398508754527,0.4348783368577406,1.2730322619232735,0.7423239625706382,0.2277823500575619,1.2072027456799719,0.9810087302225702,0.2464344109615727,1.0729143620702852,0.7601673419486026,0.3376612786067162,1.2048291043380455,0.8146803732173322,0.35932097815746067,1.253496987709576,0.9274447894304394,0.37857543928735204,1.2989323617060218,0.8990042084200998,0.3881065888011722,1.281928141923877,0.7763755220705277,6.983333333333333
0.3908017768522232,0.7622886177115011,0.8012180372164698,0.3770014738692141,0.34688558826537763,0.7629375215923859,0.33383706270078767,-0.095630845031815,0.9016209290253978,0.3510100165715369,-0.13142840122051133,0.7995911882144677,0.39552474159858453,-0.12693267382601253,0.8352040092334421,0.3019339920091987,-0.1382994371793092,0.9296495375496826,0.20338360940896244,0.7704483478860947,0.8006966458860116,0.1541630690083985,0.4073853343759382,0.6021545230400621,0.033118975167506115,-0.00017110272435338914,0.6263209807511875,0.11814373701675697,-0.1373362198942335,0.6213508305760811,0.036254919287364365,-0.11758935197749787,0.6024167665613669,-0.008024624558735413,-0.05000576374189429,0.6903240616982897,0.362068774542883,1.1852092677975605,1.0254915287643287,0.4492568546127857,1.440248240000787,0.9447006084350369,0.43091703514120866,1.2923165131934957,0.8983159942226204,0.4980526566918373,1.1282973718524107,1.0632646411821158,0.4847259614275646,0.9911282215652466,0.8378355685037104,0.44979916663448755,1.1858810720613233,0.7801868180171122,0.4152144258435343,1.2661106152777113,0.8170298730271188,0.4310865059978305,1.291951328419299,0.7898267539283813,0.44705355866747903,1.2663432983602183,0.7542410065370172,0.22550975421587816,1.2123832298448458,0.9740289043999415,0.2577737025821287,1.0795953418725743,0.7397844078316533,0.34985809726096495,1.21012021177574,0.8039677884879938,0.3721381835513687,1.2560280770213117,0.9145237539455142,0.38821985374145784,1.2954676116373598,0.8913086197306705,0.4028793024721078,1.28323547188497,0.7755798114022867,7.0
0.3903113278755064,0.7629528451327472,0.8032651220048216,0.37744383642426343,0.34674254077066785,0.765359663473378,0.33361291513244345,-0.09544738884950243,0.9011908765299415,0.3534348544306811,-0.13417619385436982,0.8051675728796754,0.3954762583703251,-0.12744930181525788,0.8351241839794001,0.3007005641813475,-0.14042818850748978,0.9310199712856275,0.2039692520878489,0.772196373697684,0.802290664931561,0.15493433871569304,0.40812223548547566,0.6038414015296639,0.03263227907172429,-0.00011964892388227621,0.626574533663255,0.11721022335240104,-0.1393163002813104,0.6217508273331026,0.036222792898897765,-0.12022597044371569,0.6053632176503182,-0.010718462768964203,-0.05139952001532991,0.6925981767495284,0.36110178627521183,1.1888797922038392,1.0254282980379117,0.4556363708795649,1.4413912231394472,0.9338615054480975,0.43943060568982467,1.2962569035038554,0.8819083919713959,0.49372290348186043,1.1283814107960919,1.078769165971862,0.4846372399137234,0.9918916082475124,0.8395127898605956,0.45686079705661553,1.1848873776105107,0.7842528423860604,0.4262990310084622,1.265203964501732,0.8072283423896653,0.4402286383256667,1.2902908221936813,0.7937570752080626,0.4576827842422725,1.259474590118001,0.7656124650407236,0.22406437829511772,1.2158121220304845,0.9685011783501831,0.2685235330247183,1.0841341445653743,0.7199105211485364,0.3611972960872756,1.2128367674792218,0.7967243189353259,0.38328698438922326,1.2582382846475637,0.899131051542271,0.39492252535833006,1.2913252893526184,0.8814323833120441,0.4149907922358361,1.2845035960010256,0.7754859686109048,7.016666666666667
0.3898281187104807,0.7634131360075417,0.80542592590669,0.37792417037513903,0.3464758008625901,0.767408524558925,0.33341532408882013,-0.09548926958593522,0.9006302554991631,0.35534168673958766,-0.13866636723344866,0.8133145373257821,0.39547428104801874,-0.1280349882851038,0.8348360979530985,0.29949058571546694,-0.14252762640128258,0.9320348489474659,0.2047787260955938,0.7736301013920908,0.8039716792770665,0.1557543635692421,0.4083341637022332,0.6064523927224517,0.03189471505815862,-0.0001456689951234713,0.6271482040371195,0.1161965890097075,-0.14003148514769598,0.6214991191298115,0.03590196667954008,-0.12125643832927942,0.6074837214307428,-0.013737475388646678,-0.05236662273199988,0.6944091986705766,0.36006837873543796,1.1927108023847517,1.0224983224750657,0.45993689172378416,1.4426663763764525,0.9276954486344768,0.44721344044576283,1.2986996870184715,0.870637164396446,0.48927570602154447,1.129490519478446,1.0897145861700033,0.48403516885510844,0.9931053798967944,0.8407945429638186,0.46312201119538343,1.1838008556933328,0.7893106774064648,0.43546194505740854,1.264364253866048,0.8014871508280055,0.447047522697396,1.289145625253226,0.7972665726840575,0.4671519502443878,1.2534873499105488,0.7736445484701711,0.2236272365831118,1.2179174652133584,0.9643554296180537,0.27733712416324074,1.0863580590425188,0.7042258111823243,0.37035560638674303,1.2129058322035249,0.7961282234420595,0.391662448128839,1.260752382069197,0.886766778606146,0.39981029256817685,1.2878703180739561,0.8716378119081746,0.42458643123428197,1.2856016107461694,0.7762758226104706,7.033333333333333
0.3892822069705999,0.763669275898759,0.8075661119932118,0.37839910179964137,0.3461121366211434,0.7691311011942767,0.3332818877670265,-0.09575760784324414,0.8999510351232884,0.3567935364802788,-0.14460979342630192,0.8234388135489282,0.39543618740142333,-0.12852656749209898,0.8347224544663268,0.29834713476561586,-0.14462855181513556,0.9328746639790336,0.2056512420619729,0.7746380053850317,0.8056108743233366,0.15663200849279274,0.40805252933563413,0.6099306336904359,0.03096948630264589,-0.0004586458979349284,0.6282805572989163,0.11502228035464757,-0.13934056243431597,0.6206828435145229,0.035321167770060835,-0.12020366797520866,0.6081119851203254,-0.016813133295463734,-0.05296249435497348,0.6957688000987058,0.3585180925876389,1.1963358107813802,1.0174644887031445,0.4625825783487775,1.4437540421236543,0.9282302417067443,0.45357052340956905,1.2987084161341986,0.8691785010811708,0.4844217706022524,1.1314773354705812,1.0956676688564746,0.48328131050498346,0.9943279691297255,0.8423829981963828,0.4687933899415693,1.1823816567394787,0.7937141426551795,0.44324246090754493,1.263382594065007,0.8003803217089989,0.4528227694654433,1.2876717751482618,0.8005182892243199,0.4754204863549135,1.2490458073375665,0.7776517860864951,0.22413734969603927,1.2191635056441317,0.9614037709818515,0.28393208081573384,1.0867264766630065,0.694184300767769,0.3769005920497701,1.211470964546847,0.8025753014476958,0.3974504334572956,1.2638621392422515,0.8789179221092328,0.4043428737992147,1.286193284001651,0.8632733857215577,0.43192727318937063,1.286576948973866,0.7783697392002895,7.05
0.3886176303209557,0.763797863625584,0.8095795413845903,0.37886633165098216,0.3458277702243266,0.7705768943100966,0.33325967782892296,-0.09617952671102262,0.8991910591895352,0.3579549641151796,-0.151225067210292,0.83383650769137,0.39537286818084577,-0.1288360919885843,0.8350209464095838,0.29732037478802337,-0.1467490111965195,0.9336028933769626,0.20644189631925167,0.7752476123692125,0.8071193452040539,0.15759060816109824,0.40730915350319374,0.6142320131547323,0.02991291988862641,-0.0012262222796253774,0.6302133965599911,0.1136065455882449,-0.13742039894975067,0.619592533585258,0.034575831196771406,-0.11711008542685321,0.6070477244490655,-0.01973661151761616,-0.053351483754953063,0.6967566116618616,0.35631988224884226,1.1996579360418003,1.0115489869484104,0.4643230859883296,1.444507540306075,0.9343666645684929,0.45826656440534597,1.2963270982470907,0.8775386819767661,0.479325723191232,1.1343456782930312,1.0960647765467018,0.4827928158933036,0.9951147243335989,0.8453744041359188,0.4734567061708523,1.1804049197228454,0.7970508199093238,0.44987510475906767,1.2619801949760792,0.8035314898415542,0.4581953138561686,1.2854375855727846,0.8038901164904741,0.48200488735541824,1.2463008319441078,0.7786188581834553,0.22533022322020602,1.2200206751946714,0.9593218644820009,0.28853597078313015,1.0860308440150257,0.6897637584898275,0.38124384298516156,1.2099458999815245,0.8138937938463661,0.40162252553893973,1.2675737476149778,0.8738949603829728,0.4094761411823567,1.2866823037334694,0.8564374328443436,0.43730172667435174,1.2874243806374666,0.7821317526989877,7.066666666666666
0.3878602348537661,0.7639379073809686,0.8114644660244694,0.379364556603963,0.3458097296374778,0.7717897676974536,0.3333645517451801,-0.09668480983589918,0.8983800931857027,0.3590082519414932,-0.15747385121317808,0.8427030834216434,0.39531717053268417,-0.1289831472938054,0.8357931046842566,0.29645087722747354,-0.14882482705271077,0.9340967410326898,0.2071288961661185,0.7755701618089431,0.8083393655902823,0.15863494509700055,0.4060844325446094,0.6193580833211403,0.028730221179921113,-0.0025593210250476617,0.6329794136273269,0.11200355267972048,-0.13466290587973148,0.6185494470219722,0.033814922557119625,-0.11259666769175924,0.6044977302786181,-0.022437382177656794,-0.053723267817064185,0.6974622040421598,0.35357915723456135,1.2029233588436474,1.0054461604592335,0.4657412377000294,1.4448611112876952,0.9427023416988575,0.4617041093145622,1.2925593897760481,0.8920088816545426,0.4743516567995961,1.1381059675927756,1.0906833240387317,0.48280831032522953,0.9952308182092102,0.8503364857091102,0.4765308515356287,1.1778907738647464,0.7994765757062694,0.4553909117274566,1.2600641018339056,0.8096682968419389,0.4631204209290669,1.2825462940347694,0.8074380131161281,0.48673904459344947,1.2449670846821035,0.7779531440179339,0.22680557616600014,1.2208837820526608,0.9576166743985894,0.29135031499847114,1.0849690359842112,0.6903804260736155,0.3842246451601044,1.2090579884848685,0.8269944652936863,0.4053891831624662,1.271757152319969,0.8692905945041574,0.41563008359685966,1.2886422431972027,0.8508805442020093,0.44166762655401715,1.287796104494396,0.7880248792585867,7.083333333333333
0.38710991417898355,0.7641854247990405,0.8133214848111077,0.37993132565617493,0.34613684982785337,0.7727800048127351,0.33357514762157936,-0.09724599163965773,0.8975297863934436,0.36015234136225693,-0.16233514234396312,0.8492239053768238,0.3953520834855161,-0.12887260774848852,0.8369904164812552,0.2957483058757002,-0.1507268696118532,0.9341181586282551,0.2077959883786261,0.7757049567762484,0.809037667815246,0.15974942066720907,0.40434960191601044,0.6252579357137186,0.02739818696018214,-0.0045329279680228485,0.6363189199287635,0.11038398649120185,-0.13165321288459705,0.6178004636500606,0.03314492166072756,-0.10754240974855928,0.6009296932851226,-0.024977510460878077,-0.0542149739494979,0.6978646226299083,0.3502907737735229,1.2063409522328656,0.9995429146618303,0.46718063629619744,1.444721838405935,0.9497232816517268,0.46443348928803835,1.2886566648357385,0.9079258092975563,0.469458435800328,1.1424860142900677,1.0810149783454543,0.4833143088920678,0.9946659876200881,0.8570129981091186,0.47786340923618253,1.175164833528508,0.800905780992031,0.4598212405064633,1.2578263341559899,0.8164930900637911,0.46731023099145713,1.2793732461757323,0.8106916368917729,0.4901307504290937,1.244396731071926,0.7770912362068165,0.22808947066478058,1.2218958803428646,0.9557264348084917,0.2925451953398892,1.0839106113484103,0.6945533837264027,0.3866019938661531,1.2089439662508497,0.8392205298054988,0.4097390230016864,1.2761470218263313,0.8634806997389675,0.42294449440513815,1.2909187847724155,0.8466680790300292,0.44669641613196087,1.2872813386361637,0.7963754312508142,7.1
0.38644651330733526,0.7645072369273915,0.8152405168098232,0.3805724698062945,0.34674822132328564,0.7735874144141345,0.3338802574077215,-0.09787842027692716,0.8966493281372877,0.36154550404609237,-0.16528030635333749,0.8536619382698661,0.3956240667066111,-0.12837784119471968,0.8386170488061968,0.29517170450650965,-0.15233553930401977,0.9334940791887472,0.20852341608724986,0.7756834899174108,0.8090833593092821,0.16091750594234486,0.4021140190673239,0.631757621451589,0.025946111017273253,-0.007138173680609927,0.6397995622966048,0.1089855580552229,-0.12906074260099443,0.6172768516639622,0.03257518938199638,-0.10285480023172394,0.5970971181926541,-0.027492612311452256,-0.054932086851760695,0.6978717261039618,0.3463151190323158,1.2097798991110253,0.9944490676439346,0.46876043347948665,1.4441667069537936,0.9534688019274036,0.46650120975789566,1.2854032610835842,0.9219439176706463,0.464294636100043,1.1470124802940571,1.0697950956829096,0.484134852028464,0.993628345126056,0.8646835857087264,0.47791603631671176,1.1727328067309757,0.8008834033644826,0.46309917193589073,1.2555923996049294,0.8216052973782726,0.4705479376557474,1.2762863739074932,0.8131082319786023,0.49283601050292025,1.243986680586929,0.777304326919851,0.22873680383152978,1.2230223339620814,0.9532515390130761,0.292486029190502,1.082869112798374,0.699817517398999,0.3888261670754301,1.2095577171903331,0.8488477949700168,0.41485314724626016,1.2803033490291824,0.8560575144548437,0.4310900492658196,1.2929026642935804,0.843655516468669,0.45347459177195504,1.2859048744235748,0.806806975766625,7.116666666666666
0.38586753095440257,0.7647891846980491,0.8171626835801973,0.381254942244313,0.34748151865438953,0.7742746811310216,0.3342959827225793,-0.0986151641126224,0.8957552532979871,0.3629881803399783,-0.1664467743173378,0.8561483563445026,0.3962201516385619,-0.1277470893033436,0.840590969386366,0.29463669964836153,-0.15356486884220077,0.932295302636867,0.20933311006094604,0.7754958279639856,0.8086208423336749,0.1621554644726864,0.39943808392061286,0.6385733042505742,0.024489494413129937,-0.010264854490088682,0.6430869339900142,0.10803869014955203,-0.12731568993227574,0.6166008680022966,0.032095448655679974,-0.09944427370724718,0.5940268127271842,-0.030085109857824987,-0.056031601856679145,0.6975817581703043,0.3417479483854408,1.2128320892408777,0.9908438462438737,0.470232574746827,1.4435515535541419,0.9534709934235046,0.4674516039269493,1.2829751947365065,0.932562461380839,0.45878588634122985,1.1511865056384536,1.0595205524044282,0.48508205554533546,0.9924705036679309,0.8725364774016888,0.47735365763350146,1.170980495537444,0.7988744424446599,0.4650009712659169,1.2537013437874165,0.8234619973670414,0.47267635384926304,1.2736441609356506,0.8141847729705577,0.49501960113187526,1.243464591144646,0.7790628534153109,0.22842399188252643,1.2242686106318756,0.9501323571174007,0.2916394893517252,1.081651490772946,0.7041266914745982,0.391017815113766,1.210688297341199,0.8550335909984519,0.41993871480980693,1.2836975363908785,0.8479305065266803,0.4390476158216522,1.294562121079435,0.84124727980108,0.46139202898604087,1.2841438235658336,0.8179754598684601,7.133333333333334
0.3853221506640887,0.7649086749731345,0.8188752987267462,0.38192353966421316,0.3481734809018604,0.7747921024614535,0.33484012362060733,-0.09948442059584471,0.894870512270179,0.36377422048610514,-0.16635912446756534,0.8559586781310217,0.3970675134496325,-0.12756226281706134,0.8423224929266553,0.29407927750981294,-0.1543660676821203,0.9307907760935451,0.2101737355871564,0.7751283893478894,0.8080066519694319,0.16351928174243144,0.39641811122367443,0.6453925353095318,0.023154761388427272,-0.013788561872529581,0.6461532113898782,0.10760345020078976,-0.12644960887172477,0.6155061216781551,0.031740343488014314,-0.09799292794145348,0.5926080607191679,-0.03273360359270654,-0.05774521929452778,0.6974314523677855,0.3371307004740325,1.2151815951309122,0.9888901346351007,0.47105588903889883,1.4433359901624165,0.9500911855662024,0.46686056901092865,1.28136680413609,0.939157738650128,0.45330227159213643,1.154523888564817,1.051551531505763,0.485961913645534,0.9915157887960714,0.8795468781769911,0.47657909256482905,1.1699743476563598,0.7947244637525966,0.46541134464872996,1.2524862875981861,0.8217849653360763,0.47352684439318915,1.2719372420986232,0.813082042771141,0.49630699386276567,1.2428171862834578,0.7815305947127928,0.22695733279145403,1.2256979844556946,0.9467958810878794,0.2901461849776876,1.0801412569752316,0.7073254861577947,0.3927810865668857,1.2119851491536404,0.857348120382301,0.4237815069499491,1.285970106003205,0.8409839174066581,0.4453008707028303,1.2959124200309882,0.8390630078860959,0.46859981331129763,1.2825792728826193,0.8278656652024607,7.15
0.38478043490902397,0.7647865264265288,0.8201496239405801,0.3825453349981768,0.34878039989557474,0.7749769561421599,0.3355200486778021,-0.10050883528636037,0.8940193380779065,0.36311350811232146,-0.16581931953901452,0.8527020933413257,0.3979886402860656,-0.12824144266840465,0.8426806959418691,0.29349358049147706,-0.15483723152374845,0.9292850911363455,0.2108822164132252,0.774552303979408,0.8075726473901121,0.1650429226633109,0.39313832954092964,0.6520518485429296,0.02200409087623839,-0.017653316248582587,0.6492170792513242,0.10757091010542591,-0.1262994897206847,0.6140236332247073,0.03154520568717148,-0.09859288691806073,0.5930375416011292,-0.03531125721814932,-0.06025660758149318,0.6979165796888006,0.3331431042529747,1.2169086374688753,0.9880475446890702,0.47074593229050654,1.4438338880945987,0.9446267637968728,0.4646028808413153,1.280751458883377,0.9413922185971474,0.4483166311338565,1.1567164246703219,1.0459345181419413,0.4864047914286308,0.9910757051886421,0.8842139714926106,0.4757104062890828,1.1695499827731213,0.7892083701977113,0.46464177048416,1.2522094811790385,0.817681719396185,0.4730605624674784,1.2716295834461082,0.8091656257933146,0.4962249100755306,1.242317734127448,0.7828800656074077,0.22432467254264063,1.2273605142994461,0.9439831402681986,0.2876474028517977,1.0784247297347855,0.7108284607188813,0.39319477792390223,1.2131000231292652,0.8556509900198797,0.4254100263055468,1.2871728020901838,0.8371144902633327,0.4484170848207699,1.2968820914749966,0.8372392847399618,0.4733395286917241,1.281600045329284,0.8346267157025082,7.166666666666667
0.38424702766707075,0.764500427611035,0.8208424509990004,0.38314188574442865,0.3493872475770291,0.7747435198228558,0.3363316973082845,-0.10171031449175777,0.8932322885043374,0.36069195844360613,-0.1658631857394145,0.8475224763251962,0.3988113400903386,-0.1298285781087563,0.8406633255283246,0.29287802298132914,-0.15526805141232985,0.9280464253612092,0.21121193840996239,0.7737737980898303,0.8074337763065411,0.16667193763493388,0.38963918781115,0.6586473113902936,0.021049355208320217,-0.021849123860822356,0.6525203871056423,0.10789804605382063,-0.12677868335152437,0.6124170545154701,0.031522402203393675,-0.10080967712291714,0.5948023048886181,-0.03766900749235274,-0.06355162252114495,0.6991684493166738,0.33013615768321114,1.218417847430031,0.987520328884512,0.4691547904617586,1.4450292067300592,0.9393283084530724,0.4607118011570719,1.2813349219980565,0.9398926110179128,0.44411300438375256,1.1579013656258395,1.0418981774930107,0.4859348233913686,0.9915261016271979,0.8851442528267454,0.47472375777125153,1.1695673796935826,0.7838608247043343,0.463320439421822,1.2529458244435847,0.8130899087557972,0.4716722608930243,1.2726655041335744,0.8036461678985837,0.49471544890463776,1.2424803576887273,0.7816101460018869,0.22079863211289916,1.2292500668077537,0.9419211417056359,0.2837025144882306,1.0766698298413506,0.7159358190829657,0.39148669759476984,1.2137423736119874,0.8505422946804243,0.42441778079681636,1.2876618210739905,0.8372455399948614,0.44778902444555047,1.297425896856025,0.8360578408341584,0.47479188060606886,1.2813360671430027,0.8373318798298957,7.183333333333334
0.3837256948186886,0.7643041692575246,0.8209057629297478,0.3837565270158475,0.3500607970357515,0.7742274172553355,0.3372503062428198,-0.10308183291095983,0.8925663170694602,0.35685666034419505,-0.16723047024122026,0.8422234731447539,0.39944049759319566,-0.13212103515714108,0.8361547077293572,0.292210474680138,-0.15593514387860105,0.9272244744271013,0.21097048921865044,0.7729004920515733,0.8074879791181315,0.16827931560740864,0.38598976005261965,0.665318178705121,0.020318171887076488,-0.026329361300032494,0.6561687565827717,0.10866909019722659,-0.12793419068021333,0.6113658295558619,0.031723699958676674,-0.10424975117914738,0.5973434092206106,-0.039683680325261685,-0.06747091054350561,0.700963366401525,0.32795575244429653,1.2200901316290553,0.9868774400893956,0.46647787686498193,1.446656139074106,0.9361214568061891,0.4552521100036553,1.2831132401669045,0.9362111878825694,0.4407678430328522,1.158611406279323,1.0389291051665768,0.48443298206295415,0.9931281188679627,0.8821793010163481,0.4735089364123052,1.1701897462147932,0.7799368237314528,0.4617856593279224,1.2546463950429754,0.8091941400007653,0.47013725957763275,1.2744295022319425,0.7995931734340609,0.4923388424806866,1.2436752096722363,0.7781800180212024,0.21684782926998847,1.2312312866294939,0.9396389589748932,0.2783910068559885,1.0749774862160935,0.7227149933257816,0.38770011885395356,1.2137654438183956,0.843287710248308,0.4209677962869802,1.287732130716603,0.8410734589713426,0.44389294319412953,1.2975876693936799,0.8356066596460325,0.47304562212307916,1.281818946187727,0.8360681901037881,7.2
0.38319776375648634,0.7644348017674923,0.8204053939524072,0.38439439576899204,0.35073448555632625,0.7737452385493542,0.3382263786773929,-0.10455053606973592,0.8921111937902164,0.3524265813012697,-0.16978451048918325,0.8376293231787288,0.39987654004149,-0.1348202543139358,0.8300288367332347,0.2915114216173702,-0.15687677062569494,0.9267627008982362,0.21012427734554392,0.7720630509408397,0.8075622130773102,0.16974174261796246,0.38235857755146707,0.6719437433880472,0.019896402552579795,-0.03101546946004982,0.6601499271916137,0.1099538184618975,-0.12981326676918534,0.6119216962981272,0.03225865894597329,-0.10898706027584222,0.6006640551716699,-0.041267434725506515,-0.07186713379108518,0.7030582410184175,0.3260789980063601,1.2219652810150716,0.9862672092618969,0.46301673937214904,1.4485441272753972,0.9347817782273284,0.4483681906795314,1.2860017707148463,0.9311124963705029,0.4381549738786883,1.1592819753277188,1.0375317981167165,0.48236437683382705,0.9958653945181959,0.8765987345175086,0.4719820901076319,1.1719087766313638,0.7779010761785516,0.4596198742754817,1.257351736861948,0.8052686719188937,0.46877444408203084,1.2765287389802387,0.7987220999530864,0.48988413675629383,1.2458521928565438,0.7754425704311824,0.21288387315127677,1.233044533738805,0.9356264417635957,0.2724592305404759,1.0733514902833994,0.73038101539905,0.3825174255829721,1.2132826088048743,0.8350059331087392,0.41568744441281413,1.2875541763614968,0.8472400517279073,0.43787871599338823,1.2975677996235213,0.8354596343855107,0.4686721781673676,1.2831023029418502,0.8315036629698298,7.216666666666667
0.3826221881969003,0.7649420001793286,0.8195239672395059,0.38502682612548605,0.3513086041703224,0.7735695684674833,0.33920456775124913,-0.10600507426398821,0.8919393348071848,0.3482673882056006,-0.17267649529028983,0.8334395549897858,0.4001602579781568,-0.1376093460819721,0.823563259751304,0.29087746451504487,-0.1579439381883308,0.9265396193274689,0.2087840112280195,0.7713375468901584,0.8075200796307445,0.17099125164185575,0.3789701191874033,0.678168763406699,0.019903541585722773,-0.03589002782805249,0.6644547877248996,0.11173345626993206,-0.13237185483067446,0.6148261758754009,0.03321676267077591,-0.11529227834844866,0.6052256478762151,-0.04234741329206964,-0.0766309286296875,0.705314027807527,0.32397826094985127,1.2237621722110865,0.9860471373440474,0.45896436179265676,1.45073096217716,0.9327885494899067,0.44047643059659725,1.2900188345630217,0.9238079317931809,0.43588369588062653,1.159912592871149,1.038800651471354,0.48044044442355105,0.9995075651490547,0.8702600372260452,0.4702205444033297,1.175144016483559,0.7779417062244496,0.4559904412144297,1.2612226659718444,0.7996907424600324,0.4668663626223923,1.279296984648584,0.7991003717328662,0.4877783721481491,1.248831786373969,0.7765726802650619,0.2091504694932939,1.2344298378674456,0.9292538008619693,0.26688991583720845,1.0717898928219203,0.7380346695670953,0.3765843998476838,1.212651072878156,0.8260660988268301,0.4094300516775916,1.2873964417623425,0.8533669121867362,0.4309684397282636,1.2976661267213256,0.834432727347388,0.4623699261292362,1.2851630069778999,0.8241341086721513,7.233333333333333
0.38195767924947643,0.7657160519987273,0.8184505598429634,0.3856206383749129,0.3518131810481977,0.7737129469916131,0.3401640663395392,-0.10735499420391935,0.892004119337268,0.3448790864337642,-0.17491731396210625,0.8292064581367621,0.40031513816593894,-0.1401102233206919,0.8177413182218326,0.29043851869309434,-0.15900627725023012,0.9265639768436837,0.2071092835972269,0.7707912808057357,0.8072676394347005,0.17197946869039474,0.3760365040764674,0.6836113158356463,0.020462552836537938,-0.04101406899566072,0.6691065328702128,0.11389458697103655,-0.13548696904456603,0.6200341651800183,0.034620742020374205,-0.12296368813971398,0.6113371855397325,-0.042756983339756485,-0.081636026034661,0.7075964485326433,0.3214535876423503,1.2252489499942165,0.9864057522703307,0.4544125409593366,1.4532142550714784,0.9274427742519566,0.4323097775760424,1.295083055923328,0.913419499022815,0.4334171067846829,1.1603683543282108,1.043126689538721,0.47915255344558155,1.0036859472728337,0.8646099854170701,0.4683675328849353,1.1798723036869891,0.7802187141942981,0.4504450806988401,1.2663426630590917,0.7920027013817048,0.4633703859252768,1.2832889673682457,0.7973910080715637,0.4860615798101038,1.2527644992438494,0.7824257892379499,0.2057887412873471,1.2352587252709224,0.921182252810026,0.26232087799259296,1.0704367410737339,0.7444671061671099,0.37019573074853623,1.2123046018684385,0.8164515792161007,0.40273778516365044,1.2876002696806643,0.8564976619443566,0.42385530359309603,1.2981069357298636,0.8311606114003296,0.45478026002774685,1.2878213969159125,0.8137076664772486,7.25
0.3811961906448681,0.7666036725934627,0.8172569760907562,0.386114631850691,0.3523400951596952,0.7740276155390784,0.3411359474826898,-0.10853221973187387,0.8921148521443517,0.3423640525421514,-0.17563738579248528,0.8247677801424068,0.40036943390975066,-0.14189679309504488,0.8129877582253509,0.2903012847532343,-0.15996268953044868,0.9267909136214255,0.20517376782484284,0.7704736560785523,0.8067662050705579,0.1726193205557178,0.37370113762142154,0.6879807784254758,0.021705078407246385,-0.046450482645264274,0.6740864295414666,0.1163015551265159,-0.13893924231638738,0.6268637289510954,0.03651527976297252,-0.1310725579039386,0.6187107432220589,-0.042118521078476474,-0.08674865360601404,0.7097976334250324,0.31861921143877764,1.2265102584396772,0.9873070846851054,0.4493051043334974,1.4558227773032528,0.9181002549075412,0.4245465869384571,1.3006866241608093,0.9006520085683116,0.43055066153254706,1.160869166731295,1.0489561213135978,0.47849184868703554,1.0079741936174893,0.8600376251981656,0.4663289859914501,1.1857271521801322,0.7841079906379712,0.4432706324375117,1.2725101901435167,0.7834486326248955,0.4578748734891944,1.2886039479727214,0.7920039811398142,0.4846037918144965,1.2579597171309607,0.7915319640328697,0.20286778890179946,1.2356447207462458,0.912579290196861,0.25876847445232076,1.0696635557759238,0.7478805597673412,0.36357242741694284,1.2124751833252163,0.8068731519827292,0.39548968221463837,1.2883352591133264,0.8545286290111782,0.4163959967179447,1.2989898249959104,0.8253366368791795,0.4463713066180053,1.2909125551324132,0.7997478352952754,7.266666666666667
0.3803501007844975,0.7674787465994394,0.8159204897217268,0.3864225713138524,0.35284149302127027,0.7744701134089121,0.34215958748814856,-0.10945686957663024,0.8920642387914011,0.3406220349023995,-0.17427980504300455,0.8198582707524807,0.4003721140319175,-0.14281615440296877,0.8093970187380374,0.29052530923266634,-0.16063246947876314,0.9268878528062433,0.2029106765490356,0.7703331313128703,0.806057658065614,0.17283412360009762,0.37198468842854093,0.6911493294909906,0.023745090298293144,-0.05217174976134131,0.6792633433877453,0.11891947252278715,-0.14231642151152576,0.6342427181340948,0.03909049040028208,-0.13854640728059708,0.6267804795168092,-0.03995917724633176,-0.09188345689164326,0.7119835742651995,0.3156768564069224,1.227770573975609,0.9883366960981594,0.44325068503819803,1.4583469307551964,0.9065724976864769,0.41749581821825943,1.3059970685931843,0.8880281652967994,0.42778968407703144,1.1619160038133178,1.0530704187309448,0.47792645948097756,1.0119891749923944,0.8560517455784606,0.46363161878278336,1.192236896182778,0.7875819896035596,0.43519980506911293,1.279216986255504,0.7756529717220206,0.4506674508620673,1.2947964222874944,0.7831791009428368,0.4826909346045025,1.2643889241138007,0.8011058478317783,0.20031855871728713,1.2359188202541518,0.9044036254781502,0.255774417507796,1.069923064105445,0.7467044790339196,0.35717116378905384,1.2130819075430348,0.7991369832890758,0.3873337451985047,1.2895313891114866,0.8476102263028107,0.40814591648048204,1.3003197421679678,0.818208819282022,0.43744722859123675,1.2944351461872012,0.7828167982108797,7.283333333333333
0.3794167957990878,0.7682847269049374,0.8144339484889521,0.3865047828903724,0.3531051116119604,0.7751350329717726,0.3432258847792596,-0.11003272701328545,0.891749043568161,0.33936475907411223,-0.17098758154835447,0.8139663400790348,0.4003414747782225,-0.14322962096202072,0.8070651131438064,0.29114524639389566,-0.16085824635808627,0.9265273995843796,0.20023334892088024,0.770264777403641,0.8051966515647274,0.17264652498461724,0.370806923462942,0.6931697262181863,0.026631103528459286,-0.05797697456697115,0.6843878712048779,0.12181045833294535,-0.14499318390695207,0.6410613502696005,0.042607785309479916,-0.14495318110333932,0.6354070837146351,-0.03601040517056642,-0.0969807824930373,0.7143310733743201,0.31278511079954496,1.2291375587501128,0.9885742896151851,0.4356694891626034,1.460710185873263,0.8956324878574717,0.41115882034980566,1.3104331934068438,0.878447017782735,0.42601528278504475,1.1637919859031944,1.0527593309628236,0.476665368209914,1.015399854446895,0.8521303661428339,0.4596261596654001,1.1987586908929444,0.7878768702209058,0.4269346913146356,1.2858179528122164,0.7692168926952605,0.4422844483251181,1.3011686326730074,0.771282895513129,0.4787214124148356,1.271616005876591,0.8069835936566265,0.19792916024801543,1.2363824331131084,0.8973407719574423,0.2526437016007053,1.0713780772957644,0.7406748480826785,0.3514323872454743,1.2139561045709832,0.7945789083656423,0.3783711216806411,1.290974688272782,0.8377055677130061,0.3991540950446374,1.301940409926647,0.8114100510450013,0.4282234260262685,1.2982935076322903,0.7646342603607502,7.3
0.37838939531248456,0.7690766721108079,0.8128372837652234,0.3863859244510824,0.3529407629082496,0.7761238445083356,0.3442789785836679,-0.1101595380578355,0.891165917636905,0.33819836762835165,-0.16675263105766552,0.8072324579850878,0.4002590407421527,-0.14359169936220756,0.8060496674185419,0.29221819551555306,-0.1606571655644141,0.9257564025400415,0.1971818416449209,0.7702709747943594,0.8041660665917688,0.17213507151176738,0.3700871165666318,0.6941848640471655,0.030338700875069385,-0.06349646267878767,0.6891908623652303,0.12505123696516232,-0.1464515625456975,0.6466457175559417,0.04711214962093019,-0.15062068704527326,0.6449222139601822,-0.03033122490351684,-0.10193926890573721,0.7169303794501132,0.31005479827186205,1.2306765447165138,0.9868816259417892,0.4263268089695101,1.4631097498899255,0.8872161365161413,0.4053448476299266,1.3140730751404814,0.8730346397684756,0.4258193483846781,1.16637144860291,1.0475294147115792,0.47397972264570504,1.0180121003912066,0.8480556638612509,0.4538086181725399,1.2043342940555812,0.782981724611709,0.418971000723933,1.2916182968222472,0.763784017361069,0.43324384908878777,1.3070019627333893,0.7561758180570359,0.47110521060244487,1.2789807398137445,0.8045212886556812,0.19545823003131121,1.2371385792692653,0.8918688695441918,0.24849092069435996,1.0735735250861587,0.7309875808872126,0.3461871545809537,1.214990130992678,0.7920702755779796,0.3691696854751987,1.2923236777536609,0.8266107779805141,0.3898498833843631,1.303488117434221,0.8052934844008941,0.41865107701334364,1.301958313711714,0.7466019813183502,7.316666666666666
0.3772834354018352,0.7699759913344684,0.8111583686697614,0.38607850261744214,0.35234522751473096,0.7774829567815761,0.3452717520548516,-0.10974843668032237,0.890365163470797,0.33695573961080927,-0.16293242429307797,0.8010987511922665,0.40014657909735396,-0.14389445114380825,0.8060093175409724,0.2938431149715672,-0.16010877146663785,0.9248162583039737,0.19391702624205723,0.7704939440101016,0.80289364015388,0.17133242523440123,0.3698039710873221,0.6943718627449466,0.03478212005134831,-0.06833673828526574,0.6935315706404526,0.1287236650697179,-0.14665506566793612,0.6508503610276405,0.0522905462201601,-0.15607394565992633,0.6554390567519055,-0.023164766412308198,-0.10666190360555322,0.7198720796912161,0.30755267518065854,1.2325766251885535,0.9823779635549004,0.41569188121726947,1.465962675565031,0.8819292309085749,0.39973269429325636,1.3173470155178995,0.8706063273756492,0.4272436077783359,1.1693269720312163,1.038865968576068,0.46940675467598447,1.0198801853063086,0.8436330925309492,0.4459420505791012,1.20796004057643,0.7727392849476264,0.4115742920258689,1.2958101660743273,0.7592796444659495,0.42409693395372094,1.3115880146571817,0.7385359684901518,0.4593990976197171,1.2857371110187383,0.7909578182922457,0.19274118626802814,1.2381889231355594,0.8880202455916024,0.2424472539772009,1.0755583715695325,0.7195917408523496,0.34064500646954576,1.2159888633564495,0.7886308633473718,0.3603335335353653,1.2931352597390993,0.8149416461862102,0.38042581210500714,1.3045147785533788,0.7991296014454174,0.40834641915053693,1.3045856313926254,0.729161332188138,7.333333333333333
0.37611613873358957,0.7710323352954574,0.8093787008819182,0.38552187690947776,0.35141852358529935,0.779244667240127,0.34620434146888135,-0.10877397117576539,0.8894116451613024,0.33582904959299914,-0.1602480018539103,0.797066662328154,0.40008725236075987,-0.1436859145670645,0.8060341384832113,0.2961148711059955,-0.1591896805207901,0.923774735613985,0.19060281793565842,0.7710590750166881,0.8013041592105264,0.17024637655859193,0.3699550440901206,0.6939887155894863,0.03981557655471472,-0.072278542446801,0.6974744953462018,0.1329075440484877,-0.14590410777900192,0.653885415370247,0.05777716148324924,-0.16130128896129808,0.6662496989358521,-0.01479856412094998,-0.11110991910024993,0.7233547636980063,0.3052808292878927,1.23513188450552,0.9747870776961092,0.4047897221290208,1.4695896264725907,0.8795786890203765,0.393958602515156,1.3205371523492953,0.8691745228216585,0.429977355056399,1.1723370707653737,1.0289953754328331,0.463025907686383,1.0211368347750702,0.8387181365130956,0.4358873636291534,1.2091463864764327,0.7588824770234294,0.40452736146670143,1.29768935978236,0.7563580971845572,0.41543028782786123,1.314270427769193,0.7212899444498163,0.4445112862800286,1.2912057617058317,0.7671236738607794,0.1896901293465561,1.2395382858880364,0.8851658489156575,0.23414232930170262,1.0764912815953225,0.7083764169514589,0.3341404801115211,1.2166194395980394,0.7821756694514994,0.3523452292065124,1.2930744634429279,0.8029910235479614,0.37086611406364156,1.3047162559096133,0.7928910178745117,0.3971073456284042,1.3054704461893702,0.7130656078482396,7.35
0.37485286984437277,0.7721660400268386,0.8074420104728792,0.3846022972595861,0.35015050593814157,0.7815181241527195,0.3471041710715505,-0.10732891980443517,0.8883421629505199,0.3351409254047585,-0.15819057228880734,0.7949765762902773,0.4001337878733984,-0.14242541173182405,0.805022835884947,0.299050964295046,-0.15781444170876435,0.9224741654898353,0.18732003571273978,0.7719324913756713,0.7993489225632965,0.16891914780416792,0.37048199262423104,0.6933589051052608,0.045249443594258976,-0.07536036470503475,0.7012040794434149,0.13759037796879112,-0.14436438217245817,0.6560919039272314,0.06358842372646878,-0.16542721904472069,0.675777124553155,-0.005559240151151324,-0.1152160424664026,0.7274288395134364,0.30312710958973277,1.238536416024405,0.96448990970031,0.39470528764920787,1.4740230492879907,0.8794797755095114,0.38767571943650087,1.3238170853124063,0.866956887219293,0.43356721316559155,1.1751608415227406,1.0196240929246079,0.45568714089576057,1.021844682200698,0.8334991933213862,0.42356137416818873,1.20811635317405,0.7444212187928911,0.396959160023178,1.2972304531899748,0.7551494004490429,0.407407615131105,1.3147685624238208,0.7083711094278338,0.4282098218011001,1.2948504256795268,0.7374112190085238,0.18612741806101873,1.2411515478239623,0.8823308527845536,0.22380700763089473,1.0760251652313493,0.6991606970744777,0.3266219333868661,1.216647223022145,0.7728231572065021,0.3456169406465673,1.2920803956376714,0.791502630431287,0.3614651595889701,1.3041003091374654,0.7877028681131304,0.385394948191208,1.3044057029237586,0.7000419497371022,7.366666666666666
0.3734229909753849,0.7732461348139794,0.805290456393955,0.3832294086341524,0.34839222863424074,0.7844860620358637,0.34798945805778325,-0.10561353223518058,0.8871563623654658,0.3350074089434186,-0.15557740534002465,0.793089537970071,0.40024533798684786,-0.13985637322405295,0.8023905134687822,0.30259902257417437,-0.15594285809642272,0.9207300499947153,0.18407451372947123,0.7729353719046366,0.797030960646128,0.16737191883102948,0.37122671508722493,0.6927391610765617,0.050921219553541106,-0.07776345021270906,0.7048626585949896,0.14259029655446037,-0.14177330573430477,0.657371758083879,0.07012701525286212,-0.1668917932384175,0.6818628331374811,0.004226548275966321,-0.11887425045183228,0.7318754598709449,0.3008642486991637,1.2426445460827913,0.9523563871757472,0.38605303488303583,1.4790863045241123,0.8804277353884771,0.3806066014854977,1.3275481823316755,0.8622324288487739,0.43729906979826405,1.177668610655324,1.0112040800501239,0.44860710669744963,1.0221753361336219,0.8282961931494516,0.409387354489808,1.205423197872123,0.7328678377879598,0.3877075178881253,1.2953087702597652,0.7541617374594618,0.399187783674014,1.3135303152312987,0.7013771085479442,0.4123683472070362,1.2963235995447024,0.7078305098498257,0.18170690692566507,1.2428680198140243,0.879044630126953,0.21194086589668187,1.0740582593769026,0.6941867318389295,0.31835861968162965,1.2159919886783006,0.7618499357097337,0.3403890478904202,1.290285664225799,0.7808926215604823,0.3529593618934437,1.3028916733860092,0.7842212413993075,0.3739894152798845,1.3016920099496816,0.691396128793356,7.383333333333334
0.37180951946279367,0.774185566171313,0.8029638239518321,0.3813936697724269,0.34600364013619495,0.7882725397871468,0.3488644623702687,-0.10385956554516948,0.8858456853005499,0.33514700407893944,-0.1514077405983173,0.7893635947479594,0.4003429363342985,-0.13619565761953795,0.7983239635467145,0.30670422717694085,-0.15362800503957136,0.9185493975580085,0.18086718357849635,0.7738624932791884,0.7944004838719687,0.16554662929201566,0.37196935890430827,0.6922679710158128,0.05677016185674351,-0.07963541192639048,0.7084962241681019,0.1475462847901526,-0.13753292528191,0.6567933300953004,0.07777348654837982,-0.1639983988945672,0.6824018111368308,0.014354637059853157,-0.12210672449682902,0.736530853467199,0.2983484503875531,1.2470535019536333,0.9396565920829647,0.37866441511903937,1.4844624167262126,0.8810872972575718,0.3727075994064409,1.3322170960647872,0.8539705110548848,0.4400435099287946,1.1799254974845956,1.0030873975608932,0.44258720833940424,1.02250683866225,0.8228185109942289,0.3945885980312114,1.201468244903744,0.7269566950208636,0.3760030153545475,1.2932313513786302,0.7512091592569272,0.3893285537204777,1.3115352913930776,0.6986669463466773,0.3981608681369221,1.2957440335796804,0.6827055150697579,0.176204294256695,1.2443853917363812,0.8760136267378158,0.19919424326447754,1.0705344950143831,0.6953612140847292,0.30954428533138767,1.2143699836027055,0.7502990344183755,0.3363774209674126,1.2878386646901303,0.7704007815743779,0.34600634979502654,1.3013271709264767,0.7811869338169157,0.36330426614022565,1.2977820150356005,0.686522021953057,7.4
0.37006417336198344,0.7749963105657763,0.8006467215151025,0.37913354203333544,0.3429764266439017,0.7928639305906967,0.34973584149106857,-0.10219642713958185,0.8844194483489798,0.3350221297072873,-0.14503524562351214,0.7821947900889356,0.4003622598721375,-0.13197416916652593,0.793265934821396,0.31127996558635335,-0.15101378209768418,0.9161666774694174,0.17775776002398186,0.7746181121606323,0.7915186018408964,0.16340035790327734,0.37255634327207565,0.6920591031441463,0.06279531978372346,-0.0810559764193713,0.7121052386340966,0.1519406559911825,-0.13115157613180692,0.6532891754235651,0.08649608380194758,-0.1556794499102023,0.6762814888511307,0.024751978669811978,-0.1251100283071428,0.7414929204001988,0.2957275133358832,1.251430009096145,0.9279319048901609,0.37165993368615324,1.4897507804457237,0.8805046788630642,0.3642215809499472,1.3380146500279007,0.842836913910698,0.44062926715696693,1.1822678456175577,0.9940909843609917,0.4377507229637573,1.0232619854774363,0.8156975278958138,0.38051370889495706,1.1965346402802481,0.7270842219912774,0.361759575846723,1.2921256895964655,0.7449257720771096,0.37695897766758246,1.3097727702972275,0.6977500187340455,0.38540037069493294,1.293813626991366,0.6629738116144888,0.16974905997547476,1.2453932153892553,0.8747155003990222,0.18641479039252812,1.065796619305305,0.7023328399206615,0.3004620510956541,1.211043515006178,0.7388784133420376,0.3324266073808919,1.284682931094471,0.7592118960173608,0.34039364106638226,1.299599528739962,0.7761494608598212,0.3533260534636968,1.2928383995312105,0.6834153920002228,7.416666666666667
0.36823150988716746,0.7757669851020661,0.7985424055132543,0.376478751838103,0.33948527678457185,0.7981565703809852,0.3506302988544063,-0.10055516821362613,0.8829080888110293,0.33421865064907846,-0.13618001640239907,0.7707861183383418,0.4002070979436975,-0.1277588193835753,0.7874158359084974,0.3161388800340685,-0.14824985177958855,0.913848643674594,0.17484663768042968,0.7752625433095585,0.788446438143882,0.16104336872761735,0.3729689211714011,0.6922150283692264,0.0689224164294639,-0.0821418607489775,0.71570324165106,0.15524235759032137,-0.12262114962197379,0.6467391765654418,0.09575488978665526,-0.14194688908834308,0.6638843025922342,0.035332352471895985,-0.12808230990622524,0.7469228603480058,0.29331447765102564,1.2555645751347377,0.91841998723813,0.36386546497950856,1.4945890249733709,0.8782669376571979,0.3554526605062854,1.3445862806163402,0.8307628755422442,0.4385597128042501,1.185169946606622,0.9828356723533807,0.4337519314381301,1.0247111330677605,0.8050872164229923,0.3676201887109668,1.1912212551154795,0.7308276600197146,0.34525749796273536,1.2926435577596531,0.7345701613618458,0.3621257111203383,1.309048051354969,0.6964935145056022,0.37250710245833596,1.2913913661356133,0.6475757558717916,0.16265803291099198,1.24579073742973,0.876019571358062,0.17443012540350822,1.0608649545063957,0.7120185459102537,0.2919019041355113,1.205163257148731,0.7288530005673347,0.3269086684531477,1.2804405260555283,0.7484428066640607,0.33480015719591716,1.297757626656216,0.7677484718407096,0.3439601162554252,1.2868481217883503,0.6803790098590723,7.433333333333334
0.366325288180693,0.7765468920433419,0.7967249682827156,0.37347138462690505,0.33582633015293023,0.8040218731119003,0.3515946090774772,-0.09873790564011095,0.8813303014260476,0.33273794138581736,-0.1254049668010089,0.7558704972888136,0.3997094146442669,-0.12405320721329947,0.781037525790751,0.3210477293673708,-0.1453872655527132,0.911684276007621,0.17219666570423237,0.7758856249399753,0.7852505715142628,0.15873104337801605,0.37323547200208623,0.6927153904728086,0.0749519369550543,-0.08307841004100365,0.7192853992524699,0.15716414896543343,-0.11246749062092445,0.6380887240937133,0.10468431487017277,-0.12403748011182653,0.6470675533404067,0.04588912040927949,-0.13108655922635049,0.752829181028237,0.29126876198635315,1.2592229026939468,0.9114053234762609,0.35433844986729834,1.49872136875923,0.874727839353278,0.34667477198547814,1.351289096055001,0.8197534618440844,0.434163346282208,1.1889197727176406,0.9683744848369187,0.42999926180081594,1.0267814466235545,0.7900319248263742,0.35541778579539557,1.186421694077529,0.73409981392161,0.3269087153086228,1.294855652486826,0.7191164583498117,0.34522761359491216,1.309872787162991,0.6923926882913486,0.35745652792987853,1.289218621739964,0.6346112638394272,0.15522640491542655,1.2457198351332646,0.8792733910833195,0.1637087859920507,1.0569861738938684,0.7204875804830357,0.284893948446934,1.1965124242997607,0.7221726758851057,0.3188977108917455,1.274756681384202,0.7410510750114341,0.327681656228813,1.2956363823628267,0.7567566568567348,0.3351068351702835,1.2803602514368502,0.6769316152509646,7.45
0.3643911018164386,0.7772797346620332,0.7951684392614038,0.37020635660262513,0.3322319923279564,0.8103127860285815,0.35263699982548485,-0.09657333369159492,0.8796850346581878,0.3309583218965589,-0.11446766777860157,0.7401401169377163,0.3987323231578328,-0.12129342884244476,0.7750376186982334,0.3258172771225961,-0.14236253596789689,0.9095463235402564,0.16980807051683286,0.7764713193717622,0.7819546190860307,0.15671856997017214,0.3733271821196473,0.6934300292917406,0.08064366270716242,-0.08401734716492636,0.7227307329581032,0.1578349191174477,-0.10168780666435515,0.6286767404142594,0.11231703010794541,-0.10454170749333874,0.628909063897565,0.05611706718529055,-0.13407622241547285,0.7590756173983005,0.28941012963017587,1.2622594401277136,0.9061635018258519,0.3427912551240091,1.502075068741098,0.870924392890607,0.33821154521326496,1.3576876586939342,0.8109478433908577,0.42807785567394135,1.1934223704281581,0.9510470765081568,0.42595197321907374,1.0290262056898327,0.7713175435179875,0.3432934726962098,1.182730152115894,0.7327376638405423,0.30732225453814777,1.2980486477617856,0.6977285091124846,0.32647917559905326,1.3119113233305555,0.682947960568637,0.33911652027887906,1.2879152864880186,0.6215212433369137,0.14765858366748924,1.2453983705412732,0.8827795760919255,0.1540945609893083,1.0548341302196205,0.7251232645100905,0.27957048160490217,1.1859659631031065,0.7199302049859186,0.30866268138875586,1.267797222612926,0.7392441311828155,0.318421625878825,1.2930792057855685,0.7447948266754191,0.3264810899583824,1.2745597698871414,0.6737042653883916,7.466666666666667
0.3625232632327811,0.7778575118035298,0.7939101592708949,0.36680199838453953,0.32876896828689034,0.8168357797627763,0.3536644423311744,-0.09405796911793828,0.878045103381719,0.32935356457215387,-0.10570598112836951,0.7273417611522357,0.3973570788550424,-0.11973866682071926,0.7706822355760469,0.3303068643692175,-0.13909863525571758,0.9072543639041418,0.16763846440208305,0.7769137023884952,0.7785311378943859,0.15508438449267514,0.373120427575521,0.6943344868758593,0.08581964675691525,-0.08500761503346795,0.7258470544098916,0.15773908889496333,-0.09165849846351984,0.6197564860878333,0.11774768680274295,-0.08694112885983349,0.6129354808497547,0.06569637199748954,-0.13697281947843024,0.7654689565193511,0.2872381682406434,1.2648466542503993,0.9013314117033953,0.32980452434433744,1.5048417914886814,0.8677401004243583,0.33034472012103855,1.3637256489302718,0.8039058941297548,0.4209319888131936,1.1982573171627529,0.9324191680174292,0.4214672099175526,1.030860918844432,0.751095863291178,0.33106662612381466,1.1801584654394008,0.7235849687478046,0.28704683351181415,1.3006022626006861,0.6711577658901113,0.30561713756232906,1.3135310815915162,0.6671668891378172,0.31774298939992834,1.2874460092825906,0.6066349867925015,0.1400737800431744,1.24505360477091,0.8847522800486662,0.14473890429585803,1.0541801137131155,0.7254097620651421,0.27436000729372584,1.1753046968513532,0.7204651142158348,0.29698538168662436,1.26050063082004,0.7409541407069908,0.3074991853459294,1.290113999285614,0.7329494229551297,0.31720492695036756,1.2701717882642463,0.6709874975219592,7.483333333333333
0.3607680934606187,0.7781502862276666,0.7931229800642079,0.3633250028355791,0.32541256284357045,0.823355290717884,0.3545418608243879,-0.09143512182865068,0.8766076877298152,0.3282548349242212,-0.10065278120621257,0.7201643674692807,0.39591867441487094,-0.11929635039200356,0.7685341208556656,0.3343939838503229,-0.13569678001440041,0.904849227430618,0.1655684739854134,0.7770336021336296,0.7751444287764091,0.15365081419428037,0.37238226287985077,0.6956721682439826,0.09040497530566004,-0.0860056346879835,0.7285157606095191,0.15743498695522817,-0.08378811068341106,0.6124816978441905,0.12040918006960308,-0.07414474652370215,0.601895583176972,0.07437512061120576,-0.13971591182167628,0.7718230464418749,0.2841681918628961,1.2673648927850898,0.8954894772927178,0.31669445734144575,1.5073713053749216,0.8652832408493549,0.3231355600169553,1.3693718708310465,0.7970056977947431,0.41343198047278984,1.2028095292616254,0.9146095718500937,0.4168345729906132,1.0318556770155713,0.7317447994516098,0.31877442088113683,1.1784075793339404,0.7057305797322919,0.2659846671539496,1.3004585246015232,0.6424607118097786,0.28205181534070833,1.3124387866744929,0.6463498775531747,0.29392362728526267,1.2863777781579384,0.590784270795194,0.13266843307623938,1.244948173793958,0.8838646198444127,0.13468445885843489,1.0543533438884929,0.7222312038781014,0.26687136115557186,1.1664374282408028,0.7196863683617476,0.28453297789363174,1.254599687351431,0.7387087138497808,0.2959314696710978,1.2868667261718922,0.722033910786509,0.3058144205207898,1.2664642515237525,0.6664444705912037,7.5
0.35903421425621557,0.7779974171741468,0.7929997612973738,0.3597533699259884,0.3221369492672859,0.8296838551849559,0.3552026228782731,-0.08909922084774746,0.875568042952981,0.32775782750845056,-0.09913295424782934,0.7186568475939218,0.394780017472542,-0.11944172533389798,0.7678420942730446,0.33796596622008485,-0.13252305513701118,0.9027075245026461,0.16336497369135666,0.7765770466893731,0.7723848201096415,0.15211414007141813,0.37085186137711734,0.6978220569614282,0.09441123081646143,-0.08691778765973081,0.7307477195920025,0.15734119926501433,-0.07890029829781021,0.6077908552078937,0.12044018729337438,-0.06704963334832671,0.5966759415356471,0.08201256528154854,-0.14228659800124846,0.7780359978921066,0.2798260546712844,1.2701215537866473,0.8878379942222716,0.30489536410637996,1.5099466581655072,0.8629638904756457,0.31627567591231,1.374380584905698,0.7886686227170747,0.40643715240360184,1.2064719635371108,0.8997659116597393,0.4124040834990858,1.0319928432291083,0.7147301344836217,0.30610945716822385,1.1770205780790302,0.6819123825507583,0.24349023804979003,1.296088487438813,0.6164968221290106,0.25544551070428323,1.3069862498986367,0.6240160392935398,0.26747727801319854,1.282062416256842,0.5770509374224044,0.1258145063669121,1.245286411503813,0.8796965366639441,0.12378081632543622,1.054954123940022,0.7163982371909999,0.2558583720941194,1.1601968379200234,0.7140013554870648,0.2717324244653808,1.2514315887051521,0.726810947761358,0.2849171872328502,1.283527619188368,0.713224674009286,0.29149590422422017,1.2614899290009427,0.6553844385349079,7.516666666666667
0.35710886893715665,0.7772829410948608,0.7936108696378773,0.35603870856189584,0.31896056540344603,0.835782339819346,0.3556455337668663,-0.08737796183418937,0.8750018195155969,0.3277341992907352,-0.09979788430023696,0.7207844781717417,0.3940792443260924,-0.11943178584590292,0.767214451694156,0.3409378461802849,-0.12999619736589074,0.9012765523069636,0.1607617467414063,0.7753723261728664,0.7710068318608823,0.15024814013358806,0.3684465656064223,0.7010219333212423,0.09786738092789432,-0.08765790350819351,0.7326866886753216,0.15767405461135436,-0.07686752980333228,0.6058573883703251,0.11872603198535751,-0.06446015146474951,0.5960517687488773,0.08855684928033782,-0.14471709218155682,0.7841636635036707,0.27411081543835664,1.2732521310977325,0.8783226143440558,0.2951417056762492,1.5126657612231365,0.8596851528030214,0.3090409377095371,1.3785636284861884,0.777972954368432,0.40078113031216533,1.20902438630461,0.8891801209316509,0.4081663362678931,1.0318296797372337,0.7001252730747537,0.2923233573423044,1.175336065721076,0.6580437302566275,0.21937056414745765,1.2872512796416749,0.5981935737096076,0.22611003753306752,1.2968488542497951,0.6051187293284739,0.2381270521388788,1.2720154452331047,0.568944909819979,0.11972836441883596,1.2460602247906651,0.8730619837964773,0.11265856010491845,1.055867574020793,0.7083180360981611,0.2420131798685336,1.155696193420759,0.7028816496297634,0.2595941392942883,1.2501729552145562,0.7103204772406055,0.275755919806183,1.280383239612456,0.70756116984015,0.27522210553707194,1.2536170688248809,0.6343842590725027,7.533333333333333
0.3547407093214923,0.7760265387671104,0.7948541996564491,0.3522069374407776,0.31596820893459665,0.8417039217169389,0.355868197351364,-0.08640616824855843,0.874905113829099,0.32793148755067936,-0.10133833791616526,0.7242458542148169,0.39374624962495786,-0.11867159667403207,0.7657538732160186,0.34325021642414805,-0.12830407649768402,0.9006958076681609,0.15758643865634206,0.7734792718314978,0.7714062715367126,0.14796735128968214,0.3653595610602184,0.7052656397918599,0.10076561748166447,-0.08818150486026949,0.7345622822113188,0.15832463832851495,-0.07683093006384575,0.605802724604109,0.11642529762253852,-0.06414584007544943,0.5975347095930089,0.09398714434500052,-0.1470841187089865,0.7903971420878949,0.2670988878672084,1.276705157145414,0.867245844009663,0.28708800576287435,1.515489901349645,0.8541470047701516,0.3006047903558592,1.3819768767207492,0.7652213907981877,0.39679361126895113,1.2108668745186852,0.8821800771764041,0.4035864356051059,1.032287536413276,0.6869757026257965,0.27693342001617494,1.1727628607587315,0.6399945167427388,0.19443516678103206,1.275070249515656,0.5903446784029096,0.19510636234759027,1.28288335901694,0.5943376842683014,0.2067812888430498,1.25544591035138,0.5683515603379474,0.1141315313214705,1.2470054444260856,0.8656481594967642,0.1018408532681872,1.0567521224513172,0.6990306163630278,0.22710062054617938,1.1511185462455273,0.6890962098565377,0.25079461483094645,1.248822127505189,0.6992465021863892,0.2696579361451478,1.2776723198533362,0.7050587537187033,0.2593500243263365,1.2429238979249002,0.6045276684945031,7.55
0.35172367740968247,0.7743816293550154,0.7964853352326424,0.34837384218034984,0.3132699244996501,0.8474425503365477,0.35585220900814557,-0.08615817457233857,0.8752775248014185,0.328106431580103,-0.10295985107371927,0.7275100855747533,0.393713614608397,-0.11685443216903743,0.7633796653380791,0.3448170027742558,-0.12739799899226953,0.9007988340130313,0.15379339137522974,0.7711094423045232,0.7733867476932564,0.14528001248001773,0.3618882301117504,0.7103832399265104,0.10308872924394205,-0.0884947428771906,0.7365671259305896,0.1588952156379474,-0.07769589938793137,0.6062633942510253,0.11439965588104903,-0.06409369901637717,0.5988214130342017,0.09827263015074059,-0.14944400011152648,0.7969067678974272,0.2590966738818805,1.2802789926128315,0.8552006644860712,0.2796173740260615,1.5183554819402927,0.8453794895575699,0.29059081103717294,1.3847884335526746,0.7523765439741361,0.39395169194825974,1.2127825579191622,0.876226905790074,0.3978840319495839,1.0340419377949064,0.6741559555124609,0.2603921232729048,1.1692161514423263,0.6303524530931391,0.16989221197065119,1.2614329518272522,0.5930653321482263,0.1641325992201171,1.2667053829518249,0.5945531899236307,0.1753545308462407,1.2336653376802802,0.5753685060854745,0.10849466406356048,1.2476707456042941,0.8592001876740858,0.09143668774743674,1.05708972983381,0.6901539910393161,0.2129960239702211,1.14514258183828,0.6768432578189955,0.2481281071686281,1.2466631130346986,0.6962876183840486,0.2673837055698539,1.2754396315991516,0.7046611472165802,0.2465488627954852,1.2309613411134839,0.5714212301585302,7.566666666666666
0.3479574799010269,0.7725644460354831,0.7982176538713954,0.3446667342371497,0.31093010102101293,0.8528839688016502,0.3555788141867224,-0.08652939640305136,0.8761372605465335,0.3280680726875226,-0.10426259838261864,0.7299230209473397,0.3939794430326984,-0.11405168259911153,0.7606534187073238,0.3455282299170547,-0.12717361634212823,0.9014331924653214,0.14943275215772298,0.7684661666564516,0.7763528371577804,0.142234422335853,0.35822659507081517,0.7161022490141198,0.1048394100242015,-0.08863132874448376,0.7387612907870117,0.158999506145223,-0.07861006446083113,0.6063796993692359,0.11287333667295213,-0.06343984077403332,0.5990464226536196,0.10138325591681466,-0.15176734178002174,0.8036606419359451,0.25071266266893133,1.2837539497785155,0.8432319552953748,0.2715661353573396,1.521223573377906,0.8331436861903073,0.27928967178020453,1.387171905887334,0.7418570517745195,0.39112072796263464,1.2155050602151087,0.8683987854015691,0.3906746284948148,1.0370474442421114,0.6612656960398315,0.2438958132686389,1.1652200073888554,0.6281077523088541,0.14656746015154284,1.2481479531144446,0.6050948495611088,0.13505552711765248,1.2502811157441909,0.6061494043433797,0.14549604290243526,1.209451089925735,0.5900023788990314,0.1024785172230702,1.2475730945959067,0.8546985783409173,0.08154522125613359,1.0567020102937765,0.6826899417488652,0.2014492553443218,1.1377697234847015,0.6688640984609189,0.25196359705009463,1.2439618269798438,0.6981272292968235,0.2688696401750595,1.2735500989342599,0.7049552748923089,0.2390968155444934,1.219645103453294,0.5427902250302121,7.583333333333333
0.3434820976971587,0.7707630542899366,0.7998146238440745,0.341125717430445,0.3089465009943448,0.8578594287929037,0.3550355860449133,-0.08737469003901907,0.8774783935555576,0.32764548779927005,-0.10528509065983861,0.7316918830191801,0.3944141377092497,-0.1108866460686278,0.7586585122522425,0.3453633114126344,-0.12756701264556475,0.9026157144344015,0.1446237443031378,0.7656671986982541,0.7797495045936619,0.1388812528323495,0.3544479847761498,0.7220643782710922,0.10602055690378571,-0.08862057442973234,0.7410741970027878,0.15841011135356944,-0.07925703301952144,0.606327476606298,0.11131539151899343,-0.06263734089954302,0.5991019997539381,0.10333988171510679,-0.15396047328335893,0.8103309105581816,0.24259886491406885,1.2869435723351155,0.8325110662046045,0.26241831310730435,1.524073283101447,0.818264865299471,0.2673962447403891,1.3892589767420178,0.7347243442575391,0.38715548309326725,1.2194225497926423,0.8568395876654236,0.382331075933902,1.0406387001051474,0.6488394406106216,0.22878713408776946,1.1615900473454668,0.6308319532517412,0.12491676870051802,1.2364735674972032,0.6243394886062628,0.10948163794436515,1.2356289129362283,0.6265733437489811,0.11834680923899536,1.1861748275691908,0.6128065069710524,0.09604167504334352,1.2464941832167826,0.8515308933866093,0.07238419984391437,1.055804124628119,0.6768727374736742,0.1940121014082686,1.130230788767096,0.6653247365379239,0.2606488421553028,1.2405044646058716,0.7028979455405855,0.2730549945816071,1.2717484055267083,0.7048783691414813,0.2383064678430009,1.2108984340015936,0.5256600909665985,7.6
0.3384536234954299,0.7690912898600779,0.8011155655118429,0.33767995022618896,0.3073199254279662,0.8621960662062218,0.35422749280200017,-0.08853912221821027,0.8792315535959458,0.3267071041704507,-0.10649111469539274,0.7335047124237247,0.394627265588921,-0.10839333396587902,0.7585236902010125,0.3444524592514916,-0.12856575447634955,0.9044494509218086,0.13950235305591907,0.7627670832255095,0.7833120854698157,0.13526707817785355,0.3505846842090007,0.7279152668907387,0.10663200216692738,-0.08852175291727883,0.7434025657119209,0.15701620884258177,-0.07980470160359593,0.6068625837950824,0.10872694071995534,-0.06295704009973702,0.6008895197660484,0.1042572065997352,-0.15589153463622632,0.816309285327183,0.23510831350532052,1.2897006316157944,0.8236525402387553,0.25251900442746594,1.526910853609051,0.8028091410011423,0.25566060508005506,1.391149621655086,0.7302289012303278,0.3814200300808259,1.2244578146065612,0.8413533475097734,0.373660569110716,1.0440074860979058,0.6377003661288676,0.21619371086891587,1.1589412018795728,0.6364684902896028,0.1054340379440764,1.2270790108512204,0.647406859821432,0.08854149914964322,1.2243780577506624,0.6509316977022218,0.09546281392937753,1.1669878882070093,0.6433343494342268,0.08926534099306811,1.24468332561832,0.8474766551171486,0.06401591626276433,1.054639449136129,0.6729113730173073,0.1913886082323605,1.124298079687629,0.6653324221470227,0.27217740914649874,1.2360833494818684,0.7104533861112803,0.2782466407105082,1.2698450708041502,0.703903918266293,0.2439910491760541,1.2067611344751041,0.5244508505497574,7.616666666666666
0.33305307637062914,0.7675832830292104,0.8020403085511228,0.3342456006722183,0.3061646384051869,0.8656812518874236,0.3531950015192385,-0.08991027321446078,0.8812519079982957,0.32519792493876815,-0.10846933104726933,0.7358493753464864,0.3941745852823868,-0.10749736565464092,0.760690753907923,0.34298102739256286,-0.1302054647901787,0.9070380102275631,0.1341513568021434,0.7598334191371838,0.7869154536191292,0.1314269678725596,0.34667084322737995,0.7334219558670743,0.10671015777799478,-0.08845365938963168,0.745679963084008,0.15486897137796599,-0.0805869442695541,0.6083636695727151,0.10436115983701794,-0.06577433121203745,0.6060672681767637,0.10438668300602667,-0.15739977850818565,0.8209449863085915,0.22822795619240432,1.2920419256816544,0.8163312697514686,0.24273965536721395,1.5297263712695726,0.7893013014170895,0.24462984492977757,1.3930594806315384,0.7263664503691384,0.37400213687543993,1.23012707363643,0.8233210417102387,0.3653008984176964,1.0465968719107828,0.6285781946579614,0.20664097685023464,1.1574790340468706,0.6431087503239623,0.08856357352405579,1.2201151150750822,0.6704267475247112,0.07242414909251038,1.2171624199642685,0.6741604475923144,0.07859946961515701,1.154180880442671,0.6783486749588333,0.08212812849611917,1.2426828099290672,0.8401795603430475,0.056215408851036645,1.0533215809943843,0.6711522895548537,0.19264706208824445,1.121555756920501,0.6679357473806748,0.2843615076008259,1.2314756961331226,0.7193506034042751,0.28295716777141977,1.267875408431424,0.7017031508214475,0.25449331444220247,1.2086388803451862,0.5402967108904386,7.633333333333334
0.32741855939775055,0.7661997889398402,0.8025579200924043,0.33080343898148895,0.30567746104618176,0.8680247705538019,0.35201167526914295,-0.09141679082841689,0.883327934993834,0.3231579920461318,-0.11154604102790244,0.7387369134928141,0.3929371288234151,-0.10853761653723633,0.7646198345118981,0.3410615194771873,-0.13246952415358826,0.9103885693410158,0.12857280894824583,0.756962776246077,0.7903508726391062,0.12735213433869375,0.34270708595577676,0.7384984963096703,0.10636587635908999,-0.08852542557648042,0.7478307694900779,0.15224887253369113,-0.08175530226093514,0.6104804053247581,0.09831225428200119,-0.07162614894122038,0.6149222586746123,0.10412450223286704,-0.15837747258056628,0.8239602631006604,0.22163108861680178,1.2942249492174005,0.809614114507637,0.2339610447190828,1.532378862286586,0.7790434368387656,0.2344849278779888,1.3953848225459218,0.7207481554232542,0.3655473628590815,1.2356912396101853,0.8051911840680541,0.3574615530672793,1.048184749522632,0.6223583071714087,0.19957753475423717,1.1571233794788085,0.648626821634532,0.07418624372528708,1.2154391037374777,0.6905502153013939,0.060114587537275846,1.2135345242996578,0.692812831766701,0.06803739209320861,1.1487240397056926,0.7116966850136917,0.07458656866807072,1.2410412595588396,0.8286685206205777,0.04866375964541,1.0519385921782043,0.6716500973939123,0.1953889795493326,1.1229566275594942,0.6712824683704595,0.2944698522042401,1.228254639043539,0.7254566948548968,0.28634448124098494,1.2659227715999541,0.6976334455320886,0.267096306149591,1.2161066535100606,0.5698852514874284,7.65
0.3216429824519897,0.7648850974650506,0.8026042782943946,0.3273421640982892,0.30594045606051523,0.8689889088549492,0.35074863797991135,-0.09298675190458647,0.8852642972514084,0.3207553771878381,-0.1155459781915088,0.7418152485042344,0.3912836670616414,-0.1111731999734129,0.7691541438208973,0.3387362649976847,-0.13517690491225293,0.9143298805815114,0.12272834218894935,0.7542228163055267,0.7932944879385364,0.12302540522200989,0.3386310255946333,0.7431962203584886,0.10574053818200815,-0.08874591906056263,0.7497424808404091,0.14960997680965474,-0.08318396514963627,0.6126818978728233,0.09147320811844944,-0.07954375252364976,0.6261237699310611,0.10386116473607712,-0.1588487064754171,0.8255840000135283,0.21476179543839607,1.2965395521246075,0.8027739352937922,0.2266334312941749,1.5346142168502543,0.7711713198965906,0.22509275948446472,1.3984237340037915,0.7119360375667207,0.35688116225523325,1.240332684065744,0.7894112880429927,0.3500273617936976,1.048814454059611,0.6198435505926603,0.1935708895906028,1.1575607019118033,0.6519076692357306,0.061503506601722824,1.212907541405167,0.7059726165468865,0.05013936502617817,1.2125800308118442,0.7053639229214188,0.06177364547615234,1.1497888472262248,0.7369312580142191,0.06692966366570688,1.240172388264845,0.8135538323682847,0.041275465506055195,1.0507018635261396,0.6737152327265347,0.19712791309434669,1.1283492037154566,0.6725622917136349,0.2997834955278009,1.227852419538091,0.7232837896906996,0.2878812593882475,1.2639924767282675,0.6906947910850607,0.2787155448219573,1.2267147791313244,0.6042600698342242,7.666666666666667
0.3157673584866245,0.7636089997639426,0.802056235765899,0.3237940250320626,0.30676974356767417,0.8685809038370682,0.3494440672929248,-0.09456307758848431,0.8869874174896769,0.31828429410369263,-0.1199006893710744,0.7445796740395229,0.38981073996221016,-0.11470631961961307,0.7733516863477937,0.3360976955726675,-0.13808754561190628,0.9186191512961945,0.11663853024812383,0.751632546131776,0.7953960424712361,0.11851405488522317,0.3344026963420752,0.7476632572352765,0.10491435198852309,-0.08897961504242588,0.7512835221314317,0.14746684572920124,-0.08468485250740493,0.6148349850425587,0.08503015296451338,-0.08767944895884561,0.6376949311980458,0.10376049845710712,-0.15890779310699024,0.8262448463077166,0.20703064332829227,1.298990518384537,0.7956131383002742,0.22048186006543086,1.5361981214972968,0.7635367390180778,0.21622868352812397,1.4019833323957718,0.7002693083934186,0.3486841662117588,1.2434655361575666,0.777191801516159,0.3426551386232859,1.0488549258989226,0.6208059271546331,0.18711640503068427,1.1582315527719043,0.6538587707015515,0.04976788395909399,1.212418337108937,0.7153878014523234,0.041527246562669276,1.21343972644755,0.7122300150209617,0.056780562984231085,1.1547942905306383,0.7508755372909264,0.05979116937701541,1.2402520050751438,0.7965194491122848,0.03441746471242149,1.0500082406324216,0.6756567164087443,0.19682478971645775,1.135941408375622,0.6699875518584155,0.29880051625831217,1.2301744564596386,0.7119883657156669,0.28714297261959926,1.2622092774224531,0.6801295109482945,0.28711730522168716,1.2371999670644585,0.6316114587108281,7.683333333333334
0.30977977537915663,0.7623493925364794,0.8008235090971046,0.3200663300952255,0.307792885576613,0.8670803475049792,0.3481173055964564,-0.09611437429841953,0.888501610283574,0.3160914714798348,-0.12393739591044285,0.7465592358161312,0.38888551604560284,-0.11846707504152876,0.7770575390337381,0.3333465514550333,-0.14107674023962474,0.9230890147459351,0.11044495130619876,0.7492211062770302,0.7963762998351174,0.11394428727903613,0.33012585696931895,0.7519550155613088,0.10391171162260497,-0.0889835487461762,0.7523164670301518,0.1461882282666515,-0.08624330052265357,0.6171716982089449,0.0799478133014648,-0.09469496783018783,0.6482071533465245,0.10375628838295774,-0.15859507396266853,0.8262737234566491,0.19809432332164534,1.3012553558546487,0.788001278513791,0.21454565062990347,1.53698177976121,0.7543438195961648,0.20775318491010222,1.4053639986148645,0.6872135285566097,0.3413148147324718,1.2451063623370522,0.7681518610965876,0.3348445566293862,1.049026552698009,0.6234587509464422,0.17909302286412065,1.158576281659848,0.6562494832321624,0.039025717992776605,1.2137997885570821,0.7184811607171134,0.0339005332894053,1.2154179004124102,0.7155291750775195,0.050947389113367825,1.160795967315636,0.753967384953275,0.05368284373166491,1.2411641718274862,0.7796960850419354,0.028645186772791962,1.0502087290955855,0.6753923842143258,0.1949234662717898,1.1427595994517583,0.6644569787122929,0.292438370630564,1.2333281333582564,0.6981692677550615,0.28408126776048237,1.2607862484742591,0.6662149536012297,0.29162474482424033,1.2453634781527103,0.6434200389365723,7.7
0.3036797589744196,0.7611113581934567,0.7989285405972844,0.3161213867527241,0.30876176639240993,0.8648198480319822,0.3468114637712691,-0.0975717861737157,0.8897646607983013,0.3144550481417048,-0.12708096241849054,0.7474063252902043,0.3884625126274025,-0.121851695616258,0.7804017822471014,0.33072095835964527,-0.14409652171598825,0.9276080916278778,0.10434515560207316,0.7470857746445003,0.7960754863831409,0.10937233162399113,0.32605794859525683,0.7558938958551679,0.1027678215517391,-0.08855959277775896,0.752774782814704,0.14572962962874023,-0.08808081934423675,0.6200156356252904,0.0766943944386427,-0.10033632569373252,0.65711564102272,0.103764849516552,-0.1578953287935033,0.8258930745591855,0.18813530619966878,1.3029422985321708,0.7796400451305378,0.20770154297617127,1.5369376376573296,0.7430021014026071,0.19966071786320405,1.4078156823854475,0.6742196185687213,0.3347758908056868,1.245934417803975,0.7606933966281568,0.3261707730954093,1.0499891458506854,0.6251284429144984,0.16901609042155002,1.1584135135999176,0.6596792161394058,0.02984530763833251,1.2166111059538727,0.7169143744946957,0.02709624482525623,1.2180069683739159,0.7179296047933681,0.04381799436259036,1.1662137578190321,0.7483748843448479,0.04858884400651098,1.2425468758675053,0.764848088096584,0.024093961588792078,1.051290953200747,0.6717281198275193,0.1918339575028113,1.1464476675745698,0.6589056399678057,0.2834309735883195,1.2358923830779336,0.6870697584323158,0.27904856499749014,1.2596618498318706,0.6507578297039593,0.29259699227173064,1.2509558519804134,0.6382524070777369,7.716666666666667
0.2975376858361568,0.7599390714622314,0.7964610017502616,0.31202299810589706,0.3097359659585862,0.8619145741471933,0.3456101875452997,-0.09883705306598502,0.8907088090482085,0.3134524666116689,-0.12903461309893927,0.7470439403394729,0.38834237074599154,-0.12421730331468137,0.7830543388919112,0.32840118669764684,-0.14707768289000098,0.932033780751792,0.09849336673798018,0.7453488888379874,0.7944457939815145,0.10478438192718904,0.32247212769981026,0.7592052215390237,0.1015303005406199,-0.08770949609074764,0.752766619159932,0.14569332579332336,-0.09048082701889859,0.6235577225237151,0.07527182316946039,-0.10495319350215851,0.6643844755049343,0.10379806104208347,-0.1568266343568271,0.8252691280699928,0.17788312262584846,1.3038615659862673,0.7705381377624148,0.1992892910522422,1.5361651094836337,0.730102998557079,0.19200805991293893,1.4090824436779223,0.6620536613527521,0.3287891858889592,1.2468396860349642,0.752656657840687,0.31661490250489444,1.0517760714337283,0.6238363172207082,0.1575190724044817,1.1579809311819846,0.6628885312118606,0.02252746861587938,1.219862826548307,0.7139946047859864,0.020922902925305246,1.2207108053095268,0.7212941968649818,0.03599961133934107,1.171028725463617,0.7373127382736664,0.04399935745280296,1.2438565636470202,0.75284766120434,0.02038418084438557,1.0529465309846768,0.6647892744483105,0.18688011894814816,1.1468911920307694,0.6555190048227298,0.27337111282544185,1.238360917423427,0.6762696588701907,0.2725222092852875,1.2585213948099743,0.6363775743645771,0.2906031688813333,1.2548645646298024,0.6208207350292198,7.733333333333333
0.2914681454425395,0.7588423706990501,0.7935015725841444,0.30789057345435056,0.3108259634783147,0.8582908216888461,0.3446014024046484,-0.09991753344388873,0.8913687408873623,0.31292584610904206,-0.12992001213391863,0.7458698221257869,0.38847713580840926,-0.12515195488950331,0.7845759982903308,0.32645734797710235,-0.14997632438547667,0.9363020300197404,0.09297861045615648,0.7440468305258485,0.791577686017893,0.10024276560418618,0.31952743529885713,0.7616588145410818,0.10023677073882609,-0.08663599628724765,0.7525579248842397,0.14568644281126528,-0.0934819246619849,0.6276441766465067,0.07529028716931147,-0.10899249258601149,0.6702046232600533,0.10387089727059659,-0.1554493151984327,0.8244272030481403,0.16819994235090946,1.3040798703340226,0.7614078264227191,0.1893361888454646,1.5348393802503988,0.7171596032855259,0.18478366886434494,1.4095284717940346,0.6505801965728244,0.3229474168602968,1.2482967441512152,0.7424870231710431,0.3066850381850701,1.0537902002527726,0.6193296442499068,0.14617713903031657,1.1575770522949302,0.6636905967297635,0.01688887084840146,1.2221803943860474,0.7120129869564489,0.01519567146577723,1.2227895522289594,0.7253351668403266,0.028404157366945106,1.1756178736111125,0.7242179738030333,0.03931877384545261,1.2444940524208266,0.7436978863152393,0.017076414968931385,1.0548105306772555,0.6555088953426141,0.1791506523572592,1.1460891105890503,0.6531603676114652,0.2621291992956832,1.2415292534734246,0.6623259852920016,0.2651025799881124,1.2572470546443124,0.6249214224772666,0.28607340732744585,1.2579869619302557,0.5987192859469682,7.75
0.2855845482054271,0.757786246454069,0.7901204393451067,0.3038340282046044,0.3119287614024442,0.853914407572853,0.3438331907246521,-0.10096571471518401,0.8918886993902493,0.3126351558922501,-0.13010947981420068,0.7445966043850939,0.3888399123046149,-0.12488359665504034,0.7851393154288414,0.32487319315139745,-0.15281762311226102,0.9404617129735602,0.0878554742444067,0.743119342190924,0.7877411761099008,0.09591613323244362,0.31728082672538804,0.7630514920450157,0.09895251018978268,-0.08558658289043009,0.7523869949960861,0.14547431045297854,-0.09682745829457082,0.6318467547522216,0.07586144129396288,-0.11300907672970861,0.675049440038163,0.10392388892193637,-0.15385126322974138,0.823244311914135,0.15962850238094783,1.3037726229975242,0.7532692323509603,0.17843894583853326,1.5331958130588517,0.7060790462830764,0.1779100287838732,1.4097270475037138,0.6390662442073499,0.3169523605519968,1.2501850670523178,0.7300187500476321,0.29715491595012705,1.0554205297260384,0.612362215358252,0.1364164710031439,1.1572816831169384,0.660460162237953,0.012514323756058156,1.2225516968268926,0.7100350613122073,0.009930446835074876,1.223553793136674,0.727126645635078,0.021922333350181032,1.1797688617252042,0.711333902379499,0.03425371265868253,1.244063799243813,0.7367165882601587,0.013846959941523747,1.0564725607206116,0.6451242358440775,0.16899659741110568,1.1463992082339227,0.6484134191774689,0.2503923414282998,1.2452709134321014,0.6461053556671525,0.2573983981481699,1.2561356424787915,0.6170859554217029,0.27936462655324096,1.2607247712405676,0.5792801224884776,7.766666666666667
0.2800170652921845,0.7568081276750064,0.7864413235849793,0.29996422125597044,0.3128852310629745,0.8488651773252058,0.3433056729995301,-0.10212484910339903,0.892413610287748,0.3124236632440538,-0.1299179352172063,0.7436972224020701,0.38909329647270907,-0.12414449934449673,0.7853403096896525,0.3236411633353534,-0.15564104519785374,0.9446055194683963,0.08318507710092472,0.7425153034187504,0.7832975798503422,0.0919316287025546,0.31573004045113245,0.7632577526027255,0.09780260790417569,-0.08470651957452496,0.7523073482199694,0.14490885337561116,-0.10014230039950248,0.6357038854252217,0.07580976611960766,-0.11765032557362012,0.6795252655488466,0.10388474831608466,-0.1522292408763245,0.8216913392819917,0.15241020024464907,1.3031059445729412,0.7466357044225017,0.16748619637291953,1.5315255530627034,0.6981598471994177,0.17131365866987647,1.4099961726074397,0.6268519349502988,0.3108096470383641,1.2521365591837803,0.7162051376155694,0.28856430706465175,1.0565421095701395,0.6035353095043978,0.12867489148314393,1.1570781420506027,0.6528123879949446,0.008624283270174013,1.2209006888082814,0.705486237180428,0.005028583496627739,1.2229130142793097,0.7232095969681149,0.017056806899563574,1.182617775051271,0.6996099994884668,0.02880456974624268,1.242561754659945,0.7307691539393658,0.0102959465660151,1.0574846977862227,0.6347453400540128,0.15806861541490275,1.1488328868343562,0.6391309366843316,0.2399014377341519,1.2491293845509042,0.6301442313581302,0.24963236940155026,1.255652892632221,0.6132223682114192,0.2709615542408396,1.262759749222541,0.5671747239273207,7.783333333333333
0.27492363023653904,0.7560681092095906,0.7826924612709969,0.29639150813409715,0.31370941249186884,0.8432757077679407,0.34299233623740427,-0.10339916832684934,0.8930759899888909,0.3122280819901774,-0.1296009977663653,0.7431508652793857,0.38867944612529987,-0.12356174328938327,0.7855009424717065,0.32278842571964655,-0.1584566598170096,0.9488160040042569,0.07904673301717124,0.7422523295398287,0.7785196945181554,0.08831053752940468,0.3148200442473036,0.7623528666814332,0.09688401334759165,-0.0840273863143539,0.7522201228457485,0.1438895666713193,-0.10297704740617347,0.6387137497117736,0.0743959705104307,-0.12318275862913693,0.683857600802838,0.10373282890080902,-0.1508757355255481,0.8199742709224558,0.1466673164443869,1.3022419262645457,0.7413618246796654,0.157230922183488,1.5300764613188251,0.6932991438782279,0.16483975628199532,1.410343531937102,0.6139015394720772,0.30480442307909167,1.2538574753865217,0.7027683711351297,0.28098479823384387,1.0572518910344768,0.5934753537284881,0.12238885936465854,1.1570028585342862,0.6413881877216459,0.0039766260617570635,1.2180138917521017,0.6973037609912167,-0.00023935575607156382,1.221454715284705,0.7124973229730387,0.013385361394424831,1.1833727663080873,0.6889263270539904,0.023028658180978906,1.240344724800776,0.7246793321217638,0.006034329535050743,1.0575847107421246,0.6250026012119628,0.14814910559719768,1.1527675965166473,0.6261237265081707,0.2315038856813807,1.2526664277903814,0.6166411913931542,0.24172866911189528,1.2559966445697082,0.6133091319039278,0.26154918144709854,1.2631821451079037,0.5635196679582297,7.8
0.2704358393491393,0.7557364898987137,0.7791124310105884,0.2931582642293278,0.314568779184366,0.8372631960651591,0.342879971422116,-0.10467145987015163,0.8940123753791531,0.3120510124052658,-0.12942347820770866,0.7427628585036997,0.387316275539211,-0.12328217174718972,0.7854452262617001,0.3222858303561261,-0.16124100277746808,0.9531355168088972,0.07547919700028831,0.7423823799486406,0.773520436516915,0.08507977878388184,0.31446077382183957,0.7605837202885027,0.09615052844657461,-0.08352705619513144,0.7519793520922449,0.1424241949070652,-0.10484217089983944,0.6403264367427671,0.07172873918338797,-0.1290352566917169,0.6876220977494703,0.10347082326797766,-0.14995870190385863,0.8183333127143051,0.14220966587804837,1.3013692272717645,0.7372262591383297,0.14794045037388176,1.528974322790281,0.6900929017434487,0.15823842900286217,1.4106854961444915,0.6010519495006783,0.299251575758229,1.2551228243006227,0.6918718271151126,0.27434718527618407,1.0573436206885898,0.583482416938033,0.1165870923864122,1.1570216678962797,0.6279218140378933,-0.0024257217850405482,1.2150664530360775,0.6864176806286417,-0.006765280024101166,1.2201074743656117,0.6966642691394439,0.009668581219160692,1.182094537524092,0.678088714018594,0.01696017213617678,1.2379870724699715,0.717713538469789,0.0010513356694463614,1.0568399596980347,0.6161451800994415,0.14022083204309432,1.156798936423742,0.612171616004451,0.22471473332663516,1.2552638471243263,0.6078788196872529,0.23369701883719807,1.2569693952221537,0.6159449989547677,0.2518872147139593,1.2611766090768164,0.5668179016257551,7.816666666666666
0.26662432010098414,0.7558626980326004,0.7757656780130391,0.290235858806003,0.31566219155370323,0.8308992515074487,0.342986450148251,-0.10574662606226136,0.8952178660283351,0.31195660846779966,-0.12949954745266679,0.7425004565574947,0.3852839299175108,-0.12321883261730449,0.7850040686232483,0.322024452705159,-0.16397200839533987,0.9576064951470431,0.07241880039250684,0.7429230643470643,0.7683420902137983,0.08233094509925287,0.314545463245495,0.7581847854347864,0.09545080380865674,-0.08318398847532832,0.7514910861071055,0.14075723926277114,-0.10545629496684855,0.6402376697696476,0.06849106109108644,-0.13398864491577417,0.6901331195411359,0.1030864804687633,-0.14940622594296957,0.816870697156834,0.1383173626748033,1.3006710011737384,0.7340123959614877,0.1394309382840601,1.528303244799587,0.686654185625559,0.15142756332079363,1.4109301398232355,0.5898396215917984,0.2941971873321212,1.2556962680280876,0.6850239941306895,0.2687218402205416,1.0564205846111896,0.5752119937126094,0.11073021451442835,1.1570005624280557,0.6151827749916489,-0.010712007556289985,1.2131188962661799,0.6739169477748261,-0.014750317919062398,1.2196334402209819,0.6785371641033467,0.0046749898107601865,1.179511101057082,0.6663617963374004,0.010650175020827242,1.2360126950863959,0.7099438467831636,-0.0042439490675098696,1.055504012765985,0.60836420888461,0.13433615075704364,1.1597269289006968,0.5999716945112709,0.21902604125409897,1.2563513121443866,0.6048952178862501,0.22617436764283708,1.2583076517251817,0.6177770161097796,0.24281226949003604,1.2565797356979265,0.5742378318691097,7.833333333333333
0.26352151995270107,0.7563746933099793,0.7725482696811483,0.28761123000620525,0.31709025236526306,0.8242573994711923,0.3433126033897091,-0.10644387127360193,0.8965062439456661,0.31202534902101375,-0.12977449299013474,0.7424660269334772,0.38314782674799697,-0.12351799476537452,0.7846919813858814,0.321928288066118,-0.16669237927952696,0.9623295016496968,0.06972669992992912,0.7438141016981696,0.7630256245906188,0.08012494797094649,0.3149643181885879,0.7552883586039655,0.0946767898074614,-0.0829708682093342,0.7507462554818803,0.13934137248313133,-0.1049836320289242,0.6386794265663359,0.06550441790650233,-0.13692034015206128,0.6910342214761448,0.10256793897371556,-0.14906684978466572,0.8156509913649309,0.13405436321997805,1.3002077146797244,0.7309115083649015,0.13138906391970592,1.528131769906822,0.6816766773558832,0.14470953460888217,1.4108845349726458,0.5817110412319526,0.28937070945518806,1.2554525559055012,0.6821271932725117,0.2641482652643147,1.0544302293551033,0.5696491217154402,0.10501080411615837,1.1568106206348516,0.6057569856630718,-0.020328586593327265,1.212769386268159,0.6604334819183411,-0.023770108535706096,1.2201938655103062,0.6609722403610522,-0.002254220695380707,1.1760744919196953,0.6551735035110473,0.0041595277841549,1.2346407109595139,0.7022427407566509,-0.009305590369768557,1.0538168094159188,0.601777622260033,0.13019534144874892,1.1610459540541944,0.5907866689501158,0.21484279495660077,1.2558133111147138,0.6059387195728863,0.22122858051228111,1.2600674432951688,0.6142829719580291,0.23521408652773212,1.2498610864919653,0.5824178106566085,7.85
0.26113878722805617,0.757172596637828,0.7694218816823976,0.2853131825026444,0.31879022207887153,0.8174500225527679,0.3437851859650798,-0.10680269238291092,0.8977972423165365,0.3122849163096526,-0.13021605429665892,0.7427011844914019,0.38129689427091273,-0.12453161688561906,0.785442862648133,0.32204800988788196,-0.1694416101808578,0.967320837469634,0.06726466940329318,0.7449499948907176,0.7576048161342919,0.07838561835992687,0.3155849895884636,0.7520880012352381,0.0938439434884518,-0.0827969187703475,0.7497635455436383,0.13854369819847265,-0.1039515384375104,0.6363717970339412,0.06342511248398204,-0.13745442614300382,0.6904189233650196,0.10192398793870557,-0.14889467968247933,0.8148144426217537,0.12887610584854936,1.2998682251242994,0.7265539803552439,0.12365095042524465,1.5283772151013155,0.6750164209949787,0.13861172481101652,1.4102885612172285,0.5770609957012333,0.28446440417206037,1.2545443743801674,0.6819912550796112,0.2605003545923989,1.051827068412467,0.5663550720995992,0.09988508720937454,1.1563293990526884,0.6004251636084261,-0.030456039469877745,1.2139235610690782,0.6476455968860845,-0.03327699600338772,1.2214575040216233,0.6466414900322537,-0.01111605577289099,1.1717970631582424,0.6469489739900725,-0.002448604746417583,1.2338034254819694,0.6958054330598323,-0.01378295971054552,1.0518748671536644,0.5963481643962911,0.12741019411354737,1.16072488565911,0.5852641199898801,0.21247563079790466,1.253745405306401,0.6087338808510192,0.2209538121077555,1.2623166846030671,0.6037267136868585,0.2294853487664127,1.2419443382105997,0.5886692527367752,7.866666666666666
0.25942848637281235,0.7581529213508464,0.7665619913382198,0.28334710902734234,0.3206188532126129,0.810600783640728,0.3442701915543728,-0.10712673461076709,0.8992473788491527,0.31269333961778634,-0.13085655002608296,0.7431091755581757,0.3798615969200215,-0.1262909239993834,0.7874084100280447,0.32251834962539017,-0.172126908130585,0.9723597492768512,0.0649109850943531,0.7461988173276977,0.7522148113076721,0.07688638060498043,0.3161881316221587,0.7490339562420245,0.09303986822941815,-0.08254233138066035,0.7486033193520534,0.1384238873411499,-0.10293166135317018,0.6341765424008627,0.06255861001421349,-0.1360576354159612,0.6886275316906713,0.10117809698884907,-0.148951948729374,0.814511317315841,0.12290826774497676,1.2994769317252608,0.7198922745524896,0.11630721588646853,1.528802968073188,0.6673433338591737,0.13348199866648058,1.409013566400184,0.575084949513422,0.27940138857807645,1.2532988084762402,0.6834904547214096,0.2576706165540079,1.0491600389849043,0.5638640494894024,0.09580575843629882,1.155510507724712,0.5977150759953882,-0.04024551578556057,1.2157218495251783,0.6389970400786786,-0.042681907059415304,1.2230504491024443,0.6378298757201246,-0.021148737568367305,1.167031465916685,0.6428549490882405,-0.009093158114538733,1.233283250124311,0.6915816484858749,-0.017830326784295164,1.0494742102130283,0.5922156736390236,0.12480979216005518,1.1588373136316807,0.5844122251547096,0.2109363167883983,1.2500102159587616,0.613280631911953,0.22244776652983428,1.2636243571696197,0.5939256238185417,0.22526671002716522,1.2339718289094581,0.592095184073983,7.883333333333334
0.2582309639720489,0.7591465532601601,0.7642359328893669,0.28165764413085925,0.3224458410287011,0.8038502563414358,0.3446089013903621,-0.10769450680321242,0.9008739235136584,0.3131954036789406,-0.1316881182892199,0.7435371953414158,0.37893643904269686,-0.12819513203079852,0.7894578588041662,0.32338266746936317,-0.17460233674035983,0.9771029551550666,0.06251690678280898,0.7473540487144618,0.7472450164850518,0.07536354635362645,0.31651149444670934,0.7466743827814651,0.09234108515354303,-0.08217031345184957,0.747404325101725,0.13885020504970508,-0.10224153054656701,0.6326491719902749,0.06287978707063317,-0.13357322855255022,0.6860669902219325,0.10037205230875343,-0.14929433737470396,0.8147655779447125,0.11668063757107108,1.2988984188852875,0.7108630383046994,0.10964454608398128,1.529208333458972,0.6595514542517851,0.12930946115983594,1.4071744415345075,0.5746141484054224,0.27427043896921943,1.2519347020174325,0.686120219809242,0.25579087668331735,1.046655948525786,0.5611333087122972,0.0933005752795362,1.1544051496155114,0.5953708638837814,-0.048956811601329656,1.216775046892299,0.6372609939197007,-0.05129103845333701,1.2244219197721493,0.635799610453046,-0.03100886003814215,1.1625671173579122,0.6421474791064592,-0.015657483029846826,1.2328259487787863,0.6898935331120383,-0.022064603387469777,1.0461684583480766,0.5898676257725135,0.12039484126969233,1.15568571778008,0.5882623043085171,0.20921441545216768,1.2445747311258706,0.620108172498661,0.21539277523499867,1.2601641138413866,0.6023732282961437,0.2222838188834615,1.226916301992079,0.5928568722603462,7.9
0.2572987002485467,0.7599660257256594,0.7625957888262155,0.2801857175416726,0.32418737822451393,0.7974148742944287,0.3446128896977358,-0.108479721339313,0.9022334223082787,0.31374914958914735,-0.13254760347299124,0.7438508255150594,0.3785839447233852,-0.12933452315498453,0.7899727938432838,0.32444688756164697,-0.17675647333778183,0.9811071875580246,0.05994008091606624,0.7482124636463746,0.7431716448243556,0.07368955941637277,0.3164670514125169,0.7452339719659183,0.09179809100300591,-0.0817374756493354,0.7463038948668571,0.13974264599077477,-0.10180987109581564,0.6317792340594064,0.06414189868639415,-0.13073983898777927,0.6830599485534432,0.09955687537303591,-0.14991249599595394,0.8154780001186906,0.11072725281373269,1.2980479528318827,0.7003897791656722,0.10400409235921088,1.5295161318681967,0.6525116062992771,0.12592791721055496,1.4050413676123552,0.5748712985413194,0.2691643479505624,1.2504907275119495,0.6898707488786358,0.25517125210552605,1.0443254586880393,0.5584298104398175,0.09246502087934788,1.152977701275111,0.5924323313567812,-0.05607811023508298,1.2156530609016887,0.6411041107727551,-0.05847838703829358,1.2242968520297042,0.639738200058659,-0.03941319273426904,1.1588208150936319,0.6421937671340265,-0.021918379132849684,1.2322870334956517,0.690264495026256,-0.027153356652097133,1.0417269136434002,0.5895675950347723,0.11277456481632958,1.1516874788135767,0.5947842300418846,0.20765425777411,1.237864325027705,0.6279418062295915,0.18881301793065303,1.2480673234277895,0.6422113173990625,0.22063140946515436,1.2212316727701755,0.591018869365264,7.916666666666667
0.2563959529104518,0.7605718253268697,0.7615855885527323,0.2789447121117149,0.3258390276082286,0.7915508863733728,0.34409807332128256,-0.10918991765708663,0.9026860448495023,0.3142613067582612,-0.1330432707781417,0.7438757176640426,0.37857796723195275,-0.12911278260081746,0.7878564091572068,0.32536930109381496,-0.17837105776014134,0.9836766123161932,0.05716442698227295,0.7487601261668768,0.7401716678614735,0.07191463169269634,0.31625529313609974,0.7444970508585589,0.09145753397441402,-0.08129849949126808,0.7453730975664337,0.14109901423191243,-0.10130958507704721,0.6311567754914501,0.06589480179448393,-0.12814045019404335,0.6798277468159536,0.09874979215955897,-0.1507805498028721,0.8165764468942647,0.10549362897629785,1.296899002816062,0.6898764766120912,0.09964333311951212,1.5297178855013243,0.6467528985829507,0.12315650225780599,1.4028752136010878,0.5754043710160116,0.26424048189952487,1.2490422951016014,0.6946199867098288,0.25592376659631905,1.0423381236016593,0.5566671637283764,0.09243857335297503,1.1511765574992396,0.5895533753160056,-0.06149111276071974,1.2114887330694806,0.6454009464069301,-0.06405792528869958,1.2210537203027063,0.6465248221672477,-0.045645924909681314,1.1555845011695292,0.6393776604527839,-0.027543342395892845,1.2316931787366572,0.6917177459238939,-0.033532232595854194,1.0364676927773537,0.5907237626945165,0.1018772064735044,1.146711358534384,0.601401896623104,0.20557725241530272,1.2303135857875904,0.6352809017540479,0.1401147714410541,1.2270052115818677,0.7090281406124562,0.21901489124520834,1.2164866837329722,0.5880953699413721,7.933333333333334
0.2553863943431569,0.761087367614506,0.7609547717354238,0.2779963873257606,0.3274454745181541,0.7863752795576424,0.3429897483392312,-0.10948330782911303,0.9017981461701151,0.3145441565910047,-0.1328032075564739,0.7434078515284247,0.3783891707742316,-0.12755348455970106,0.7830614148695495,0.3258853536907947,-0.1790678773222157,0.9840654578074195,0.054311869296787094,0.7491517051131127,0.7380442894879419,0.07016812258332125,0.3161613827208667,0.7441095373768075,0.09134971820181129,-0.08086296874488216,0.7446387312560513,0.1427812646680146,-0.10047294082220812,0.6303928786320135,0.06759689747992917,-0.12620266330488006,0.6765910259825819,0.09794857991504125,-0.15186585047551368,0.8180463137864096,0.10140670802542129,1.2955355298671138,0.6805508179265567,0.09655165320574349,1.5298639438996284,0.6421065549496552,0.12063130716012113,1.400920295089697,0.5757026036548561,0.259706934987553,1.2478219019151238,0.6997324159508523,0.2577085510898157,1.041041926915297,0.5563797804100337,0.09217014734954812,1.1492408169523223,0.5875024530171595,-0.06557869203047184,1.2044286077331596,0.6451454044029584,-0.06846217909464501,1.2139768461650178,0.6522684519906528,-0.049674292974479464,1.1524546668910833,0.6314480024027938,-0.03232640964615624,1.231165597482582,0.6933351299224058,-0.04130576319159263,1.0310630268421996,0.5920390709710959,0.08810157713322969,1.1401471540378119,0.6067335268620564,0.19913031174551915,1.2223265161192935,0.6415219053455644,0.07557326425859276,1.2003864189206581,0.7871462664176556,0.213400890923844,1.2111491407651434,0.5887264644231559,7.95
0.2542578856053989,0.7616338503491948,0.7603913827204027,0.2773623372088201,0.32901576626037016,0.7818023638510555,0.3413503924877955,-0.1091099884272284,0.8993529958834047,0.3143867234377537,-0.13202547592090239,0.7424362933764415,0.37755184197593095,-0.12510000839901608,0.7764701038500923,0.3258855895779036,-0.17850807648735645,0.981927238171519,0.051515129366828165,0.7495027874621504,0.7364694934773478,0.06857998800997975,0.316291546350813,0.743815421112017,0.09144314582560442,-0.0804395239954496,0.7440988458713503,0.14439137241386918,-0.09938135997996375,0.6295075842114656,0.06885128188663983,-0.1251831614063772,0.6737926139166464,0.09719882990870421,-0.1530526452819202,0.8197695785907362,0.09872590553550493,1.2941581755602984,0.6732505281858696,0.09432855230874443,1.53007753269119,0.6380757850268572,0.11775614256168784,1.3995105268908978,0.5752463877045269,0.255619778568113,1.247065511999587,0.7044606358126348,0.26006383981201237,1.0405192314390133,0.5574945588153075,0.09172567349443772,1.1476231251774747,0.5859190249128319,-0.06851374459420496,1.1955337774705095,0.6380363604908084,-0.07191403220391644,1.2040170237642822,0.6533902365231917,-0.05168617364735387,1.149108315648418,0.6182861211492103,-0.03640966439077719,1.230857380768399,0.6943889885636338,-0.05011127693225531,1.0261828955260222,0.5924205393522666,0.07177982133407851,1.1317938133967427,0.610581059996228,0.1840560553233903,1.2145956156859303,0.6451949421691348,0.005872609186612724,1.17292621098191,0.8610208144990625,0.19929388966840028,1.2032344141291835,0.597824136925264,7.966666666666667
0.25309239022249214,0.7622350576041412,0.7597116983252012,0.27700249113130865,0.3304946848003133,0.777746834367891,0.33928554950267203,-0.1079242594250635,0.8952234768318426,0.3137019113338094,-0.13145933899001078,0.7411879259035906,0.37598112817914126,-0.12218469072598404,0.7690941600416211,0.32535003112480215,-0.17654046777942106,0.9773669977344908,0.0488466996685788,0.7497974651217374,0.7352378770225602,0.06724419318013672,0.31656805309363284,0.7434232928467652,0.09162382607389724,-0.0800545845952025,0.7437165904419493,0.14550013797843203,-0.09851168278858255,0.6290056122911144,0.06947256100224657,-0.125404574991123,0.6723660901330469,0.09659457889501706,-0.15410372631384922,0.821374643096074,0.09725395582575322,1.293052293783586,0.6684723363272489,0.09238986649078564,1.5305415873134032,0.6345553479450493,0.11402393125694557,1.3990077681660098,0.573823422162283,0.2518868502121075,1.246869006357206,0.7084554916790571,0.26277171246656483,1.0404491136880423,0.5595352189847267,0.09242340919787959,1.1465401016687358,0.5834593208218151,-0.06897746363764147,1.1862797256917879,0.624387963545383,-0.07315509272945558,1.1935295400287838,0.6460419472366749,-0.05124448824266649,1.145503205257457,0.6000715278458618,-0.04019664537609144,1.230868518573545,0.6942619888051472,-0.05914559661163572,1.0223099409746532,0.5919360363818035,0.05345104888386833,1.1222920377770984,0.6129619261883201,0.1593101763110687,1.2075924664005893,0.6428315879149592,-0.05626077156310793,1.1492876925607416,0.9131494672173659,0.17586223342131868,1.1916291863209787,0.6159724910724076,7.983333333333333
0.25200496580738146,0.7628609053845435,0.7588857524936434,0.2768535255336063,0.33176964384913743,0.7743191085727658,0.3368703398229984,-0.10586734502496259,0.8893943168131563,0.3126092137433313,-0.1316337303243355,0.7398788608992506,0.37393887075271376,-0.11900233002207716,0.7614013215781796,0.32431970007234007,-0.1731454538807506,0.9705368248145494,0.04634953193973589,0.7499536533683847,0.7342917951530898,0.0661774843960277,0.31686278736114915,0.7427790724283738,0.09175069282846596,-0.07972790598444303,0.7434406609021118,0.14595124564830536,-0.09844088383101327,0.629525196031941,0.06941217303935057,-0.12723415910995542,0.6733728247563516,0.09622943417649484,-0.1546775784062572,0.8222344131823693,0.09635510123633642,1.2925340008149415,0.6661332590880166,0.09034541199705705,1.53146073964625,0.6318218763546013,0.1093365045093172,1.3996206207267399,0.5715195091047371,0.24847128957844186,1.2471743428825326,0.7116591425623114,0.2656153007018607,1.0406050197767915,0.5618056265200151,0.09568285040021479,1.1455464734565437,0.5790367326736063,-0.06443401414774255,1.178145154198956,0.6066409528583496,-0.06987966572388334,1.1850382056910613,0.6271984200272342,-0.047384138648274704,1.141842803278351,0.5767654797485927,-0.0441120008687323,1.2310644814826777,0.6927355514826011,-0.06746482781462507,1.019601711046016,0.5915983914146391,0.03414849921603373,1.11280084769785,0.6131371452047809,0.127806173947478,1.2012073543433541,0.6312651259883912,-0.09847822814878596,1.1334492429786398,0.9231960981738061,0.14681355062446802,1.1765999681538468,0.6388016857829284,8.0
0.25108116485442183,0.7634773773269783,0.7579303011941009,0.2768536444419512,0.3326876757993435,0.7717598307329078,0.33415990238910775,-0.10299868253439416,0.8819984401776846,0.31130508729747663,-0.1325062629904297,0.7385874913429608,0.371815722418394,-0.11571271795943852,0.753567730842244,0.32289040810881725,-0.16838172643479357,0.961378240357583,0.044057882530781745,0.7498880842112863,0.7335757527672296,0.06530339638866327,0.31705109810624943,0.7418886828465513,0.09175804713955305,-0.0794766225046442,0.7432600450089226,0.14580204269738017,-0.09948550186561017,0.6314871735121528,0.06872724645084041,-0.1305659444096057,0.6769880081261577,0.0961798813072041,-0.15446161908216144,0.8217929145626781,0.0953669025908569,1.2927842182059632,0.6654692063231427,0.08813101605575019,1.532892346718894,0.6301067656487805,0.10403038315390037,1.4012894281672028,0.5686108953069904,0.24548995872332494,1.2477367188980706,0.713909475958133,0.2682649232579742,1.0411600425078584,0.5636692364027827,0.10191853075189952,1.1435205887137139,0.5726132167391645,-0.053073673228882255,1.1721878087815332,0.5889053775184021,-0.06072403408620006,1.1796129168133114,0.597793074194936,-0.03968964902828741,1.138098184800063,0.5498481713531342,-0.04842405390214424,1.2310769245689466,0.6902405819682198,-0.07432566228207171,1.017858466624626,0.5920290958663313,0.015460020984086394,1.1043672699144778,0.6099781295439518,0.09514505770632442,1.1949825125892901,0.6123781242928861,-0.11230945718106161,1.12759716245281,0.8795501709362832,0.11691151053273335,1.1590681120988484,0.6604086673309693,8.016666666666667
0.25035217390712294,0.7640353026577881,0.7568510882901882,0.2769511802345129,0.333116983197836,0.7702092006942651,0.33122206631371226,-0.09951692883301914,0.8732632951478099,0.309897473145189,-0.1337702497452628,0.7373195469266051,0.37000158964899094,-0.11247196835701123,0.7458362569831186,0.32115812605985855,-0.16245257646364622,0.949834173506916,0.04198347017352466,0.7495271365052341,0.7328889361507755,0.06450093500776759,0.31703046480009456,0.7409492504980711,0.09169819497067222,-0.07934105819900575,0.743239965728108,0.14511297776647922,-0.10152468853440998,0.634925105961245,0.06753763131265864,-0.13460808839571553,0.6821848008109751,0.09651018862073663,-0.15343785536858262,0.8200956467603959,0.0939654084691412,1.2937050698214638,0.6655229401492337,0.08587529934205883,1.534612026909224,0.6294486845381657,0.09866708223232913,1.403642642184635,0.5655801811267676,0.24313474003940772,1.2481208907718766,0.7148676308916739,0.270855569038548,1.0423824151293435,0.5650736492790406,0.11046463524435166,1.1393832001889952,0.5643391722810949,-0.034979976696739204,1.1685961618844496,0.5750638155213665,-0.04619180252423468,1.1764735338559025,0.5627034281345038,-0.028647635677468683,1.1340214953324048,0.5222843622873343,-0.05314755636040121,1.2305799713313388,0.6876128206906016,-0.07952109625018432,1.016744625257314,0.5929132458993869,-0.0007237866905272266,1.097413245516048,0.604069249432867,0.06725777979497634,1.188120509501738,0.5939150442090096,-0.0961741175918322,1.1312866230983185,0.7897859060065925,0.089275770857693,1.1401599970220937,0.6767983257340979,8.033333333333333
0.2498112714726214,0.7644502355630542,0.7556304561127559,0.27709461764087834,0.3330017527790424,0.7695558516282026,0.32814582311814916,-0.09568175711820191,0.8634295811579265,0.30846943277722155,-0.13502194519514718,0.7360881071954456,0.3688349640080262,-0.10900769151459061,0.7382336145760525,0.31920675208376453,-0.15569124525880734,0.9360864677992953,0.04010110752080074,0.7488324463022565,0.7319371860348153,0.06368101487954927,0.3167716665338267,0.7401657800922,0.09167305546688165,-0.07936996464076984,0.7434685356616711,0.1439242355741724,-0.10413197378565692,0.6394285226315564,0.06595183577050692,-0.13842323887972624,0.6876966644729482,0.09727301670813118,-0.15188854292571793,0.817736372820273,0.09218231723735647,1.2949458739367097,0.6656536310215972,0.08374982782670369,1.5363032341342775,0.6296255992726618,0.0937860140713557,1.4060762832100857,0.5628760382099991,0.2414838781529081,1.2478715671710046,0.7144843068697575,0.2743264599351245,1.0441759489526157,0.5671288865632049,0.12034905543129487,1.1329403326354783,0.5540074276486568,-0.011527146967896697,1.1667762534114887,0.566253718068561,-0.027785523710396172,1.174203047916263,0.5272104900754739,-0.014967170533156248,1.129656001206496,0.49627222521490816,-0.058049831764582976,1.229473615298521,0.6856098310335774,-0.08351635892923645,1.0159743505332897,0.5937909039668414,-0.012661440525341945,1.0918810451560756,0.5977185698501126,0.04886702220944193,1.1799351968186131,0.5833582931207923,-0.05773795836653889,1.1411160768163378,0.6796420163108371,0.0666417336258765,1.1216093462053098,0.6854089478291876,8.05
0.2494262796162804,0.7645739689045774,0.754276632639426,0.27722228876694466,0.33230978093752084,0.769511304796727,0.32503080230263165,-0.09169190603202163,0.8527190646950163,0.30718332349319527,-0.13587717326849472,0.7349915519831549,0.3684622751478111,-0.10488049385829834,0.7307240570184843,0.3171720494764943,-0.1484201545008131,0.9204836021675326,0.03837226876246541,0.747836097297848,0.7304725936457824,0.06281095405296311,0.3163126288881247,0.7396063553621083,0.09173116975006647,-0.0795512479372365,0.7439338925999209,0.14225637750102074,-0.10702028918089808,0.6444647141681468,0.06407529540470484,-0.14151224029371615,0.6928911872703306,0.09850662817590572,-0.15006712699477112,0.8151790597732743,0.0902496709416889,1.2960439223290547,0.6656265458253108,0.08192196755718074,1.537802602146039,0.6301104280119918,0.08980017185874445,1.4080053913769466,0.5606577840705411,0.2403701970971409,1.2467917934446424,0.7134702584151529,0.27981277068980215,1.0459678700391914,0.5719531615550113,0.13098247436680224,1.124842808521597,0.5425646958163755,0.015695757212298184,1.1657570146651044,0.5608395076109747,-0.006877517212253699,1.171697148056911,0.4953735140101152,0.0009882541729962365,1.125011582688536,0.4727881246801233,-0.06277574651770523,1.2278385390977953,0.68449589253468,-0.08706365320111989,1.0153625486146989,0.5946206406074168,-0.019052243188501267,1.0878205908315126,0.5916633303290076,0.04335732761108724,1.1709117987735027,0.5813906423842485,-0.011564988245864492,1.1518093760785793,0.580108551264442,0.052779341350411346,1.1057946393945464,0.6817432542035424,8.066666666666666
0.24912597567435127,0.7641587625062329,0.7529572940071193,0.2773029799388176,0.33093905218912906,0.7698223274528054,0.32197557445798347,-0.08764451171893606,0.8413495503661209,0.30620581264290875,-0.13623237393835597,0.7342681206980208,0.36870356598790327,-0.10050444607355713,0.7239653462274708,0.31524268148787804,-0.1409074122388943,0.9034156911577753,0.03679199026012967,0.7465999269375219,0.7284263238451492,0.061878103949089366,0.3156665550676262,0.7392259859513198,0.09184566564186085,-0.07977438761749957,0.7444849141700185,0.14010134986092562,-0.11028670938309539,0.6497973749671309,0.0620916430557151,-0.14383496387210054,0.6975771578092362,0.100213754407255,-0.1480599949704663,0.8125233569118802,0.08845647999368862,1.2966665164576392,0.6654995962926403,0.08058269175427492,1.5390595907077596,0.6302789127116628,0.0868951074601655,1.4091770149557494,0.5588797660880706,0.2395089943863828,1.2450967548767358,0.7129614866570081,0.28774705034752646,1.0470916223136937,0.5814103013630917,0.14208945898014805,1.1158794144168862,0.5329097132872698,0.044906323144264376,1.1643683394007553,0.5564278780378236,0.015514955408537487,1.1679464267799762,0.4706013363610435,0.01906109200370787,1.1193541595213319,0.45313583105200217,-0.06699281135993705,1.2258712951209583,0.6839753007626329,-0.09072927230864322,1.0148280991203253,0.5954762083445206,-0.019383499823869412,1.0852733352055906,0.5842857578560956,0.05125978359705779,1.1624785832058477,0.5832221745546857,0.02972509054349885,1.1593295350059687,0.5094951918956272,0.05067656470511882,1.0947717185997545,0.6606958541663525,8.083333333333334
0.24881675581306037,0.7629685381877929,0.75197840417138,0.2773846320266584,0.32882213336864136,0.7703557521269117,0.3190662056705648,-0.08356961801621243,0.8295520200304937,0.30558932492141727,-0.13630011756781207,0.7342158096115935,0.3692018641707403,-0.09733829845452821,0.7193157855263327,0.31355397752371655,-0.13341854698557173,0.885341515033454,0.03538610950792332,0.745158199016557,0.7259801287321306,0.06086587900512556,0.3148073410571469,0.7389218607525154,0.09197619971023051,-0.0798870127743224,0.7449437848260624,0.13742705579580872,-0.11425327989787445,0.6555365528598948,0.060236756953125484,-0.14546200090721845,0.701457949395454,0.10231605328968577,-0.14589222458456508,0.8098052004848648,0.0869842851168877,1.296834219561194,0.6654167240150388,0.07987291127142766,1.5400322020068946,0.6297080209064698,0.08478242164652108,1.4098552076276045,0.5573018481268434,0.2387441398909484,1.2432607158079465,0.7137044198063073,0.2975401938259925,1.0472363668552858,0.5958658869683389,0.15337493515220113,1.106498851410103,0.527720122369356,0.07350536084880778,1.161363446074621,0.550913593471628,0.03823260013763456,1.1616800919910133,0.45483803282215163,0.038614635266883746,1.1114895448123518,0.4391462270390245,-0.07051598737769517,1.2238372330850429,0.6836197124380234,-0.09483647929965736,1.0140605994556227,0.5964860712841836,-0.014491047031220294,1.08369111287938,0.5747356857514054,0.06811080845987903,1.155450195695615,0.5855583399831404,0.06151251322262312,1.1627304973083354,0.46846883977471787,0.05941981389309848,1.089070804719374,0.6237216265993011,8.1
0.2484698145788285,0.7609892048565787,0.7514968700394238,0.2775695877680215,0.32612015082361046,0.7709787578767773,0.316368046300344,-0.07948777504200574,0.8176109751041177,0.3052559834215805,-0.13657157038378465,0.7350646550454047,0.3696894851702328,-0.09710027976316546,0.7181123799092363,0.3121114381787103,-0.1262053577125345,0.8668477869922525,0.03417763275313479,0.7435026179785568,0.7234608532747964,0.05979341670760116,0.31373711743251764,0.7385933202928552,0.09210803176980943,-0.0797949247451647,0.7452250705944259,0.13406239781980991,-0.11940942789200602,0.6621686146646731,0.058633639375207186,-0.14630648256473222,0.7040840524751653,0.10463590129439101,-0.14354536790934075,0.8070285551441826,0.08581117523358554,1.296889456544624,0.6653870156449391,0.07963328566393917,1.5407283764198434,0.6283584263708804,0.08268022361907376,1.4107067777112516,0.5554079090791934,0.23804420998519338,1.2417502726051655,0.7156992622467471,0.30803654496019306,1.0464800572446873,0.6141681598402663,0.16462989696414015,1.0967631849401025,0.5269553202295363,0.09829147773740049,1.1554113629529528,0.5423508156234038,0.05982093266638169,1.151301460540269,0.4473037811561227,0.05826325623602113,1.1002373014965539,0.4318711457957034,-0.07338949712112693,1.2219604938831023,0.6832861791702285,-0.09955775399476734,1.0121259407601249,0.5983756862033108,-0.006279879942749732,1.0821717178739223,0.5643167490805421,0.08664266913532595,1.149684347784886,0.5879344661763269,0.08436445636136203,1.162567353586394,0.4521698817043024,0.07397393331721788,1.087357509807139,0.5805973864478227,8.116666666666667
0.24816608970654977,0.7584281807160675,0.7513758293150637,0.27793419046157325,0.323120331698313,0.7714933301262354,0.3139291609395063,-0.07551560295233442,0.8059226725046363,0.3050888850451128,-0.13784148327622983,0.7369640668548496,0.3700133941545196,-0.1010403644001219,0.7210229607045345,0.31083324296739173,-0.11947351931469576,0.8486003454960422,0.03316017181429101,0.7415763061377935,0.7212022092321425,0.058760804231752416,0.3124634256149431,0.7382221473004963,0.09223449342799488,-0.07954783397228206,0.7453547611461702,0.12973534227290698,-0.12630865139026437,0.6704388020764837,0.05720095848952684,-0.1463563122823195,0.7053536825366473,0.10695552741110505,-0.14093936071272567,0.8040021998681126,0.084787187647284,1.2972275967237006,0.6652882497544682,0.07934510953009294,1.5412573777939154,0.6266279442877707,0.07981833554687026,1.4123220957953213,0.5527511016800548,0.23731995140600426,1.2409313600886842,0.7183397772147155,0.31825187069036825,1.0450630547835562,0.6343930677973737,0.17593852941827887,1.0864989816970696,0.5275802329758266,0.11680376234558129,1.1449318692448525,0.5290827338679477,0.07915518992099221,1.135198895299879,0.4447850724431447,0.07697054461912506,1.0843616792415711,0.4302927997238537,-0.07580260881489752,1.2203478510198806,0.6829405225774173,-0.10492370720303008,1.0079031300220982,0.6024243602568082,0.0033680032073044944,1.0800593206578397,0.554526294666865,0.10167194815535707,1.1449352957433199,0.5879436247461318,0.10011121663455257,1.1594260386796105,0.4559651083769423,0.08904319377421616,1.0872480746682693,0.5415597150442413,8.133333333333333
0.24800969793511804,0.7555537096735093,0.7514108046711817,0.2784744616816698,0.3199868410633676,0.7717482186616766,0.3117904641026978,-0.07190893893236777,0.7949600844529657,0.3050667562691747,-0.14079083942457424,0.7399133552674557,0.37005830470176626,-0.10939974541926564,0.7275848710073056,0.30965402908549117,-0.1133590479755573,0.8311525623081181,0.03227471340865746,0.7393553088322702,0.7195304787259372,0.05789953893463992,0.310941898497329,0.7378852471996896,0.09234397761389987,-0.0793313595614311,0.7454185583489105,0.12441041284818562,-0.13502715158540302,0.6805998621696977,0.05574034557297014,-0.14603935711396457,0.7058127469166524,0.10911547796873111,-0.1379918679339872,0.8003933511423359,0.08373391542405474,1.2980549875364884,0.6650490943027934,0.07849615242483252,1.5417838401189425,0.6251416177249502,0.0759941944767924,1.4147100886053692,0.5493613537466496,0.23642314824257094,1.2410315615597718,0.7207435886489708,0.3274953745061109,1.0433065376473816,0.6544206131091568,0.18749465759467862,1.0752213530830128,0.5255217937496641,0.12859238124651054,1.1282055332598258,0.5108841166556124,0.09592938327539188,1.1123876768589191,0.4432584265407321,0.09527114717667647,1.0628577654398246,0.4311822215672655,-0.07790238785940042,1.2190205521687862,0.6822190576110359,-0.11082232312790076,1.0010532881698835,0.6095270149516928,0.01276969256709072,1.0769227101764913,0.5454054942548259,0.11150419813200235,1.140925876454269,0.5804471272704526,0.11120928947476008,1.1542119589008546,0.46940203259107893,0.10247661866153777,1.0864669546746868,0.5106869665113949,8.15
0.2480370550211217,0.7526660482396209,0.7515236568595532,0.2791194235460335,0.3167826628513858,0.7717499797999066,0.3099876348932386,-0.06891359930129472,0.7851351180824768,0.3052575925733288,-0.1453452981729109,0.7435649735804326,0.3697331081124706,-0.12104289112015185,0.7360504571807794,0.3085914669632867,-0.10786653902154147,0.81477874716203,0.03142785551259871,0.7369803030850799,0.718707220145878,0.05725039520666645,0.30909567844213737,0.7377321299459154,0.09243558533028354,-0.07932298259688983,0.7454629267867696,0.118467198861367,-0.14487589506090018,0.6919138027409703,0.05409828004814504,-0.14601543388982446,0.7062230459204161,0.11105705761347762,-0.13466578102360394,0.7958569315665824,0.08250374711252291,1.2993407449339496,0.6647150081699466,0.07692088165626766,1.5423836959271657,0.6243449929002389,0.07160156497617098,1.4173377991334997,0.5456449832358949,0.23536622865340867,1.242023566063906,0.7221735756026051,0.3349681562481984,1.041578507155637,0.6724246923997852,0.1992805541629708,1.0617784166173074,0.519022073568174,0.1349515090654969,1.1037178652243065,0.4904398477177023,0.11035707533205577,1.0825114221563727,0.4407133336432103,0.11452536054929946,1.0354509160029606,0.43168564784925634,-0.07970692520973942,1.2179760048345227,0.6804887224850724,-0.11694442513166473,0.9922635747351746,0.6193496689659039,0.020002882893546178,1.0722253631285166,0.5362627285733523,0.11645400207608753,1.136734681929077,0.5630469467105481,0.11933842665350082,1.1474828284893708,0.4795524073863082,0.11416314447572107,1.0831794592704604,0.4875016688500171,8.166666666666666
0.248219255378182,0.7501118701053435,0.7516775425657634,0.27976712330290476,0.3136494310322084,0.7716687741537366,0.3085457784973497,-0.06663830676090099,0.776736718799787,0.3056027193972909,-0.15064648048702586,0.7470467733880295,0.36889768497164155,-0.13369390304828951,0.7438182416468473,0.3077451801077487,-0.10293165431868681,0.7996253948301341,0.030545197872398667,0.7347317951077568,0.7187609323343241,0.056716412995192846,0.3068599252322739,0.7379842214579665,0.09253213055356245,-0.07955016744013983,0.7453873859517952,0.11253802688430634,-0.1547950065684312,0.7030869887769959,0.05227854506003953,-0.14665119498367793,0.7069662280837633,0.11278047449903922,-0.13098603072384093,0.7901560524197169,0.08107538684597537,1.30090199363867,0.6643392879575445,0.07476457207967768,1.5429334897038607,0.6243275453869924,0.06725460075924211,1.4195849488605472,0.5422078840269109,0.23444622505643742,1.243583442127815,0.7222759309899177,0.3399802060889903,1.0400535979220102,0.6873519092189351,0.21099894075903805,1.0446907585235452,0.5103161867522805,0.13777977682051323,1.0706878200326302,0.47279906742859257,0.12284517338137993,1.0455690377510987,0.43853322313125914,0.1351241785505742,1.002757245443979,0.4319879408189711,-0.08112351150063049,1.2172177340273902,0.6774834194746845,-0.12274928811256047,0.9828443115089213,0.6302674322116001,0.023600503896787445,1.0652415596946851,0.5272408867179286,0.11794876494943396,1.1304986864789979,0.539696070785941,0.12453925339498498,1.1382879628412848,0.4813749933503285,0.12326032406356963,1.075583772843293,0.47137539513353044,8.183333333333334
0.2485019545264899,0.7481731438496806,0.7517608622063793,0.2803029859094541,0.3108064895665749,0.7717109175282799,0.30749007643527354,-0.06512223137693879,0.7699789329901323,0.3058470689682987,-0.15551193701300936,0.7490640929081128,0.36736363754773094,-0.1446705558185442,0.7483328798730864,0.3072344336427403,-0.09863756605132433,0.7860487995473836,0.029607762662529076,0.7328742847148693,0.719438140427557,0.05617340095724894,0.3042498532208816,0.7388373097949907,0.09265611886054718,-0.07988788182618553,0.7449667536707606,0.10729859227820922,-0.163749689058559,0.7127667901286175,0.05043647096392012,-0.1477843233136898,0.7079407245748447,0.11429646105417825,-0.1271041209622056,0.783443249539628,0.07960689303774383,1.302503205289185,0.6639040774245863,0.0723097696174027,1.5432335148730583,0.6249215025574557,0.06343394014416559,1.4210253835520503,0.5397322730019793,0.23403162745120204,1.2452374170876017,0.7210537817883242,0.3426995900717045,1.0385115542802061,0.6990952448115161,0.22227368565515723,1.023255096766842,0.5034218699566453,0.13926784132407197,1.029969556071665,0.46180284431319857,0.13415915819109528,1.0026585589698975,0.43871726183245735,0.15615810689013737,0.9663771170699761,0.4340081260715035,-0.08201091959990413,1.2167280984397755,0.6738118106148601,-0.1276496879895712,0.9745339734071816,0.6401874734694607,0.02370241339457519,1.0553641585031803,0.5194021837719691,0.1180044766757889,1.1199745025950425,0.5168898257700123,0.12695396720854515,1.12483201939521,0.47736954836525636,0.12830216832287863,1.0621504430809965,0.4626247655154665,8.2
0.2488254765242236,0.7469868081009415,0.7516005876426549,0.2806333521601661,0.30843689082510495,0.7718952662383388,0.3068558555590894,-0.06435991902065276,0.7649522195809089,0.3057853984997517,-0.15890570816539165,0.7485939635042401,0.3651215995559076,-0.15174975477848981,0.7481023206933127,0.30708180907278415,-0.09526225766385617,0.7746773243816388,0.028663488066716897,0.7315615582292961,0.720373417572497,0.055602167598375704,0.30144578243592834,0.7402776343240909,0.0927816384349149,-0.08017436085824892,0.7440667809375252,0.10325955587746098,-0.170827781379997,0.7197384817787477,0.04877253176511106,-0.1489374279205757,0.7089538610810966,0.11560377659895044,-0.12333190132919768,0.7764481422569275,0.0783681956181623,1.303916630888921,0.6634307068923696,0.06986634270198827,1.5432343495346144,0.6257655888636112,0.06037217173723605,1.421477278943105,0.5386095131114795,0.23425028807665374,1.2465718672679842,0.7188473571257239,0.3441306341870818,1.0364262056848341,0.7083939702389102,0.23297320064786997,0.997986758115115,0.5011061555106838,0.1420898878069014,0.9845589671288594,0.45712576898677304,0.14545516331496797,0.9567251016307837,0.440903421903721,0.17663855877320234,0.9284860251549804,0.43878428171342015,-0.08230617405911014,1.216427227756967,0.6706427589112873,-0.13123055094157304,0.9692483171040868,0.6475606650470584,0.021683038403465166,1.0425956912902565,0.5130721500213009,0.11833609546210982,1.1037808883462463,0.497993266464636,0.1276640923084993,1.1059905423463694,0.47030163839023764,0.12879277305158776,1.0424673539028815,0.46019967294921393,8.216666666666667
0.2491030003436687,0.7466140866496237,0.7510192721688526,0.2807343747998135,0.3066952982806442,0.7720129643773379,0.30665830198772986,-0.06422306167252702,0.7615348178329641,0.30542717847087003,-0.16041039113008898,0.7456412641244269,0.3624706948743526,-0.15407399358234794,0.7434730031502489,0.3071627330843736,-0.09310651829320474,0.7661223631631271,0.027794158862659242,0.7308626366287543,0.7212637315624056,0.055074048278010615,0.2987595293651567,0.7420683336732627,0.09283246526101889,-0.08032417113933757,0.7428031349494296,0.10055788024634085,-0.17536534416596308,0.7233033137145637,0.047456798506931255,-0.1497351974305361,0.7100282453756596,0.11666152042835727,-0.11998349158273092,0.7700960350574857,0.07761042741005385,1.3049444346544752,0.6631893018472692,0.06768555099386048,1.5430422473998184,0.626449167240809,0.05812168057928656,1.4210362767415297,0.5388263152269412,0.2349412799729882,1.2473144341614706,0.7163477346202067,0.34520272261471363,1.0332090431339693,0.7163479133307864,0.24337708410511294,0.9700455675561672,0.5044521913923204,0.14878733253359128,0.9386233160531239,0.4559348230056768,0.1580084212557008,0.9116700380090281,0.4437444591119526,0.196417149056103,0.8907943925653047,0.4465558057545148,-0.08209407119233741,1.2162244821197135,0.6689118196566128,-0.13322077050555217,0.9683972414216571,0.6516349253586681,0.01870371335376694,1.0275965043767532,0.5069681040973946,0.11963895519257303,1.0820174907193056,0.48223884767437825,0.12760651372665385,1.0818548256646578,0.4604061159154509,0.12515650111669702,1.0173326245645051,0.4598432063462795,8.233333333333333
0.24922180579050285,0.7471073177279526,0.7499041582085069,0.2806525109619633,0.3057456642393224,0.7718383607064364,0.30685696566084714,-0.06455690634699915,0.7595448775584381,0.3049175780922548,-0.1604151555397795,0.7412806406490046,0.3598445538220164,-0.15248117005045864,0.736450015983827,0.30733047837915656,-0.09232163214513278,0.7606325896395638,0.0270383439042694,0.7308222908902183,0.7218977198853691,0.0546563398304611,0.29648021860270646,0.743951519762053,0.09274595182465686,-0.080337812661608,0.7414455075967828,0.0990620402893029,-0.1771425366600763,0.7236452669543165,0.04662395823313134,-0.15019172177671622,0.7112023209035536,0.11738732052301723,-0.11717490790620805,0.7648992261423503,0.07741504269987431,1.3054267360444745,0.6636579829796024,0.06592848355209016,1.5427435018265885,0.6269102482297586,0.05657904265358746,1.4200811505794848,0.5402983144609308,0.23584506720695325,1.247314258187599,0.7143832112485453,0.34617641730582616,1.0284709246472274,0.7236311715403128,0.25399687667434395,0.9406340336554355,0.5138687443183925,0.16052578466778109,0.8957171004231356,0.4566889861203589,0.1729215221932333,0.8706344613779249,0.4475430401503192,0.21579105217279904,0.8542609245590413,0.4579311938604156,-0.08150992325770456,1.216115350730371,0.6689824322602369,-0.13340149301158954,0.9720713766502749,0.6523147073048601,0.015151294890872125,1.0110007382925283,0.500014901862962,0.12155649139105254,1.0553994258685744,0.4679988859208517,0.1269677251525255,1.053146555786754,0.4472694068158036,0.11811018945045029,0.9881550248014684,0.4566167671986386,8.25
0.24911985224930555,0.7484561876931314,0.7482851625174688,0.2804532680793459,0.30567365752922593,0.7712639601471898,0.30735947459474977,-0.06532598755658121,0.7589202715524259,0.304445956897358,-0.15981179670301543,0.7371307411539457,0.35761488197732333,-0.14879920280592185,0.729450636941495,0.3075461955070215,-0.09278185060055323,0.7579689213646539,0.026366969118131058,0.731448130833045,0.7221763585757226,0.054377951494128524,0.294764794335981,0.7458132539176772,0.09250675467297324,-0.08024974429561955,0.7402767411639928,0.09866837675391607,-0.17661521204390873,0.7219037611620587,0.04631810685462451,-0.1507022000381043,0.7123041871328789,0.11769511193186646,-0.11485847769904306,0.7608440206812118,0.07761286182046251,1.3053138334397387,0.6651015410009745,0.06471413571198212,1.5423392598188117,0.6275460093682416,0.05549585400830291,1.419153385736395,0.5429029421127514,0.2367782296005267,1.2465770036344563,0.7134750006010129,0.3469053673153575,1.0222447480912475,0.7301511256164525,0.26531428892279063,0.9108646993509667,0.5291379453762772,0.17671997256691044,0.8577144773178488,0.46012508652255646,0.19065026440519325,0.8350465285830835,0.45373976902427254,0.2347527349942169,0.8197199113655217,0.473568371760525,-0.08067926103027018,1.2161191631589763,0.6708136390273922,-0.1316294524851866,0.9785504392840542,0.650455765757533,0.011184935752103024,0.9927408746765186,0.49316510720074214,0.12325183936311404,1.0240561100813723,0.4559181732701834,0.12551399630972324,1.0202633807904835,0.43181781205301706,0.10857738952130486,0.9564591294794161,0.4490527670934191,8.266666666666667
0.24882532186146747,0.750524111158696,0.7463272939068264,0.2801874338211908,0.3064080379685422,0.770271126414886,0.3080268646714961,-0.06648119790133747,0.759552727246086,0.304189110618717,-0.15952647459412814,0.7346240630671156,0.35600553921685457,-0.14491030902418608,0.724196942600191,0.3077989931708521,-0.09410838443081719,0.7575988906228158,0.025733252181436125,0.7326515473893103,0.7221659395588095,0.05425336274534541,0.29362044008309723,0.7476603985585086,0.0921106161112231,-0.08008871699358316,0.7395271922286796,0.09928986879435323,-0.1749992266209512,0.7200024757287362,0.0464533978761557,-0.15176026317171537,0.7131371721573767,0.11753314925744852,-0.11298042583862844,0.7576773073240362,0.07792623150143584,1.3047877751751606,0.6672085016545013,0.06411720366556053,1.5418412541651283,0.6287607932491188,0.054673666056624035,1.418732276692145,0.546111567331758,0.2376663297373662,1.245314806351826,0.7134953854463952,0.3473444708848969,1.0150785817023464,0.7352696847198681,0.27762356025435353,0.8819398616866088,0.548632626525672,0.19572052704523102,0.8248801308619647,0.46721737275793723,0.21048242963163316,0.8045821429760597,0.4630237809266595,0.2531192945263645,0.7878945608134258,0.49332490480351654,-0.07977770737627127,1.2161039635445372,0.6740320888251008,-0.12787741716130163,0.9847952635901972,0.6479254845065605,0.007278986309604673,0.9721913175763002,0.48826565438519687,0.1239782618181807,0.9877375332004841,0.4477708617636564,0.12281817331192352,0.9830521577095587,0.4162544542742046,0.09752440853273901,0.9233793313983854,0.4389045309192684,8.283333333333333
0.24841088415242374,0.7530832472490139,0.7442015817015616,0.2798985853756154,0.3078005533370983,0.7689037291613439,0.3086656438084139,-0.0677870629316671,0.7610386763612297,0.3042247760261279,-0.1600451208029504,0.7343390922463072,0.35505123976163944,-0.14226581270641891,0.721563568387269,0.30794575880340624,-0.09588959314693248,0.7589178250596964,0.02511267048802283,0.7342684837133409,0.7220218097890838,0.05430244935016216,0.2929572455646444,0.7494666476230714,0.09156079364436429,-0.07986298269470135,0.7392511657767991,0.10065771755772929,-0.173646035334619,0.7197512920392827,0.04692302329233988,-0.15355006852705058,0.7136615226671396,0.11691076575363879,-0.1115166342262369,0.7551394027147234,0.0782326332563585,1.304217668034793,0.6692610171525174,0.06412154784122205,1.541341756823466,0.6306531591824851,0.054210679153469346,1.419029289269455,0.5490515053496268,0.238490838056527,1.2438527424838057,0.71373438146501,0.34766617070339906,1.0079418270971234,0.7380053869778171,0.29087844363641785,0.8553527615565581,0.5692439091615931,0.2155615670352567,0.7964897504976015,0.4775434900214488,0.23073750100812035,0.7777054986787955,0.47535783051801445,0.2710594343603139,0.7589820157746394,0.5159759959719505,-0.0789989048894942,1.2158176444892852,0.6778429241521942,-0.12230604151487057,0.9879631807650215,0.6465345697564173,0.003965014866055706,0.9488370860674034,0.4859454816489669,0.1231479042958199,0.9470364645394574,0.4434402593031095,0.11833896065153131,0.9416752738559501,0.4027530257776435,0.08573439300753036,0.8891690046375239,0.42811989621043245,8.3
0.2479690677297486,0.7559085083911066,0.7419594526023454,0.2796305613764032,0.30975660462086557,0.7672563885793084,0.3090817902798925,-0.06892677487508649,0.7627647668201949,0.30447528876302377,-0.16110570452947645,0.7357864497716169,0.35467411511628294,-0.14155748211262753,0.721764564854524,0.307752930123469,-0.0978079670125884,0.7612118689719377,0.02455230804779533,0.7361627545614136,0.7218189183597827,0.05453944148530025,0.2926964148608121,0.7510747087808722,0.09090854711366901,-0.07958840679976284,0.739267182176888,0.10235767360014354,-0.17317325312617954,0.7215314623799428,0.04769883953319318,-0.15565905754159598,0.7138254095517448,0.11588694729957548,-0.11044869531721521,0.7530954098285997,0.07860932891460426,1.3039234794859142,0.6706484131867707,0.06466671189106596,1.540951884682157,0.633175420384833,0.05451555285082843,1.419904993322002,0.5511762208133866,0.2392810779429131,1.2424678194671106,0.7133684881852761,0.34790803594343966,1.001950659822275,0.7373651443474617,0.30467801351343576,0.8326727355941205,0.5876412069168616,0.23469055152922647,0.7711293163824872,0.4904531615136293,0.24991690608427233,0.7524987855281436,0.49125506331760066,0.289013704062569,0.7329108861295197,0.5394587498038877,-0.0784105710082484,1.215112665287795,0.6811888963238166,-0.11530904648584474,0.9867345738830956,0.6468490626444352,0.001031766783113545,0.9226855473032393,0.4855418202905918,0.12004625304341876,0.9037353991166487,0.4410425858682435,0.11167650207587368,0.8974530644405142,0.39276171095381907,0.07348740029574376,0.8535756693531507,0.41827600206965404,8.316666666666666
0.24761037461899002,0.7588351143382107,0.739563909548018,0.2794088770478146,0.31221494248804005,0.7654295104218911,0.3092008579424544,-0.06967702685908286,0.7642211543822497,0.304737549560102,-0.16197323659931176,0.7377692569574728,0.35473255488358524,-0.1423824539373038,0.7240908287419413,0.3071133892951507,-0.09957575208067984,0.7637036953471532,0.024205045796946493,0.7382841971864094,0.7214869437699916,0.05494695506392423,0.2928232216086812,0.7522984978864502,0.09023351826917089,-0.07931409501244303,0.7393282564872439,0.10405661677851455,-0.17350313749982885,0.7241992305090456,0.04877793056930098,-0.15743567208732948,0.713616073996597,0.11454092156520797,-0.10974121936355472,0.7515383687368208,0.079152893688438,1.303985159362168,0.6711168467642691,0.06570091336326311,1.5407182899499035,0.636285219379715,0.05604677034156326,1.420943920633338,0.5527583371447948,0.2402344900404302,1.2413769129597456,0.7118463553832763,0.3476836354395114,0.9979591978184107,0.7330378672349869,0.3185086844195981,0.8149773158243593,0.6019528071508669,0.25261123068680713,0.7469197271994902,0.5069051062212373,0.2677369589588758,0.7275302615760065,0.5117228175622175,0.30718725339843145,0.7097721117773976,0.5620139082597363,-0.07788516324152961,1.2140227834876227,0.6832782521734311,-0.10737022818281602,0.981450467800002,0.6482355538911552,-0.0023940454362485486,0.8943092323069844,0.4865023180028499,0.11388069629733089,0.8599468490838786,0.43908633068218367,0.10273845428586365,0.8525838341227133,0.3872472620352112,0.06047980641862693,0.8169069279312576,0.4116499191522278,8.333333333333334
0.24741499239716486,0.7617274297081269,0.7370255796980183,0.2792249281726339,0.31500187300795296,0.7634994586848652,0.3091000070745884,-0.06991003858876714,0.7651585791538895,0.3047823739696361,-0.16212894939003258,0.7390657305415289,0.35491350759109774,-0.14341044604211162,0.7267867136665099,0.30612390930356614,-0.10090438537911235,0.7658729357781816,0.02423480959735958,0.7406141046816569,0.7209071314046106,0.055461858929360355,0.2933266780448275,0.7530767974214938,0.08958738065748426,-0.07908725407885311,0.7393088871336593,0.10561612933368883,-0.1744349912028326,0.7263912283307471,0.0500906580379981,-0.1588085311032121,0.713473168429343,0.11299526805159553,-0.1092566740984934,0.7504112541839821,0.07992666661130453,1.3042322459629432,0.6706539373142504,0.06714031987038256,1.5406453734054126,0.6398298377451637,0.05899211367230192,1.4216356395440015,0.5547848127996902,0.2417562943698144,1.240782413119352,0.7088419629238134,0.3465071850430276,0.9961812778999124,0.7256448064416825,0.33193712913954876,0.8025185172445349,0.61219902438947,0.2698505695364954,0.7226397408211281,0.5285023646524718,0.28500390872034004,0.7027910368271054,0.536556763619096,0.32540935569362106,0.6898889741196661,0.583086253744042,-0.07716814087429276,1.2126296219603148,0.6841126678763949,-0.09894677212124708,0.9734386736276369,0.649793209699854,-0.0065770130772188126,0.8648189388619661,0.48874581185044613,0.1043972361582671,0.817383671491017,0.4373623980842233,0.09157901156589583,0.8090259314005199,0.386943178681487,0.04653593460692783,0.7804648500836213,0.410593915930785,8.35
0.2473832790863988,0.7644423175409151,0.734451659523106,0.2790529541274423,0.3177693079347733,0.7615604323207894,0.30889057190810726,-0.06955334509250094,0.7655146064505899,0.3044685932942043,-0.1614595330450257,0.7388212462780472,0.35484299347956294,-0.1433126117378913,0.7279974194493523,0.30492931310667803,-0.10160500219947448,0.7675673749585576,0.02470943210643877,0.7430630948072331,0.7200583201469589,0.055999411640665755,0.294125695725216,0.7534453852670071,0.08898493636292702,-0.07892223525968088,0.7392157213356494,0.1070196165154711,-0.17572310015925002,0.727541529525759,0.0514912976283487,-0.16030905325340117,0.7141477552562567,0.11142647571064711,-0.10874661069352573,0.7495061008478043,0.08106545180904776,1.304429844780665,0.6693947791896805,0.06882201441772272,1.5407565168184256,0.6434327404166013,0.06311940109681008,1.4216110782805413,0.5584726574211235,0.24421894829576313,1.2407517328278108,0.704177297634603,0.3443302743038309,0.9961239440622489,0.7162760564142807,0.34450530401740037,0.7946750414544698,0.6190985735710913,0.2872417441741829,0.6989135307334685,0.5549427707404184,0.30259290026220304,0.6799344031592319,0.563451616624635,0.34350609580324615,0.673605031373644,0.6028115426398698,-0.07597678759193824,1.2109893721062983,0.6844228988836194,-0.09059940004498565,0.9643459364619268,0.6511189473319503,-0.010683034240523399,0.8357949138457534,0.4917776525364925,0.0922185770093914,0.7773309460113479,0.436945019512743,0.07819552544017794,0.7677091599742052,0.392280927005002,0.03211641798259726,0.7459831447822535,0.41601485920918224,8.366666666666667
0.24746489986414982,0.7668651756149899,0.7319910970574581,0.27888358804442054,0.3200873006652759,0.7597777453415965,0.3086189235506652,-0.06865842713974883,0.7653405474706426,0.3037789433230409,-0.1596764551256363,0.736266350815294,0.3544608502004343,-0.14157808724771195,0.7268899811167832,0.3036057935607569,-0.10172398359495148,0.7687751148377368,0.02562938082174247,0.7454412458409433,0.7190336694557148,0.05652272440538249,0.2950895454126129,0.7533960495403251,0.08842750957510664,-0.07882027858987495,0.7391165716663343,0.10824691159409135,-0.17684288287494584,0.7276873334121865,0.05281917688627599,-0.16221462811273402,0.716045023034893,0.10998543940017648,-0.10799687204054978,0.7485720358521329,0.08271885529702991,1.3045174589094348,0.6676699970574487,0.07054890771715758,1.5410900020581149,0.6466562503053576,0.0678870395990482,1.4208771972056886,0.5646344136657859,0.24771111446241603,1.2411048741986483,0.6979544033099205,0.34156639372593567,0.9969085140640486,0.7061836002982028,0.35555234254330603,0.7900545182483214,0.6229305100106743,0.3050273927779281,0.677784364297783,0.5832423441916884,0.3205360595680691,0.6610468614046369,0.5891332604737781,0.36147404645286446,0.6608799466397438,0.6212353997934768,-0.0740483676457992,1.2092556191186574,0.6849358693226031,-0.08305128287493976,0.9557043565588315,0.6523662740414015,-0.013972597030489385,0.809025681032848,0.4947050722731199,0.07840431192791847,0.7408341385196534,0.43990567605167574,0.06270058914711538,0.7289635863332146,0.40316368927983437,0.017718424642539747,0.7147113614006472,0.4274638473660972,8.383333333333333
0.24764443923011822,0.768963155424872,0.729765236469806,0.2787427266010795,0.32163566430773627,0.7583442415607317,0.3082898269956693,-0.06747074381647966,0.7647674603307394,0.30276962820868103,-0.1561340292303629,0.7306277831975262,0.35408047213816624,-0.13835233187531992,0.723572500729595,0.30221538540716264,-0.10157685581486643,0.7694840472268677,0.02698985329279152,0.7475448699017646,0.7178998516027905,0.05707380721133684,0.29616254189368535,0.7528766833241336,0.08792011494347306,-0.07879163952463546,0.7390903149848359,0.10922188504453492,-0.1771093670976215,0.7268636003637502,0.05395818252344946,-0.16424279097847727,0.7190173549079225,0.10871537002559915,-0.1069490745973465,0.7474490508863321,0.08484324102762995,1.3046035582821813,0.6660056412747468,0.07221418565328708,1.5416426960471774,0.6493456739551862,0.07275512940887777,1.4198749818584864,0.5732417232848913,0.2520293597061908,1.241549959312624,0.6906680841133823,0.3387436728167682,0.9976945783948741,0.6967760997892943,0.3643573006170015,0.7869975016444657,0.6237279486518504,0.32245981838780136,0.6610003952678175,0.6093421040129625,0.33802394505191175,0.6471070446314399,0.6110523669677904,0.37907047934733173,0.6512424893850672,0.6379782935494922,-0.07121870933067222,1.2077911867277278,0.6858360479932968,-0.07693455989610551,0.9487084718939561,0.6537812875282407,-0.01675492647601856,0.786018882699889,0.4973279730717315,0.0639361934443173,0.7088273718708198,0.4480759251516948,0.04574149435771725,0.6937234348630202,0.4186042310573515,0.003299822705894616,0.6870790158888127,0.44423012972796166,8.4
0.24796817722248762,0.7707946665057439,0.7277965093874778,0.278678035000963,0.3224170527138883,0.7573499077477208,0.30791795236044817,-0.06634423874795445,0.7639249819014322,0.301615463932456,-0.15059828334380523,0.72188055329382,0.3540573671416971,-0.13389578870175167,0.7183222892826377,0.3008487307221867,-0.10163733374797805,0.7697468527514173,0.028773121178778584,0.7492618854095099,0.7166160518397878,0.05771129785441259,0.2974409047165913,0.751930826158625,0.08747568174320389,-0.0788482970422317,0.7391823767241569,0.10992091303014233,-0.17614629950470387,0.7250550090561491,0.0548345130916752,-0.16612236483126572,0.7226484558548222,0.10756678743984013,-0.1057627030628839,0.7462269253975718,0.08721568637035333,1.3047437869738314,0.6648991144793105,0.07386794739236677,1.5423377633121786,0.6517152341741506,0.07746897511190366,1.4192596482871336,0.5833448792751679,0.25679239148904026,1.2418800134015875,0.6832604661552264,0.3362842974874265,0.9978867986375008,0.6893793906318884,0.3705996115226816,0.7842940254828723,0.6220550531119846,0.3382696081500878,0.6488644773317952,0.6303303871293625,0.3540744138893088,0.6377646149803724,0.6281472040831777,0.39548497384098635,0.6442185451076557,0.6521667826367011,-0.06755838426509224,1.2070444585043543,0.6869850861503024,-0.07250823503481696,0.9440903431465122,0.6554899201370377,-0.01981250867644775,0.7676290495019149,0.500380708159746,0.04962511954312933,0.6820993976703723,0.4619146181696231,0.028655527616812827,0.6639825980051433,0.4365768208654281,-0.011296912934392556,0.6633845452080879,0.4653968555906346,8.416666666666666
0.24849922790894283,0.7724413224500037,0.7259959315523787,0.2787392582289704,0.3228132023347901,0.7566528454592865,0.3075315276869867,-0.06552348821135828,0.7628696527820686,0.300764496356906,-0.14369133021713168,0.7110803042005565,0.3545958222298539,-0.12851863987389855,0.7113202012506791,0.29958218541884885,-0.10233915868482614,0.769712862686282,0.03090467969762365,0.7506004214069676,0.7151470404754023,0.05845252745934871,0.2990774728622829,0.7507029337706915,0.08710594211188687,-0.07897174029336886,0.7393351079408703,0.11051599017222463,-0.17428071168443965,0.7227690938553958,0.05540231188556009,-0.1679440137233614,0.7264964816015104,0.10648529196857213,-0.10478450648115634,0.7453197348566318,0.08971433471100368,1.3049087220463327,0.6644816819151648,0.07565724535401458,1.5430662150630983,0.6539079476233466,0.08212559964904065,1.419600005472682,0.5930884416314036,0.2615653004843792,1.2420341648846331,0.6768477801000208,0.33446922655432776,0.997140722455534,0.6847799451044108,0.3746793023487967,0.7814475231821298,0.6190404431875614,0.35136270381311385,0.6405887610164475,0.6453005421318138,0.36777444990049446,0.6322372941138676,0.6402847010359117,0.40959678329941074,0.6395225185275181,0.6629770518148714,-0.06336361911416673,1.207261972444966,0.6882995442723043,-0.0695865102756056,0.9419399121441643,0.6577755766578286,-0.023498409838255904,0.7540946410055296,0.5047608666686602,0.036200210875755014,0.6610499921452161,0.48064388979090994,0.013087896225293147,0.6417866908263258,0.45460314506775423,-0.025637271267269536,0.6444456129876823,0.4890372159179939,8.433333333333334
0.24931106298128133,0.7738898059442061,0.7242809811609114,0.2789842393244651,0.32333186988721485,0.7559066400727958,0.3071525960338619,-0.06500471976698009,0.7615997249615946,0.3008069099058661,-0.13627443492848232,0.6994730218217352,0.35578256126143415,-0.12271318762839535,0.7029535472346367,0.2984525415940974,-0.10385646771377996,0.769540391465712,0.03326171247150596,0.7516546104440774,0.7135791882093475,0.059272967239837944,0.30114056404226586,0.7492919568274768,0.08680299179105133,-0.079083578624152,0.7393607563218559,0.11129356957716653,-0.172564345648068,0.7215354415987619,0.055694709262081935,-0.1699019431362628,0.7302027981189417,0.10547442554643179,-0.1043054817482579,0.7451448789343846,0.0924799627987747,1.305164329638505,0.6645740068502819,0.07771207413270209,1.5437303180113866,0.6556033364165088,0.08705044042932363,1.4212187681998298,0.6001024511473396,0.2660340108155783,1.2420411695046047,0.6721451321018532,0.33344937056458346,0.9954153548393521,0.6828237432327919,0.37753077045446926,0.7784233968836363,0.615638380481955,0.36096720073898475,0.6353303653297535,0.6546268905525022,0.3780107983045454,0.6298333650971991,0.6474914669404563,0.4202850919226344,0.636805463186593,0.6703314946383567,-0.058946231727168424,1.2083193001546608,0.6897228493593651,-0.06768909544297225,0.941729932847029,0.6611104886326511,-0.027606728893436603,0.7452090695656595,0.5111643278735809,0.024420518776604207,0.6454504718559031,0.502848415097878,0.00037380885624278885,0.6278062152015966,0.470919225258174,-0.03842349918385076,0.6310994230067972,0.5120271770262913,8.45
0.250497585911309,0.7749784234441818,0.7227325448314578,0.2794709117558773,0.3242281832476895,0.754837308480247,0.3067934660417769,-0.06462539279025654,0.760151941260704,0.3019766958426126,-0.12876631874550457,0.6876715694388631,0.35756888521378927,-0.1170680656312337,0.6940875005051881,0.29747407031151446,-0.10601925447565747,0.7693303023226886,0.03577124142217029,0.7525088092963639,0.712096781320207,0.060125253925217385,0.3035440080871641,0.7477174367990528,0.08652805655097107,-0.07907016957628817,0.7390661151319244,0.11240697851051992,-0.1722625661918012,0.7231678284464952,0.05584259522883406,-0.17195313483615549,0.7335098166942887,0.10458647279736992,-0.10439767432769603,0.7458333123581242,0.0957796097511053,1.3056778106055151,0.6652609884468083,0.0801033420033715,1.5442256562553847,0.6563241817590022,0.0925827195879574,1.4241270853548862,0.6026125647997176,0.2701544707063527,1.2418982930206908,0.6694171402165379,0.3332528190120885,0.9930440054077716,0.6824478997259972,0.3799805532105821,0.7753760669309306,0.6122970102283429,0.36652033982991644,0.6325130873395545,0.6593198580814617,0.3837409499629889,0.6295777009157288,0.6503738930584085,0.42639207389427164,0.6354353689926387,0.6746917482889614,-0.05447673304775656,1.2098407681196988,0.6910306790416143,-0.06635987114410272,0.9427325379960207,0.6656454381075253,-0.031638385019380266,0.7403673407164715,0.5201981786171046,0.015146815373104701,0.6345564970112436,0.5264488231009601,-0.008740719221361222,0.6210164136492291,0.4851992354342154,-0.04793647871754857,0.6233083901904621,0.5310941499207186,8.466666666666667
0.2521079102271116,0.7754670829168682,0.721622008725455,0.28020676799347155,0.32543843802584127,0.7534602199830491,0.30646969987453915,-0.06424803465022451,0.758657345051158,0.3038645506910081,-0.12128929538208158,0.6758728585053693,0.35973795464298164,-0.11209629800964306,0.6858800808918202,0.29665804111997657,-0.10845868758221255,0.7691546765416478,0.03845748608309289,0.7531334874760248,0.7109451712742219,0.06097941043106655,0.30608180313639943,0.7460129653221101,0.08623318054682376,-0.07886421849277966,0.7384392587920737,0.11377821915315013,-0.17391398111846612,0.7278857112881196,0.05597267903352389,-0.1736884031597709,0.7360699868461459,0.1038734037328367,-0.1050397765668814,0.747393176017515,0.09976525449874535,1.3065459527651153,0.6671347055891177,0.08290614193694457,1.5444519714273932,0.6560470377231489,0.09888844202204568,1.428002034711439,0.6004198002878911,0.274121905986516,1.2415437940929905,0.6688429314251134,0.33379009266563286,0.9905396137757907,0.6825366255616451,0.38212466925406446,0.7725239812633282,0.6094222176209408,0.36779426939412174,0.6313407547545238,0.6610981471024986,0.3846546760990558,0.6299514872503937,0.650818280260209,0.42687119797283807,0.6345569970026511,0.6765660247297189,-0.049964111421294685,1.2114660167321594,0.6917601428492973,-0.06535852156512789,0.9444509305622756,0.6708322269906322,-0.034968453869315214,0.7386413997660318,0.5320928778686942,0.009174138282330815,0.6276866030816328,0.548515648893627,-0.014024173279578528,0.6196436722665651,0.4981817219494473,-0.05312951704900538,0.6201600936022212,0.5445498541466318,8.483333333333333
0.25410260840242127,0.7752388134672475,0.7211840452036046,0.28112343494393277,0.3268623364209014,0.7519391890869926,0.3061991557550137,-0.0638270867157247,0.7572713949417157,0.30572659158507337,-0.1141933535643298,0.6644822270439116,0.36193624459349727,-0.10810190388562144,0.6792457191750797,0.296007042719375,-0.11078843931344351,0.7690742086653375,0.041346486140919035,0.7534708331060845,0.7103733538473821,0.061858134724805364,0.3086144790151958,0.7442540252148403,0.0859158123134252,-0.0784936444160665,0.737666188804913,0.11526437716330926,-0.17662606015683402,0.7334137331489157,0.05613706313902358,-0.17456097540690163,0.7372829173236273,0.10335101000387542,-0.10616826301476695,0.7497682212640591,0.10438548280032274,1.3076620454320924,0.6707664163263873,0.08620798082033668,1.5443556178791527,0.655496490305524,0.10592230819929921,1.432212212848788,0.5948029291339935,0.27824008128550215,1.2409780891187097,0.6703511235601044,0.3349332632024846,0.9882529663631068,0.6828630305595843,0.3833581014065899,0.7700176206458307,0.6077138816067639,0.36503158039227646,0.6308130318319904,0.6616029281783847,0.38109205004229,0.629426819144728,0.6511833343556785,0.4214839243172539,0.6334114183976005,0.6766304482424333,-0.04530144117061146,1.2130332791319947,0.6913112393794716,-0.06452886101490207,0.9466660500883932,0.6756967222748075,-0.03695002911439926,0.7390527399870812,0.5462396911354891,0.006930243535439789,0.6246625913403194,0.5660563146352093,-0.0157199053801995,0.6219082157411605,0.5109888260525879,-0.05420057077619311,0.6205563072131096,0.5529376349974,8.5
0.2564376644079064,0.7745183218689443,0.7212864708360296,0.2821257775851795,0.328549406756813,0.7503441006199363,0.30598694120157677,-0.06336848694523331,0.7560872126988177,0.3070554270556389,-0.10815033680697506,0.6543312932788276,0.3637642963438963,-0.10517281228516522,0.6744876463319446,0.2954938938386505,-0.11270358326185875,0.7691094794754774,0.04437447352954936,0.75366006222557,0.71051625199073,0.06281280112274103,0.3111993987380844,0.7425352972669608,0.08564768341179836,-0.07804811620105152,0.7369850675555236,0.1169031575156298,-0.17843309231702242,0.7363897140503685,0.056378535691255297,-0.17439299151740814,0.7365836721159397,0.10300531693736431,-0.10759809620379968,0.752665945000501,0.1095311090636775,1.308681654007043,0.6762214485380698,0.09004105381550412,1.543887624515104,0.6560104753293776,0.1134985970384721,1.4358919129593923,0.5876889821001935,0.28282298400542233,1.2403260846434898,0.6731911492239053,0.3366649948379772,0.9862782200905424,0.6838763441156427,0.38304814886412697,0.7677606381764259,0.6078823718976307,0.35879970225406654,0.6304721557919148,0.6608976079267963,0.37353776724198634,0.6271856856536311,0.6525879853501714,0.41138856328948503,0.6316501296217644,0.6758375183629823,-0.04041495480779498,1.2146023817030183,0.6892473688399783,-0.06362562973973616,0.9491880959382327,0.6795326388378012,-0.036987103458497976,0.7408524757983862,0.5613137862885164,0.008342852323422412,0.6255830523383882,0.5773219708824855,-0.014516489627590282,0.6258314145315119,0.5247060162736262,-0.05190473816948382,0.6236345658092592,0.5577081812685781,8.516666666666667
0.2591209054597746,0.7738122848507556,0.7214730263196873,0.283135620425634,0.33059202860552495,0.7486755586827236,0.30582520914548217,-0.06290653277540127,0.7551314920071767,0.3077446228649625,-0.1036956348223565,0.646242159472407,0.3650043443243629,-0.10332535864034845,0.6713100662205068,0.29507555645540645,-0.11406764778354014,0.7692417527048148,0.047395238908257024,0.7540397806534401,0.7113891891064371,0.06384990630813125,0.3139031095814088,0.7410279677377988,0.08552947547102976,-0.0776519564184817,0.7365871809449794,0.11898963898434092,-0.17755030769437877,0.7345605232143011,0.05675441207239916,-0.173467379462281,0.7338519798557267,0.10281157759572687,-0.10907886716731899,0.7556238468101358,0.11518511274637538,1.309219856062939,0.6830224770012436,0.09442143332354974,1.5429906323418592,0.6588969166923793,0.12130440647971188,1.4382754482073494,0.5809228693695523,0.28806419253148907,1.2397149149876951,0.6761986516484593,0.3391230587777951,0.9845681435621144,0.6857977800930471,0.3809948562764092,0.7653365078682504,0.6103288888350085,0.349762077673621,0.6306606718200918,0.6576669592661828,0.3626842013547134,0.6234092839595945,0.6541794517307796,0.3987616357768291,0.6292115118105795,0.6751161748111779,-0.03532243045258095,1.2163356950189792,0.6855822962075209,-0.06235328130269378,0.9516733940652912,0.6823900757168402,-0.034619872552436495,0.7435469793327164,0.5758544838276874,0.01291193629094781,0.6303571074359795,0.5823118596468444,-0.01119257101091934,0.6294154396451769,0.5395675658236303,-0.046793966544764476,0.6285553038184694,0.5599932475800533,8.533333333333333
0.262136901847299,0.7735785617732538,0.7213624623804695,0.2840792630387522,0.332931628323216,0.7470994254695045,0.30570538524383933,-0.0624952833555988,0.7544164791116306,0.3077409789328209,-0.10078308683008544,0.6403857031400809,0.3657724312158902,-0.10257221642819767,0.6691358816818661,0.29472936931269145,-0.1148917049354499,0.7693914133586313,0.05026719431185679,0.7548736068757971,0.7129194038813627,0.06489122333253103,0.31651873655197327,0.7400258591483475,0.08562290195188554,-0.07748191140684818,0.7365697139056729,0.12184681897181994,-0.17335294538055204,0.7275426961293628,0.057232033601610985,-0.1720870820930654,0.7294492423813824,0.102747796339917,-0.11039177799762208,0.7581743113110705,0.12134473196050644,1.3091714719282657,0.6901980898785978,0.09948108084034313,1.5417348025622317,0.6645848629754189,0.12892552046698058,1.4391805538746636,0.5758450022707462,0.29388294940630255,1.2391650518635837,0.6784896886938434,0.34252444444320956,0.9830884289723616,0.6882301723291226,0.3772439147895735,0.7622631338332153,0.6151045099845962,0.33869137109636316,0.6320349094715265,0.6508932008907602,0.34978314616529027,0.6192157597986435,0.6538014900703735,0.3856996310054467,0.6261646454710702,0.6748273716042898,-0.029971246875458425,1.21833116693322,0.6807760065514625,-0.06051709050020437,0.9536395233720109,0.6849903562666865,-0.029776047765180183,0.7467275698125501,0.5887172358035977,0.019998108451511912,0.638517990667007,0.5821729265918525,-0.006044966162834659,0.63173111196746,0.5539912711320075,-0.03939588824204717,0.6339786270339264,0.5611241984402509,8.55
0.265405554539509,0.7739822901800124,0.7208173903126903,0.2848963444229742,0.33535423695676525,0.7459720856317822,0.30562349764870556,-0.06218062679242402,0.7539837860940052,0.3068922771397218,-0.09909565535347625,0.636476389781409,0.3663573249128206,-0.10280542990526721,0.6675814013750848,0.29446359928598714,-0.11521673790851072,0.7694142658123118,0.05297155713966207,0.7561470078889347,0.7148368302994715,0.06583123824613638,0.3186735635543938,0.7397985675430878,0.08593386202070512,-0.0777191455019931,0.7368512818775984,0.12547787006281472,-0.16642915560995233,0.7161765502275419,0.057679232332852645,-0.17037093461727024,0.7240535590075213,0.10280663316796788,-0.11142669290653469,0.7599744643821302,0.12785106798734824,1.3087592626461926,0.696502186211994,0.1054823944277541,1.5403908719355703,0.6723562751418912,0.13606028317617536,1.4390745162144691,0.5730729346203616,0.29992537214234927,1.2386469731477427,0.6797831274446479,0.3470734370259772,0.9819819767342904,0.6902995029912833,0.3718438852862611,0.758442822429569,0.6218632020501663,0.32660424531929555,0.6350236171016905,0.6408479943695732,0.33660688633575253,0.6162478595645376,0.6494097442424573,0.3735421193660425,0.6230390997576363,0.6741656066966688,-0.024265365015193233,1.220562832504347,0.6754652896793731,-0.0580889858298336,0.9546844576332237,0.688182598274647,-0.022959344229028393,0.749969027175182,0.5991380002700657,0.029136672235011544,0.6492235447835898,0.5782926550499817,0.0012128945547600428,0.6334221782562559,0.5650061790858889,-0.03064412197846762,0.6381865642864467,0.5631697813461264,8.566666666666666
0.26883948932583124,0.7748954440355382,0.7198401978151612,0.2855854673467947,0.33767806034814885,0.7455584274716467,0.30558214902542064,-0.061994316247179784,0.7538897487488266,0.30532096189357333,-0.09860780894783394,0.6344281230816644,0.36699201118803704,-0.10371978667597695,0.6666100215123376,0.2943053513328061,-0.11513197307373238,0.7692641662307227,0.05562269648291331,0.7576406501606312,0.7166895443775623,0.06662114571515737,0.3203076848455647,0.740330653397526,0.0864252546460419,-0.07842578569153819,0.7372033157175015,0.12948856854429708,-0.15797410858281907,0.7019356477501311,0.05802085192746077,-0.168369868985131,0.7184557360754132,0.10297393917239413,-0.11232708765991528,0.7611050848356067,0.13442149513963492,1.3083214075095446,0.7008358091963247,0.11264312786706343,1.5393310186633609,0.6807296963781162,0.1426528029316422,1.4387016482005532,0.5724448392310029,0.3057299656217204,1.2381424832680712,0.6804661165800419,0.3528135667832692,0.9814910058052752,0.6910651625946689,0.36492829505825675,0.7543094214160097,0.6298223447333164,0.31456444489146357,0.6395990096560266,0.6288111526795082,0.32490328265936896,0.6159820478550654,0.6403021256712818,0.3629102017194489,0.6209617032702742,0.6714015313300397,-0.018348258651047958,1.222956092806038,0.6701855190834196,-0.05511848925406804,0.9547834802664514,0.6922911283567268,-0.015006372094149914,0.753056280624349,0.6064890181687059,0.039970817863433525,0.6612132382027543,0.5720859384578871,0.01090361406980182,0.6359067653160925,0.5701276631466204,-0.021621860746558766,0.6402606849715604,0.5676175559579397,8.583333333333334
0.2723971201197234,0.776041272633694,0.7185588719742152,0.28623505389275283,0.33982533165733053,0.745856358390311,0.3055885349921539,-0.061939148197635435,0.7541501767931096,0.30363750376054965,-0.0993055690075364,0.6341614557919327,0.36779339077962225,-0.10494986884781501,0.6662437655257405,0.29425086347997054,-0.11478424286808045,0.7691005961412393,0.05833964736813073,0.759112478366234,0.7181783125781072,0.0672936132630148,0.3218732145498948,0.7412381476966122,0.0870091443088668,-0.07948534898104019,0.737483302069981,0.13331448773854787,-0.14919824911536977,0.686980217316579,0.058300816176398804,-0.1661761683924699,0.7134191760419849,0.10319237041064981,-0.11347297341078377,0.7621896321257358,0.14089738112798153,1.3081463695548365,0.7024517381988836,0.1209177406753614,1.5388982163145013,0.6879394506744347,0.14873094425565364,1.438711593460602,0.5732242401548344,0.31092186634195723,1.2376768179465127,0.6813349535557589,0.3595233043619085,0.9816678907581593,0.6900008739297903,0.3568696117851489,0.7505819110879813,0.6376953820087867,0.3031270556672213,0.6454586126377847,0.6160601672908819,0.3154525253276221,0.6192011880902649,0.6273331832404931,0.3537387040571287,0.6211432627875879,0.6652304944419459,-0.012601837764362734,1.2254322677049017,0.6654696836330051,-0.051581655214054146,0.954326674601717,0.6968065686894415,-0.006593333893864335,0.7562601374650841,0.6102526834984715,0.05207000860378322,0.672901397488803,0.5653363844829756,0.022943391804071588,0.6402380036980607,0.5687263381801986,-0.01268913811423987,0.6409570432150506,0.5736172957401429,8.6
0.27607603749762966,0.7771366207637748,0.7172581401250799,0.2870103170297046,0.3417596204232561,0.7466514599009746,0.30564267634357,-0.061945479863309325,0.7547201107909576,0.30247486817258085,-0.10063019824023298,0.6351017266193624,0.3687668007481185,-0.1062510434680288,0.6663998958197395,0.2942143798829671,-0.11419829741723209,0.7691281316917714,0.061144731705937934,0.7603843397130424,0.7193674374490963,0.06795917023113071,0.3239559415447908,0.7419692961095687,0.087549389975259,-0.08065812833709203,0.7377930352927036,0.1364883587982122,-0.1413177475895782,0.6741184145847041,0.05856496231196617,-0.16410451637290435,0.7097610888066211,0.10336684287792179,-0.11512992712836484,0.7638742214255274,0.14735853592962592,1.3083910025367609,0.7011053368776519,0.12992954059277112,1.5392892239830294,0.6923535002022884,0.15430376964590617,1.43940960007526,0.5748198601401711,0.31546896458006796,1.2373719919698574,0.6827845694012884,0.3668372768738457,0.9823514719379657,0.687086533131371,0.34828361911434497,0.7479786192241035,0.6436520978370593,0.29199226963669317,0.6522375977233053,0.6033061069396642,0.307334584446554,0.6257526355603328,0.6123502160831443,0.34512628815338775,0.6242255494804518,0.6557971671850209,-0.007278711080859774,1.227830846142769,0.6622200429364469,-0.04725853564738024,0.9538708932872035,0.7005932408081073,0.002153056320593552,0.7600646991279774,0.6105683235403626,0.06514184037228954,0.6829461910642484,0.5598842635744165,0.03699155873893618,0.6466203155037871,0.5618373795339033,-0.0029397368330562586,0.6420408075546457,0.5782746313148683,8.616666666666667
0.27986028720638173,0.7779814689778711,0.7162573676312503,0.2880821676540737,0.34346812518140524,0.7476818928330607,0.3057307887922747,-0.061910444170720086,0.7555455329957007,0.30194448125365675,-0.10164172292423436,0.6362232781934166,0.36982045096238997,-0.1075035279699589,0.6670184663506937,0.29408825285734597,-0.1132174719492168,0.7694304298869575,0.06398968943615192,0.7613701966480968,0.7204149731834375,0.06880397625696105,0.32684794982870424,0.7420474660283072,0.087931638549484,-0.08167190866341852,0.7383446149074002,0.13877685517904986,-0.13557275083355363,0.6657764163201143,0.058817093447332616,-0.1626459116811271,0.7082061640342119,0.10339725702534232,-0.11715877831010427,0.7662127603546222,0.1539323391034955,1.3090123035414298,0.6973645638062704,0.13914391796506423,1.5404629208227352,0.6929253769629866,0.15945563248431519,1.440596934815135,0.5775319981812193,0.3198921040833377,1.2373747932574795,0.6843966208783216,0.3744104579902603,0.9833115192459492,0.6826440992578283,0.3397550640731313,0.7470507462506765,0.6458720089157267,0.2803340410848373,0.6593546798133232,0.5912331934063928,0.2984163519118378,0.6345749224295207,0.5975152131807215,0.33550632355190907,0.6298323985500582,0.6445381326928004,-0.0022295660623066365,1.2298632798953986,0.661544541121642,-0.04176137648478821,0.9538292500798544,0.7024831509421264,0.011772766706987453,0.7646268237348087,0.6085230101565051,0.07935281324863376,0.6910247298714963,0.5564032653373141,0.05294113263175117,0.6547578882037731,0.5512009463577255,0.009342269459070275,0.6449242589823867,0.5787348884332123,8.633333333333333
0.28370805553924583,0.7785024416742833,0.7157113514344078,0.28956956448095245,0.3448651757856214,0.748897968753041,0.30582786123235367,-0.06179669949370076,0.7566224934515927,0.30168641240475585,-0.10168611027860558,0.6365389807386833,0.37084431024090975,-0.10856661490728597,0.6680743417456065,0.2938565087674792,-0.11166929557596272,0.7699992589531744,0.0668390577529348,0.7620941724625847,0.7212305582105075,0.0700440063946573,0.3305070822701993,0.7411524584167023,0.08814808568569034,-0.0822867160753809,0.7392175379404835,0.1401757375730117,-0.13247610394127154,0.6625617681916733,0.0591427831427419,-0.1619274483512753,0.7086792790229698,0.1031924127553519,-0.11915831929828649,0.7687718042397663,0.16060514900431422,1.3097996022500844,0.6923911598176811,0.14811604556912453,1.5421517920376733,0.6896516586617252,0.16435144676148458,1.441651161020096,0.5822670961073403,0.32505934107764617,1.2376551325812513,0.6854609897132292,0.38188433833656027,0.9840772943669708,0.6773721449553218,0.3314439071100951,0.7480179978078323,0.6434572277104322,0.26755139620592433,0.6660467284921221,0.5808302946812172,0.28688472587610214,0.6441371223712894,0.5847935183140144,0.32330197206167266,0.6366967730797041,0.6332853845908148,0.0030019023176429674,1.2312169573973841,0.6640242912019504,-0.03482322601477308,0.9542590284933132,0.7019151383674569,0.023096701031330248,0.7696498242416386,0.6055328937514628,0.09525701752854412,0.6980147573299134,0.5537483421780134,0.07124054673838429,0.6643416699801935,0.5385159882032258,0.025744797523956878,0.649954490063804,0.5739507874467299,8.65
0.28759880372481283,0.7786880306970471,0.71555293319699,0.29154076638346055,0.3456597727919629,0.7505499382167571,0.30590943935249154,-0.06161971571225368,0.7579492123791693,0.3013243899299019,-0.10082614541503077,0.63582702598901,0.37175098121900585,-0.10914973022101165,0.6693850877277342,0.29359407259650916,-0.10953112032981702,0.7708161968101461,0.06971162773471196,0.7626390925927293,0.7215335796614565,0.07183321257668451,0.3346694898080097,0.7391149212823468,0.08827601977160075,-0.08238174854156825,0.7402940831488873,0.14087544905683191,-0.1311931144867457,0.6629539882170354,0.05975075482787852,-0.1614637420838725,0.7099755951600225,0.10268231918229098,-0.12082056543048533,0.7711712720354547,0.16725611705303578,1.310466895833764,0.6872729475072179,0.15659659273112547,1.5439837158825835,0.6837640240324087,0.1691382171211982,1.4418820992158536,0.5892792785632468,0.33166019903194016,1.2378997200475026,0.6855708596063774,0.3887914329115696,0.9838181818587715,0.6722693021337179,0.32315609588070415,0.7506572152433725,0.6366180965918531,0.25379757812781945,0.6719591641454534,0.5726118527445446,0.2723141708846265,0.6530748777938093,0.5756749448676365,0.3076569002976285,0.6436226358672436,0.6231996038235044,0.008811916958622781,1.231711083735051,0.6694654188398179,-0.026546531678633446,0.9549770898425762,0.6989207670339237,0.03660241977192311,0.7746119823793097,0.6026239998486977,0.11337880558880359,0.7052810096946033,0.5499310587041106,0.0925445542435237,0.6749949169452546,0.5254527958006943,0.047065577972736555,0.6566128110991404,0.5650028572085575,8.666666666666666
0.2915475016170736,0.7784894415931594,0.7155803730274592,0.29400966139030776,0.34547399447571725,0.7529545588722826,0.30598199312613367,-0.06136247627237268,0.7594155554995057,0.30085841802910024,-0.09954883070736768,0.6346936556319199,0.3724520060448826,-0.1088901791160389,0.6704871145523518,0.293371709868716,-0.10700192826803646,0.7718435722125163,0.07265241214583076,0.7630441568449958,0.7211298437047353,0.0742048306565356,0.3388689989894996,0.7359246096110148,0.08838949791119166,-0.08203151161938145,0.7413402914687802,0.14124107295655705,-0.13028327942191084,0.6645545727893561,0.060782393450130826,-0.1607257639241561,0.7106202213538566,0.1018686404278309,-0.12210900515257678,0.7733078036322765,0.1737978809550145,1.3106894510388072,0.6828931668446332,0.16451764598521387,1.545620755106484,0.6772707725896929,0.17386783271099232,1.4409396670090462,0.5973110765018597,0.33986828459652185,1.2376704719589995,0.6847896660031021,0.39463992747882226,0.9818719127209352,0.6681528411091864,0.3148981760347569,0.7545392963686213,0.6261355690849343,0.2399953840722924,0.6774772119918457,0.5660783195300305,0.2555595873113954,0.6606761709162694,0.5707693944486247,0.28881171306432685,0.6502813727431298,0.6144731532068275,0.015221949120429165,1.2313682023476848,0.6773462423596887,-0.017287678020419164,0.9559029487350488,0.6937305326177619,0.052207296450611396,0.7790648459486244,0.6002151709281172,0.13381519702001599,0.7137220569335099,0.5436592599864667,0.11695468669803932,0.6860788384258433,0.5140463614568646,0.07298646373364753,0.6641588729424167,0.5543826643641234,8.683333333333334
0.29558545152362253,0.7778304605127093,0.7155421386568909,0.2969214616112951,0.3440859074431122,0.7562482839342253,0.30608861516725183,-0.06097899175760249,0.7608193700399455,0.30063431330323864,-0.09825683364715238,0.6339191733818096,0.37295685806386525,-0.10765976631711326,0.6709001562191768,0.2932024211875122,-0.10441872944695454,0.7729472728788899,0.07569254428141982,0.7632654788774603,0.7200050967303258,0.07708201124805171,0.34255792226828735,0.7317488227314131,0.08854924365338053,-0.08143215027994587,0.7420641581508726,0.14168434043770234,-0.1289908060250871,0.6656820410048376,0.0620643213268709,-0.15955823014119158,0.7099310304461603,0.10086165016548745,-0.12317117227679358,0.7752198463002058,0.18029593098824637,1.3102314330200189,0.6800163548386318,0.1719035722916754,1.5468513473895327,0.6719630071334122,0.1784624370927932,1.439041280162081,0.6042034998123489,0.34930228818466524,1.2367034957665206,0.6835946558837677,0.3991760248689491,0.9783314763016195,0.6654304995177581,0.30706797266255054,0.7594340177684711,0.6131752737484644,0.22749668502932469,0.6832538119663085,0.5604136296898027,0.23818904562553422,0.6670928243152933,0.5692873227347541,0.2680733056972759,0.6569267014930374,0.6070316161255065,0.021927761987874092,1.230344066579995,0.6870716589330819,-0.0074899450119022114,0.9570780104499417,0.6870144001220191,0.0694806708454238,0.7828697911900535,0.5981730686409288,0.15607837582732242,0.7233308694004763,0.5350290036707132,0.14372379352742973,0.6969408577336196,0.506173807950806,0.10196488858894331,0.671951444670757,0.5451453587863654,8.7
0.2997398725368315,0.776667379402468,0.7152393600278756,0.300175968406883,0.34146479365761384,0.7603556120406678,0.30626099343769675,-0.060457277481789265,0.7619922814130681,0.3009670610009772,-0.09741456559184172,0.6344704456854168,0.373508413393851,-0.10580476883295192,0.6708031386503334,0.2930568405721525,-0.10207633524278104,0.7738756272500243,0.07886008940103387,0.7632496398689357,0.7182057461709463,0.08032002690409379,0.345364057362394,0.7268929110061726,0.08881971226248239,-0.08077375591432151,0.742236566608105,0.14242691465343493,-0.1275364796432668,0.6657935067434521,0.06314375974559251,-0.15782021335713128,0.7080656078138988,0.0998303046758979,-0.12416806373175843,0.7769081300839797,0.18692811820590072,1.3091387693831684,0.6790127027078061,0.17877291834722886,1.5476193276417116,0.6686738889553474,0.18286424435005474,1.4368082107559967,0.6082885033755021,0.35916393903411825,1.2350323388163167,0.6825802163906787,0.402565753421484,0.973942991758269,0.6642104572453609,0.3000708101406721,0.7653171280847153,0.5994947075433474,0.21762729751183707,0.6895204124115571,0.5555456687720155,0.22213490696907945,0.6730782194204615,0.5694205244674639,0.24750492523653922,0.6638041701206303,0.6009537639341228,0.02859279977060583,1.2288274270910882,0.6977009879429483,0.002216696051587644,0.9583541709431806,0.6801390736583822,0.0876939473740825,0.7862109149415125,0.5960271955494068,0.17914840843634114,0.7333479248380008,0.5254870233719693,0.1714670932397851,0.7071164588377273,0.5025298033342945,0.13142232133585288,0.6792887448650122,0.540080669331348,8.716666666666667
0.3039836748590972,0.7750039003202664,0.7146493298745755,0.3036672050473178,0.33765137667485656,0.7651203083598166,0.3064924029676628,-0.05985473987519631,0.7628641559013533,0.30198638336925715,-0.09785958847298884,0.6376908270158713,0.37447029261374487,-0.10405148582834538,0.6712384692223611,0.2929042938874673,-0.10011557335928054,0.7743751912649777,0.08218110322622556,0.7630044822833797,0.7157339427957121,0.08375229510291378,0.3471720008195952,0.7216780474469175,0.08921902705246697,-0.08021710688863076,0.7418752111632324,0.1433579991189711,-0.12640588498281125,0.664825524122287,0.06373461132668817,-0.15500928826615623,0.7053249871039365,0.09891225091627588,-0.12520632842045043,0.7782705386212243,0.19373199722923434,1.3076932274311106,0.6797851785183968,0.18516893487248312,1.5479736530703332,0.66734264780251,0.18722077344226,1.4348249913752458,0.6090551955829444,0.3685569670492757,1.2328735573247815,0.6820620083241837,0.40523335733687504,0.9696015033306409,0.664222510015846,0.2940769504326772,0.7720174014365974,0.5872112208098439,0.21122792339821905,0.6958994329299703,0.5524897433847373,0.2094338511264476,0.679353471644295,0.569670033359721,0.2293945045319622,0.671067510335216,0.5960262972281294,0.03496261819149072,1.2270722260857245,0.7076656810750355,0.010959457772156669,0.9593494270011245,0.6745280809060826,0.10576919163623334,0.7895082501222204,0.593121128387337,0.20166643292844277,0.7428040336840518,0.5174989030001169,0.19841183566761048,0.7160467013450127,0.5029577604945404,0.15829702338917748,0.6854997448794157,0.5407454956880133,8.733333333333333
0.30820101282363355,0.7728780342567232,0.7139092675890906,0.3072806386255243,0.33268945331669886,0.7704431353197079,0.30676651721783094,-0.059310288689902985,0.7634361469833449,0.3038130403280226,-0.10031469012999247,0.6442691332367724,0.37604767781331583,-0.10315931829782288,0.6732530355454942,0.29275969625918924,-0.09855125913208902,0.7743296851948971,0.08562783897781293,0.7625586014839262,0.7125941474322413,0.08725041419680185,0.34799165067886195,0.7163387691155161,0.0897149439373285,-0.07986795501484087,0.7411828523237916,0.14413980733291018,-0.12563912750470974,0.6628147306007541,0.06404530742389587,-0.15052993967547376,0.7017491594688806,0.09818337900762283,-0.12634558520226824,0.7791325712342725,0.2004168963968778,1.3062329252099998,0.6819832620822077,0.1912417773968531,1.5480288815962577,0.6673893492505494,0.19173284717965533,1.4334316491063186,0.6068146425881072,0.37675072274570676,1.2305060261501632,0.6821212411410904,0.40750147908817264,0.9659327053166595,0.6649623799594636,0.2891446080387794,0.7790380487228924,0.5780607329936525,0.20827886920335476,0.7018030513852277,0.5525253485896137,0.20157911865532718,0.6862196350190053,0.569611520608618,0.21560135592654914,0.6787690806410434,0.5915801192177734,0.0407381674514628,1.225448879980032,0.7151179182158849,0.017891591499172178,0.9597261995106159,0.6708479182784698,0.12255221305521515,0.7933625075285581,0.5886319745335357,0.22217396132095102,0.7510476878828918,0.5137253775726572,0.22266076263813067,0.722937634583745,0.507528153141691,0.17992532838444394,0.6904233830200526,0.5467344957268185,8.75
0.31223878961237883,0.7703670616561107,0.7131632716854925,0.310877348136787,0.3266495113692429,0.7762694324412794,0.3070816562229684,-0.05901140788144331,0.763727068348553,0.3066115215512101,-0.10463483747711247,0.6532828762340906,0.37813938761695276,-0.10359712988601072,0.6770546783977222,0.2926964136910906,-0.09742132042099844,0.7737720312946117,0.08911902360075923,0.7618978908330729,0.7089009531106821,0.09079907243657577,0.3478722464166165,0.7109950412381596,0.09032454158125969,-0.07967058260526745,0.7402191351405574,0.14453979997027716,-0.1248526143962864,0.6600572925881201,0.06452789612935933,-0.14455854234789972,0.6975535801048027,0.09771499208989083,-0.12754311898853354,0.779208789798077,0.2065154756511921,1.305115261160836,0.6850229272446935,0.19718324332748396,1.547969642971862,0.6678964051930394,0.1964400422716291,1.432846418843072,0.602204889154238,0.3832192591461933,1.228264205471703,0.6828202039636602,0.40944563277501833,0.9632029568123766,0.6660494618995296,0.2853889047297104,0.7857475039366644,0.5727021570556083,0.20778948066953273,0.7068971500365608,0.5557826954205742,0.19856783003504624,0.6935280634010194,0.5695466296933798,0.20706959904327477,0.6866581906244676,0.5871874296257156,0.045538723375282995,1.2243216504688048,0.7189610405242781,0.022630547064135028,0.9593962559977183,0.6688349001878763,0.13735595256718666,0.7983375178594092,0.5819592538365602,0.2393966056534837,0.7578048710761114,0.5158404791732908,0.24252792879613405,0.7271716935371185,0.5163239952758898,0.19496800760135535,0.694543092547472,0.5556602094861056,8.766666666666667
0.3159980856043266,0.7676133689343735,0.7124639099544363,0.31435366784395974,0.3197413142824171,0.7824483037277197,0.3074489788967248,-0.05910556050823661,0.7637735643000022,0.31038328749342536,-0.10978350908415449,0.6627069847419976,0.38042843640620067,-0.10545516236972348,0.6821409514169916,0.29280580715248544,-0.09684133840781256,0.7728432908875827,0.09257976851978411,0.7609963008874319,0.7048584406812455,0.094510522021754,0.3469738593693241,0.7056828313333159,0.09116695519880459,-0.07936514704245118,0.7387415512098393,0.14470923186323095,-0.12383811897132035,0.6569256802237877,0.06555285397142481,-0.13855796170127926,0.6935995782118692,0.09762362010160311,-0.12855928438040526,0.7780734980373094,0.21169290380126185,1.3046727217214178,0.6881436586378176,0.20304675670422967,1.5479649300317542,0.667922118460804,0.20133421830423642,1.4331886639005764,0.5961882959593094,0.3877500687739527,1.2265303072106946,0.6838940920177823,0.4110380105775422,0.961582813979616,0.6671640509950043,0.2830270634775612,0.7916451090901424,0.5706096146636443,0.20812532242508786,0.711099242786664,0.5608746282983468,0.1985992463763247,0.7006358496939181,0.5698534399022352,0.20368429518179137,0.6941110897214384,0.5831175134861586,0.04913165469766721,1.2238620628586192,0.719507080761483,0.025553117707435402,0.9585516601930378,0.6677873204730059,0.15024191449963162,0.8046073303095551,0.5734209558268848,0.2526403574641185,0.7631326757684327,0.5235423734243541,0.25698063467350324,0.728828303787254,0.5283028489050955,0.20376217396077373,0.6985435632581686,0.5641411185287571,8.783333333333333
0.31946577337318444,0.7648270301800172,0.7117653599114814,0.3177244219928217,0.31240517655501476,0.7887204022011627,0.30788579034013686,-0.05963322737630834,0.7636748684365832,0.3148259187127899,-0.1144903204741859,0.6704623317143723,0.38260446303334406,-0.10853175737027121,0.6878100404617432,0.2931413077502013,-0.09686660250937258,0.771757166095363,0.09595442344329344,0.7598939660022891,0.7006399043477863,0.0984910707480875,0.3456348349527097,0.7004498574950878,0.09239246755742708,-0.0786055612429302,0.7363890712104176,0.14513977689401644,-0.12274117732948758,0.6534243089386644,0.0674875347052171,-0.1344085534347685,0.6907689646305637,0.098030719484582,-0.1289969070320211,0.775350436136882,0.2158589709855921,1.3050347870923418,0.6907038371403267,0.20868557853021563,1.5480432861271,0.6669794627015102,0.20647507922498948,1.4342953512549916,0.5902165262623247,0.39060457275269994,1.2256032041075438,0.684521768304039,0.4123064898805312,0.9612832752423698,0.6679150050671339,0.282200321871923,0.7964441910340986,0.5706275875506467,0.20779408271183697,0.7142957106652001,0.5660743815165105,0.19921278640999923,0.7065322377517294,0.5706076370421593,0.20440279066365818,0.7002496270458164,0.5799444756623862,0.051666325768469315,1.224009753072824,0.7179100334586941,0.027564321942351106,0.9575531268916835,0.6673058095897992,0.16166489058122796,0.8117649560169915,0.5643733229181667,0.26202920631446847,0.7676272398757118,0.5343871253213177,0.266133485191225,0.7288021051099146,0.5409820258628042,0.2078625729618505,0.7027917998200925,0.5694082252268642,8.8
0.32266110285676863,0.7622329962786853,0.710944928123583,0.32108966656631993,0.3052367248161503,0.7948345729499365,0.30840834906255693,-0.060512024145214754,0.7635733305419722,0.31939574852397834,-0.11813215248332468,0.6755107657367214,0.38448648292652104,-0.11239803438968833,0.6933368182343701,0.2936802047289028,-0.09743065492467033,0.7706986365741278,0.09918364913509244,0.758718787702936,0.6963480854063925,0.10266570776743109,0.34423359369818995,0.695420437954556,0.0940892042405043,-0.07713630323225516,0.7329081983047498,0.1463561062174774,-0.12164361333779257,0.6494282505897865,0.07076421167341912,-0.13314792471081957,0.6891195668549197,0.09902616742042913,-0.12852172896303918,0.7709801405607656,0.21907265157300815,1.3060619028045384,0.692305241475744,0.21389130266692277,1.5481265562525965,0.6651439851371188,0.21183032859377227,1.4357538899360607,0.5857344221249987,0.3923434978671638,1.2255187584487963,0.6839202670092073,0.4132970213615908,0.9622587941688798,0.6679858185931086,0.2827080752229624,0.8000247670376545,0.5715948263713996,0.20625296556640582,0.7163580821744512,0.5706113308803027,0.19899767024715082,0.7103803775432319,0.571723207936972,0.20762887772904787,0.7043498435802465,0.5778627662584457,0.053531484487796974,1.224560660739754,0.7152421060246554,0.029443060607547075,0.9567439157885328,0.6675216841769229,0.17184706928849197,0.8188953254330856,0.5565236735715656,0.26829986923913873,0.7722615109925046,0.5448717124054467,0.2712799002619184,0.7283188528276912,0.5514077600726107,0.20926730904250088,0.7071260798516777,0.5704308521566799,8.816666666666666
0.3255884590458126,0.7599876829383582,0.7098891967098475,0.32451076228621917,0.298794424839012,0.8004674334095572,0.30902285530868906,-0.06156032034931609,0.7635762046217878,0.32345068160875967,-0.12111925642058596,0.6785514857964083,0.38593903676454117,-0.11651253808916673,0.6980186439569811,0.29434623461612375,-0.09839967018998926,0.7697620217426958,0.10221009231048846,0.7576385711797604,0.6920460593574461,0.10678593718674574,0.3429554267525978,0.6907375806993059,0.09623153829389515,-0.07491254176533416,0.7282793685324987,0.14849368458274126,-0.12054206974311829,0.6453843691774781,0.07549745075152722,-0.13495753341164765,0.688365676549075,0.10065850562515431,-0.12709551405990754,0.7652941929292149,0.22144947951217345,1.3074535548014166,0.6928197820828964,0.21857064779597724,1.5481733499601458,0.662706910378307,0.21715505944099694,1.4372707631570438,0.5832254428182938,0.39346864781215035,1.2260360673445272,0.6820758387850365,0.41393208260371595,0.9640731476509559,0.6672417511308885,0.28405573542514007,0.8024157164910676,0.5725986657688696,0.2040123975690355,0.7173870074027956,0.5748404961152156,0.19810290639290928,0.7120055943990268,0.5733926240692769,0.21171494184860826,0.7063938012732232,0.5765115949937859,0.054980653261831644,1.225263150092183,0.7122941108506429,0.03152592061728526,0.956385385661416,0.668527948748478,0.1805391641520404,0.8248587491619899,0.5511647781061996,0.2723129423831909,0.7774848361309341,0.5522687466325409,0.2740576671639187,0.7281423716996961,0.5577565405757432,0.20969317048947617,0.7109987104692244,0.5680449399772437,8.833333333333334
0.32824425729537565,0.7581340981190395,0.7086044799515204,0.3279291051160674,0.2933863200214242,0.8051196613903124,0.30971558020044876,-0.06259924638922876,0.7637356430989751,0.3264864671972118,-0.12413808639985753,0.680971232542341,0.38679908939217067,-0.12043208777946585,0.7013925748063317,0.29507820818653596,-0.09954440896486308,0.7690053616306767,0.10500648789781114,0.7567792413263122,0.6877785314657475,0.11060067171630335,0.34175433590928694,0.686486693159146,0.09867392745264354,-0.0721267602392784,0.7228070429585276,0.15107291527214742,-0.11969727167595914,0.6422308929130642,0.08098097566991658,-0.1397315794454702,0.6887742769790062,0.10287422127899898,-0.12499369898086313,0.7588120800916072,0.22318996887016423,1.3088145932356807,0.6926090529177868,0.22277088343718432,1.5482004306681714,0.6600057557386891,0.22212275705287182,1.4387875742083418,0.5820740549541211,0.39430010828727696,1.2268168726984372,0.6798184043977964,0.4140752256780641,0.9663410920456827,0.6658145540405843,0.28578244727204916,0.8038527018934067,0.5730731068470796,0.2020535653132408,0.7175940536365065,0.5794696293561743,0.19738829844951705,0.7118874655586265,0.5760432358692994,0.21539344531305524,0.707055784120576,0.5756382751247555,0.05601165114663558,1.2258968814379594,0.7097788599898658,0.033909702446937154,0.9566706452110654,0.669980677560916,0.18726627178110683,0.8287359444178073,0.5488003980257405,0.2746890340515399,0.782417543315717,0.5558562641061949,0.2754978002144503,0.7281991453561133,0.5602957795250851,0.21007320654879064,0.7138194869870914,0.5643563174807731,8.85
0.3306044207176473,0.7566072725032463,0.7072158320941268,0.3311665672808418,0.28901567599592276,0.8083114072065982,0.3104508104599714,-0.06356146663222184,0.7640963312765674,0.3283394698528347,-0.12725462666645299,0.6833420109279539,0.387010553583045,-0.12391343879342201,0.7034632901483341,0.2958509993776086,-0.10056206112686165,0.7684807693328793,0.10757725043800316,0.7561755996749601,0.6836099155655125,0.11396520299028202,0.34051467588764567,0.6827100187758737,0.10121645914064616,-0.06911168128780347,0.7170669782392317,0.1533006950807444,-0.11955608497927656,0.6406447858932622,0.08579545104021807,-0.14689527522964443,0.6909009258136468,0.10550811143714786,-0.12258899651563332,0.7519816576563402,0.22464092010355213,1.3097190955593974,0.6924388388618059,0.22657362609525816,1.5481638542117873,0.657739178518137,0.2265218120031286,1.4400231235582612,0.5816276938026118,0.39502867342739045,1.2275821127260682,0.678310610196164,0.41380062046181076,0.9690417357650679,0.6642852153556094,0.28759226535438975,0.8047440335595664,0.5729615092714906,0.2012592813360471,0.7169255552544745,0.5848792437021603,0.19754090867643614,0.7107619187353117,0.5799057553989163,0.2180300966940412,0.7071483532482026,0.5756347344621299,0.05656078293128183,1.2262982531618578,0.7083421464743562,0.03659609864958774,0.957612805914161,0.6714918428344959,0.19168728257884346,0.8301897101929089,0.549148889650397,0.27581740284051304,0.7851998506003618,0.5565894384782002,0.27596962477822856,0.7279698940046715,0.5606022052783948,0.21059035501058992,0.7151902854748481,0.5618135607007517,8.866666666666667
0.33260693339158554,0.7552788440121818,0.7058667411649495,0.3339934001267706,0.28563752179444096,0.809754185982842,0.31118020779230054,-0.06447146442894329,0.764688957287016,0.32909330343856075,-0.13025414345894915,0.6858729883333992,0.3867680905233908,-0.12687209037433506,0.7047414782711257,0.2966405235968642,-0.10123369290392482,0.7682082435124176,0.10990499904009537,0.7558463854733248,0.6796532890074602,0.11680798217067391,0.3391920260396897,0.6794769240511555,0.10369901136091617,-0.06617872626854855,0.7116743003608976,0.15457719999413425,-0.12034153841624064,0.6406909297316888,0.08864370307612313,-0.1549840654987133,0.694753642824213,0.10838086549351393,-0.12014969905569464,0.7451638241084773,0.22615814215616675,1.3098579610385692,0.6929836916583871,0.2300417308654657,1.5479214454796462,0.6569765526955832,0.2303359136120467,1.4401735461389031,0.5820287955051554,0.3957711951233194,1.228138122339824,0.6783384044209808,0.41343137468878555,0.9722276798651948,0.6635039099730955,0.28918898050891223,0.8054565234254001,0.5727555522430487,0.20209767906086412,0.7151292044963454,0.5911154954427829,0.19882857182558045,0.709175612007398,0.5849473062350187,0.2195440430139245,0.7071862485913721,0.5771635092454364,0.05671215554870718,1.2263318921647788,0.7083537837024445,0.03940365046091464,0.9589518909496236,0.6728647159680735,0.19377841147178332,0.8294673734099975,0.5514367446504708,0.27604244533469546,0.7844078241937151,0.5559405318827264,0.2756995236896666,0.7271129474799853,0.5600520536186745,0.211088094534756,0.7149615685399765,0.5622802424753552,8.883333333333333
0.3342131835660596,0.7541137170274507,0.704602173660898,0.3362543684325625,0.2834081036974585,0.8093017145484438,0.3118463577977503,-0.06535646953499759,0.7654777382241019,0.32883725831265087,-0.13329786627619017,0.6892886668668523,0.3863927818603392,-0.12925177949897615,0.7058782512408325,0.29740389100345466,-0.1014858461126982,0.7681610595478369,0.11190957188986295,0.755922425083388,0.6760309834501523,0.11904549820379497,0.3378379892060698,0.6769294657409446,0.10604353599333714,-0.06352638640766105,0.7070722292353504,0.15464101214846068,-0.12173177301101767,0.6419116683854597,0.08907958388700365,-0.16191333746897446,0.6994857413921614,0.11136651758240057,-0.11780986743854603,0.7387405315752906,0.22780169456186297,1.3091142166994671,0.6946113201568183,0.23322956248285037,1.5473517417167382,0.6584633699648146,0.23364828338059562,1.4384178907549776,0.5837564991169353,0.3966479095204204,1.2283733988020018,0.6799036569935428,0.4132514498529814,0.9756876299298152,0.6639970075742031,0.290190024114285,0.8061472041793137,0.573177579455445,0.20443503195994212,0.712284800239551,0.5980468411341462,0.2011350925242268,0.7073926703812785,0.5909690835460126,0.22003657270320903,0.7072600483040983,0.580475387126944,0.05671476278788638,1.225931206338946,0.7096877213008284,0.0419246402711472,0.9602750489377597,0.6738863890567303,0.19381766825978874,0.8271805807674684,0.5547329406802545,0.27575150247957486,0.7802673130695474,0.5551645039345703,0.27509170461883736,0.7256961542113789,0.5593615818557847,0.21139675290872895,0.7132679813870255,0.5664037628546468,8.9
0.33546829753484697,0.7532862006911357,0.7033108557129513,0.3379514080207302,0.28256623314343166,0.8069375123230947,0.312388861785048,-0.06621587886288743,0.766390619532234,0.3276513215353112,-0.13657554894887883,0.6940604993952564,0.3860717773362211,-0.13091271208967337,0.7071244348492797,0.2980950655006709,-0.10133406260725208,0.7682797153328932,0.11350077644889058,0.7565871062486884,0.6728152825570118,0.12054939030527442,0.3364900812460354,0.6752605853717346,0.10822583168362125,-0.06124739585053411,0.7034755143655675,0.15347109230480363,-0.12296915482917066,0.643659673362611,0.08742305482578627,-0.16591517725164198,0.7037783154510421,0.11437191630190781,-0.11560784598001883,0.7330672792945228,0.22924719120546672,1.307557466331593,0.6974462087610305,0.23614838226652282,1.5464989796487414,0.6621138320808331,0.2364892263748005,1.4346540846347684,0.5867916741242574,0.39776585689225163,1.2282755245925807,0.6824455603661885,0.41331244789905114,0.97896653670937,0.6657221635903556,0.29029357970665975,0.8067869986040628,0.5746715494830816,0.2075638226899546,0.7090854517716423,0.6051680998340219,0.20397194075137534,0.7056693807863526,0.5974385840495418,0.2195492234926858,0.7071530637997617,0.5851410446101275,0.056801151654671575,1.2251884191910583,0.711844466221926,0.04368091556918474,0.9611749243107117,0.6744266576438307,0.19232108686531044,0.8240954202675433,0.5581588059882157,0.27532409477601105,0.7744735602798939,0.5550311431571711,0.27465683015927456,0.7240606319088875,0.5589147006630142,0.21147566588763866,0.7105250325667848,0.573505264761411,8.916666666666666
0.3364455063720623,0.7529760983056024,0.7018595353056077,0.3391690727331427,0.28313071759608394,0.8028801300089679,0.3127730719946113,-0.06703987377418778,0.7673940065530376,0.32580070104132003,-0.13975826464501007,0.6996180667903464,0.3857887400613419,-0.13172805129994533,0.7083336382707677,0.29868032339629885,-0.10084698183217629,0.76849773786843,0.11466486253503597,0.757809328840622,0.6700026674216463,0.12120001567154544,0.3350124533735327,0.6746360717641231,0.11020655887564941,-0.05940106786092984,0.7009118998526221,0.15135230911326544,-0.12345888611082378,0.6454466481550574,0.08426785141280613,-0.1665400366935372,0.7066341637636231,0.11730112348927137,-0.11350647375310943,0.7283129638112656,0.23007317295172056,1.3054522421117094,0.7013217130020144,0.2387234952838937,1.545587440408165,0.6672464680925312,0.23883731228179444,1.429627137426529,0.5904904437909675,0.3990997996027389,1.227900179569924,0.6853461524285143,0.4135150238438919,0.9816036705641261,0.6682289422551944,0.2895088123872288,0.8072911954825966,0.5771182965687182,0.2106036581186946,0.7065277737986984,0.611430642593459,0.20663400099231313,0.7043781970494292,0.603428621457721,0.218190655392241,0.7066305241702386,0.5903435993129877,0.05702478028190315,1.2243199284296995,0.7143538076000504,0.04441311472164443,0.9613256302481672,0.6747027991881936,0.19001065330280092,0.8209776035267097,0.5609928181018514,0.2750742680420462,0.7688851619394775,0.5556837162927833,0.2747086235332532,0.7225999937029116,0.5589017294098119,0.21145829091715088,0.7073815317564903,0.5818591730200612,8.933333333333334
0.3371635610475679,0.7531044447661718,0.7002713350362064,0.33996180609468835,0.2848301474286581,0.7975804270777721,0.31300405639573986,-0.06781624762784047,0.7684958979229046,0.3237518036506243,-0.1422301805882701,0.7049470789829286,0.38547606693480846,-0.13172972257990034,0.7094041481728899,0.29913466605495054,-0.10010398720055966,0.7687335250832315,0.11548896953506498,0.7592408220665462,0.6675194878653913,0.12097925312537867,0.333199148298444,0.6750872451744694,0.11189733152496732,-0.058093791888026325,0.6992649426038929,0.14892646957527494,-0.1231658819957575,0.6467922822076695,0.08032652818962122,-0.16471757386371444,0.7077707081267035,0.1200577318044256,-0.11147713881082852,0.724430694784954,0.23010561650309058,1.303196723101424,0.7057616441093276,0.24081247481095597,1.5448455737217441,0.6730690393556877,0.2406830431960697,1.4244456647867745,0.594050370242283,0.4004904326454213,1.2273152247134975,0.6881496160891589,0.41380344582452266,0.9833977375146917,0.6707889364240063,0.2882298509841189,0.8077018561700768,0.5799095380500121,0.2131922384874386,0.7052942058985673,0.6155870022273648,0.2085392895878176,0.7037936456622668,0.6079282104634335,0.21633931938721113,0.7057068983416926,0.5953296163915017,0.057301808827783074,1.2235332613287888,0.7169255405390754,0.044251336959078666,0.9606126710958828,0.6752175263702778,0.18767496577662632,0.8184697480685228,0.5626929778813691,0.2753016686691971,0.7646629069285253,0.5567260884924432,0.27527333287319944,0.7216371282449483,0.5593484375856885,0.2116441911550584,0.7046141561589553,0.5892419466774808,8.95
0.33741362437098077,0.7534696371270916,0.6986174083640342,0.33999970369824484,0.28769726105006344,0.7911832271740195,0.3132033122600117,-0.06864021674963895,0.770087200156282,0.3219210797215008,-0.14365978968787282,0.7094689292019895,0.38515759147860523,-0.13108421563621417,0.7104345694274482,0.29945379500020136,-0.09912448291686547,0.7688595870097732,0.11603526563002774,0.7602184571263597,0.6655878141191722,0.11969602374886837,0.33213568756823464,0.6772793337538134,0.11365086803281932,-0.056789308493201046,0.6970978717771004,0.1469175589740923,-0.12236541326295042,0.6470599002962633,0.07648077060623654,-0.16168838906546387,0.7071918691030032,0.12315317238827829,-0.10887976575014144,0.7192457527922848,0.22948424451435182,1.3011829708389642,0.7101179699169846,0.24226066579440275,1.5443518846501147,0.6788563454361324,0.24199377852806886,1.4200780691681378,0.5969180093871413,0.4017121171191136,1.2266043408903724,0.6904788407082925,0.41429089623311877,0.9845064504161533,0.6726322242940082,0.28702034240007623,0.8082893419690904,0.582274550443455,0.21582746214573062,0.7052896696052103,0.6168465150832521,0.20948240967753912,0.7039564830021094,0.6102221303439268,0.21455975364678415,0.7047932287308057,0.5993724599994287,0.05754694493953089,1.222960949892002,0.7193089804327277,0.04357297318633939,0.9592499661852195,0.676423608565397,0.18590359773834658,0.8169458670010533,0.5629395017792146,0.27625384079587056,0.7625087579154147,0.5575007021672495,0.27631138408509665,0.7214344108119841,0.5601645742350077,0.21236873611889692,0.702830237380642,0.5938908914667388,8.966666666666667
0.33743665533526535,0.7538951932943618,0.6970252040004004,0.3398026539494017,0.2911167466875471,0.7842286119288031,0.3133371788517169,-0.0693808669823288,0.7716898916454682,0.3204466381239108,-0.14426868305067472,0.7132962084229173,0.3849189767455482,-0.13001058756082884,0.7114686136589693,0.2997130619352205,-0.0980288841163069,0.7691801165663139,0.11639643918351825,0.7611260702114583,0.6639641187437954,0.118122328182755,0.33118300198765727,0.6796842796296821,0.11505882869312715,-0.05578493430493263,0.6955833259945561,0.14573387683681743,-0.12126391715937192,0.6459470266896623,0.07355010790066607,-0.1581683458948549,0.704926732094117,0.12591184497124888,-0.1065684160062982,0.715033229115592,0.22847573030012586,1.2997013038043412,0.7137541426208893,0.24296192175987444,1.544081628124019,0.6839297433479865,0.2427105911717845,1.4172026959062705,0.5988027816294081,0.4024731700468991,1.2259028819153097,0.6920406247798021,0.4151623519138836,0.9852956142290565,0.6732464690148946,0.28627604494956455,0.809416805378832,0.5836664298614629,0.21931406944915446,0.705935847110839,0.6153552099688342,0.20963910454140183,0.7048196604307374,0.6101739927689198,0.21330796539997005,0.70465901078892,0.6014790828076623,0.0577253786404861,1.2226726431607071,0.7212333819082193,0.0427316244918165,0.9576643565504573,0.6783863003182956,0.1849461590111504,0.816463405663236,0.561708781326574,0.27792456695053847,0.7629869751800565,0.5573367938850224,0.2778362909594497,0.7222142477951774,0.5610527621825124,0.21374198583772286,0.7022187418061,0.5952919963780776,8.983333333333333
0.33725869521028623,0.7543263431954147,0.6955217242376572,0.33942829944843905,0.29495637515807827,0.7769183287684921,0.3134087709139409,-0.07001788826271647,0.7732558230769546,0.3191836900443019,-0.14459870212256895,0.7168270768778743,0.384788227802213,-0.1287295403084715,0.712274694570567,0.29991696236652643,-0.09685014497946881,0.7697317142852163,0.11660214014955003,0.7619166630615939,0.6626429921529415,0.11636860954765238,0.3303449888108725,0.6821106549633289,0.11605450555959558,-0.0551128702898606,0.6948078542927774,0.14527931963766355,-0.11999671743280343,0.6439164048569034,0.07189955718280758,-0.15456378379851549,0.7014898579977663,0.128221837041402,-0.10465839644023926,0.7120389767948861,0.22731157884109165,1.2988857841587287,0.7162499170437765,0.24289239182244177,1.5439621410442523,0.6878505099933342,0.2428732512047705,1.4161552267181907,0.5995632252033865,0.4024962296929755,1.2253786792954384,0.6928448899458381,0.41646747839527665,0.9860786377745305,0.672450377315585,0.2861335958009005,0.811289729640781,0.5838959064943918,0.22386535245244393,0.7069966028994933,0.612135732132878,0.2093767870008374,0.7063706813060342,0.608327355516503,0.2127377931383425,0.7059724024133415,0.6008894675080935,0.057796052573483324,1.2226885446749418,0.7224836870249212,0.041953568517241746,0.9562633218815737,0.6806809758072949,0.18475279248198867,0.8168896147367866,0.5593088218902829,0.28002628247093686,0.7662256646612943,0.5557722004184402,0.2797716874954943,0.7240609571223823,0.5615251704232471,0.21552605636320293,0.7027039505561203,0.5938195160349973,9.0
0.3369057852659073,0.7547083167576849,0.6941339713681562,0.33893428279563653,0.2990839172786285,0.7694541251194542,0.31342120318976857,-0.0705309705276053,0.7747368451372317,0.31796779472319114,-0.1449706131623005,0.7199778327935255,0.38469966582291515,-0.12735467577598047,0.7124372685041956,0.300069991800637,-0.09562121968693355,0.770550980698842,0.11668201848213648,0.7625432374165209,0.661619024760291,0.11454531096417418,0.3296255452920429,0.6843670319160076,0.11657119068592908,-0.054805317414619525,0.6948580057082814,0.14513577341753034,-0.11877365691792903,0.641765101412254,0.07132983025264958,-0.15139875569619604,0.6980134883493659,0.12997123608680183,-0.10326501391290233,0.7105088488701763,0.2262060745021922,1.2986652972930395,0.7175556390321896,0.24207590984262622,1.543832864848041,0.6907607318058024,0.2427107351213298,1.4167128824616118,0.5992862231204938,0.40171464781602423,1.2251148257984847,0.6933213962826605,0.4180872130012764,0.9869547657502158,0.6704111991572601,0.28657691061526047,0.8138005927323027,0.5829712486956687,0.22881274864154064,0.7086946113389925,0.6083567582218234,0.209042232674784,0.7085320902272079,0.6055966016040093,0.2127075685408126,0.7087710051304795,0.5979214232434756,0.05766504839206957,1.2229816260532325,0.7229256582714496,0.04137338869475696,0.9553240620242843,0.6826101645535074,0.1850372945511386,0.8179966478896166,0.5563281472465044,0.2821873063556941,0.771535796596745,0.5527578508982135,0.2818224808035237,0.7267963761524951,0.5611729412486713,0.21733328984704942,0.7042429038699484,0.5897841257160971,9.016666666666667
0.3364039667719925,0.7549863439086069,0.6928889476842486,0.3383782465912736,0.30336714386616936,0.7620377484080576,0.31337759042228475,-0.07089980371379839,0.7760848085127899,0.31686168720865027,-0.1452013671381235,0.7219090303688079,0.3845435289644025,-0.12577962182525082,0.7115938577399242,0.3001766457440701,-0.09437506241928276,0.7716745163395533,0.11666572413529096,0.7629587950159934,0.660886806979524,0.11276287555293406,0.32902856868533104,0.6862619826489709,0.11654217612583213,-0.05489447664584485,0.6958203292775849,0.14498437371994888,-0.11786589960693175,0.6400238660316812,0.07140699922307882,-0.14921247335904403,0.6955736860779363,0.1310481295955127,-0.10250357528522482,0.7106886983814724,0.22539904190159776,1.2987975575565966,0.7179314116324703,0.24054924263032038,1.5435029292515152,0.693351179800479,0.2425217711748236,1.4180302184311147,0.5984298992258111,0.40034037723707194,1.225007249280163,0.6940922883678243,0.41983983158675686,0.9877933491928266,0.6676951920111964,0.287444711347403,0.8165795016019243,0.5809833559826577,0.2330806728272909,0.7112374373771922,0.6044698205696487,0.20883606482420247,0.7110710395684405,0.6027232357224718,0.21292224819143937,0.7126207503430123,0.593513176478379,0.05725954921100013,1.2234694491128317,0.7224655242120896,0.041048852630913166,0.9549686940706636,0.6835640516280136,0.18537899326162055,0.8194971730121654,0.5533525029669257,0.28409789749877035,0.7776342849184659,0.5486638164930719,0.2836071870663596,0.7300598233043254,0.559866441823475,0.21891885417508253,0.7068322935506371,0.5834012649572624,9.033333333333331
0.3357792809984058,0.7551056545756147,0.6918136554782859,0.3378178334356297,0.30767382573767266,0.7548709460606704,0.31328104735457424,-0.07110407775809884,0.7772515638901195,0.3160079265770814,-0.14482503645787928,0.7216751597549477,0.3842215241568592,-0.1237924199755828,0.709640470842033,0.30024141970334356,-0.09314462735709904,0.773138921739712,0.11658290706302685,0.7631163375997656,0.6604409292243207,0.11113174643454571,0.32855795624489936,0.6876040793234723,0.11590075393300922,-0.055412548950171586,0.697781374037205,0.14480787252394223,-0.11741324539744848,0.6388874890533475,0.07185187818088133,-0.14815346652438816,0.6945996453410902,0.13134060505559877,-0.10248938741814398,0.7128243783687839,0.22504756513672458,1.2989964560894085,0.7177632667861436,0.23840004422697314,1.5429061130413806,0.6962339910011288,0.24244031398229904,1.419061878905374,0.5976996253072947,0.3986997793086612,1.2248722867222546,0.6955674442635638,0.42150615164341687,0.9883574484944962,0.6650602463695061,0.28840739343796384,0.8192097789029371,0.578217501089787,0.23580464463607195,0.7148079335593172,0.6000887348279142,0.20876814273810027,0.7137019361698586,0.5999805323092368,0.21316860151836559,0.7170673213489932,0.5881258711566244,0.05659611961820503,1.2239916010628462,0.7211659777198709,0.04094372247543997,0.9551592067491718,0.6832162409372592,0.18544196027728221,0.8211357269848792,0.5506747984910587,0.2855393849106952,0.7833252427212797,0.544096896259272,0.28488300539490086,0.7334685885623431,0.5577465007865124,0.22023995546919165,0.7102991026099585,0.5754269994793604,9.05
0.33505776921501107,0.7550114786861437,0.6909350970426196,0.3373106859289846,0.3118717337101098,0.7481554655036607,0.31313468872972194,-0.07112348259731016,0.7781889619557107,0.31535829415514105,-0.14351075880332814,0.7190891935121688,0.38370103649542514,-0.12138911847490647,0.7068364163754443,0.3002688091849752,-0.09196286868096432,0.7749807974316799,0.11646321721935754,0.7629688669075916,0.6602759819083615,0.10976236672962277,0.328217605224911,0.6882018941007655,0.11458021616116482,-0.05639173529423437,0.7008276890236588,0.144702093535985,-0.1171711175260239,0.6382889447538771,0.07250583340891094,-0.14773804305596872,0.6948179492122741,0.13073674995512435,-0.10333775717259736,0.7171617418721199,0.2250742746533157,1.2990469244329303,0.7174552069083855,0.23582596493375485,1.5421348266415458,0.6994831678026586,0.24237505470823634,1.419173296517723,0.5976570581418792,0.39700208318058394,1.2246541440771286,0.6976951252589867,0.42281266456738476,0.9885714718517167,0.6630746550136719,0.28912083059246774,0.8213676258148733,0.5751866946335612,0.23652699989104614,0.719586038414285,0.5946787116850928,0.2086988370442021,0.7162096019973462,0.5972993015449836,0.21348342414502647,0.7215496674633585,0.5819340386498983,0.05573764386587865,1.224344182574597,0.7195340229106775,0.04093169868122461,0.9557568310881897,0.6815380965190937,0.18521122922160843,0.8227128367755413,0.5484915051999932,0.2863361552199508,0.7879003729422399,0.5397173252026326,0.2855989014499053,0.7365844889480306,0.5551506581199626,0.22130836587873012,0.7142079229546534,0.5670392957798468,9.066666666666666
0.33426547269167217,0.7546490461676277,0.6902802746696011,0.3369144466716178,0.3158286386004522,0.7420930541633968,0.3129416292908127,-0.07093770816823551,0.7788488533960543,0.3145945619126327,-0.1414661688186082,0.7149779597549464,0.38298481876797646,-0.11860971903681239,0.703240600331792,0.300263309695483,-0.09086274057146095,0.7772367439478189,0.11633630455829638,0.7624693846792256,0.6603865554453265,0.10876517955877887,0.3280114128795284,0.6878639991421033,0.1125138548640034,-0.057864236644668846,0.7050458232734631,0.14467620864716377,-0.11651499582942285,0.6379877143453336,0.07319401313910111,-0.14726175421400273,0.6957615455836211,0.1291246517821537,-0.1051639914095223,0.7239466419314904,0.2252547748301957,1.2989124313829998,0.7172891613728252,0.2331211166848089,1.5412445677118687,0.7030811406577495,0.24229996615260813,1.4182659682517524,0.598319720774618,0.39504722607709736,1.2243572358199337,0.7004298255738781,0.42361341718358464,0.9887165666830339,0.6619998341749509,0.2894284635168295,0.8227409154172924,0.5726622047120509,0.23480546696640073,0.7258697559474091,0.5882623779851678,0.20844158685367287,0.7186613885923896,0.59459818840479,0.21398263432484022,0.725470829398526,0.5752399208322101,0.05468802113580466,1.2243653707937596,0.7183318036124551,0.040846611336891714,0.9567605966036785,0.6782267356661211,0.18492254858281168,0.8240755989867864,0.5473755034229433,0.28620446605018796,0.7913370923807518,0.5358439565083233,0.2857782426436276,0.7391616490622397,0.552150404091414,0.2221387276455359,0.7181532581646128,0.5588566121787581,9.083333333333334
0.3334284326982532,0.7539635869475013,0.689876190651582,0.3366867582638087,0.3194123112256718,0.7368854594662464,0.3127049837809313,-0.07052644440767775,0.7791830888976405,0.31391112128086546,-0.13861240728191598,0.7097827201974279,0.3822748694902602,-0.11647266689117464,0.7000477418965807,0.30022941674138476,-0.08987719720917081,0.7799433618204913,0.11623181903385679,0.7615708926544221,0.6607672402488961,0.1082506280426278,0.3279432764629141,0.6863989666087391,0.10963496209522944,-0.0598622539681096,0.7105223258231349,0.14463038379235663,-0.11558356284945892,0.637945182822658,0.07354190782026244,-0.14613357356424733,0.6964870232477461,0.12639239802475105,-0.10808339698985633,0.7334249315869045,0.22545841700232083,1.2985424582096776,0.7172318124205539,0.23040999015044009,1.5404941663890868,0.7067508009770738,0.2419130586880771,1.416881768917053,0.5997846826636295,0.3932053541220566,1.2242346367061716,0.7027930580170206,0.4237971740152135,0.9887933199960759,0.6614567687445487,0.28950280015718444,0.8235268073893394,0.5700146719104846,0.23180929143083007,0.7322697998229573,0.581317179649652,0.20805322932774942,0.7208087730579262,0.5915899723430276,0.21492401901290953,0.7282479243468811,0.5692920116981541,0.05361364560236733,1.2241438572557206,0.7183469474516402,0.04074081891327977,0.9577296412803735,0.6749678215478174,0.1849531985196807,0.8251653561646868,0.5468425427106532,0.285568663652253,0.7933117934436545,0.5328806361697243,0.2856528334692855,0.7406612898899608,0.5496269638944958,0.22269073657875152,0.7216715166983818,0.5513864368089822,9.1
0.33257269050461796,0.7529003309531993,0.6897498472809136,0.33668526330583703,0.32249052240274007,0.7327344288385779,0.31242786694316266,-0.0698693812524404,0.7791435191469596,0.31332676503821333,-0.1349085854490936,0.7038346555064482,0.3816630513304439,-0.1154875871155333,0.6978720067686632,0.30017162582919826,-0.0890391927746761,0.7831372515820587,0.1161794106000521,0.7602263925729349,0.6614126267327504,0.10832915530178318,0.3280170932292309,0.6836153686619264,0.10587682990854741,-0.06241798823119191,0.7173437457091913,0.14451477490076853,-0.11428791650680956,0.6381224564338475,0.07326753881450546,-0.14387420738030318,0.6964696736860571,0.12242807617098067,-0.11221128077453679,0.7458424638783719,0.22558311256767596,1.2978529969159582,0.7174093334972818,0.22787250275491816,1.5400213708686392,0.7104142224616432,0.24107195374616217,1.4150877299752864,0.6022339247353299,0.39164798303418696,1.2243940606794388,0.704331649608669,0.4232270621180229,0.9888591849143655,0.6614475692235431,0.28933025863294964,0.8236664292916932,0.5672094736007736,0.22788764367125208,0.738174153465829,0.5740721541224185,0.20751349417958226,0.7224927572166459,0.588171331272521,0.21644901262712285,0.7293523908369084,0.5648459140648121,0.052604095974723895,1.2236399159026603,0.7202379052897836,0.040592096061572214,0.9584412553715331,0.672460512168873,0.1855140414311507,0.825856566148891,0.5468829008131879,0.2845194163571005,0.7934527627368108,0.5312179673093054,0.28531074416600943,0.7406717719875676,0.5480636264116303,0.2229359509755013,0.7243504415779356,0.5452615285669915,9.116666666666667
0.3317242873806304,0.7514045081121559,0.6899282468499476,0.3369676043979823,0.32493104294862846,0.7298417097067592,0.31211339352059153,-0.06894620863932659,0.778681994830502,0.31286028596305093,-0.1303138145759878,0.6974649463488422,0.3812412269566963,-0.1161641047874338,0.6973275606468926,0.3000944324654415,-0.08838168144855911,0.786855013764883,0.11620872921089574,0.7583888861745184,0.6623173053105698,0.10911120445685861,0.3282367604326416,0.6793217774629182,0.10117275035766184,-0.06556364040055075,0.7255966319681494,0.14427953790160486,-0.11253915472215571,0.6384806414268999,0.07208892748394077,-0.14000436193577434,0.6951847883799627,0.11711977370890676,-0.11766294962450102,0.7614450918459024,0.2255267729242466,1.2967600395048353,0.71794789804872,0.22568857192251335,1.5399639293459648,0.713993478812471,0.23963427275838284,1.412950882888114,0.6058494279161355,0.39054662853221483,1.2249432216833294,0.7045924273690785,0.42176620854776525,0.9889716145614238,0.6619743461130123,0.2888972570635428,0.8231009086850305,0.564211987154829,0.22338969407458534,0.7429708003009209,0.566756338847341,0.20680211112232233,0.7235543428912368,0.584238943106095,0.21869904958536907,0.7282556673970902,0.562657230749266,0.05174895096203168,1.222813820676758,0.7246631279884364,0.04037821743295257,0.9586727291304129,0.6714039655339787,0.18681593971615734,0.8260236867790445,0.5474868554806115,0.2831473924956857,0.791388286866081,0.5312465530495376,0.28484004497293075,0.7387814559114315,0.5479436805252406,0.22284592913291013,0.7257777758252484,0.5411146463492589,9.133333333333333
0.33090926459615444,0.7494213483518056,0.690438391651035,0.33759142414052395,0.3266016436803084,0.7284090494971583,0.3117646782563029,-0.06773661650513964,0.7777503666347583,0.31253047683375307,-0.12478720591844501,0.6910047733914453,0.3811012590371858,-0.11901184498442041,0.699028569230122,0.30000233215663225,-0.08793761741140177,0.7911332489013262,0.11634942482040106,0.7560113751989268,0.6634758663960343,0.11070721862846788,0.32860617532730896,0.6733267651729682,0.09545601549627716,-0.06933141144282141,0.735367533636526,0.143874828724071,-0.11024837541617857,0.6389808440498131,0.06972409519067906,-0.1340447435042657,0.6921076588108719,0.11035557812659366,-0.12455371040068655,0.7804786685295052,0.22518730947001822,1.2951795779793016,0.7189736795205792,0.22403811507749594,1.540459590016503,0.71741064373057,0.23745763715625862,1.4105382591171973,0.6108131731324632,0.3900728063348666,1.2259898336614379,0.7031222183185043,0.4192777403601931,0.9891880620607721,0.6630392099140344,0.28819021356838165,0.8217713731300275,0.5609875899445627,0.2186646130277483,0.7460477237531298,0.5595987712682925,0.20589880986912065,0.7238345319043865,0.5796894857565745,0.22181556430553712,0.7244291925559083,0.5634815645685977,0.05113778927344803,1.2216258455201934,0.7322810664091501,0.040076957678604364,0.9582013528102693,0.6724973396478255,0.18906975577363624,0.8255411758947927,0.548644684462989,0.2815432603989639,0.7867466524373257,0.533356996512891,0.28432880612918066,0.7345787022179235,0.5497504151177497,0.22239222934810285,0.7255412624622931,0.5395785490522567,9.15
