RHip_x,RHip_z,RHip_y,RKnee_x,RKnee_z,RKnee_y,RAnkle_x,RAnkle_z,RAnkle_y,RHeel_x,RHeel_z,RHeel_y,LHip_x,LHip_z,LHip_y,LKnee_x,LKnee_z,LKnee_y,LAnkle_x,LAnkle_z,LAnkle_y,LHeel_x,LHeel_z,LHeel_y,Neck_x,Neck_z,Neck_y,Head_x,Head_z,Head_y,Nose_x,Nose_z,Nose_y,RShoulder_x,RShoulder_z,RShoulder_y,RElbow_x,RElbow_z,RElbow_y,RWrist_x,RWrist_z,RWrist_y,RIndex_x,RIndex_z,RIndex_y,LShoulder_x,LShoulder_z,LShoulder_y,LElbow_x,LElbow_z,LElbow_y,LWrist_x,LWrist_z,LWrist_y,LIndex_x,LIndex_z,LIndex_y,Time,LKnee_speed,LKnee_acc,LKnee_jerk,LWrist_speed,LWrist_acc,LWrist_jerk,Neck_speed,Neck_acc,Neck_jerk,RKnee_speed,RKnee_acc,RKnee_jerk,RIndex_speed,RIndex_acc,RIndex_jerk,RHeel_speed,RHeel_acc,RHeel_jerk,LShoulder_speed,LShoulder_acc,LShoulder_jerk,Nose_speed,Nose_acc,Nose_jerk,RHip_speed,RHip_acc,RHip_jerk,RAnkle_speed,RAnkle_acc,RAnkle_jerk,LIndex_speed,LIndex_acc,LIndex_jerk,RWrist_speed,RWrist_acc,RWrist_jerk,RElbow_speed,RElbow_acc,RElbow_jerk,LHeel_speed,LHeel_acc,LHeel_jerk,Head_speed,Head_acc,Head_jerk,LAnkle_speed,LAnkle_acc,LAnkle_jerk,RShoulder_speed,RShoulder_acc,RShoulder_jerk,LHip_speed,LHip_acc,LHip_jerk,LElbow_speed,LElbow_acc,LElbow_jerk,lowerbody_speedKin_sum,leg_speedKin_sum,head_speedKin_sum,arm_speedKin_sum,lowerbody_accKin_sum,leg_accKin_sum,head_accKin_sum,arm_accKin_sum,lowerbody_jerkKin_sum,leg_jerkKin_sum,head_jerkKin_sum,arm_jerkKin_sum,TrialID
26.360734613644283,33.143331743853196,-66.82259436037435,29.83313895289926,42.431850358679405,-111.63685395245773,34.11226395315961,43.52813428430379,-148.55811467134185,35.661534029976785,46.24108930640784,-152.0224765392386,48.11375915297934,33.591306191634914,-66.12781834097126,50.6860840157508,39.572840207716325,-109.0292392251508,54.209065526596454,48.04443393156647,-150.9891073032676,53.25927590049545,53.68959571529371,-155.90182632475836,32.521606280284296,34.15372119149612,-14.327477433792593,29.49901047450709,23.335805930322046,10.391834860333358,30.410641851698543,20.32441353069736,-3.2160859647471236,16.934849146581364,29.947028296791423,-20.406527484222515,15.120755061662441,30.47438944896414,-45.946634807065756,28.212825312966366,15.379707569694606,-60.49986364444187,38.59383609615016,17.411409403930808,-68.70187441922837,48.688607038374386,32.4056756034917,-19.779640210871435,55.86607092178318,35.049930317646954,-45.4112342321017,44.7496240036255,18.808754938633193,-58.83352321693533,37.044326894707595,13.122367080991385,-65.11333451926193,0.0,3.7104472085605846,-0.039077257381258536,0.023946677100511925,5.34023608906697,-0.018008327561473202,-0.03343454706352494,0.23952932523395035,0.01507690725944125,0.008498557461373365,-0.21385355175955034,0.047597224726919296,0.00812724673616987,14.786168263422908,0.36150954708208016,-0.05304937155384477,1.0593439898452173,-0.004426458749126021,-0.004397836727706902,-0.5240396044919554,0.16186440154900297,-0.0036954843290993846,0.8913493348522307,0.04412951756469213,-0.0024652321714750424,3.489564911436643,-0.03631418993252133,0.005801156670128039,-0.02207826013528909,0.020572472394030546,-0.0008110016589185394,17.097856829598047,0.24533788243264001,-0.08713134592418081,14.764847922252313,0.1442184000796579,-0.03948536211390812,0.07253315644006407,0.08787951820620259,0.0028204282772514564,-0.01063509132950638,0.018028437270914764,0.002082853767578516,0.20989250615167196,0.13437262983503523,0.001709851911076712,2.799416108034561,-0.030042673720266144,-0.002758109825963843,1.7675758997561748,-0.017903451032950966,0.0004508393890482438,3.541752199287006,0.018091651979416562,-0.014309280802565015,2.9911155092490995,0.07995696481680618,-0.015078701601455238,4.9720289532829725,4.772074246970384,0.9465372673736493,27.74594224117876,0.040571273849850466,0.07391166889132272,0.14223477458689793,0.5026326889107956,0.015440496617597076,0.025912152069449898,0.009012571339043766,0.11546537117967809,0_1_21_p0
26.3570930182994,33.19815145469318,-66.86438243814393,29.8326689529249,42.433264169906714,-111.63600452952704,34.11163480706516,43.529061765890674,-148.5567583109986,35.65668841481468,46.223200870388006,-152.0137800586099,48.11995320784466,33.632554891005874,-66.18329090247815,50.66392581714062,39.62691068349243,-109.05399788656408,54.199648622550924,48.09173657944472,-151.00092162077766,53.25816345772392,53.68984612894795,-155.90369922427368,32.522397184673764,34.150631391581335,-14.321215443913646,29.491317492747076,23.341879024117393,10.398303591393983,30.410708971535723,20.318829467063594,-3.1977931585562858,16.967662633171045,29.93847607185978,-20.411238969391704,15.121501129848511,30.47845806187871,-45.95063087382362,28.184501284956625,15.64510144939967,-60.616468520724545,38.58169125014727,17.68059537645729,-68.86245050922591,48.68811408943682,32.40403164211176,-19.779290315135025,55.866385461609966,35.07613997811269,-45.464083581149474,44.70122598940199,18.861184510091732,-58.90764684621723,36.892086779571414,13.398882841855778,-65.24044072676033,16.6666666666666,3.765276158471935,-0.016501000069275254,0.022284100303294058,5.282557535837744,-0.023444832518470824,-0.024696929238995694,0.28514183410078636,0.022323846161366075,0.007545755318745578,-0.10281046464113594,0.06047458201049173,0.009154795088442497,15.05675379253156,0.31722636447606456,-0.0476924250905133,1.048123797557347,-0.005604439862280465,-0.0035205918373279873,-0.3762161613139624,0.1555700596353484,-0.004128110698226697,0.9249133193334819,0.03988639643568904,-0.0028387588560213873,3.4952884235438417,-0.02464282533238197,0.007098437640992172,-0.0009727716183815134,0.020294081902224002,-0.000623827062906743,17.110783594299235,0.17293448840592923,-0.07867549234275005,14.814004513016041,0.11530954980664283,-0.035342784434858554,0.20059305704911867,0.09221260762329636,0.0025779814132291146,0.01747994356092355,0.0194724991089892,0.0018310620321852172,0.3566143732683791,0.13183653431438414,0.000615891423432164,2.7498694875044403,-0.031505890727559195,-0.0022841100671349515,1.7415283689101844,-0.016501487489296734,0.0006304459924640607,3.5649865732194597,0.020258755576854616,-0.010388303936668748,3.0222390237690124,0.06739863648331745,-0.014098202453499999,4.992611584230704,4.780013256176429,1.0314767690338154,27.914038041136767,0.03190119148064888,0.07579259166396471,0.13953548117983852,0.42650315332498406,0.012581918598674127,0.024530492728288483,0.008085561045374298,0.10269515710346931,0_1_21_p0
26.35345142295451,33.252971165533175,-66.90617051591352,29.832198952950534,42.434677981134016,-111.63515510659639,34.11100566097072,43.529989247477566,-148.55540195065532,35.65184279965257,46.20531243436816,-152.00508357798122,48.12614726270997,33.67380359037683,-66.23876346398502,50.641767618530444,39.68098115926854,-109.07875654797736,54.19023171850538,48.13903922732296,-151.01273593828773,53.257051014952374,53.690096542602184,-155.90557212378897,32.52318808906322,34.147541591666545,-14.314953454034695,29.48362451098706,23.34795211791274,10.404772322454606,30.4107760913729,20.313245403429832,-3.1795003523654484,17.00047611976072,29.929923846928148,-20.415950454560896,15.12224719803458,30.48252667479328,-45.95462694058148,28.156177256946886,15.910495329104734,-60.73307339700723,38.569546404144376,17.94978134898377,-69.02302659922344,48.68762114049925,32.402387680731806,-19.778940419398616,55.866700001436776,35.10234963857843,-45.51693293019724,44.65282797517849,18.913614081550275,-58.98177047549913,36.73984666443523,13.67539860272017,-65.36754693425874,33.3333333333333,3.8201051083832853,0.006075257242708028,0.02062152350607619,5.224878982608518,-0.028881337475468442,-0.01595931141446645,0.3307543429676224,0.0295707850632909,0.006592953176117791,0.008232622477278462,0.07335193929406417,0.010182343440715122,15.327339321640215,0.27294318187004896,-0.04233547862718184,1.0369036052694764,-0.006782420975434909,-0.0026433469469490725,-0.22839271813596934,0.14927571772169385,-0.004560737067354009,0.958477303814733,0.03564327530668594,-0.003212285540567732,3.5010119356510403,-0.012971460732242611,0.008395718611856303,0.020132716898526064,0.020015691410417456,-0.0004366524668949467,17.123710359000427,0.10053109437921848,-0.07021963876131929,14.863161103779769,0.08640069953362778,-0.031200206755808993,0.32865295765817326,0.09654569704039014,0.0023355345492067727,0.04559497845135348,0.02091656094706364,0.0015792702967919185,0.5033362403850862,0.12930043879373304,-0.0004780690642123839,2.7003228669743193,-0.03296910773485224,-0.0018101103083060601,1.715480838064194,-0.015099523945642505,0.0008100525958798776,3.588220947151914,0.022425859174292673,-0.006467327070772478,3.0533625382889253,0.05484030814982871,-0.013117703305544758,5.013223926691369,4.791937782989661,1.132000242139946,28.085365919206385,0.025907102370456618,0.08595643938865052,0.1373443769365876,0.3574121717854568,0.010597849331341566,0.023278227855953352,0.007349446238103868,0.0902786149109542,0_1_21_p0
26.349809827609626,33.30779087637316,-66.94795859368308,29.83172895297617,42.436091792361324,-111.6343056836657,34.110376514876265,43.53091672906446,-148.55404559031206,35.646997184490466,46.18742399834833,-151.99638709735254,48.13234131757529,33.71505228974779,-66.2942360254919,50.61960941992025,39.735051635044655,-109.10351520939064,54.18081481445984,48.18634187520121,-151.02455025579778,53.25593857218084,53.69034695625642,-155.90744502330426,32.52397899345269,34.14445179175176,-14.308691464155748,29.475931529227044,23.35402521170809,10.41124105351523,30.410843211210075,20.30766133979607,-3.1612075461746105,17.0332896063504,29.921371621996506,-20.420661939730085,15.122993266220647,30.48659528770785,-45.95862300733934,28.127853228937145,16.175889208809803,-60.84967827328991,38.55740155814148,18.21896732151025,-69.18360268922098,48.68712819156169,32.400743719351865,-19.778590523662206,55.86701454126357,35.12855929904416,-45.56978227924502,44.60442996095498,18.966043653008814,-59.05589410478102,36.587606549299046,13.951914363584564,-65.49465314175714,50.0,3.874934058294636,0.028651514554691303,0.018958946708858324,5.1672004293792915,-0.034317842432466064,-0.007221693589937208,0.3763668518344584,0.03681772396521572,0.005640151033490004,0.11927570959569289,0.08622929657763662,0.011209891792987748,15.597924850748868,0.22865999926403338,-0.03697853216385037,1.0256834129816061,-0.007960402088589353,-0.0017661020565701581,-0.08056927495797628,0.14298137580803927,-0.004993363436481321,0.9920412882959841,0.031400154177682854,-0.0035858122251140765,3.506735447758239,-0.0013000961321032525,0.009692999582720435,0.041238205415433646,0.019737300918610912,-0.00024947787088315033,17.136637123701615,0.028127700352507695,-0.06176378517988853,14.912317694543498,0.05749184926061274,-0.02705762907675943,0.45671285826722785,0.10087878645748391,0.0020930876851844313,0.0737100133417834,0.022360622785138076,0.00132747856139862,0.6500581075017933,0.12676434327308195,-0.001572029551856932,2.6507762464441984,-0.03443232474214529,-0.0013361105494771688,1.6894333072182035,-0.013697560401988274,0.0009896591992956945,3.611455321084368,0.024592962771730727,-0.002546350204876209,3.084486052808838,0.04228197981633997,-0.012137204157589518,5.03386561568272,4.807818172421085,1.2443365573559872,28.259867091193023,0.024627303300289363,0.10195544302293676,0.13568608331666454,0.3002585255982296,0.010021883070386107,0.02217728749720089,0.006865903429721935,0.0783839970584761,0_1_21_p0
26.346168232264745,33.36261058721315,-66.98974667145266,29.831258953001804,42.43750560358863,-111.63345626073502,34.109747368781825,43.53184421065134,-148.5526892299688,35.642151569328355,46.169535562328484,-151.98769061672385,48.13853537244061,33.75630098911875,-66.34970858699879,50.597451221310074,39.78912211082076,-109.12827387080392,54.171397910414306,48.23364452307944,-151.03636457330785,53.254826129409295,53.690597369910655,-155.90931792281958,32.52476989784215,34.14136199183698,-14.302429474276801,29.46823854746703,23.36009830550344,10.417709784575854,30.41091033104725,20.302077276162304,-3.1429147399837722,17.066103092940075,29.912819397064865,-20.42537342489928,15.123739334406716,30.490663900622422,-45.9626190740972,28.099529200927403,16.441283088514865,-60.9662831495726,38.54525671213859,18.48815329403673,-69.3441787792185,48.68663524262412,32.39909975797192,-19.778240627925797,55.86732908109037,35.1547689595099,-45.62263162829279,44.55603194673148,19.018473224467357,-59.13001773406291,36.43536643416286,14.228430124448957,-65.62175934925554,66.6666666666666,3.929763008205986,0.05122777186667459,0.01729636991164046,5.109521876150065,-0.039754347389463686,0.0015159242345920351,0.4219793607012945,0.044064662867140544,0.0046873488908622165,0.23031879671410727,0.09910665386120904,0.012237440145260375,15.86851037985752,0.18437681665801778,-0.03162158570051891,1.0144632206937358,-0.009138383201743797,-0.0008888571661912433,0.06725416822001673,0.1366870338943847,-0.005425989805608634,1.0256052727772353,0.02715703304867976,-0.003959338909660421,3.5124589598654374,0.010371268468036106,0.010990280553584569,0.062343693932341224,0.019458910426804366,-6.230327487135397e-05,17.149563888402803,-0.04427569367420306,-0.053307931598457765,14.961474285307226,0.028582998987597683,-0.022915051397709864,0.5847727588762824,0.1052118758745777,0.0018506408211620892,0.10182504823221333,0.023804684623212512,0.0010756868260053214,0.7967799746185004,0.12422824775243085,-0.00266599003950148,2.601229625914077,-0.035895541749438334,-0.0008621107906482775,1.663385776372213,-0.012295596858334043,0.0011692658027115115,3.6346896950168217,0.026760066369168785,0.0013746266610200585,3.1156095673287507,0.029723651482851235,-0.011156705009634279,5.0545362916691445,4.8276153863246,1.3655735367820359,28.437483140224547,0.028699553336566028,0.12150607235865271,0.1345802975819313,0.2629450603419509,0.011075913736739117,0.021251203244806505,0.006689925793081664,0.0672886568923376,0_1_21_p0
26.342526636919857,33.417430298053134,-67.03153474922225,29.830788953027444,42.43891941481594,-111.63260683780433,34.10911822268737,43.53277169223823,-148.55133286962553,35.63730595416625,46.151647126308646,-151.9789941360952,48.14472942730592,33.7975496884897,-66.40518114850568,50.575293022699896,39.84319258659687,-109.1530325322172,54.16198100636878,48.28094717095769,-151.0481788908179,53.25371368663776,53.69084778356489,-155.91119082233487,32.52556080223161,34.13827219192219,-14.296167484397854,29.460545565707015,23.366171399298786,10.424178515636479,30.41097745088443,20.296493212528542,-3.124621933792935,17.098916579529757,29.90426717213323,-20.43008491006847,15.124485402592786,30.49473251353699,-45.96661514085506,28.07120517291766,16.70667696821993,-61.082888025855276,38.53311186613569,18.75733926656321,-69.50475486921603,48.68614229368656,32.39745579659197,-19.777890732189388,55.86764362091717,35.18097861997564,-45.67548097734056,44.507633932507964,19.0709027959259,-59.20414136334481,36.28312631902668,14.50494588531335,-65.74886555675394,83.3333333333333,3.9845919581173366,0.07380402917865789,0.015633793114422593,5.051843322920839,-0.04519085234646131,0.010253542059121275,0.4675918695681305,0.051311601769065365,0.00373454674823443,0.34136188383252164,0.11198401114478149,0.013264988497533003,16.139095908966173,0.14009363405200218,-0.026264639237187443,1.0032430284058653,-0.010316364314898241,-1.161227581232896e-05,0.21507761139800974,0.1303926919807301,-0.005858616174735947,1.0591692572584863,0.022913911919676663,-0.004332865594206766,3.518182471972636,0.022042633068175464,0.012287561524448702,0.0834491824492488,0.019180519934997822,0.0001248713211404424,17.162490653103994,-0.11667908770091381,-0.044852078017027,15.010630876070953,-0.0003258512854173723,-0.0187724737186603,0.712832659485337,0.10954496529167147,0.0016081939571397474,0.12994008312264327,0.02524874646128695,0.0008238950906120227,0.9435018417352075,0.12169215223177976,-0.0037599505271460275,2.551683005383956,-0.037358758756731385,-0.0003881110318193861,1.6373382455262226,-0.010893633314679813,0.0013488724061273283,3.6579240689492756,0.02892716996660684,0.005295603526916326,3.1467330818486636,0.01716532314936249,-0.01017620586167904,5.07523560047156,4.85128147335224,1.4935452444989543,28.618156069734862,0.03636837685208378,0.14316057154972275,0.13404069438186492,0.254358464045971,0.013380119017833913,0.020523658737403465,0.006845275132439514,0.05745750921137275,0_1_21_p0
26.338885041574972,33.47225000889313,-67.07332282699183,29.83031895305308,42.44033322604324,-111.63175741487368,34.108489076592925,43.53369917382512,-148.54997650928226,35.63246033900414,46.133758690288815,-151.9702976554665,48.15092348217124,33.83879838786066,-66.46065371001256,50.55313482408972,39.89726306237298,-109.1777911936305,54.15256410232323,48.328249818835936,-151.05999320832797,53.252601243866216,53.69109819721912,-155.91306372185016,32.52635170662107,34.1351823920074,-14.289905494518903,29.452852583947,23.372244493094133,10.430647246697102,30.411044570721607,20.29090914889478,-3.1063291276020966,17.13173006611943,29.89571494720159,-20.43479639523766,15.125231470778855,30.498801126451564,-45.97061120761292,28.042881144907923,16.972070847924993,-61.19949290213796,38.5209670201328,19.026525239089693,-69.66533095921355,48.68564934474899,32.39581183521202,-19.777540836452978,55.86795816074397,35.20718828044138,-45.72833032638833,44.45923591828446,19.12333236738444,-59.2782649926267,36.1308862038905,14.781461646177746,-65.87597176425236,99.9999999999999,4.039420908028687,0.09638028649064115,0.013971216317204726,4.994164769691613,-0.05062735730345892,0.01899115988365052,0.5132043784349665,0.0585585406709902,0.002781744605606643,0.4524049709509361,0.12486136842835392,0.014292536849805628,16.409681438074827,0.0958104514459866,-0.020907692773855978,0.992022836117995,-0.011494345428052685,0.0008656326145665858,0.36290105457600286,0.12409835006707556,-0.006291242543863259,1.0927332417397375,0.01867079079067357,-0.004706392278753111,3.523905984079834,0.03371399766831482,0.013584842495312832,0.10455467096615638,0.018902129443191275,0.00031204591715223876,17.175417417805182,-0.18908248172762462,-0.036396224435596244,15.059787466834681,-0.029234701558432413,-0.014629896039610735,0.8408925600943916,0.11387805470876525,0.0013657470931174058,0.15805511801307318,0.02669280829936139,0.0005721033552187242,1.0902237088519144,0.11915605671112867,-0.004853911014790576,2.502136384853835,-0.038821975764024436,8.588872700950522e-05,1.6112907146802324,-0.009491669771025581,0.001528479009543145,3.68115844288173,0.031094273564044893,0.009216580392812597,3.1778565963685765,0.004606994815873761,-0.0091957067137238,5.095963193178804,4.878760131970047,1.6266629666254406,28.80182835264691,0.04586379277005771,0.16609811329829943,0.13407410997359193,0.2771814434900046,0.016416251087249943,0.020016315010147896,0.007310860651922852,0.04964732671618836,0_1_21_p0
26.335243446230084,33.52706971973311,-67.1151109047614,29.829848953078713,42.44174703727055,-111.63090799194299,34.10785993049848,43.53462665541201,-148.548620148939,35.62761472384203,46.11587025426897,-151.9616011748378,48.15711753703656,33.88004708723162,-66.51612627151944,50.53097662547953,39.951333538149086,-109.20254985504376,54.143147198277696,48.375552466714176,-151.071807525838,53.25148880109468,53.691348610873355,-155.91493662136546,32.52714261101053,34.13209259209262,-14.283643504639956,29.445159602186983,23.378317586889473,10.437115977757728,30.411111690558773,20.28532508526101,-3.088036321411259,17.164543552709112,29.887162722269956,-20.43950788040685,15.125977538964925,30.502869739366133,-45.97460727437077,28.01455711689818,17.23746472763005,-61.31609777842064,38.508822174129904,19.29571121161617,-69.82590704921108,48.685156395811426,32.39416787383207,-19.777190940716565,55.86827270057078,35.23339794090712,-45.781179675436114,44.410837904060955,19.175761938842978,-59.3523886219086,35.978646088754324,15.05797740704214,-66.00307797175077,116.6666666666666,4.094249857940037,0.11895654380262444,0.01230863951998686,4.936486216462387,-0.05606386226045655,0.027728777708179747,0.5588168873018026,0.06580547957291503,0.001828942462978853,0.5634480580693505,0.13773872571192636,0.015320085202078254,16.680266967183478,0.051527268839970955,-0.015550746310524513,0.9808026438301247,-0.012672326541207127,0.0017428775049455002,0.5107244977539958,0.11780400815342099,-0.006723868912990571,1.126297226220989,0.014427669661670476,-0.005079918963299456,3.5296294961870327,0.04538536226845421,0.014882123466176966,0.12566015948306394,0.01862373895138473,0.0004992205131640351,17.18834418250637,-0.2614858757543353,-0.02794037085416548,15.108944057598409,-0.05814355183144748,-0.010487318360561167,0.9689524607034463,0.11821114412585902,0.0011233002290950635,0.1861701529035031,0.02813687013743582,0.0003203116198254257,1.2369455759686219,0.11661996119047763,-0.005947871502435121,2.4525897643237142,-0.04028519277131748,0.000559888485838397,1.5852431838342422,-0.008089706227371351,0.0017080856129589616,3.7043928168141833,0.03326137716148295,0.013137557258708858,3.20898011088849,-0.00795133351761497,-0.00821520756576856,5.116718726060486,4.9099873516239505,1.7637619207917816,28.98844297683914,0.056268555329928686,0.18985422724938317,0.13468011784133593,0.3248600897438209,0.019851272241052684,0.019746152415098438,0.008032918686010483,0.044924808316136704,0_1_21_p0
26.3316018508852,33.581889430573106,-67.15689898253098,29.829378953104353,42.443160848497854,-111.63005856901232,34.10723078440403,43.5355541369989,-148.54726378859573,35.628162993616726,46.10981178555293,-151.95971909312303,48.15294422866241,33.96379310573119,-66.56812079952465,50.508818426869354,40.0054040139252,-109.22730851645706,54.133730294232166,48.422855114592416,-151.08362184334808,53.25037635832315,53.69159902452759,-155.91680952088075,32.528237141499524,34.127745231711174,-14.275875195486897,29.438187730195363,23.383538595214098,10.461757994753695,30.411287617038884,20.2740651113689,-3.064555035377835,17.193165912900035,29.877337293940066,-20.437040637618175,15.13072624326168,30.509184629319574,-46.00885454492829,28.026118551931507,17.498356376092257,-61.46312366293542,38.50862041629035,19.55299855098969,-69.97652979256812,48.68492449056692,32.3923498803623,-19.7769450321242,55.869923194156875,35.26406055246328,-45.85118985479011,44.360339834618685,19.22473031425228,-59.41854818358816,35.85557365624614,15.307335781756173,-66.11643446941636,133.33333333333331,4.149078807851388,0.13977272783423947,0.012422072501351761,5.241676355743154,-0.04413027667264847,0.035679771460433364,0.5943945045668938,0.0663768072906299,0.0016449022463419986,0.6744911451877649,0.1590245722383608,0.01623938192219377,17.605340300315333,0.04497363116831845,-0.012258909242842824,0.9953835817755788,-0.013871737510683357,0.0040463300535926545,0.8291317795638707,0.11744825907453811,-0.008201998013965393,1.1988170111867378,0.011266998074017395,-0.005406876219963421,3.5353530082942313,0.06091728500824481,0.016008132680376635,0.14676564799997152,0.01867147612909417,0.00045489899818724274,17.937808529077493,-0.2977264390502715,-0.02197489270269248,15.799563344257646,-0.07997732154137877,-0.006400506988882868,1.0522839795602865,0.12254943233410824,0.0021984898799828024,0.21428518779393305,0.031146293499707493,0.00019417870227724326,1.3754855172968286,0.12172874716762189,-0.006131368100924383,2.4030431437935933,-0.043286760433692964,0.0009006878099779629,1.6681944440387153,-0.010511124952739767,0.0014712382975790852,3.932747097737443,0.0269921784302196,0.018536730385977487,3.424009240931103,-0.020458885869909276,-0.007315838344843558,5.288215259236083,4.95001579610012,1.9189652059543314,30.41571679033628,0.06662952280471877,0.21956801764336376,0.13910684267388196,0.35825831459160673,0.024492257660635605,0.020867536374577937,0.008338686266256811,0.04555196492240729,0_1_21_p0
26.32796025554032,33.63670914141309,-67.19868706030056,29.828908953129986,42.44457465972516,-111.62920914608164,34.10660163830958,43.53648161858579,-148.54590742825246,35.62853294048573,46.10407979520138,-151.957616601841,48.15127211120436,34.03609830718981,-66.61160066365301,50.486660228259176,40.05947448970131,-109.25206717787033,54.12431339018663,48.470157762470656,-151.09543616085816,53.2492639155516,53.691849438181826,-155.9186824203961,32.52939836638479,34.122240327855295,-14.265481715588301,29.436664196746676,23.37564115886768,10.483943437289906,30.411499182017067,20.26269454420417,-3.041125170211116,17.22178922123736,29.8670320468604,-20.43364625947325,15.13588038310858,30.515842786723663,-46.045439856848894,28.038402343720225,17.761410423815725,-61.61606250219953,38.50484255960863,19.81143417585205,-70.13673664659305,48.68527881290877,32.391793628524276,-19.7768763525584,55.8717780653111,35.29513859480917,-45.922762668673414,44.30727679645042,19.275197667548888,-59.48494035682306,35.72628526704161,15.575439881693049,-66.2412305309737,150.0,4.203907757762738,0.14741001634037307,0.010908539097647921,5.1274117154555645,-0.014451740388344977,0.04220765213997746,0.6034647766315151,0.06365207531338431,0.0009097507747577495,0.7855342323061792,0.17642391240425032,0.01593287340473252,17.072944090363155,0.02920224770299302,-0.007526601136124074,0.9403729959586873,-0.01031088962035403,0.006700595321268665,1.0829215743782334,0.10733420575901635,-0.010361741783835338,1.191923170804983,0.0037505788594457937,-0.005511415759623439,3.54107652040143,0.07754628312594493,0.01574533273195876,0.1678711365168791,0.01839137993473974,0.00036069173303313143,17.145798033803196,-0.31454186726403915,-0.013632697296714,15.332093596544485,-0.10549951184524198,-0.0026453934845352836,1.1275308718356403,0.10873314676236219,0.00363419556633661,0.24240022268436298,0.03121677118363738,-4.703576343125865e-05,1.5046988934634284,0.11434228115580286,-0.006062057387843745,2.3534965232634724,-0.04089884342408887,0.001223603033751417,1.6348423483242291,-0.00932384588508094,0.0008310069790169017,3.8770464009160603,0.015782885792266773,0.023468403665546155,3.4105542562490316,-0.04054872326076483,-0.005911202278920544,5.25078201015758,4.9799689064166905,2.0122050943496776,29.386661768964434,0.07913612013853691,0.2365309055551059,0.130919100185551,0.3690569323608797,0.02826095315889243,0.020478773720832975,0.008243293633075853,0.04676740447463653,0_1_21_p0
26.33137997177608,33.67592244952816,-67.23460409496921,29.820807089619162,42.446565575317365,-111.62481681612444,34.10583288577492,43.53840424491887,-148.5436249815675,35.61903402627296,46.077287473072666,-151.94129412637034,48.153933021105715,34.07370661205561,-66.65231707009622,50.45688242527895,40.17112118717396,-109.30003561796009,54.11217016009249,48.53029486616992,-151.09730285875088,53.247679226302665,53.69436279729396,-155.91835699914085,32.53013563364184,34.11547131150932,-14.251262516476421,29.456171936892222,23.348626710484872,10.497993956881505,30.411937988971125,20.24697881561709,-3.030823995761314,17.236646387457228,29.861575173795757,-20.431989003807946,15.140649620100548,30.521350274500907,-46.07925497425717,28.039693374929236,17.994911323100958,-61.76016691619649,38.50154602558044,20.031991488020278,-70.28085224453147,48.6864778956165,32.3936820592592,-19.776966916314144,55.873173203734815,35.31810050523906,-45.976934362488194,44.266556948089494,19.313365275467852,-59.53035470464425,35.605095579764765,15.822610368490142,-66.35880633856802,166.6666666666666,4.3676556410428695,0.14971326242781433,0.009042773269486631,4.98431059061342,0.026217418046866683,0.0504586658600521,0.6950744450103786,0.06099200354553939,0.00041314216450179453,0.9682038810392684,0.19608734759359142,0.015266567674520164,16.53168664575683,0.019539825306802427,0.004954072549323111,0.9221448014310346,-0.006829901958223519,0.009656737060866833,1.2119267304275496,0.09783129062599014,-0.011719946170922247,1.1912424225125606,-0.00475708861817449,-0.005274913294839575,3.6973854383314237,0.09661270252304642,0.014816772454333875,0.22862043215703637,0.019681291617962542,0.00028850868856605377,16.22896826407384,-0.3267639822008108,0.002391760759036838,14.920628809730793,-0.1224728134358474,0.0067477461415554624,1.2287245587875344,0.09507689263790936,0.005835261519250727,0.2715238418671749,0.03013494018565251,-0.00024380148454366786,1.6557311447148295,0.10544383660217299,-0.006242624668001473,2.500155559818664,-0.037336960098249806,0.001433683454060945,1.6565953024984275,-0.007795966731327386,0.0008604196312142894,3.831224639255934,0.01717890513216809,0.030041743982572963,3.378545051065354,-0.05935486109059333,-0.0027993554022297733,5.324372387054367,5.2192869159295645,2.1549089579095355,28.306924868500122,0.0981281257863753,0.2521913417287575,0.12190593531902379,0.38083828779191214,0.033496912208112045,0.020255629644631068,0.008183260930809002,0.05293256578493834,0_1_21_p0
26.337407752389762,33.68817457031971,-67.25397657596541,29.806223987977702,42.457960587456924,-111.62372944061406,34.1052533764798,43.540265910043416,-148.54171600948158,35.60796283143702,46.05124522676537,-151.9239991032515,48.161257122191984,34.083534752433806,-66.69414183136762,50.43431699888308,40.2739501973994,-109.34376910560356,54.10462728460369,48.567076608413664,-151.09323033973064,53.24673238420662,53.696162665011,-155.91749917703197,32.5305575854426,34.10795659121565,-14.234846672184595,29.48583301460921,23.31701535905082,10.500771810162279,30.412530191286702,20.228628401806116,-3.0282330970568343,17.24830169587015,29.856835818631065,-20.43166889972246,15.144871373784596,30.52628509089443,-46.10793110011284,28.035867681323506,18.203005514164886,-61.89860364365083,38.492976544885195,20.240504445014796,-70.4254747271977,48.687494783848344,32.39538056782757,-19.776891405666376,55.873509356733045,35.33625615393784,-46.01760953175473,44.232726311613256,19.34472970205818,-59.56379510035418,35.49791719603243,16.051314460016354,-66.47515368928521,183.3333333333333,4.4239509199133185,0.15167506981239778,0.0065892143199448115,4.809684441899942,0.08804658760499978,0.058827053547290384,0.8805361631548687,0.05759336637295742,-0.0001658833878682808,1.1267431154393992,0.21679473984160683,0.014033620863561573,16.13931221406252,0.03205394895045164,0.017917700995453725,0.9405950900526758,-0.010312156074637034,0.011922301772284837,1.2367058039780106,0.08754220036466162,-0.011427111729505973,1.1915148687362889,-0.011766950202131645,-0.005078016367805454,3.7201086565979002,0.1180646067090581,0.01275767622501954,0.2539234411789292,0.022200019278633534,4.0631377054588925e-05,15.346785131053435,-0.3209588641735358,0.019474415217299937,14.604735955367525,-0.1184263914917904,0.01608373329240987,1.3697537161681992,0.08652427690958328,0.008756435804198928,0.28917290471912055,0.028398323791191313,-0.00041437131099023375,1.786929414165719,0.09007232901488832,-0.006760598333203079,2.4790049288742955,-0.03367279383661792,0.0009203350836883747,1.709279594076085,-0.0021830657424700174,0.0006960448761910093,3.8477052976464723,0.04057843389099232,0.03650381478658098,3.3067859318951887,-0.0671767616756313,0.0011025675288608508,5.35201312352944,5.293314125725969,2.3212428456009926,27.38055378872064,0.12484334445380019,0.26934139912642063,0.10755687528649872,0.38142709703193534,0.03866893839550599,0.01958371544432321,0.008456917721781324,0.06803351928860119,0_1_21_p0
26.337703401297702,33.72041484649549,-67.2875747338587,29.78665536273062,42.48692689366693,-111.63167777263044,34.104503223690536,43.54200241053242,-148.54015010545126,35.60137964584308,46.039909618947085,-151.9145794416444,48.17104937291844,34.082749230217665,-66.74100239416792,50.41844629217172,40.36616916428971,-109.38719442319686,54.096392636169355,48.6092313103341,-151.1070378601929,53.246034356851204,53.69520441838254,-155.92086752162234,32.530604582971755,34.100909235705,-14.220490667938318,29.515429255307758,23.29249760716148,10.496152781790318,30.413192805325412,20.209309957601633,-3.027461531875114,17.26579449437216,29.84970506734288,-20.433848567056053,15.148858212082333,30.532066490152182,-46.13153036930141,28.0364059812101,18.382392595845577,-62.037128139190564,38.481348886537944,20.463206129161854,-70.58580272598263,48.68464274951345,32.387233691078706,-19.775485710187507,55.87301658714259,35.35340344652605,-46.053795085141466,44.2011739241413,19.375274321306307,-59.59778218124524,35.4131079012398,16.261326113317338,-66.59627757942884,199.9999999999999,4.675060023376808,0.15491539400942805,0.0048554548221098025,4.628892486579939,0.17345662829371136,0.06743837025252103,1.0750926042348958,0.052199603076702294,-0.0007800399836930668,1.3328491072183932,0.23847464035621427,0.012864397494827614,15.892137711624926,0.059072482010302095,0.02989217825583324,0.953542166787747,-0.012339151451045294,0.01312639568806537,1.241150151421268,0.07944582313938778,-0.00969306435903312,1.1823493607302948,-0.018377449343143244,-0.004805183912291487,3.813318953496173,0.1396111024371252,0.011747629907784406,0.2568548870959295,0.025099006200903957,-5.269101188566346e-05,14.553789280941409,-0.29558645687734886,0.03596594390962422,14.378409937784562,-0.09753687058312888,0.024512241698118248,1.5477026350276586,0.08603833786558568,0.01217605031393875,0.3196342724670219,0.02648560307459848,-0.0004824504463855399,1.869967716148204,0.07244702435797168,-0.00704883333500297,2.3649031216661105,-0.029836248189414057,0.0013027017578977138,1.7288902701355195,0.004226690435029286,0.00043700500011351284,3.9472161976594338,0.08475913775028629,0.04203897064187935,3.1924486346077026,-0.06388034749378146,0.005925652489619894,5.488343753096935,5.504799987706892,2.4597872627396944,26.639346246974917,0.16332596656956136,0.2885183478414716,0.09116523758565874,0.3850640891426549,0.04364953448868687,0.019060508777053103,0.008566464042518004,0.08725474913313094,0_1_21_p0
26.332944532518322,33.77129066151375,-67.33069106226239,29.765932547685342,42.530523576661324,-111.64937991631416,34.10371429077368,43.54359383743938,-148.53899534394674,35.59908947431549,46.0396073754063,-151.91126785903833,48.17946300178119,34.083153388509515,-66.79387093295837,50.40724501269111,40.46629883210564,-109.44022363661483,54.08928992398047,48.646590860758536,-151.12711762993663,53.24569883116461,53.69488381771026,-155.92348233547628,32.529992959746366,34.094723119679436,-14.211391886324842,29.54188378980962,23.27704562823884,10.493873518057107,30.413862125086784,20.18982137489598,-3.0257090812461347,17.287719352761247,29.841631169735926,-20.441479086078633,15.152892952803281,30.53964955691162,-46.15074778832558,28.05167708155111,18.524290601376077,-62.17929900567396,38.473771756276435,20.702117563565313,-70.76060140718442,48.6725620949264,32.35520917651476,-19.77103877819775,55.87241091080786,35.371410122028635,-46.09275241552272,44.17220066845717,19.407639619575647,-59.6427952869225,35.35489172730837,16.45292057574915,-66.72583233727633,216.6666666666666,5.076904555818821,0.14784343337228734,0.0024242391467973043,4.499956285139526,0.2800222250331951,0.07611526466980664,1.1918956721508687,0.04555685725209912,-0.0011386488309613244,1.5767569292880754,0.25910753956934507,0.01146071448416711,15.708848161253716,0.09137088798416548,0.040457096620588454,0.9174311119824464,-0.002537875998307053,0.013583859111622822,1.2467065162280155,0.0729553514043893,-0.007482889271864362,1.1554368402637532,-0.025335611243240776,-0.004435880542703863,3.9673695026458127,0.16194896390417476,0.010881227574513852,0.2559831433673368,0.027195861972353286,-4.636173297274676e-05,13.828975700279425,-0.24647800557824184,0.050905757347164765,14.166676482586714,-0.062419060973044435,0.03158086772201622,1.7224310566364784,0.09286016503027843,0.01588405212209321,0.36198609532922943,0.024489366416410484,-0.0005498116015569237,1.9135327426356803,0.054994664074769876,-0.006725923460951048,2.2629542666883373,-0.028186001594385838,0.0017898612801179148,1.6950153570546271,0.00797076786082682,0.0003915226245717941,4.049666687071034,0.14414945986577596,0.04629319801692665,3.0443334482159323,-0.05434199420396405,0.011831535341203877,5.6691993303196675,5.866883793310388,2.5332305742410193,25.992593131308272,0.21680990219367438,0.30188513267357786,0.07577422725738316,0.41033000269598136,0.04755482411031232,0.01803480484791662,0.008137051293433024,0.10708638000256761,0_1_21_p0
26.32577608290295,33.83227092628118,-67.3770544179551,29.749978842883394,42.57200411997027,-111.66893673134071,34.10304266439692,43.54490206985855,-148.53853204200095,35.59857477079433,46.04212743748426,-151.90921890437025,48.181732049569426,34.08871045200676,-66.8502770712687,50.396865851194974,40.579624035072044,-109.5027521218103,54.085399545590164,48.667504380392906,-151.14042547859327,53.24566704462998,53.69832426536446,-155.92090247986005,32.52867931249283,34.088194200662116,-14.20550594291918,29.56688963673243,23.26614683527836,10.501287742764125,30.414485261269625,20.17061596787655,-3.023494159814789,17.305971597519033,29.836589154494153,-20.455556537427267,15.15701026390586,30.548262554785836,-46.16789374393035,28.088787903621164,18.625709246004778,-62.325470313312856,38.47476268908662,20.928531621643895,-70.93192891236339,48.649434197811836,32.294540277146055,-19.762967251206828,55.87236770326243,35.39032753876788,-46.13733848782371,44.15053654227928,19.43985210032489,-59.702826433565136,35.32327872854355,16.622567960364293,-66.86112384189754,233.33333333333331,5.494795365599951,0.14555233541854437,-0.0008926113450639576,4.4992781551601215,0.397923338061223,0.08433523197089988,1.2266115188276758,0.04251104420412405,-0.0011546098984341361,1.8522273339193451,0.2773985027580931,0.009821206315577691,15.559077296022473,0.12824835242421245,0.04974643955018182,0.8692590917271104,0.021716703825056482,0.014078399175843354,1.2430205178093594,0.06100636785414441,-0.00523430081149838,1.1077643797772878,-0.03206926688479971,-0.0037976338105398136,4.170345345463456,0.18691766206013316,0.00990121825615511,0.25727782413548184,0.028060780091491072,-2.5051278634732665e-05,13.175568693283017,-0.1737676803798422,0.06418736786634176,13.892694644780601,-0.013091375328759612,0.037989739955838986,1.8457003183279495,0.10472902164262854,0.019975908009468996,0.41141796073203096,0.02283311156829615,-0.0006095827643791364,1.9591919240088362,0.0451545572985084,-0.005908905732527926,2.195138216464799,-0.02164434643269019,0.0018799006326137768,1.6462303063456045,0.0077178331614334615,0.0006373158277704466,4.04067285670925,0.21515501086004946,0.04994855650297366,2.871845506484875,-0.043271148669722204,0.01883036885290634,5.806790631267465,6.279587723845887,2.56323052695725,25.393704842205622,0.2850085807273426,0.31683475661451826,0.06981805499065251,0.47093430101743816,0.050920451880229534,0.017302035052633485,0.007118308333615412,0.12622124188667924,0_1_21_p0
26.319632918020968,33.892306656898704,-67.42237332562127,29.742388372840246,42.596427246241134,-111.68176686912778,34.102575418153116,43.545571341609026,-148.5388882598662,35.597317116945106,46.04392635296804,-151.90630858749088,48.17494956130894,34.09931776500661,-66.90595999158471,50.38602479799516,40.677162963002225,-109.55646343409417,54.08437928882669,48.673379914371864,-151.14442306755944,53.24571648124182,53.70568196195414,-155.91297367981986,32.52783399390047,34.08258335101465,-14.1986565465332,29.59356905380575,23.2514428999498,10.51776758497917,30.415030138023187,20.15249699192064,-3.023811603274236,17.315809514969022,29.838683532606407,-20.473691749961574,15.161159147458559,30.556101256042773,-46.186744484103016,28.148095436273167,18.689425609775384,-62.47457607779797,38.48497565507054,21.104256084227057,-71.081934414113,48.62121659689352,32.22074893095844,-19.753217684776384,55.87329050428947,35.409570538961155,-46.1875251474531,44.140290062031355,19.467244154117,-59.77329627712405,35.32013959657016,16.755459201399223,-66.99316972153973,249.9999999999999,5.807038126074176,0.14725383013901788,-0.004440664565670998,4.678281938977243,0.5171882443450273,0.09172388571342475,1.235181434593399,0.03975044095457123,-0.0009846559105459788,2.1715150318158623,0.29118795355982585,0.007998071511925412,15.460772730947685,0.1776259084394378,0.057851896033220614,0.8512679271849669,0.0562684920547638,0.014780122031867609,1.2376842816261162,0.03883443133952206,-0.0030487317767240157,1.0603543059624916,-0.036973625734759194,-0.0027116728978656096,4.403324186560315,0.20380780027312823,0.008679806593434283,0.2579938818011234,0.027395957366839186,-1.330226438425707e-05,12.631960243843974,-0.08428550810774724,0.0771882675797585,13.565188099131632,0.04821079524641486,0.044723289303882176,1.9107746414516877,0.12085686640594463,0.0246655340090221,0.456559311166106,0.020941117805073413,-0.0006591172475689494,2.0358237136660002,0.04240210832116947,-0.005090034872305906,2.1501147015291666,-0.0165323565705967,0.0016661397206190524,1.6099090254650783,0.004165123430735312,0.0009137620514241236,3.9466348757403,0.2961426077690788,0.053769483151049347,2.6842322212004603,-0.02978061035584718,0.02670965616758865,5.91313713136747,6.6377576705033645,2.606645856970645,24.88940326533477,0.35949695908093826,0.333320634968548,0.06888457988648178,0.5705100343676599,0.05446555205660184,0.017474303735384777,0.0058507411640306055,0.14508700276111974,0_1_21_p0
26.316068620343604,33.947832583332996,-67.46370198695753,29.741439008103427,42.605053967365365,-111.68469872622941,34.10211951668831,43.545329017444246,-148.53907390096833,35.591877418961886,46.04711261947686,-151.90398311984475,48.159679089820884,34.115283758327244,-66.95685094266615,50.37406638932993,40.730372620454816,-109.58582207287475,54.083692452811285,48.6774720650508,-151.14602546043105,53.245678976324086,53.714707560910945,-155.90264316312056,32.53071146862163,34.08722050977615,-14.191132314436905,29.624060695179118,23.225629623752955,10.536316325362655,30.415497131481818,20.13625663785935,-3.0300477512360193,17.320380231816678,29.853379079168175,-20.4945201980973,15.165480645302132,30.562505590879923,-46.210060935800826,28.22474504150313,18.71951674250793,-62.62830444254527,38.50861350348411,21.223877320728192,-71.21512754516442,48.5980691814669,32.16033267256455,-19.745156276297024,55.87473400992722,35.42847810305931,-46.239822024596386,44.14110449711227,19.486072357913955,-59.84518704224734,35.349366499012255,16.8310390324887,-67.11012186696945,266.66666666666663,5.976426403577531,0.14712708639544356,-0.007655618527404837,5.065781430012569,0.6096699495811911,0.09768165037993987,1.239922963801551,0.03597010778273232,-0.00028765204047616566,2.543548221422619,0.29946768308147953,0.0053570366289938005,15.494787508076456,0.20432734743420344,0.062405036093440024,0.8934604532520365,0.09490448995674952,0.01543152842937941,1.233796925071283,0.00014393287781835397,-0.0014239487354356616,0.9811720022251688,-0.04278483995866256,-0.0014036254329740738,4.658482670433016,0.21153716564699943,0.006743645521611009,0.27489792740271457,0.025704457897720974,-2.0314476144020705e-05,12.392655585338648,-0.031555971044780765,0.09007004092460513,13.231511835337411,0.07562864753861358,0.051207710722508765,1.8315902584845516,0.14672554111834551,0.029810823839422372,0.4857315113154842,0.01876696265752032,-0.000797708326323913,2.071748590605422,0.040905673496727954,-0.005179936763769443,2.136386836143107,-0.01315184522128794,0.0015130032843722568,1.6016706806339702,-0.004036382804043207,0.001324634522171339,3.8017298601034613,0.372284810560047,0.05729188227025845,2.41400817485754,-0.021269397700490696,0.03518591169730313,6.0128704226789225,6.918181435812945,2.6061944817661864,24.650987028664268,0.4281868197687735,0.3485972232409228,0.06926518106820093,0.664950876957656,0.057687403555631615,0.018120826039080537,0.0053744444298115136,0.16217722141825747,0_1_21_p0
26.315411446470847,34.00032022583805,-67.49519936205185,29.743015052350234,42.609363835197264,-111.67696868625876,34.10096990622589,43.544091062686924,-148.53612776502675,35.578716356670895,46.055958485996165,-151.9053338273273,48.13738853125733,34.14325607597542,-67.0024449005805,50.357773489971954,40.744987426233955,-109.59225097169131,54.08085655684949,48.6929654988214,-151.15321324120148,53.245464017684675,53.72277605013952,-155.8933822481436,32.541121536097066,34.11503862801555,-14.187447327587257,29.65707018692471,23.191478022444024,10.55026059368607,30.415912461761994,20.12137445915091,-3.041781470765116,17.325629474501977,29.88419899346535,-20.51894512409911,15.170497767851973,30.56851806633476,-46.240107083678566,28.31101620518947,18.725316102129412,-62.7956847993841,38.55407464424357,21.320159979263934,-71.35822250795498,48.58593753392503,32.128863623003895,-19.740829939333715,55.87492936966776,35.4466503277575,-46.2874635874465,44.14958733391161,19.495282972542213,-59.9111192947331,35.409930352739046,16.839267288463137,-67.20287196218084,283.3333333333333,6.0658040448005,0.1417168562850075,-0.009421684274589667,5.618140253311518,0.7279986504253131,0.10321680936815053,1.2456343961507133,0.03576791753081782,0.0008989294927143687,2.94954283638115,0.30235045441186664,0.002564858136142615,15.620436701242252,0.3472542701098956,0.06645578041810382,0.9344550758961236,0.13806863493756757,0.015581450332165615,1.2390766412538827,-0.026523474842139856,0.0007605956891797196,0.8871209745421156,-0.043480424115907676,0.0005331129606713824,4.950202473496737,0.20928012608276553,0.00422875488618521,0.3153520911679642,0.024343321738908262,-7.771989505344615e-05,12.222250625988265,0.13640750576477106,0.10420241784991965,13.026068902242057,0.18761689165695972,0.05742947860604832,1.7548063472268136,0.18407461982915105,0.036527419919063595,0.49761908123614107,0.01725953867890862,-0.0007118736304885561,2.084993789417681,0.03566106877371095,-0.0045326742551389815,2.140268465500572,-0.011463855923938065,0.0011391456026382768,1.5985413370942831,-0.0021932294774281644,0.0013826202765206599,3.8459045241344354,0.4730520189128871,0.05864470955226268,2.163039621930025,0.01284997711638211,0.04483309873246792,6.2686111809053,7.162039425908237,2.5856890327834483,24.626655377972668,0.5172778593471566,0.3627455328094732,0.0666453526652379,0.8597276088069984,0.058796975486471115,0.018437426160779962,0.004651603977651928,0.18048024456538847,0_1_21_p0
26.31925517631779,34.04705623030297,-67.50726720510995,29.744119429011995,42.617301457379696,-111.65730662339661,34.09824395269305,43.541950792881686,-148.52651380973114,35.559020655633745,46.07037659374836,-151.9111162047306,48.10815931921849,34.19544527257246,-67.04519839977688,50.33647748457907,40.745798400354296,-109.58187916974653,54.07497772145793,48.72477745119607,-151.16931227402807,53.24498728470657,53.728484125517284,-155.8874523453929,32.558498098717074,34.16545611833769,-14.19007986246276,29.68823056947703,23.160525706648,10.55768125677246,30.41630031289425,20.10618916412413,-3.0535151612137246,17.33296080592346,29.923073884626934,-20.545067325015356,15.17689620108023,30.57549162501159,-46.28000875520867,28.39634621363802,18.72440527765904,-62.99006582575222,38.62083958823641,21.42176421313231,-71.5362540349135,48.58297580431539,32.121576391144686,-19.739703497038487,55.87120637835218,35.4644004026564,-46.32429277142101,44.161797694792526,19.49715700236694,-59.96904623832221,35.492194987125025,16.78963917312685,-67.27433596891052,300.0,6.150060105480603,0.12748972935386346,-0.010668258619119643,6.487899243454288,0.8480879607768899,0.10947337449332215,1.2402673474288197,0.03432947314719151,0.0023581109059829905,3.3711968072197953,0.2967336095310602,-0.0006685893136365639,16.078734085005642,0.49742551419583925,0.06950107720218558,0.8710010718620507,0.1708741244956832,0.015671713098664955,1.2325637305119481,-0.02842530013455032,0.002838786502490627,0.8155370352640094,-0.04477009133939895,0.002709471870307279,5.2777045483941105,0.19006504724318984,0.0013166711432953577,0.3742384945949367,0.020346771574429746,-0.00034458764398360704,12.322254161098577,0.3202439286120068,0.12123084607341303,13.135921822166642,0.2987478486467608,0.06202500752430486,1.754577011910977,0.23222532352046782,0.04225363519221056,0.4996848702096531,0.01614505312028457,-0.0005264962957922596,2.001143042725118,0.02535536827503576,-0.003628107768516555,2.1456843388949296,-0.02062729848681967,0.001041885436466986,1.6566873210811532,-0.0032568872591231344,0.0014334582195380217,4.220131829449253,0.5721501845704455,0.05817604614458706,2.0768346276743683,0.05882049274925274,0.054068493798763835,6.757490507434737,7.412189338093702,2.4915732432405986,25.23221204907252,0.6028934863535605,0.3668822315605411,0.06185279707066252,1.1030407238744304,0.05819094403699522,0.01900901915771004,0.005105398205906423,0.20019421638294702,0_1_21_p0
26.330295926724883,34.08035477393346,-67.49189227485996,29.743154015600194,42.62744981580642,-111.62577968331368,34.09401704539995,43.53941064161668,-148.51060265297036,35.54056943323002,46.0838502743943,-151.91745028035785,48.07284261801767,34.27454116419607,-67.08242427138946,50.31713394540177,40.751115903843626,-109.55571302501244,54.066588712508675,48.77020111745734,-151.1929635477605,53.24424920920774,53.73243439756471,-155.88453768488426,32.57593652609469,34.21780805710854,-14.197424286003146,29.7133073069862,23.13987609500404,10.558775912977863,30.41663036558877,20.090894717605213,-3.0605425049354986,17.33923927790297,29.953925520958087,-20.568316988193054,15.184643567875622,30.583673084198182,-46.328967548999486,28.468944178531125,18.72871992748837,-63.213192013166875,38.6922170386826,21.52514334405866,-71.75457319009445,48.58379291361136,32.12430892965218,-19.739949323931224,55.86205183466644,35.48196138247797,-46.347367761219786,44.17532845877937,19.49877221959936,-60.02510176786878,35.5828035067081,16.70492975311063,-67.34353639255146,316.6666666666666,6.253493918347407,0.12405959419832162,-0.012128464958355147,7.711371300555736,0.9718212063983517,0.11481397655987544,1.204973406851829,0.03236406311174454,0.003997675780839618,3.8074384020573215,0.29207261628362324,-0.003954372330233012,16.754597610012052,0.6327594904955164,0.07061945323246926,0.8293759489280564,0.18775755211923673,0.016446978795761256,1.2589415153108334,-0.008708931491112123,0.004948001575897612,0.7499435326300867,-0.044920725635692556,0.004675717450036837,5.606625496422316,0.1865857170848022,-0.001808843364999336,0.43882878694590055,0.018668545248519415,-0.0007736261056388056,12.71576703524257,0.4952134649701602,0.13899067829540301,13.498421226560293,0.39626662445937144,0.06449884170930645,1.8753478268600676,0.28785263058365895,0.04556302522703996,0.49910909435119055,0.016567927927429414,-0.00030429901709020285,1.8834853399880755,0.018495747727386304,-0.0015221000667280334,2.153685903072866,-0.01635501538097263,0.0008797772243218175,1.7267861328976524,-0.00574052185663135,0.0009372619793343417,4.906076761271116,0.657344625997359,0.05558086444677747,2.1574043549220288,0.11860843882714964,0.06092129867327743,7.450089841378912,7.70523727073608,2.358366646495789,26.39730937847184,0.6833126569496994,0.3699197099626311,0.05837291201176506,1.3579839989262463,0.05561029047730424,0.020849578832387597,0.006337233934014438,0.21785458614106445,0_1_21_p0
26.349388162079297,34.09499065828052,-67.44675356464987,29.738007039018726,42.63127240502045,-111.5838846973458,34.089801859423574,43.53732314034602,-148.4945452397247,35.530786719867365,46.089724594422236,-151.91832355782546,48.036266843351704,34.35972715423342,-67.10325383727125,50.31033027000059,40.777861373680274,-109.51960776712566,54.05738368426333,48.820235429602064,-151.21898824779115,53.2434204769357,53.73664203035593,-155.88192428599888,32.58651483558472,34.25112184089887,-14.206951832708548,29.730463412117203,23.126638792292344,10.552235852106467,30.4168117352711,20.07912280391562,-3.0644286681653066,17.342314329342575,29.970070463272798,-20.58816155849271,15.192404393282114,30.591708055925217,-46.37712231813533,28.518766638865273,18.728265207504343,-63.4462531361057,38.748097210385055,21.606961015395367,-72.00342931941442,48.584711005277455,32.127300512479444,-19.740216455787863,55.84970169168002,35.497705458454426,-46.35642294225937,44.19403445249135,19.51150606552468,-60.09203188532604,35.67199724020087,16.610509133806843,-67.43538540009737,333.3333333333333,6.202243458701647,0.11016761638061745,-0.013934643439484033,9.252176698418767,1.0965381177006384,0.11854879065975266,1.1509447283496173,0.0342318693046455,0.005889107481079646,4.227974977372697,0.28389472840728813,-0.007202303379033145,17.509659228728655,0.746950083360829,0.07277477574091476,0.9651748884312595,0.19344152235944412,0.01660570048356787,1.3094078824638495,0.018149352902764673,0.006329046378835895,0.6791350886098747,-0.043624296220881285,0.006501937447014279,5.947416930535257,0.18526104668588325,-0.004927938056006358,0.4913871120345481,0.01848509394040662,-0.0012535492833467222,13.465320569430366,0.6469072725065577,0.15775633008789428,14.074344961475287,0.473387164544826,0.06660774221167695,2.1057351349395135,0.3478057471230696,0.04569728109993198,0.49728057936880055,0.017001572437933092,-0.00011115868155604204,1.7684218028567555,0.02080330031751404,0.0010961191341544514,2.1288929814681685,-0.010510839554962662,0.0006696953985472994,1.756899763438625,-0.005020793946102901,0.000332739920422331,5.820165966935915,0.7233251402205065,0.05024301013522389,2.331603168789203,0.19463835326742063,0.06539556566694257,8.321424158657969,7.892787434778082,2.21657707042098,28.04041233066573,0.7466732310014632,0.3617927210443464,0.05922564816832491,1.6006630598155254,0.05048410285359191,0.02288731055157538,0.008840715731480925,0.23468835465168242,0_1_21_p0
26.372672247160413,34.09469613048325,-67.37377742928477,29.72454984554256,42.620863360339285,-111.53204354428578,34.08716264348963,43.53621780684105,-148.48476124191515,35.52947526843187,46.08721598297025,-151.9103840494919,48.005316928036905,34.41910895315443,-67.09816666256097,50.324020948267446,40.853646362147025,-109.49078566923576,54.050564720959606,48.85789012121127,-151.23772181316326,53.24276578335737,53.74280482516327,-155.8767465636484,32.58964400786557,34.26307060825827,-14.216653703010829,29.7417969849247,23.113266159589585,10.537102189579837,30.41679559926412,20.074184408716274,-3.0696792916305125,17.343066885257983,29.977818423099635,-20.608780165442116,15.19869707428473,30.5975923936686,-46.41266171604999,28.536705563427066,18.704725024765175,-63.66704366113197,38.78018899310774,21.652482031264825,-72.27399047492811,48.58481677019896,32.128116308805474,-19.740105439379573,55.8387429892323,35.50894950585216,-46.354110555283114,44.22770365017971,19.546442022353347,-60.1825666736223,35.7556761270862,16.526157147125314,-67.56648851136269,350.0,6.222705939306852,0.08299111631468178,-0.014355929301460516,10.963014840609958,1.2144011222600393,0.12126542457003654,1.1508700414968271,0.041239392194478156,0.00798981843931771,4.613382512322333,0.2721794631620193,-0.010208530887037276,18.333406724438014,0.842007044698714,0.07885990899446096,1.3177733934938423,0.1996816422095976,0.015119982428533173,1.277996572388169,0.04558383789459988,0.0070533674150993165,0.6116942384677418,-0.03829371636742363,0.008347248721587285,6.327670914981831,0.18223227151064147,-0.008192982430355225,0.5254663723385226,0.018526360263670286,-0.0016366004790976801,14.568902212107549,0.7737280362675016,0.1778452577854567,14.863416836903287,0.5406113977791523,0.06927904935210571,2.4118278847338197,0.4135166748508002,0.04420279850571292,0.5005517915375154,0.017549066833674343,4.640223090035882e-05,1.7675420683295404,0.030522470723209762,0.003757871866570119,2.1774711883634823,-0.010623466274817783,0.000933815827465798,1.7270582121017344,6.806764553111922e-05,0.00011884947565532852,6.908483605782472,0.7803226211086498,0.04265849906690446,2.5287893663227434,0.2870625276094689,0.06910672803803054,9.368381126943554,8.185960048113456,2.196104882992661,30.104871083670595,0.8013189089206628,0.34872051502153995,0.06402122617419843,1.82486726438703,0.04343814572176393,0.02329105630739232,0.012150529242747456,0.2532431681440235,0_1_21_p0
26.39296850647561,34.09018923216306,-67.27586344685749,29.698650778427115,42.59811785124225,-111.47063966850861,34.08626971710982,43.53592252290536,-148.48219129808825,35.529994842388604,46.08081810709205,-151.89575619144998,47.982004767131095,34.44202401141437,-67.0659514103104,50.35963158291582,40.996155268692156,-109.48178393704701,54.04881675853389,48.86888870359688,-151.24104845212355,53.24245179324284,53.75139520815965,-155.86788412392173,32.58911416189976,34.264372217521974,-14.225715297063857,29.752383014339422,23.093539708650628,10.515801948576966,30.416655316192927,20.07482781365109,-3.07692314183733,17.343186242854916,29.98474084309906,-20.632963725544652,15.203436939701099,30.600649094396914,-46.433947168483556,28.51083455407476,18.665302327142154,-63.87104923386278,38.78604471721288,21.660171981139044,-72.56292971888521,48.5845907740133,32.12805767710674,-19.73975930021613,55.831622935988456,35.51544173351942,-46.346809818434934,44.28347917116937,19.606494823899386,-60.30536502914171,35.835209645579454,16.456036947862128,-67.74121692113992,366.6666666666666,6.303057310025305,0.052346575317559464,-0.015151529712689692,12.694309881637796,1.3197944234409147,0.12470745254285522,1.155073501620371,0.05103564091472535,0.009506306282466886,4.9312673614667375,0.25770979839080754,-0.012896864234167582,19.344655593775045,0.9193057093382802,0.09017341022301557,1.8248300246515816,0.20902950393680703,0.011713728485618604,1.0932409678468267,0.07207303150256075,0.008658911734447855,0.571692840199601,-0.026247423806313668,0.010157031003367513,6.586746500283956,0.17558246116996845,-0.011748310257977335,0.5365995199856517,0.018424204985620873,-0.001856437509649979,15.924061560890161,0.8963381379420423,0.199637590749898,15.832105986294632,0.6127057877267852,0.07270878098243025,2.781805456792616,0.4881941542611905,0.04282432541433292,0.5002869199796043,0.01825011142390158,0.00013686444709493095,1.8729772007861638,0.04026943810588905,0.004754015227634818,2.2046044157647637,-0.015293096962031693,0.0006556764882777957,1.647720035295272,0.0056167245439905,0.0004724979463903357,8.146531933350365,0.8398036244272232,0.03315442947914672,2.762270955550782,0.39269350899621475,0.07311205854240846,10.476221265327503,8.530793664118331,2.273559124444712,32.540302081095035,0.8579623116848456,0.33727471645707796,0.07010842706414872,2.0404848788800507,0.035174408140086856,0.02317335535707457,0.014701557697197326,0.27582498628947133,0_1_21_p0
26.405338983404132,34.09101887084005,-67.15612660236867,29.65969792611253,42.57198082760539,-111.40214545592788,34.08629612691262,43.5360148327148,-148.48365705283447,35.52542891757572,46.07603078039348,-151.88018763627986,47.9601328546941,34.45226518282435,-67.00837542862028,50.410794371086666,41.18674148027742,-109.48731257020803,54.05136423446725,48.85713442940446,-151.23099775184699,53.24245250065167,53.76225216867099,-155.85571276081106,32.588119403651504,34.26478997878482,-14.23581226572642,29.76380879558651,23.069558849613887,10.492832513116705,30.41651326244594,20.07688145266254,-3.0828206768143267,17.343582620818612,29.993393038266074,-20.65990853607281,15.207055378042526,30.603608376395602,-46.4485689434674,28.42692535731326,18.64368854007398,-64.0692048925883,38.755348733542,21.62111236918675,-72.86551677668409,48.58469465684237,32.12886047250379,-19.73942106926882,55.8282337070093,35.52153002024967,-46.3412854200415,44.363958977667714,19.684598109447897,-60.462979600356256,35.922276821312046,16.383896526756864,-67.95344215895403,383.3333333333333,6.355985103783041,0.02493844992316691,-0.016164129909166443,14.386725599461021,1.4210944790264495,0.12998371250638663,1.1339461213078785,0.06206202668348742,0.011149248549904265,5.166506391409957,0.2393801216732678,-0.015079820000172007,20.670250511828385,0.9810491725699187,0.10608795624878323,2.418950931126822,0.2176011889300078,0.006863420447245286,0.831290772731146,0.09608902804300319,0.012066944003924966,0.5570444118067994,-0.009787383420593711,0.011647520419019237,6.7084104929992225,0.16207196783240996,-0.014078797220994503,0.5323325164657862,0.018366758986933858,-0.0018808846970410158,17.464468963405782,1.0533241748188056,0.22303262303150914,16.93399305733685,0.6881383392962528,0.07726627115617413,3.2531670963354693,0.5697117899254438,0.041273998715012215,0.49578962765673784,0.019180668604848797,0.00026309676722223593,1.989070619747748,0.04402969571108024,0.003991431799841354,2.205765465474274,-0.020591711168109112,0.0005029484570423887,1.6076487019780672,0.009358392879830322,0.001229410005294371,9.517019256138148,0.8863704124840963,0.021958481391554797,3.1049682754237424,0.5073297895896377,0.07651397675995511,11.643729078962908,8.850833016775818,2.3563815932692345,35.34832994048647,0.9010659414739284,0.3261967210339119,0.07672093674280792,2.2707419290618125,0.02608423731323461,0.02323029297052856,0.016610298099426067,0.3026038693883245,0_1_21_p0
26.409439886071684,34.10197270204216,-67.0199424953376,29.60988280419592,42.5434065931916,-111.32831175852893,34.0865422975065,43.53652243867423,-148.4857742164307,35.51360541280419,46.07583234472711,-151.86887447514442,47.92972662848275,34.489176757134636,-66.92579091175055,50.466465357451575,41.38162000585563,-109.49321380940407,54.055703286806164,48.8357596372324,-151.21499552628848,53.24263968668852,53.774554875357325,-155.8416707770069,32.58774637746756,34.267814019791764,-14.248703421951289,29.771348032491463,23.0538629339137,10.472315931702072,30.41643181471072,20.07761047820582,-3.0852433593910624,17.344409745804406,30.003275057141348,-20.688040220186696,15.207894986979298,30.61449494834291,-46.46331153893543,28.276581221414993,18.662536170317924,-64.2720254070462,38.674379436489204,21.518434581384398,-73.17448548138101,48.58523502692785,32.13074790315546,-19.739141896854584,55.82976059454335,35.53665979332418,-46.33951942981778,44.47456496955362,19.780104366920526,-60.64948286273458,36.043557206474205,16.288881285433572,-68.1874251798065,399.9999999999999,6.32966060203785,0.006084752221528037,-0.016830410707295185,16.04739147183526,1.5338004001339127,0.13864290384487887,1.1399835395937823,0.07713601770409984,0.013281524260410375,5.320791048484179,0.21489678444638954,-0.01672172491014015,22.28175814201159,1.0260389539745505,0.1276268669154523,3.0114025200222008,0.2234108653621302,0.0012703540077659142,0.6850694517461356,0.11874314109671215,0.01713566085012098,0.5397168090663678,0.011747273269516526,0.012996743272485439,6.680278411642913,0.14097760641872306,-0.01511045139287694,0.533020962600503,0.017225581508938048,-0.0017909701146685765,19.19191062027476,1.2484944004847556,0.2495512473927779,18.14634697139888,0.7559426672454829,0.08634240705618587,3.888650169272906,0.656644445548316,0.038781939253362215,0.5012933028679923,0.020538666726309038,0.0005369517669535297,2.0396149250690927,0.046352167328718136,0.002747979378468028,2.1815386844044014,-0.02381165938451472,0.00032042320721212335,1.6019439061628067,0.011415458262728958,0.0019551706065332494,10.972826684609368,0.8954535290762071,0.010179834645920297,3.6033039129947633,0.631947757726254,0.07872297253214876,12.846363108192831,9.096069657266282,2.398100445581492,38.50656832636532,0.9064831538680607,0.31211475381453996,0.09075509392086697,2.525917126379585,0.018219626086030852,0.02383466320372653,0.018784717539405547,0.33651167447528824,0_1_21_p0
26.40525586487854,34.129060539755,-66.87583954520771,29.550277326324192,42.502622671589734,-111.24781929081055,34.086793748621474,43.53850391069012,-148.48571767425926,35.4983358360088,46.08203354483932,-151.8650628257332,47.88240532001353,34.58326697210399,-66.8203248679136,50.51632459143225,41.54142177086022,-109.4862477290502,54.06130488604678,48.807815942790626,-151.19528964395622,53.242896930691884,53.785956986177254,-155.82874261347757,32.5879203297916,34.2720528477878,-14.26248907601635,29.77152706729218,23.055033402214285,10.457161989622549,30.41639727258751,20.07674444154343,-3.085000718112416,17.345468212787956,30.01340428129434,-20.71673723630657,15.201405205560064,30.64459342289925,-46.47894936449751,28.064315855941974,18.714887998059734,-64.48015679509022,38.53488648720047,21.348567297203697,-73.48208528103045,48.58513449917232,32.130890762137845,-19.738556858909625,55.840137754098166,35.57248812937486,-46.3391669938818,44.62539586185604,19.91589095685632,-60.85578509966501,36.23177351109085,16.180871034971148,-68.4284754390964,416.6666666666666,6.280001581350821,-0.01031061685898032,-0.016836402632113317,17.70563000226677,1.6683180354466989,0.14644060429763717,1.2100165422182512,0.09636366713528424,0.014952573166121424,5.419208024005171,0.18605850788904296,-0.01785986229011413,23.99306935869442,1.0620559833395862,0.14441564984016103,3.485256668866283,0.2282457945217508,-0.004628411794462264,0.7855472284092948,0.14041308816334955,0.020657840395803085,0.5196910524215764,0.0358849894364347,0.013872415059343573,6.548361146979271,0.11636276967247679,-0.01485943328798697,0.5338220057734826,0.014512476958208436,-0.0017704100436987623,21.03262719325394,1.4916987089003846,0.26678202050007316,19.401846539432206,0.8079022994287256,0.0924123559443738,4.712104411594552,0.7288814205210676,0.03551040460178478,0.5136996386714434,0.022237495748768616,0.0009307758663404549,2.036061668840366,0.051022220074424675,0.0021294905774467345,2.190746082516369,-0.021708678551245017,-2.125592892358711e-05,1.6077419936115804,0.013705906561742937,0.0018138004097371931,12.413477407812618,0.8898195973009739,-0.004058419508828833,4.260852442304145,0.7516725458908642,0.07776702476204644,14.034794443294919,9.289858511719528,2.4248228681142616,41.85117055836449,0.8973957933413312,0.29664221686040465,0.11479092190559284,2.8116369913860777,0.01540368548594062,0.025057184151502262,0.02050751262309379,0.3602112653932027,0_1_21_p0
26.389728780103123,34.182854238425726,-66.73229271208686,29.47986334019319,42.44628260304468,-111.16021384382155,34.087087432670266,43.5438847259342,-148.48065465476336,35.48796300925915,46.10111523613013,-151.87186228264682,47.81292441190428,34.74326623333641,-66.6945164890375,50.55543340893352,41.65091207015424,-109.4568429664895,54.06875613343299,48.770579728166496,-151.1709951013688,53.24318966825105,53.79383809480963,-155.81980885388037,32.58839122722682,34.2742319420982,-14.27145151537625,29.767881031646574,23.06395731942613,10.44697852752293,30.41633829387807,20.075021317953844,-3.083727156909462,17.346556614374208,30.023122238933524,-20.74521596074945,15.182709328899232,30.6997112519315,-46.49175774987289,27.8018122712749,18.783112433320955,-64.68616362870256,38.32999756145927,21.131500152311737,-73.78161909206923,48.58197259909539,32.12310259132394,-19.73685788682627,55.862669246855134,35.63311066669276,-46.337888201455975,44.82427784233043,20.122815617075826,-61.07778828932874,36.505164729167504,16.11444278718822,-68.67860871618664,433.3333333333333,6.284844832888143,-0.030251904562929432,-0.016357366148236754,19.38700253787522,1.8102562360031311,0.1542127616070591,1.3659971098310368,0.11755850308555169,0.015496635450962757,5.507832359693748,0.15747915488811165,-0.018347542589500103,25.63070457149527,1.0913457474374906,0.16374383993248767,3.7569583718412267,0.23639252586178178,-0.009217154008484225,1.1060718316113287,0.16176222400312582,0.02090378987179471,0.5177039842009005,0.058368811548420906,0.01449533108711706,6.518894412869933,0.09093195623406806,-0.01315125048250088,0.5339516199067204,0.01059562769405145,-0.0015782013536457873,22.774987105605838,1.7639013102575096,0.2813430266267043,20.548735322258096,0.8490562341478063,0.10177382265153499,5.687543174923083,0.7699696553151828,0.03267613068033311,0.5376918236305618,0.02383383853483827,0.0013719227465141762,2.0643656300765136,0.06724082801396782,0.0021556715041476347,2.233679698159706,-0.020476135471790658,-8.007624272591757e-05,1.6231717662266147,0.011875863947545109,0.0015604522504241113,13.707874687606859,0.8742914005926544,-0.018657386054535093,5.085912514302433,0.8466427184235303,0.07563369909929696,15.178992483603109,9.461171698436155,2.528946613506389,45.11997540102045,0.8790074367232735,0.28756891269166496,0.14747287466274853,3.10423464279623,0.022826595095226974,0.02633497632687032,0.02132855487976089,0.3838398363442798,0_1_21_p0
26.360841730298024,34.26741721588899,-66.59208114631465,29.398205577420917,42.38622701568437,-111.06797993257236,34.08747149045591,43.55378203720762,-148.46906667314386,35.49089006415585,46.14586073597205,-151.89418839092218,47.71959390428552,34.956012536031686,-66.54476263863481,50.585567068090356,41.720945325957366,-109.40314042403219,54.07732534695607,48.72791634774475,-151.14449274595054,53.243522153269595,53.7977128344046,-155.81503781879786,32.58914450568856,34.27228608935319,-14.270101166419977,29.767015319529342,23.06156521026788,10.437366267590741,30.41613272489503,20.073519120411188,-3.0830940089431125,17.34771134862515,30.031657137063778,-20.77032395464011,15.149885424401063,30.7748134254152,-46.49825369407453,27.496578790827435,18.857552054558816,-64.88277654295544,38.0532286911927,20.899475568495763,-74.0720044286549,48.57415917423932,32.10349956100834,-19.73354043972998,55.89763022164471,35.708913269241606,-46.333426674022874,45.07124073341174,20.40490675652275,-61.309474670236874,36.85630387864024,16.144884393629823,-68.94900923707158,449.9999999999999,6.32757426908607,-0.05410425758283245,-0.017160396698533233,21.076964252089514,1.9516884881900012,0.16155963826090577,1.5885706438045784,0.14053621529289698,0.0144190504210331,5.591270033327715,0.13044008967071707,-0.019008212435235115,27.096388962037363,1.1506941181240236,0.18708417954856119,3.855165002179409,0.23674635580247277,-0.011716222593633802,1.513390444962738,0.1743815188219262,0.018146697939344213,0.5279849174170755,0.07915161236207094,0.014993101950291078,6.592234653784422,0.06569203159702983,-0.013104830856503305,0.5341312962020288,0.0062957669507031225,-0.0015161186992206479,24.257398368539775,2.070758494441065,0.2968524695232035,21.479217405956952,0.9015792625920254,0.11581174487468954,6.764788841873702,0.7714975543645655,0.031872646929933884,0.5746578590360183,0.02481822285125785,0.001545372699414949,2.1820172209109145,0.08888881137028845,0.00186841540257715,2.2072405283416705,-0.019790817211204563,-0.0012300797767887655,1.653578360943976,0.00921778924136425,0.0011747693284295964,14.797093300967031,0.8384042897786447,-0.0322526476373799,6.112023933619012,0.9170531375103572,0.07325375715927415,16.19912120727787,9.573412795701747,2.750186160195233,48.128731019249166,0.8409739568705911,0.277557168850896,0.1841646717891077,3.4206373138068344,0.03481335765763694,0.028271206476645466,0.020885236346584745,0.41151964370445865,0_1_21_p0
26.323102191757446,34.37046614011708,-66.45168947774641,29.30861229782829,42.33330306582654,-110.970965442404,34.08795428398738,43.567036658152745,-148.45228750785816,35.50752532321616,46.226065301801825,-151.93648489451468,47.605227613349875,35.200973349407874,-66.36327013085499,50.61230626827987,41.76864341289323,-109.3297165318059,54.08604936119208,48.68452651921403,-151.11823327091696,53.2438143021422,53.79916539801724,-155.81256665529423,32.59028833338844,34.26826333221554,-14.259926301983494,29.77337270517021,23.034228559746378,10.42542359895914,30.41567489507609,20.073785745179105,-3.0857603284653154,17.349230356469313,30.037634645595222,-20.786292621310704,15.104507686109066,30.86119013804989,-46.498885391710424,27.15322365532299,18.937461963214922,-65.0690427758914,37.706747608141775,20.6745605363443,-74.35736615384879,48.564300539246936,32.079046048051836,-19.72957738585829,55.94475774137169,35.786803928329405,-46.318720694966146,45.35895867154541,20.734375464617155,-61.53089775151361,37.262365925686666,16.276572633075936,-69.23601779567548,466.66666666666663,6.321771300539048,-0.06749550614962038,-0.01769843928572364,22.715973119040115,2.099003593583743,0.16876570093791315,1.8104865550680411,0.16540413384186478,0.012177537388726968,5.659448876718365,0.10597957626378593,-0.01961274968853663,28.338953831734425,1.2742695229010799,0.21450068884648926,3.912655745126411,0.22426186042969054,-0.01262339229140683,1.9304640846470138,0.17875586263087906,0.013941926422955535,0.5810310947523987,0.0998731195805685,0.015812838526320205,6.700853575305435,0.03905422744884639,-0.013729116150050222,0.533878547322391,0.0026468547858880865,-0.0015224504959705841,25.43489624429195,2.421200861203609,0.31547188873063586,22.275847449274,0.9767666793085413,0.13455159685199733,7.92518117939848,0.7559021426159722,0.03370808110178887,0.6252220978343446,0.025185399879915867,0.001475691138100941,2.3713698034838266,0.11136274207332167,0.0010387297607340118,2.1036022725660706,-0.014178764182398867,-0.0021802414961210955,1.696036371737594,0.009753509995656747,0.0006351667664768041,15.754506003700783,0.7840269458693429,-0.04422507353084286,7.350271362357965,0.982258926366494,0.07060858984571658,17.1203358044849,9.612705157261155,3.0395482302516994,50.84975203819889,0.7849990347324228,0.2586948850285602,0.22301306649795483,3.7965951978045758,0.046307081089937294,0.029436265205823035,0.019985425655440873,0.44546115494412125,0_1_21_p0
26.285889055556538,34.4704658360108,-66.30838142561262,29.219694047820955,42.28276605918836,-110.86519936314845,34.08855361542182,43.58092648143508,-148.43360281085964,35.528616210469174,46.33873147765979,-151.99792743586178,47.47592512396217,35.4671482177885,-66.14748986301075,50.64066253048496,41.79790125972587,-109.24065255802758,54.094902435716264,48.640219075956374,-151.091846302536,53.243929946069976,53.80005115432398,-155.81077634468102,32.5915862125842,34.267212380959876,-14.250128735155009,29.78714941292845,22.982587679271475,10.414134515934142,30.4150715174642,20.07689015700184,-3.094551172532353,17.351232540269475,30.03942184103135,-20.788927184781162,15.048636391156311,30.95839628774838,-46.49884020852213,26.780654093526117,19.030424072399786,-65.24862732788208,37.30271408561517,20.46496528724127,-74.64183263108521,48.556964953517,32.0614795544296,-19.726796529879607,56.00508205611542,35.866516348457026,-46.2811182308929,45.67419534398002,21.081801679895428,-61.71597207627501,37.704662254561036,16.4681488835643,-69.51728928548641,483.33333333333326,6.279993995363343,-0.08172061027180101,-0.017272491317572487,24.29619450677384,2.268535126204051,0.17638551042125566,1.992146132548556,0.18510563844112732,0.01007067761597839,5.717874309781458,0.08394553924557933,-0.020090349391751763,29.348662936096673,1.480849505769446,0.24562035043861408,4.004701650779216,0.19742263110933553,-0.013402849398813506,2.324115990347771,0.19089004387086222,0.009125402353513754,0.7140530226825827,0.12028619816571298,0.01663263083648555,6.804082263012983,0.010693008190473087,-0.01415618557019991,0.5336408989197949,0.00021421744674138637,-0.0015169811197145707,26.62064076241365,2.820796180868628,0.33723582341550523,23.08328146068238,1.0775403394076941,0.15579758734951796,9.168612632245807,0.7470939028576223,0.03725065706726051,0.6851696320905547,0.024886078274720114,0.0012909231394957112,2.563233495597172,0.11646478571303066,1.5483208051137788e-05,1.9657417620343236,-0.011809199108523256,-0.0022546244661333713,1.730481174505462,0.014805302357288495,-6.033659595834368e-05,16.6377272231176,0.7124714530472502,-0.055394500859888465,8.762248141428097,1.0534097294664049,0.06693663180580454,17.975246941077508,9.632674458568454,3.323956059514265,53.50123373872989,0.7125516906382453,0.231213379675905,0.24959349583480872,4.261646479737797,0.05717471744935973,0.029843734899614963,0.019443847250930298,0.48517367446398596,0_1_21_p0
26.257123102312946,34.549857110371526,-66.16443847860548,29.14287959902507,42.22400348257537,-110.75105533150875,34.089258303433404,43.59265338862013,-148.4166797149694,35.54548503102967,46.470591462597454,-152.07199334048536,47.33845861086168,35.752150039102034,-65.90326594068988,50.67137478578885,41.803186158840965,-109.13721806431906,54.1038285246018,48.59517365484636,-151.06515485393425,53.24379565970892,53.801515304015304,-155.80890545639005,32.591841135207645,34.268852746170516,-14.246920183974037,29.80426968630304,22.921582028467935,10.408003360219668,30.414963667751664,20.080794405859187,-3.108481842967547,17.35286552646754,30.03462738232606,-20.779479193993893,14.98082936167228,31.079176327846625,-46.505523764079,26.387727526195086,19.15507783732654,-65.42437598854566,36.855078466570546,20.27571242120356,-74.92538144313502,48.5514477260199,32.04856793383058,-19.72536024330412,56.07910331321562,35.96158486619551,-46.21094697616008,46.000270195608145,21.436037285039937,-61.848615016926246,38.177708433984,16.672591849030713,-69.7665881527296,499.9999999999999,6.18111487492168,-0.09520811849847875,-0.016204110801143253,25.994699124373984,2.466943931940827,0.1839486216171677,2.1661118348457102,0.2069891692031352,0.008629610370110462,5.762216856914879,0.06499065355724577,-0.020222145770070747,30.176510319496465,1.7689452521711861,0.27971761107885035,4.115285761135084,0.1592197987634431,-0.014671576770412004,2.679019702271164,0.21983859139839657,0.004384838149351814,0.9135435546535859,0.13773918055052936,0.01695769566730127,6.834403704046465,-0.007374158041789334,-0.01357612773083237,0.5334952666051314,-0.0008173130887760541,-0.001507961410549517,28.431822866126055,3.26120383736489,0.3573308947639984,23.887263188575425,1.2072048625890268,0.17734425730019368,10.456451490333345,0.7399668471311279,0.04106154205482705,0.744269340238838,0.02488756931340695,0.0009457334535864822,2.696269149332204,0.10227358531878977,-0.0006962234023354973,1.84123903400753,-0.008988129714960873,-0.0014679357356026333,1.750284918662533,0.022606273510150876,-0.0007291143497927525,17.242191063001744,0.6255198286424007,-0.06621625068259505,10.294179065045027,1.1179290410434795,0.061644183136520814,18.547297017165096,9.621518400416631,3.577215346180373,56.48773491666138,0.6255632935456201,0.19834354231705484,0.26884286168707405,4.811853077885103,0.06759366167492442,0.029867821246897287,0.019039914509017257,0.5260429690210984,0_1_21_p0
26.2394325474873,34.60180505597153,-66.02435141616209,29.087531188085887,42.15315149733398,-110.63474556334087,34.08997053754519,43.6002152495234,-148.4048139871703,35.55834388848184,46.604462377690496,-152.14871536988937,47.20070982574011,36.04826435545745,-65.64008472039704,50.700916782885685,41.78376157044321,-109.02168786436776,54.11278908619814,48.54945969799491,-151.03792179767711,53.24343538640669,53.80388883934156,-155.80664471187123,32.58872662402417,34.25882697075813,-14.24436716720215,29.82007281335572,22.86714678057498,10.407884175571265,30.416676409659114,20.079358967683238,-3.1213602705845283,17.352065873353027,30.01805344260741,-20.761492970005236,14.896775933995057,31.24124139341943,-46.52335446569201,25.977339488640077,19.33047822807727,-65.5940971705607,36.3710983218544,20.098707279766426,-75.1989723374157,48.54085202533181,32.022102658624675,-19.722570649685565,56.165034164536365,36.08255739842258,-46.10868217299754,46.32351683523662,21.795810554572384,-61.92392572906294,38.68041190836743,16.86766064022334,-69.96376203266954,516.6666666666666,6.067697686900452,-0.10532907421398421,-0.014352640778936849,28.072787432021258,2.6893135072543743,0.18827620258864908,2.3969632293630485,0.23519297168888795,0.007448612035825603,5.766999988118462,0.04864180942937728,-0.019415462164267972,30.885371817694715,2.1187303511659876,0.315249851230596,4.24462343368399,0.11395980007323823,-0.016251762796567565,3.0149440415219653,0.2571788456296331,0.00039090392332773475,1.1573811012679167,0.152166309128619,0.01683052211930838,6.773146766713862,-0.015119605246154674,-0.011264032046877238,0.5332816500367853,-0.0011600938223076767,-0.0014901516837339242,31.120071592609982,3.711712739846888,0.3668852448429112,24.570651844019654,1.3707647533814018,0.19928145572906306,11.681256941709293,0.7284546299187787,0.04458239744072316,0.7938115122101198,0.026821239161823267,0.0004361687324817435,2.767031100536194,0.08212536417374837,-0.0007987725793995272,1.7792119453753863,-0.008345497113106089,-0.00048104237687998007,1.7729025545749046,0.025291176293955536,-0.0012625179234732917,17.233532796246568,0.5249823302488514,-0.07340445981873739,11.89322454075135,1.1595751902817408,0.05480373369652138,18.516753758765397,9.600635049730014,3.839456321906164,60.035797648123136,0.5252000090787449,0.16503771551372257,0.2919159039969342,5.414727535667145,0.07426367307933071,0.029149964997394147,0.01842244103538875,0.5604828853667867,0_1_21_p0
26.230565585809757,34.62964253730251,-65.89467764567442,29.058157176391248,42.07235347894969,-110.5219665266282,34.090598688683045,43.60321775447633,-148.3994643541404,35.57129137934994,46.720238329774915,-152.21569210848804,47.071402713761906,36.33917077459575,-65.36902973259015,50.72613483451044,41.74526054871252,-108.90016791965161,54.12164464172894,48.50363970810244,-151.01043571786246,53.24294562092954,53.80653219192991,-155.80443082717105,32.58084386990372,34.21400170527031,-14.230990627593085,29.834059654346408,22.8208341947079,10.41265460590128,30.421167149449936,20.06798314330322,-3.128069635734612,17.347388613522558,29.985597943149532,-20.73667605565972,14.794162835433323,31.45296754896354,-46.551113158893905,25.552884739622883,19.55289106252261,-65.7445808989695,35.85159106070795,19.90726934202002,-75.44581355222184,48.51958620908685,31.967653625598157,-19.713709732586835,56.25997189190141,36.22611322894359,-45.9791990184979,46.638260279216276,22.15998510269673,-61.94180987456279,39.201245126362636,17.06065363735318,-70.09725694219536,533.3333333333334,5.911144791915795,-0.11082918319669227,-0.012231789368653765,30.642910785012003,2.924607714889871,0.18518326829926177,2.691089403179977,0.26005651502263916,0.005720577166336537,5.740420454716794,0.03445252006015469,-0.01758266003766468,31.551276451336047,2.5134890177123115,0.35091799631925025,4.358141993722386,0.06864245802063362,-0.01794241653002504,3.3452729637041263,0.2833441310949064,-0.0031238229437254143,1.425395816088636,0.1646058017742459,0.016232815262045806,6.695644018583889,-0.013611373237039003,-0.007967700296115529,0.5330392455410907,-0.0022128289165731763,-0.0013937672399294376,34.59773125949403,4.138137813265869,0.3628568943486159,25.14460339367294,1.5738022308225668,0.22249676342209562,12.688027655042829,0.7167306888559227,0.04805606835005841,0.8311815174676703,0.031221176674015444,-0.00013947944290216836,2.850327090534051,0.06760342743541196,-0.0006512582084291416,1.814638287231897,-0.011782694857791872,6.365268643623346e-05,1.8041299355204272,0.025013776668629733,-0.0017105640470307143,17.193198483649045,0.4121757262804546,-0.07173492140219374,13.438127810292988,1.179355348547079,0.04680068606519509,18.450954526033335,9.547531987436622,4.171100565973309,64.18520215799705,0.412400410785705,0.13892574064042895,0.3151105907209047,6.038003548824753,0.07217605694818492,0.027976114980366753,0.017223630038460665,0.5857632565541522,0_1_21_p0
26.226172577133227,34.64116461395565,-65.78797498686855,29.052167027319282,41.99260622162453,-110.4196937139315,34.09113039477296,43.603091195346586,-148.39903298685343,35.58251681138007,46.80012970329444,-152.26197631160042,46.955203107843424,36.61125145474911,-65.10411945655147,50.7466029532036,41.691439118587205,-108.78194537695963,54.12865526404532,48.466999661184964,-150.98827321665274,53.242442404950786,53.807569950229926,-155.8043441968712,32.571374376049164,34.12637893549545,-14.203275586032301,29.84927732050896,22.77230780913313,10.421494052283801,30.42747459433171,20.05063092616827,-3.1310219805413118,17.340869903308818,29.944385519289145,-20.706892956055192,14.67439379181093,31.709534628093,-46.58239754568264,25.12596373923396,19.789295318757098,-65.84880306138176,35.30442825376113,19.685688455435248,-75.65106955917132,48.48859601156861,31.88780441312455,-19.69318275279991,56.36358208273617,36.384485161006026,-45.81998452317064,46.94458428348217,22.52686122358215,-61.90234541067405,39.71423030994081,17.264375765102244,-70.15836516923864,550.0,5.696281537036661,-0.11787076286968787,-0.00961504893104588,33.64174278350126,3.1612793848827763,0.1725614950619703,3.003644893712095,0.26677900491163287,0.003271556724083084,5.73338413054147,0.021520470688558647,-0.01534196655623769,32.448920296568,2.953583113183154,0.3849697876921209,4.4168889597887775,0.032616814368419844,-0.019062967801545455,3.6589970905588354,0.28513154794237033,-0.006349201360923677,1.6910692084903232,0.17265987496735696,0.015375334427661189,6.6416838919051315,-0.007203709994323343,-0.0046549291428852795,0.5331729100057084,-0.003326248730257064,-0.0012329099904787768,38.78077381496122,4.540389328012572,0.34512961952281274,25.87176533438374,1.8253551884197858,0.2461098156881414,13.304121841638718,0.7223672837254644,0.05367756780146587,0.8571924482322272,0.03672389431799721,-0.0007308957451946446,3.0097554629346353,0.05769044083725028,-0.0008101159736358062,1.8385423068180697,-0.021828442127708434,-8.779854305454495e-06,1.83482528029433,0.020149896497238536,-0.00224724777599891,17.33450283833907,0.29228939375241914,-0.06781499620075135,14.776475404027325,1.1933259792387072,0.039576210599374675,18.56332280526246,9.446031710716609,4.576049132394856,69.06587197733626,0.29237815092417396,0.13136473350142702,0.32297160378178863,6.685203420455565,0.06797456932583834,0.02633013858457051,0.015740402791925512,0.6017945021971594,0_1_21_p0
26.22342283504634,34.638969766062836,-65.72050547097687,29.059247870134126,41.93412037809905,-110.33891012416474,34.09154547684466,43.60191228270952,-148.4002881265737,35.58486609881872,46.841812837531805,-152.28618521409982,46.85082590662864,36.863427179892646,-64.85937680682086,50.76141742955368,41.6271743879482,-108.68041238359223,54.13141228060917,48.452750272259536,-150.97938995449937,53.24200291178261,53.80444753582684,-155.80960679637587,32.566552672830895,34.02089740710489,-14.168057697648944,29.867662622706565,22.714135456919742,10.43205536045415,30.43435381253781,20.03343776945188,-3.1368210713890323,17.336757885342845,29.90994195143121,-20.675566698297743,14.540951673560926,31.99875561711317,-46.60802297394403,24.71073629599371,20.00156260875721,-65.87876796309355,34.7536338485469,19.449523917816826,-75.80322824346328,48.4533314664787,31.79609445526482,-19.657041674657876,56.4779636919175,36.55468590747277,-45.61928384913564,47.24039561665162,22.890225853857597,-61.79730643352025,40.18520291211832,17.46448918207931,-70.12773493729595,566.6666666666667,5.44193005460492,-0.13334635627967686,-0.006345079278753636,36.98669862340575,3.3952157803119385,0.15189828886167211,3.3130166362452833,0.24864981942724104,0.00046879759162647607,5.764039747118078,0.006949429755096462,-0.013385950576569498,34.0150093818724,3.4390221837239334,0.4145781134016315,4.380571285965148,0.012014213214729678,-0.019655988392732065,3.8746642976397263,0.2634915375990511,-0.009185430208570496,1.9372177180611507,0.1799758036186736,0.014508274026491864,6.592005970377763,-0.009986745762747396,-0.0018100620305497607,0.5332652912064474,-0.004073235239790304,-0.0010829439454079358,43.77714445185855,4.948000507818212,0.31539261463319024,27.022110165440672,2.133442797579715,0.2666507597093868,13.44781114232855,0.7659423345326672,0.06372865843338499,0.8713824371200583,0.03974851841865365,-0.0012787214649080726,3.2168175105424024,0.046521978766043554,-0.0022476774498987285,1.8568236449047977,-0.03480621203280411,0.0002549539854277546,1.865052971518116,0.011881018069812597,-0.002591253153618853,17.48214110795079,0.17355491143666046,-0.0649321701114236,15.913201417577387,1.217414796216262,0.03524671902212705,18.68367737978257,9.301593142456621,5.0076747713225425,74.9948971753526,0.17384200405746825,0.14415926950434285,0.3104550162224717,7.384239051235469,0.06495739403588548,0.024671329135165083,0.01468883386550738,0.6090303696188554,0_1_21_p0
26.223094227631815,34.614299122903724,-65.70092500351862,29.067663079672677,41.907289236990444,-110.28430651960777,34.09180644227664,43.601055827480714,-148.40102189020413,35.57479796473148,46.861733301123245,-152.2991591858999,46.755866433021914,37.10215678549355,-64.64538014279232,50.767431996234166,41.56490265128092,-108.60849187199415,54.1298852591408,48.46153455144198,-150.9844433414616,53.24163542292104,53.79592324704466,-155.82188573230235,32.56863612094764,33.93580831883346,-14.133915143377173,29.888287288803955,22.64780679091467,10.440501250427035,30.4434453295707,20.01178928948322,-3.14717024778766,17.336090652667163,29.8901595267915,-20.645041277416762,14.398499557556853,32.30660219864338,-46.622841467737395,24.313810540856487,20.17715033607301,-65.82388643551369,34.22604799554156,19.22533915053791,-75.88102151433299,48.419904876267715,31.707209484017074,-19.606853670155544,56.60121899940569,36.72993008513608,-45.3662883668096,47.514313860545656,23.232684827359744,-61.60114613595693,40.58179973082087,17.611285872091347,-69.96407592234964,583.3333333333335,5.189810866457341,-0.15530897290523715,-0.0026015841852548077,40.73723060217491,3.628023631769336,0.12455115794714555,3.6320067359775887,0.21689493013555,-0.00250016828210002,5.817668621329486,-0.010296516920761316,-0.011671293295442434,36.62370207224485,3.9644604160581682,0.43333047714390915,4.329102794876618,0.004090637988341654,-0.01904882643515216,3.9907458219270358,0.22727824924709772,-0.010409245462766172,2.1772318823184023,0.19356828167392176,0.013466843128476316,6.533230342267953,-0.02067569556487007,0.0005558730462351144,0.5310899338228694,-0.00435166349915214,-0.0009912480023716182,49.783333487484505,5.378985603466095,0.2719268614221074,28.725845151103407,2.4916611173247856,0.2801996038324286,13.444267274179097,0.8534269636499026,0.07929382286553904,0.8750615775675386,0.03913693950944721,-0.0016944926671063215,3.4388629339565804,0.03638424672852422,-0.0044320797084677,1.9162115187321855,-0.0432144619967791,0.0007974690384780255,1.9032024133734762,0.004506707551049161,-0.0029938564615851456,17.58057015497606,0.05994903725786358,-0.061661908137236904,17.065487064286614,1.2537672009531695,0.03322840485000125,18.75525381537572,9.17824557814149,5.455051775933091,82.43724514019735,0.06341428431541196,0.16631823525933026,0.2929776506812456,8.146981563653927,0.06166441364327219,0.022590594301305424,0.014396181293246478,0.6027049710427105,0_1_21_p0
26.22748786147568,34.557748410254355,-65.71885594536006,29.07125718359352,41.90228993186928,-110.24609734441411,34.09209798917906,43.6009523944055,-148.40152647712787,35.55489744585539,46.88018138093355,-152.31503823485178,46.673553372097324,37.318976524003055,-64.4746883952807,50.76392546122519,41.517386057970704,-108.56643632164,54.127116801274724,48.47730127308568,-150.99422370935275,53.2412925787483,53.78339676881926,-155.83962062532265,32.57521578066748,33.883140070964004,-14.103607115519628,29.908933734874164,22.579899981017178,10.445088033522824,30.457519496559932,19.975008710274068,-3.1564659586699815,17.334400142564803,29.881676970231897,-20.615636644017677,14.251549722046992,32.6213554445173,-46.629274060581515,23.940497258633066,20.32863658455609,-65.68974275789768,33.73747705734076,19.026253150745234,-75.8471650970478,48.39240741769563,31.631177718541675,-19.549301564523205,56.727203482153044,36.893166615797426,-45.060440662657506,47.745563682658045,23.527157664626078,-61.27314293298933,40.886942761966324,17.652497765206753,-69.60453725585405,600.0000000000002,4.996896785229837,-0.17609625344890556,0.0005958992107823612,44.99104173367072,3.8601837785788744,0.09020124439846103,3.927454618113737,0.192299556434154,-0.005678584965221229,5.8725656010060225,-0.029175777714257067,-0.010060645656234091,40.5461493109797,4.526312301277925,0.4351798935286772,4.279112860133875,-0.0013610987726049573,-0.018219874751544237,4.141347230451102,0.1824648731973062,-0.009880001430960766,2.415987210953437,0.2111957461798596,0.01194251182888784,6.488066037838927,-0.030110512042357193,0.0028599460013149914,0.5286796340396434,-0.004228356532048275,-0.0009342426577057729,56.88084492513697,5.8322653875000805,0.21254531228021986,31.0265219280187,2.8775752080219217,0.28491297694887474,13.618236427598156,0.9722765308597078,0.09602528965234626,0.8738429656583171,0.036912913926110014,-0.001977842502970489,3.5145138540250005,0.03075471884397683,-0.006706612909280281,2.0003332017356334,-0.044442833266818346,0.0008927815078367731,1.9491377474610618,-0.0008369812938440338,-0.003641534503108335,17.595555401491225,-0.050594891789677146,-0.057617111507733576,18.329935308318817,1.291112004696537,0.030286842388677217,18.75362820358519,9.100068554256465,5.797732454241671,91.69870462129398,0.058876871610693424,0.18766613097760196,0.2872779409220487,8.962693036848796,0.057688047545614185,0.020955124718847203,0.014827291482441676,0.5780291884544713,0_1_21_p0
26.235642090218906,34.476978092765194,-65.74620314273604,29.06869965614936,41.90716008718214,-110.2097086461581,34.09310275718225,43.6016012400435,-148.40476895862636,35.5303414142989,46.90608640740472,-152.3401113372715,46.615339432115945,37.47517972073871,-64.36968773863771,50.75602188963801,41.491221074610145,-108.54141628786178,54.12608758953852,48.48401050371901,-150.99934058117162,53.24094376618348,53.76936112089956,-155.85982864379676,32.58542218907945,33.84088943323834,-14.073876154771622,29.927279972592135,22.518446967073974,10.446956125427784,30.476471580993074,19.921147875249787,-3.1588185538668045,17.32528283578393,29.87934672196286,-20.58703913243273,14.103526543504938,32.93185660794506,-46.62972953029731,23.614188205320975,20.463339108160316,-65.48048441978698,33.307943798556046,18.855790174707902,-75.66682716738025,48.37060759320798,31.56786903484237,-19.490451476836267,56.85505921986367,37.030946866698436,-44.7129479022257,47.9096502803933,23.751967401095147,-60.77312164447639,41.10432076699896,17.585782300930738,-68.98795023098378,616.666666666667,4.874935532548124,-0.1907150866995893,0.0032643594242547165,49.698468860750204,4.079023747698431,0.048477673129038036,4.259911039667399,0.1804797964663823,-0.008444715760995017,5.906127164825424,-0.04562238816025369,-0.008505815834660844,45.87883437634284,5.115069875521035,0.41570018558214417,4.213127006103228,-0.011044147619373017,-0.01745544216651054,4.390819838822775,0.13784560374283797,-0.009673749282369202,2.6377805484575414,0.22811801120320538,0.01004122821447046,6.476134129657116,-0.02805945479251714,0.005342492312822228,0.5243398236540109,-0.0041952161726218845,-0.0008747031257796898,64.84211912136351,6.256301559402018,0.13742072041198944,33.940178925130034,3.2728696472296903,0.28010799641113593,13.881308163759535,1.1041172850835963,0.10980867938133673,0.8736004596807085,0.032436113227698814,-0.0021805597323089057,3.4070809805680105,0.029826087070856593,-0.006862866595632291,2.0697824700403507,-0.037312132996071196,0.0008824834731750858,1.986814137947535,-0.005319990702900785,-0.004265207664000718,17.529329362986378,-0.15344013581170263,-0.05245113725278645,19.531206571202972,1.317356256044027,0.025209093854276124,18.687367422442524,9.039905043210112,6.059119498396563,102.60909747285471,0.15598464117074815,0.20257718613330292,0.29240447916851553,9.779002591932116,0.05272251912819803,0.019849335759090904,0.014806702071984862,0.534141265059224,0_1_21_p0
26.241836270066383,34.39321775092547,-65.7565827949272,29.05944948742315,41.92319624203283,-110.16983814223124,34.0956945500384,43.60291520230547,-148.414478795604,35.507181572491646,46.9366262288102,-152.37103916009633,46.591392624970155,37.52725843472054,-64.3510596601415,50.749523694255906,41.486396878052076,-108.52120980269811,54.12645184506052,48.48345997296402,-151.00078590346004,53.2406366022957,53.755165335553855,-155.88052554327817,32.600598563123,33.78352537757141,-14.040936620113303,29.942187948627367,22.46779431357969,10.447806903306589,30.497792277902313,19.857591282172248,-3.154062917697865,17.30630336027977,29.88030491481294,-20.55889763767339,13.959877909808144,33.21937947339278,-46.620166121005994,23.383027808569786,20.576147909423177,-65.19117440346103,32.98393514957658,18.725647525417763,-75.33187147916775,48.351021031054195,31.509253579495844,-19.43230044853492,56.99030708624827,37.14189604956159,-44.3436294507884,47.9830095258978,23.908445991943168,-60.08142125874155,41.23964124483223,17.477288538007745,-68.09205549121174,633.3333333333336,4.776048990573278,-0.19035116176088585,0.0051582852673527505,54.72642820827663,4.245237517856186,0.000380806601980737,4.661840696641198,0.17379120722087146,-0.011552101597690776,5.896133532850616,-0.05185181079075179,-0.0070900241005514885,52.451205779318194,5.709796941028859,0.37382405935322166,4.128347932225395,-0.026175253018505686,-0.016500273313126,4.688973457175643,0.10195258689291921,-0.011074694227342648,2.8395390487360843,0.24267044836903195,0.008201134214250986,6.481616414306902,-0.006888512870748603,0.0071458612771515585,0.514931109131171,-0.003985516269075003,-0.0008062741756897328,73.1401600611091,6.556602847462473,0.05020996238412344,37.49546435805788,3.6773601752321987,0.26528456058818967,14.17998654511715,1.2384477515362913,0.1222286486295968,0.8981082150840869,0.02572319959207495,-0.002444808854905969,3.2209510823539733,0.03204810702008733,-0.004534360149975472,2.080583008777683,-0.027807346821308816,0.00046879102064331283,1.9870163463874002,-0.009579375972269055,-0.0044243274584524536,17.39175420987092,-0.21469648479696454,-0.046419920300716615,20.498596129649854,1.3293857950374584,0.02052199962473251,18.560292719641453,8.945326674674222,6.338001780141305,114.66779391389805,0.21480696495631535,0.2026280701457895,0.30019895300031585,10.509393273081178,0.04696671517273884,0.018867493247861362,0.014875149602380927,0.47764498250706744,0_1_21_p0
26.24022051923458,34.321197412299526,-65.74670855028707,29.043324477938327,41.95575435786327,-110.13178966447926,34.09978967963508,43.60458028183003,-148.4304571741484,35.48993182723912,46.96547626995794,-152.40057268203415,46.59658390599605,37.463841687062505,-64.40794256635243,50.745399590918794,41.492946732565436,-108.50380783245366,54.12609224452265,48.487198411961266,-151.00538953993117,53.24043854800291,53.74086243890952,-155.9009640660216,32.6201145314046,33.706403759987005,-14.006269827861296,29.955608278514234,22.421997768599013,10.448844751512498,30.519388483493643,19.79193403997233,-3.146457370358726,17.281633137636582,29.882035286000665,-20.530528757337574,13.83118341520807,33.455467854594836,-46.59525115248836,23.30145772879006,20.677219739190786,-64.8163840299746,32.82857732890513,18.661448302690474,-74.85887811893551,48.33145394084703,31.45056702130422,-19.374643732539294,57.133472893872614,37.22090253276944,-43.976898491322444,47.94196388857592,24.016631916637838,-59.209599763811305,41.270920813391825,17.419222428790555,-66.94438265456203,650.0000000000003,4.667222854087466,-0.17739208830827846,0.006735915790627283,59.91650719518332,4.311549424622839,-0.05318197024786203,5.040831264933369,0.16294467519914788,-0.015452382478989453,5.8375788493864995,-0.04884311611858062,-0.005807917279719677,59.984093407696264,6.289808898763304,0.31254443368762796,4.041039390331705,-0.045725382588245364,-0.015173479550741944,4.9352314181697325,0.07188579694083093,-0.013607135566776968,3.008803835680056,0.25523950220020364,0.006574070503013885,6.476107813087328,0.021462101976990115,0.008299154964246462,0.4998285288519054,-0.00368092709000352,-0.0007481802578440949,81.26397781926279,6.6913478157139945,-0.04312288357372293,41.753380433737384,4.093394118576917,0.23962211241380865,14.639610502111747,1.3774854707991921,0.13406118052942523,0.969610952978224,0.01844647508277651,-0.00299744440355951,3.0536663366002723,0.03658329420228101,-0.0013758929836591445,2.0047982615375233,-0.02285686908797122,0.00012236609604371145,1.9771505561922527,-0.014243002442731755,-0.0037690985996940616,17.155462578816188,-0.1805702919566991,-0.03982644112738428,21.293634141200947,1.3339580487041804,0.018553003379531006,18.33711724071953,8.7976977314856,6.617231933249619,127.40196564077543,0.18184128287767407,0.19188713279194283,0.30501886511141274,11.106909838189651,0.040681954058201075,0.017857725679811278,0.016848964619764026,0.4222637317315616,0_1_21_p0
26.2300079388895,34.261576642223105,-65.73704474485329,29.022694038119035,42.00179914578484,-110.10492083505459,34.103820915722075,43.606003936566715,-148.44658374154739,35.47864510285239,46.98589522782676,-152.42188923012492,46.613593677229545,37.300655975979694,-64.49205537067162,50.74060129233487,41.48838624507195,-108.49322257939156,54.12430402477948,48.49903117935625,-151.01546415099858,53.24031296859169,53.72623404262323,-155.92089315036014,32.64118360171167,33.62052981206924,-13.978891311541162,29.97134425709529,22.3692763097965,10.45087570831736,30.540494414742458,19.72821031779457,-3.1413983754238677,17.257463543928523,29.88228219970358,-20.501045814026227,13.729052675116845,33.60902678023925,-46.5559725737539,23.403059250114715,20.79072966216851,-64.35735806644696,32.892577610432795,18.68442894935065,-74.26025517900851,48.31428001721953,31.39832067535456,-19.317872710399396,57.27456330639333,37.24251712029621,-43.63349194249615,47.763083015872176,24.079799874718542,-58.18796222262657,41.14253886408835,17.443541832053445,-65.58052634905826,666.6666666666671,4.511940138305503,-0.15453635082466854,0.008539130301947308,65.12482077550841,4.256740461376253,-0.11150420961921143,5.211701615892744,0.1454370179965305,-0.019039080834499504,5.742015084333551,-0.044070990454522396,-0.004653472688574641,68.29681605644173,6.8366027987214,0.2354278267247129,3.9745088843925807,-0.05769872250143106,-0.013734680031863894,5.062520447544849,0.045175067749494396,-0.01568962062764182,3.109589176931931,0.2665150058513525,0.005352319601349329,6.440305497064421,0.04653883252919761,0.008837339453043363,0.48392827481962664,-0.003981172898973218,-0.0006277820899027225,89.13846711344253,6.668643001742575,-0.13692182134007327,46.782174365729,4.499549534750846,0.2018630103689122,15.547613667476519,1.5340449375430556,0.14282175601745808,1.0645580534414016,0.01127405957084895,-0.0038977237202935233,2.90141828139912,0.038870480469887586,0.0010673253593960022,1.8633194506007427,-0.021840376365826836,0.0003966874312540653,1.9099904410701585,-0.02000281007824071,-0.003026924534035361,16.797818314098905,-0.12740534571029632,-0.03237515865606581,22.160742130884753,1.3453157048814843,0.018294105271086474,17.99011492484122,8.60026114206922,6.72678278421626,140.71971959011552,0.13563917225027888,0.172548064900202,0.30609326813837234,11.564658741127177,0.033559640442259654,0.017290364699013204,0.01980588567977722,0.38515420966226366,0_1_21_p0
26.215460823780738,34.20991269468304,-65.75364792745685,29.003640524459673,42.05427236229331,-110.09883810526337,34.106149932710835,43.60675647253905,-148.45640598997062,35.46741020804855,46.9877653053637,-152.4294649196316,46.6328440803685,37.058369446052616,-64.55854120271925,50.73054411050648,41.44520919424383,-108.4903993707155,54.12152895964583,48.5159774714759,-151.0291054777411,53.24010785681415,53.711275870641195,-155.94040901147324,32.66175015412734,33.536821280353145,-13.970783657714009,29.990668435348013,22.306464829603858,10.453936303580821,30.561179874334886,19.66801912838995,-3.143485182379508,17.235678329183898,29.880646222036987,-20.47036053542745,13.660000830246938,33.656462965387696,-46.51008997336144,23.690761221517757,20.9151728264753,-63.8129806490496,33.1989197852526,18.76961945264799,-73.51050184742223,48.305776790316266,31.368373052397207,-19.26368667344879,57.39988257583597,37.16685575111819,-43.31682239333593,47.43475667257294,24.04934345987429,-57.035105276734996,40.795496360752956,17.454295385050685,-63.99248753089039,683.3333333333338,4.28464948869299,-0.12542809374423397,0.011283061599571403,70.3152392425543,4.088730568928213,-0.17300858827213658,5.095744401239653,0.12459046695994883,-0.020329863741905794,5.612073806020195,-0.04331010376043078,-0.003709793953633181,77.21603732735427,7.310017448461963,0.14456297059576806,3.937171570062172,-0.058447300029199255,-0.012762251683332856,5.058444895597095,0.023980770874568392,-0.016014960360299372,3.2173410384810044,0.27599292194579883,0.004968658819329573,6.369093226428722,0.06378102577582166,0.008869550566096349,0.4728530913098658,-0.005648531487067591,-0.00048801071514122476,96.99499472287901,6.494790529755364,-0.22827122423785692,52.550377285953815,4.848817629788608,0.15095029390785772,17.176678192913094,1.7258995318159578,0.14318166527088408,1.1339195999103666,0.004653016561217187,-0.004898493859868877,2.762195311567167,0.03352566626548689,0.00273072594659753,1.7115865176676444,-0.01665182569037434,0.0015607790522236156,1.8013870372738037,-0.026992933356737685,-0.0018428207710463388,16.311198359156766,-0.09969115107869962,-0.023924922532719394,23.347134457546364,1.375343503755436,0.01596945719676587,17.510583669275523,8.354268713045132,6.629299910239612,154.7419796487234,0.11834840451992641,0.14613315311268976,0.30466185800001727,11.862504450474315,0.025516089932455643,0.018182809080832207,0.021105634186699494,0.38306664551478264,0_1_21_p0
26.202180247762996,34.164117993423304,-65.81058139277474,28.99440544987626,42.111241797383336,-110.12025029688479,34.10659740800984,43.60695146042993,-148.45901657398716,35.44572304292751,46.95931642416122,-152.41916927831437,46.66459552008197,36.763260341552346,-64.60862849247641,50.71077080584815,41.352343715394724,-108.49297054177435,54.11838696567136,48.534008185193805,-151.04373635928877,53.23971080139377,53.69606932895022,-155.95999984330297,32.682245905558545,33.458424887131486,-13.984790215548204,30.01053200455301,22.24415504074203,10.456624693239805,30.58192827150576,19.610860284407966,-3.1536181596418347,17.215374414489865,29.878033419068444,-20.440648650412918,13.625247591863982,33.596291186143446,-46.467821659157714,24.14520273703896,21.01751146951895,-63.16682209075451,33.74289308105039,18.826180926687954,-72.53816101015782,48.311528606340794,31.37440892717499,-19.21399898523627,57.50062465645911,36.97293141434658,-43.01618858525122,46.970851259361126,23.856112233885252,-55.75161651313979,40.21184389980433,17.28174248958658,-62.14434489552849,700.0000000000005,3.9979396755075127,-0.09312802036165457,0.015142830906012504,75.49731872862955,3.8199558573971846,-0.2349192086943789,4.8419945958378285,0.10303369106139668,-0.018353048623823618,5.436822279516296,-0.04462930976091943,-0.002824142121968276,86.56329520290988,7.6506512752826605,0.0423468602827049,3.916524572004534,-0.04898604072480958,-0.012607878597794555,4.922564183669204,0.018242836880433617,-0.01423082733976223,3.4315091425259014,0.28115425928921567,0.004308458176486946,6.282099220311371,0.07403012729055654,0.009124535008959545,0.4688563437147467,-0.00857295308487115,-0.0004646760585530533,104.94218242053121,6.149661415772677,-0.3179424044973601,58.85413416582873,5.104573320078454,0.08752249415456442,19.56619329662224,1.960904897347651,0.13028057795371595,1.1617119516777266,-0.0005991671553369727,-0.005525476924001131,2.727780921838778,0.02240761574327295,0.0039553923913145765,1.559023598389984,-0.007828781634034181,0.003098037493805248,1.7211789742097134,-0.03569005768241293,-0.00024251902029732715,15.696328859834985,-0.08652433227990883,-0.014791643929891646,24.918531947916556,1.415479210260376,0.0076501497663181706,16.906788881686712,8.054916410566063,6.531535456453497,169.41275991186598,0.11387238393543922,0.11488855469479273,0.3002761400003354,11.951981759925147,0.017379581965007926,0.020894601329050848,0.019262459204791076,0.42774055196537714,0_1_21_p0
26.19437547752638,34.121341142634684,-65.90327985065929,29.0005858847512,42.17638528076778,-110.16743217704435,34.10606326496205,43.60702410978679,-148.45760237924688,35.40786070740746,46.895745922628194,-152.38957701842614,46.72808567320871,36.4486383637453,-64.68252527295346,50.67911027088369,41.230769894749564,-108.49934591826764,54.11504823144311,48.55208657030418,-151.05860113708013,53.239198740223706,53.68091928042017,-155.97985504584102,32.70595068205783,33.38044705615609,-14.008438479584548,30.026164559994545,22.197285362047044,10.455841186176569,30.603360654008217,19.553869752054574,-3.167307599160053,17.198476178142073,29.875135868931412,-20.417754632787105,13.621924484104545,33.458151132928194,-46.43943723424254,24.737202382608555,21.07338226130678,-62.395547294270514,34.50186407538901,18.7576963725371,-71.26631298435392,48.33173434893185,31.416480161143724,-19.16975146237421,57.57488000547385,36.68650044799644,-42.73480420831611,46.40657635575845,23.49293928760539,-54.350282473392106,39.42922224479543,16.842656588279723,-60.03883128530335,716.6666666666672,3.680327498805464,-0.05855701798788496,0.019358981819561888,80.61872979772323,3.4520222595606587,-0.29562606682285975,4.694979901580351,0.08022535936354634,-0.014719726761278452,5.221812211004509,-0.04493010857972546,-0.001714297380468371,96.2336383509033,7.801967925831238,-0.0689689416358816,3.8922392635373364,-0.04903626084347307,-0.012371115779696767,4.667437182606607,0.030555841166467562,-0.010607741802825971,3.7489672874502924,0.2790107970138861,0.002033896550297951,6.249195894670077,0.08195341746857127,0.009334535329534668,0.4704531993416669,-0.011366785079698507,-0.0005984224721139609,112.91887705679315,5.609380545406907,-0.4086413954806357,65.43947556960282,5.250461333541662,0.014287528808375041,22.509329142294096,2.196281487401166,0.10366185406115835,1.1789158067259948,-0.00448223766464147,-0.005615638886327504,2.832690586143479,0.010763548434117441,0.004825604666767281,1.4369597735637953,-0.0007870415648472736,0.004349350754792237,1.6834816523299334,-0.044869507550968274,0.0011965392866165048,14.995582626855626,-0.08022972674666087,-0.005164418833311885,26.71695143280602,1.4365615621966523,-0.0076425219481853525,16.24561318168125,7.722543741089517,6.642418833184319,184.4949185632735,0.11468727779759093,0.08945450006614378,0.2905150376662587,11.777519430696197,0.010667931931925579,0.024115635172610467,0.015623493575507916,0.5198668617029597,0_1_21_p0
26.195063702397288,34.072791611046185,-66.01315597086898,29.021783012625583,42.25686506026327,-110.22939351010837,34.1053477247593,43.60703427017544,-148.45549894558846,35.36026610222177,46.80357139770882,-152.34338603989139,46.82995486031501,36.142396397229874,-64.81711635802948,50.637839295426815,41.12068517637133,-108.50916936065471,54.110002138047044,48.57844700517827,-151.0780502989739,53.23884117285749,53.667116805152084,-155.99874747020394,32.73703642225918,33.294609638412155,-14.02645159345027,30.03503988130078,22.172019859518887,10.44849654201611,30.625646465388435,19.494157543662684,-3.178953783846207,17.18823578813345,29.87316137250591,-20.40969573195911,13.646772952634418,33.28214485305884,-46.43250504793184,25.44820728230225,21.092403637308987,-61.488924995709596,35.458834652488775,18.56523430371486,-69.67139923964353,48.36140175634112,31.481827743508457,-19.130902927533608,57.62225246571266,36.35580880645997,-42.50210945829637,45.76828066746662,23.01987239497553,-52.86868931309413,38.49612823485275,16.230627295368745,-57.7477539244763,733.3333333333339,3.4192676948695038,-0.03275521890798026,0.023212740097745745,85.48155072225029,2.9957002231396217,-0.35542454204492774,4.69934307954429,0.05843490202620205,-0.012282547114982466,5.033538487377653,-0.043641698274333326,-0.0003305646614293417,106.07471106891221,7.716352289501609,-0.18770918869458295,3.839039436488621,-0.06440900138832252,-0.011447105479198813,4.39180004649034,0.04578380463532418,-0.0054325409649303115,4.1358231907306635,0.2709046213827699,-0.0014451204518445282,6.383190441125226,0.09083039288280652,0.00872200737084652,0.47071265633046666,-0.012906329439953962,-0.0008144821716704386,120.46516415344392,4.88210698704847,-0.5014600495040208,72.17632616912773,5.279160285574733,-0.06548733725492006,25.73037190849975,2.3942240935776735,0.06745965218893606,1.171711330506037,-0.007822317709913477,-0.005474990557997718,3.010624801660021,0.013521786778546293,0.004816298843171884,1.4060597670932558,0.001428052989103032,0.004877887699222999,1.6506813139619503,-0.04917281260272228,0.002314938142993704,14.33612518594206,-0.0742956057445466,0.004978546833066876,28.5225919820885,1.4315461372805467,-0.027236469553014772,15.692979498956683,7.438925122859447,6.946417820763219,199.4437781039995,0.11734563180704298,0.08576609460110518,0.27746493540452677,11.314016170754279,0.010042875143410937,0.02691485632354642,0.01327200328883482,0.6501073900400194,0_1_21_p0
26.207750594707168,34.00463904023095,-66.11967969050576,29.054914635781177,42.36044265631401,-110.29307359939658,34.1047207756187,43.605928594933054,-148.4555700662713,35.31370628801727,46.69523788572798,-152.2863599430017,46.9550117550048,35.864625359521376,-65.0187602301857,50.592263052465924,41.052078034895814,-108.52291236333416,54.101293990641594,48.62345912560316,-151.10741567382698,53.238925642646464,53.656982475722714,-156.01418408664412,32.775447673634226,33.198471724128,-14.037307039504213,30.038524240048424,22.161590017433586,10.43536745568209,30.647428102609513,19.433806927985607,-3.188769199166629,17.1843281525364,29.87393522084994,-20.419702526740792,13.70724783202454,33.07781826328083,-46.44292715072711,26.29038552559571,21.11060994033287,-60.45073707832736,36.620489168886415,18.392348900199096,-67.80430357579426,48.394789305835396,31.556361232003788,-19.096416297662643,57.63573155893171,36.00773415944681,-42.34707387661309,45.04163198475176,22.50593533856292,-51.35450279990073,37.408556183624746,15.665189492972301,-55.40170180034205,750.0000000000007,3.325847448508392,-0.017833839488187488,0.026253233538327016,89.67326189221677,2.472656030970538,-0.41334229298514713,4.7729799431587825,0.03370764523777355,-0.011517346411138423,4.984439695053602,-0.04135970795102655,0.0007250866105228025,115.82346443492935,7.376306142469511,-0.31134793501155333,3.7226569658574986,-0.08828430093344691,-0.009912119470470297,4.208308505664952,0.05371817798825683,0.00010898255600079346,4.553600280189065,0.26075619376429415,-0.00560044124527308,6.731076010985236,0.09981376111548404,0.006391893505203735,0.4737125225690063,-0.012911425724122046,-0.0009669248138421585,126.78086557806317,4.0143532731267415,-0.5911308038390597,79.0476658170584,5.186473271411872,-0.1500698258289191,29.033167763377715,2.57339657657508,0.026637632332176333,1.1301173341199622,-0.011784563510182585,-0.005070689415510502,3.176990754633514,0.03425818306915769,0.004139821858400852,1.4241288316878977,-0.0019562644053111805,0.004278985998522782,1.6065942790784973,-0.043758638366635925,0.0033874122490766753,14.021743791047276,-0.07077897586834847,0.014846481961523895,30.234965990606902,1.4257590354144671,-0.04779415962205417,15.553671052437549,7.300259370870671,7.321877034242023,213.43771729578097,0.1223619644047576,0.10065881424778754,0.26514830009094464,10.592375398367167,0.016163982467687847,0.02886112766555254,0.013459284361184012,0.8017177179450994,0_1_21_p0
26.23715735488209,33.90378679349083,-66.2107400605636,29.09870512305654,42.48517034748397,-110.35024542726268,34.10407252153586,43.601729255679544,-148.46060821911976,35.27318518695029,46.58397861013541,-152.2257811642343,47.076870288016956,35.6322024792226,-65.26571854054542,50.54568942272793,41.02733478696467,-108.54058741926731,54.089299365579,48.68495307064592,-151.1451166294523,53.23932418822712,53.651644053343794,-156.02437406959604,32.81419261554429,33.101374619236914,-14.051874377948486,30.039770342165824,22.155810562941173,10.421732384557018,30.66507439433565,19.383525426627884,-3.203872414578875,17.184272675206305,29.87753071800143,-20.4414114660388,13.826690078964566,32.80444757599884,-46.44587849903348,27.295347428884355,21.17716282005564,-59.28314741940913,37.99235489219727,18.448921340004613,-65.75508950987168,48.428657303544284,31.633158648507354,-19.063361298454424,57.600033664201625,35.638868794509705,-42.26780344099522,44.177593779097734,22.03032132313191,-49.86432827282568,36.11223234734728,15.377235758455432,-53.1604611403743,766.6666666666674,3.406816362276275,-0.004290337354574979,0.027689150032633166,92.74602880136385,1.8915839535364436,-0.4649199042939234,4.841133357350267,0.003407234504046147,-0.011523785415685587,5.0343532463397525,-0.03847694976641787,0.0004325707739110821,125.23250529914426,6.8068968564804075,-0.4363432727526532,3.5587426948603094,-0.11364239318789089,-0.007762245642234602,4.093230995634429,0.053071812127978596,0.004504207205243031,4.985973634270971,0.2507773666738273,-0.010268401291385596,7.095078296368714,0.10936771921754225,0.0018916165301819201,0.4780677436867325,-0.0123827976899691,-0.0010782086920455376,131.4902888283199,3.064869486241044,-0.6671181619957646,85.97156362267341,4.965096439588532,-0.239339664220458,32.343539003697174,2.739372337860157,-0.015874729841970962,1.0705086384517675,-0.018140426891569382,-0.004373611273679456,3.315780513570409,0.0614869694188612,0.0031517175065738988,1.436358909055818,-0.006510005672450417,0.0037616754380346944,1.5592575179339283,-0.031245302701455393,0.004571285951165825,14.524978416896081,-0.0724142866619128,0.020481402727764216,31.902595271314055,1.437870240974706,-0.0680764913932132,16.165244632943214,7.283778163261439,7.700058810130478,225.93998755007001,0.1311683152274239,0.12222219572446368,0.2582276985358867,9.671244325920172,0.020568569974456778,0.029352509536195937,0.015753444659151267,0.9559307957612292,0_1_21_p0
26.28592399313337,33.767162665972464,-66.28349675825673,29.15339093398699,42.613961945043386,-110.39918854693471,34.10307294391142,43.59317953215391,-148.47139138664548,35.240425183446646,46.48520385317559,-152.17069550551497,47.17498854044295,35.4492064747252,-65.52053141874853,50.49709439809915,41.029774540986146,-108.56057627060633,54.07692416757472,48.74764728936765,-151.18262878563735,53.2389021098936,53.64782403415887,-156.02907807274576,32.84396646544407,33.020747803777766,-14.07909356032288,30.04120930533355,22.153454709025915,10.411548715716581,30.675014845753413,19.35862856947675,-3.232398529013076,17.187946061596413,29.881800967903317,-20.4650836682153,14.034630222436018,32.39201073915083,-46.40259886073207,28.47012357135819,21.33033284250244,-57.98231400992926,39.52735992300509,18.846923404258135,-63.58917118517534,48.4615042203779,31.7103636418682,-19.028270215876166,57.495618702895634,35.22105251503214,-42.23196605914226,43.13628240953134,21.683222610590146,-48.45828670177791,34.58289127527103,15.473486129189014,-51.1349147583043,783.333333333334,3.593099529545767,0.01725777133251736,0.027771262353537843,94.49401770565579,1.2520445706016994,-0.5043714988898683,4.872644673127934,-0.025529697494853447,-0.01158106068079756,5.079355597898958,-0.03534957026846494,-0.0007821782104803111,134.10031843215705,6.044906418583005,-0.5597968498392281,3.49266115620092,-0.13737774245732481,-0.0050354473948324395,4.022898979946542,0.04799982168027915,0.007951543465412414,5.423120903858924,0.24489059579448585,-0.015263417539635957,7.393726506521853,0.11894871855861144,-0.002961033310474358,0.47332165205649246,-0.011629560265114015,-0.001167016339605364,134.62737628563266,2.0843104931647702,-0.7244441979663767,92.63784641493564,4.60174738635625,-0.33234053541821756,35.698701718188666,2.859057029117794,-0.05911635929801266,1.0002924110304046,-0.027244679130387403,-0.0035611874503920643,3.4333842975823647,0.083613307826352,0.0017680549696197825,1.4870326417444943,-0.00583238338898089,0.003610000691061205,1.5040877843468166,-0.020390091341900677,0.005829368144342245,15.2821182979946,-0.07345165356053254,0.014885703350763141,33.61786338351526,1.453766927613376,-0.08858349181816225,16.97675856361117,7.371891469809384,8.05860001385593,236.73047936169104,0.13979965328108737,0.1460534245441558,0.2600276035508947,8.597633602929886,0.01517734767713581,0.02871039244091417,0.019241073251177517,1.1020307332226922,0_1_21_p0
26.348967506209657,33.607370162502114,-66.33734524176131,29.218262115305503,42.728440408015956,-110.44379103046205,34.10123845014931,43.5809777798817,-148.48484087909597,35.219823569859024,46.41484773288566,-152.13035673806309,47.24058722338551,35.302159208969954,-65.74404260120812,50.4443370955635,41.04379590222807,-108.58184704915837,54.06755438793922,48.794154997069185,-151.21057682275978,53.23537173445849,53.63745593174163,-156.02761049183357,32.85923368253687,32.97378051031824,-14.118847573365112,30.044209750099988,22.16796077036651,10.403595236440703,30.6791057546973,19.368833307673633,-3.27668996309221,17.197486359896768,29.88479637992272,-20.487025654922107,14.351286829216969,31.787425194545882,-46.28746799640804,29.765272845994122,21.55709386836421,-56.55441914609908,41.127745087688936,19.517858034661778,-61.322348974205276,48.49073651523005,31.78344063988316,-18.99106232433943,57.301132073673514,34.71400299497779,-42.20163446332078,41.92985379573193,21.508199380997283,-47.16512936026311,32.88647242571261,15.87520346684212,-49.31599435972114,800.0000000000008,3.814860130873152,0.05137516112388318,0.026902449160424304,94.97270131742445,0.5661505608007276,-0.5286575711942098,4.872501898111327,-0.038168951216954024,-0.011448260177432005,5.083732574135008,-0.03412643861593907,-0.0017746062868957044,142.09918202349743,5.122027672119675,-0.6793448603131657,3.5401794593507887,-0.15881696088157302,-0.003429584946131694,4.018708653677361,0.0449071425378797,0.010653028148739457,5.830963037677305,0.24718975725730055,-0.0202185132899795,7.598399278542456,0.1258395484971219,-0.00710559817578724,0.44844493769969457,-0.010646409457375435,-0.0011546085800149932,136.20263176129168,1.1163209644447183,-0.763948759001636,98.60402978121286,4.089609597037652,-0.4249595004352219,39.192614818878084,2.8700922627887255,-0.10354929176741541,0.926987696650485,-0.03675351358003595,-0.00269672579302306,3.5126404569169387,0.09865133003621324,0.00014477536936744178,1.5887649214624546,0.0015832436556457979,0.003391337681051876,1.4299312799432646,-0.0074924150684565465,0.0072508926017006425,15.839135572158575,-0.06658444423837176,0.005148612580916633,35.40662796035886,1.4328678371901953,-0.10973132361025029,17.56740980535758,7.517642471906706,8.371382661987628,245.54793462304832,0.14236951984358284,0.17462394312366397,0.2688712142417616,7.404011460472236,0.008774835436868545,0.027545592632001212,0.023235143654706088,1.2361739488697447,0_1_21_p0
26.414162527958098,33.44618997365067,-66.36959031202075,29.289635836280105,42.823717241162825,-110.48975401480214,34.09831085918971,43.56724987387136,-148.49651275787065,35.21556257683904,46.37816291813368,-152.10814033081368,47.269825844647855,35.17344866270349,-65.91105233916991,50.389597524877495,41.06094912746919,-108.60447506952171,54.06279619578023,48.816562923491304,-151.22498576565272,53.22724483011465,53.61454749295193,-156.01885801777675,32.86039339220383,32.96648661718417,-14.166146925920643,30.04893261297386,22.22048175349933,10.395756464899225,30.684385591372482,19.416658554086926,-3.3315183470107588,17.21226652366569,29.886647504003967,-20.509169599014136,14.774147167044024,30.993789498718847,-46.10833114807894,31.101296088928954,21.794350757468326,-55.02681420312822,42.71619553009971,20.320710342588363,-58.96332770048597,48.511242996334374,31.840955826136735,-18.9553816703147,57.00318494360786,34.10453758040051,-42.15818996331054,40.62310572190988,21.485379841382972,-45.96305056690706,31.14327810757786,16.429812954281413,-47.61280264609936,816.6666666666675,4.045009749180101,0.09379610731051069,0.025468017221399415,94.28603648436352,-0.12857235010374476,-0.5379816607838813,4.858522002166233,-0.0266459099301132,-0.011040849155138789,5.0946001007042865,-0.03541270207442769,-0.0019579432898909226,148.77477851111232,4.074225087964507,-0.7895188118869567,3.6457806750930044,-0.17710396575218865,-0.003153456511829365,4.148306850846231,0.05002912750261762,0.012255554690507401,6.154531607399385,0.2446026762659778,-0.024570301394564783,7.702457879736111,0.12688127937164578,-0.010237557016577565,0.40467099493338016,-0.011043376118086104,-0.0009375663883323164,136.0220656884487,0.17886444035781035,-0.7866199034635528,103.59070996661748,3.4462802098981813,-0.5086832663589586,42.86138460254332,2.720151003838407,-0.14998616534626366,0.8623949297900037,-0.043133635441363324,-0.0018213278316905606,3.5529317466914967,0.10585286463576218,-0.001144333367224147,1.739391920394285,0.011664350374274613,0.0027055437981816947,1.329702106281922,0.008243232765352692,0.008959571455200648,16.184276123752156,-0.04831974751171421,-0.003071911349946145,37.14538957148302,1.3321670427110346,-0.13155386255026844,17.923689660306078,7.716329352078007,8.608531776595806,251.97754613533797,0.1357706045305148,0.2086530796132595,0.2678531364462239,6.140125574255352,0.010688508455795153,0.025959852929761093,0.026961260347795755,1.352895598614471,0_1_21_p0
26.470398760905113,33.30216452550057,-66.37975892380224,29.359788165240847,42.90516174110494,-110.53782851561233,34.094921484691696,43.554845609721404,-148.50480549650064,35.225281160686094,46.36396588989929,-152.0984509509772,47.25921352112012,35.05294118718128,-66.01451675923646,50.340283783449856,41.07499908605753,-108.6276406685804,54.06166256495786,48.820451580478505,-151.2293514773728,53.217065783461415,53.58516442135538,-156.00503908968693,32.853080259081615,32.98654151657951,-14.216784930143126,30.052954412964134,22.316351811050442,10.388882508365803,30.69468585288379,19.50336947172614,-3.3898724540553293,17.227070545249042,29.888633101678874,-20.531609975960595,15.276971896598262,30.06778497303511,-45.89388656924627,32.428744761905044,21.989689637455463,-53.43243977527186,44.27935498282759,21.177771942729663,-56.55532374584424,48.518036896191866,31.870323105901203,-18.923842015012728,56.61156848094131,33.43054439942542,-42.10784836858957,39.29023569429021,21.57229102323102,-44.81580643140908,29.44987233576847,17.0548668973691,-45.95975192955843,833.3333333333343,4.311455596639067,0.13507575438819117,0.02339175262876385,92.51756449558479,-0.8063673705735601,-0.5327699381642823,4.835387126430784,-0.003900971283626771,-0.010415058319486074,5.143716992633604,-0.03601097762778688,-0.0018325247739185248,153.65322095971342,2.929926291519944,-0.8811058792760177,3.5935588822245217,-0.18147609870710985,-0.0033870909048771204,4.449083439424049,0.06816212220470816,0.011721634828949428,6.362393837526694,0.22407672992839103,-0.02770119751241401,7.762531604296522,0.11934233437814996,-0.012632875429954945,0.36058815762739177,-0.013328000580861555,-0.0005592000493488078,133.9240416685881,-0.7506353287434413,-0.7906636245632107,107.48276515422835,2.705974049450411,-0.5786130847724562,46.38848958519659,2.408354774567278,-0.198267670803302,0.8078280125979165,-0.04509764378546534,-0.000984966963873666,3.600316160468342,0.10876831673003343,-0.0018452487195830228,1.9044058952594765,0.022025799325104452,0.0015376073124161076,1.230159800108952,0.022454796850296728,0.011009967921105509,16.377124253776145,-0.017517245241814697,-0.009838833425037895,38.6139104972364,1.1391293717303892,-0.15252745392717598,18.123661212109578,7.897436991415053,8.764890213891997,255.58020165890622,0.12062108711037235,0.23488804406694377,0.24911070871530522,4.921725723935384,0.016012251084541556,0.023783433809114202,0.029651892456590202,1.4432486813393004,0_1_21_p0
26.513585597830865,33.18327571343699,-66.37220663253241,29.41810506846388,42.97905603308777,-110.58131771680794,34.09227513354014,43.54659590699932,-148.5105527679529,35.241066853355285,46.356852666443224,-152.0930385478299,47.20938261326108,34.94599425078228,-66.04961912499893,50.30199861858837,41.083587823962304,-108.64978764234866,54.062038872229415,48.817199489927944,-151.23020211652522,53.20999874994027,53.563778612388425,-155.99123245448476,32.84329279458745,33.01690770102911,-14.270193211966028,30.051448974345057,22.43186293977832,10.384403535908751,30.707296228427523,19.625908988993757,-3.4502275212566094,17.238808409904802,29.89013186081776,-20.550688517435237,15.826827293981397,29.080570723498656,-45.666389216128216,33.74462714547184,22.141801214219083,-51.79155372923451,45.83186540539619,22.072721898894365,-54.16315380999339,48.51075738108138,31.86871675845419,-18.894438509820926,56.153410944742575,32.751624254705106,-42.06301859091382,37.98141542746798,21.731956906079457,-43.7215029603982,27.84425865326795,17.74856208674019,-44.375417748497014,850.000000000001,4.505568501610133,0.1720948480172806,0.020204999310034,89.92654508076505,-1.4711843520950414,-0.5133951179895272,4.803978148506768,0.008061349709417045,-0.009680917558074183,5.217940126891023,-0.03413424763569719,-0.0021673378426177205,156.29143365350384,1.7106744708591812,-0.9468064214976085,3.312977839309037,-0.17306768096058717,-0.0015822177257977103,4.828104299980965,0.10097675872335152,0.008590351372738277,6.4795565316949855,0.18951893940219167,-0.029237813412447647,7.850521931081025,0.10071959852034063,-0.015093618734629314,0.33508469244033395,-0.016445589107104853,-0.0001917080277256665,130.11244973086403,-1.689635355060231,-0.7663531897341058,110.21392621163969,1.8952651491981207,-0.6332901815689453,49.531597831263255,1.9841713136937487,-0.24410944007371796,0.7565082000096149,-0.04521194444385577,-0.00017488561162749342,3.717340655703195,0.10299920149155509,-0.0024809319668628147,2.021753996572179,0.028725482221526648,0.000329176181092047,1.2115455584202277,0.03388709085106153,0.013059316055910328,16.481121315323026,0.02408331070632599,-0.015856338841293446,39.80312736752702,0.8825649614013154,-0.16967923115605102,18.25535686862295,7.954554952020814,8.881524669182962,256.22763593201074,0.10355888846775074,0.25273293497119614,0.215850061985553,4.032975268438952,0.021891569335163345,0.0203867225732238,0.030898623291848042,1.4956588556697086,0_1_21_p0
26.546404493566044,33.08738953317899,-66.3491977423105,29.455489907784195,43.04745257574236,-110.61096160485823,34.09088548492214,43.54349788503676,-148.51399414077292,35.2543941350702,46.3526780891417,-152.08904824429158,47.12520843850714,34.87966915895625,-65.99924035735324,50.272794990606265,41.088949349871626,-108.66710700978209,54.06252739086721,48.81416645069548,-151.23142440376648,53.208144692600946,53.55695250842836,-155.98062842450278,32.83177011926529,33.05583358572951,-14.3285286899132,30.04119307233798,22.537088846808867,10.38200131227297,30.718875051223222,19.772913512787195,-3.516311795683017,17.25110529866816,29.888481048825287,-20.565189232434083,16.402531595302587,28.08966458850883,-45.432257222759475,35.053898289479854,22.28499968540826,-50.11984792388101,47.35981947859926,22.996672944415668,-51.836002640454005,48.49441478694428,31.845986860264137,-18.861444372690517,55.64939438883489,32.102253858580816,-42.019585077906605,36.732629007507065,21.931734511431735,-42.70876405484649,26.322488527987943,18.516289458827718,-42.92801619360321,866.6666666666677,4.607427940225311,0.2030834163753159,0.017271586273199968,86.78830932530828,-2.121110647078776,-0.48301231676000445,4.765525718234002,0.0077196002993059525,-0.009134494794339107,5.285731545560026,-0.034746089002411655,-0.0029220853210518006,156.52342651338552,0.44485085034773514,-0.9812437585843395,2.8888624921015245,-0.15972593967642745,0.002603595421074822,5.196592508646628,0.13948034208284987,0.004403338295061043,6.549123454921954,0.14411139252410918,-0.02949709756878724,7.973340546389377,0.06781894778553887,-0.018167366338951413,0.3306684377921802,-0.01869908838025426,1.1951614414090414e-05,125.05741821826463,-2.6106604981838775,-0.7170096668823734,111.73727799630812,1.0218222597959035,-0.6721558883790032,52.482256812385735,1.5036817700662413,-0.2844985031721141,0.6968320070279698,-0.04362422800495871,0.0006425585027891855,3.9209537266053758,0.09192341494686937,-0.003968446672222816,2.040438503960683,0.026872656981770545,-0.000346524132176825,1.330434562447996,0.04549119303324935,0.014076589642377294,16.46764472496115,0.06925709361115581,-0.021594257693913474,40.91759210241998,0.6004438617132146,-0.18282363806024954,18.29637893836476,7.89120918773442,8.998618312004302,254.19241153481724,0.09693273283159846,0.26634077679111073,0.1711069837835769,3.898690489737279,0.02821994268323035,0.017724505278780348,0.031133042400649485,1.508846590377162,0_1_21_p0
26.574597279710467,33.00756940961267,-66.30298560547514,29.47000310322795,43.10321561044607,-110.61884627887927,34.090302357317206,43.54396353796419,-148.51497010330414,35.25870829204548,46.35966366918926,-152.09005362722397,47.0115738240745,34.889914749398784,-65.8522437342397,50.24743233123824,41.090875339489145,-108.67025148055424,54.062958642310456,48.8117832670902,-151.23262583625564,53.20933554258333,53.55876979897075,-155.97408870562543,32.815843898947996,33.11096364329643,-14.391106656846878,30.023724682852855,22.622821451025303,10.38060793686421,30.72911778930072,19.93128253076933,-3.590770860438713,17.266921465029313,29.883483596313265,-20.579828084603914,16.997524596453005,27.13647986834754,-45.19151594389496,36.33615075249506,22.451292952233374,-48.4422020446066,48.80430604739875,23.94099715847128,-49.585391552044285,48.475103894532204,31.81550666143591,-18.818502263527087,55.10613799581928,31.48338937680321,-41.96101717355132,35.582070804780244,22.12782308602759,-41.79685119249107,24.871313197767876,19.32360651676219,-41.65917832093581,883.3333333333344,4.711693930254653,0.22498608872861164,0.015318174700356313,83.10018751132328,-2.7285610465526653,-0.4451663376918913,4.71294921420189,0.0009344259855876558,-0.00854252075816486,5.318979286354348,-0.045363249182085556,-0.0036915602438861057,154.55465862652431,-0.8353521502609396,-0.9830848447088897,2.423712034407032,-0.14260893765202473,0.007725482536085273,5.485050639095322,0.16951569497156468,0.0005605749663450121,6.601199548843494,0.08864442899824804,-0.029209011797407026,8.122132202570036,0.0214857350819802,-0.021509919592933798,0.3291891437816345,-0.020158646649758066,1.4279003344344241e-05,119.11320235472476,-3.4501695824739955,-0.649839671046678,111.97191095188586,0.08726521192532836,-0.6950150137441461,55.270571613019506,1.0003268039067268,-0.322370846210805,0.6260018117105461,-0.0398809695131169,0.0015700435944035382,4.143255623636891,0.07932386961869581,-0.006560226842240684,1.9829329236909266,0.02861778474921161,-0.00015311096735262704,1.5183368058655693,0.05898991329521833,0.013320618607784081,16.30553990994223,0.09252455611949877,-0.026303224327545033,42.06664974427044,0.3082384241392603,-0.19484884886598475,18.216466816338016,7.797323073164318,9.107924733005675,249.75043086909733,0.09498647428514921,0.2753719556599799,0.11895790951270045,4.6023932889523556,0.03397846745984336,0.017619473810157413,0.03113161748618911,1.4872905355113368,0_1_21_p0
26.602026047269167,32.94075101858702,-66.21709236658309,29.467842383782937,43.135172316164244,-110.5998764994973,34.0899429906009,43.54563720408013,-148.51424825495977,35.25189130888147,46.38521290990206,-152.09992222418214,46.877453243188995,34.99580317858618,-65.63724923652818,50.22407158273965,41.08382709336972,-108.64650016427791,54.06406477200245,48.80546559539869,-151.23063240233134,53.21087561328067,53.56123456764921,-155.97174524958328,32.795122124689755,33.181353292998196,-14.450903075920992,30.003081587373124,22.697136282116116,10.379647843530698,30.738380472509423,20.090859790633647,-3.670936546557328,17.280944735597856,29.879373028294083,-20.598667620204303,17.610249062552963,26.245284814171573,-44.94688951303532,37.54783225429531,22.638973864650453,-46.782830596904326,50.09263716827922,24.893258706662785,-47.388580336204356,48.455274497569356,31.78341900881614,-18.763150681024758,54.527325275550375,30.892743068011118,-41.88620627658247,34.55872012160883,22.271961444797366,-40.98134230021483,23.492920265624406,20.110247746733005,-40.554208127510556,900.0000000000011,4.926089424075227,0.2391768469947892,0.013614116377116408,78.69717575420881,-3.2540230587251866,-0.3996282296812562,4.657885802510568,-0.010771235012815517,-0.007641204679019676,5.307335295359525,-0.06057578927578529,-0.004306370379393411,150.65768968644133,-2.1071438488251166,-0.9557508194100686,1.980373253471833,-0.12125709351073197,0.01265676778178981,5.65522874337392,0.19115894892201712,-0.0022670924945480406,6.682162772597344,0.026288239105664246,-0.028924795977986306,8.2603385914665,-0.022953397680125262,-0.024624080989794,0.32538512487519516,-0.02118617218408398,5.680252560946589e-07,112.52863521673434,-4.175315153781657,-0.5701358685506508,110.77959122908112,-0.8917139126963464,-0.7012477796408962,57.52546593887866,0.49074008132900204,-0.3585752733701199,0.5609407660224129,-0.03497133667310445,0.0026702518996377855,4.307865953995552,0.06310411874657774,-0.009353373268225686,1.91731251070281,0.031293141277946857,0.0003663457830835541,1.6712991860637425,0.07319751972240193,0.011449985674390827,16.0536877754082,0.04271525830474801,-0.029427545317834376,43.10013805540159,0.005205671431746592,-0.2075605734977012,18.05419853762447,7.7751308966855825,9.21438595600973,242.95549488529176,0.04849176999350842,0.2796951592054864,0.06920419656176974,5.791362892181429,0.038370897670306464,0.019270371455145686,0.0313451339574353,1.435882853175689,0_1_21_p0
26.62785705175173,32.893800078358545,-66.07971380866968,29.458191814202728,43.14433512871531,-110.55683410084907,34.08956927874044,43.54725383203858,-148.5128691683501,35.23753021204229,46.42303600251616,-152.1158553699537,46.74209802874851,35.19174273831223,-65.41810973760202,50.20395768858854,41.06298462265035,-108.58922460466552,54.06652073381202,48.79124648326669,-151.22311256009075,53.21170772531262,53.561490589930806,-155.97239713726475,32.772184216605396,33.25764987471885,-14.49795518815718,29.981976622584067,22.768968975564597,10.379055464974668,30.744635226109658,20.240389473390714,-3.7500384316178046,17.285515883085825,29.880057426929973,-20.617699734392698,18.236573257698183,25.423218512214614,-44.702258228450276,38.64454226546994,22.82345061248415,-45.15047855100478,51.18373605037727,25.82456287456792,-45.21750636038435,48.431987758312346,31.744378162996295,-18.69977398339461,53.91940531148819,30.347662630507244,-41.821293789549955,33.665807254510355,22.35774311652677,-40.247788292531254,22.21726118962346,20.835980413486013,-39.57573866234022,916.666666666668,5.282567555163751,0.249000386581696,0.011002148608014729,73.61707918751932,-3.673123106536892,-0.3438869430008332,4.639167347638433,-0.02628688466494958,-0.006636622210383421,5.230118505094465,-0.07069008475795796,-0.004962145385011735,145.12723113823685,-3.353570105976083,-0.9031412437030415,1.592254471168985,-0.10914249669340648,0.01727098756303752,5.736127585613045,0.20497048998058626,-0.003794055152556588,6.817435535791439,-0.036762693498339986,-0.029213308239012838,8.32789872452125,-0.06004514010761101,-0.027056394862412046,0.3242321329589951,-0.021300301599198115,6.921384911734115e-05,105.8832815801133,-4.790588383281963,-0.48153026896284523,108.12631832129378,-1.8748429717774826,-0.6895442258845857,58.5989976093074,-0.01919443896817559,-0.388551013862481,0.5132553497408624,-0.029176827324496946,0.0037812736110622663,4.3811882319423185,0.0410421110103992,-0.011384759526977489,1.8870681054354297,0.0290296888499513,0.00030915850172077807,1.7976042150433102,0.08876057894726894,0.009969503295691014,15.799051650523328,-0.05017615699654682,-0.03180404624341098,43.65375968873768,-0.30065414927226985,-0.21937542413402325,17.859561311011717,7.856495237559196,9.337778712722656,234.00766097334093,0.07825001968999593,0.28470700399016685,0.06104875768458505,7.165451257557408,0.04175578834609378,0.021409240338583765,0.03204800901956367,1.3566415252232793,0_1_21_p0
26.649344156356992,32.87425195954229,-65.90124040511272,29.448264370150074,43.14362125437803,-110.50239656646983,34.089197646630375,43.548643710848786,-148.51141780501104,35.22236980418172,46.457462260029104,-152.12968772154863,46.62526105562463,35.459211190066306,-65.24713381720177,50.18732221886677,41.03016920766496,-108.50649549651553,54.06987269205455,48.771669999536265,-151.21184286907055,53.21189724967489,53.560537054902625,-155.9739661465772,32.749421593159376,33.33277799154287,-14.525167320201199,29.960959497680946,22.84185751804619,10.378407934830333,30.743485532478594,20.36614311943506,-3.821354519823492,17.280559592406274,29.88455739215729,-20.62838658402483,18.87099001165439,24.67308266804332,-44.456508955601905,39.601664980389096,23.004261407636967,-43.54851978359804,52.08496026854667,26.714565908407323,-43.0815240863873,48.39797618025136,31.68399895585376,-18.634950892727463,53.28943603680938,29.882295771217613,-41.79812467830902,32.88529969530622,22.455715927238312,-39.58688079391962,21.094976851386683,21.52642136780574,-38.70311703407628,933.3333333333346,5.69159109835065,0.25659216457675726,0.006922330977717525,68.38665399099813,-3.980994342830007,-0.2785826093590002,4.696055752287955,-0.041022270367133025,-0.006247498985235911,5.08088327490378,-0.07267925310879463,-0.005467660664698947,138.32941364682188,-4.532764729842389,-0.8297137824490917,1.2806120837793422,-0.10574914770663973,0.021707751701563735,5.808881808136359,0.2078140912321794,-0.0044268129202046005,6.8863811824706715,-0.09256159897267288,-0.030049080715629305,8.272312417003409,-0.08978232947284183,-0.028667635111384253,0.30720244953857423,-0.01971202731205234,0.00019287383163288203,99.67796132824617,-5.304508022197927,-0.39220140095587264,104.24458043442654,-2.781431365595771,-0.65971396852763,57.978943250489195,-0.523892948377997,-0.4038845227553322,0.48691506828991676,-0.022666900914141225,0.004673034640685882,4.3499882811036,0.016360665757124696,-0.012211291194352016,1.8865517732817636,0.023931331282351084,-0.0005212367682393299,1.9250355287540941,0.10740063847127204,0.008830918720311307,15.586402146481053,-0.1457698213278918,-0.034504069580892804,43.32964009821188,-0.5979644344985904,-0.22597846680415548,17.645596748093784,7.983739012213879,9.40199890792493,223.3626067397918,0.1712007812351784,0.2894473285937648,0.10255802091727605,8.541380727538955,0.04485938163330568,0.023899510540650214,0.033031713973970346,1.252742689934372,0_1_21_p0
26.66746460287391,32.87488662884957,-65.71691731790546,29.443162854610872,43.138663743292675,-110.4510843902054,34.08891845194506,43.54999157535639,-148.51014609708997,35.21259365951774,46.47869178499596,-152.1358426419037,46.527395632457875,35.77257597367844,-65.1280538700359,50.17214881512172,40.98903214805466,-108.41756790525083,54.07354849761838,48.75005650097993,-151.1990336287901,53.211748807575276,53.55988055651761,-155.97496105883218,32.72675520203246,33.405371702884864,-14.532969172536092,29.939594860605272,22.916107443030135,10.375980481963474,30.73194026676434,20.4612191576371,-3.882469021735541,17.270889588285193,29.88935518450278,-20.625416730533942,19.5080580117156,23.996607261052223,-44.20332005824944,40.419754458905274,23.215366435216488,-41.9936683083688,52.828488680471,27.58831336889359,-41.047582720316235,48.345855170041986,31.589677435605118,-18.57048145348695,52.645080763871576,29.521732962708352,-41.82306418483228,32.18841524884616,22.670707243042393,-38.99977844693526,20.159506432739587,22.27268692163243,-37.936305628755434,950.0000000000011,6.02407599133038,0.2577482690698032,0.001993435282622541,63.40180817002615,-4.171593215067052,-0.21151941621058415,4.783480026583427,-0.053192183730894446,-0.007087383436975835,4.8966576150994925,-0.0721171813696973,-0.005600904724538138,130.51218957570904,-5.5659369138576045,-0.7413297563192734,1.1943830913978863,-0.09979240429796639,0.025701422612703268,5.944996016739826,0.19406735931467506,-0.005395919621574738,6.792660091451767,-0.13436370339699447,-0.02956041997881407,8.07223423598362,-0.11546300415876766,-0.02946811076868176,0.2689363350018234,-0.016960953825103268,0.0004821907331980102,93.68265248937959,-5.710292952675483,-0.3095215103423021,99.4437449075849,-3.5746229515083883,-0.6145045715535447,55.69151491513141,-1.0131101647018783,-0.3978047139132785,0.4852472948957464,-0.015373671613441964,0.005196831467611592,4.359305672789279,-0.0052711150504724,-0.011625889657879173,1.8894105882665508,0.015235328052207436,-0.0014613670725636579,2.0580009269641644,0.1294594611341697,0.007667155034438753,15.433570181207765,-0.2341068336554773,-0.03779358102260158,42.00547252387239,-0.8724325986472639,-0.22260939433122517,17.417119569516984,8.09758991172026,9.382188349822066,211.2446486581751,0.2610320189048863,0.2869664108692024,0.1446056632863736,9.777994235470546,0.047924151727362356,0.02693106387060946,0.03254551802696911,1.1294339905166082,0_1_21_p0
26.688281178505264,32.8776304821707,-65.56551402607931,29.44823474520123,43.12023661595189,-110.40988368908833,34.088773624639934,43.5515044416073,-148.50910339314294,35.21069309879741,46.48799807708157,-152.13490490295754,46.42932258386098,36.097630712305666,-65.02316311331879,50.15558611584764,40.93693769137441,-108.33903204558895,54.078777829665285,48.71991685967239,-151.18102017183094,53.211485822268955,53.56030693089539,-155.97452459207756,32.701158817380936,33.47793226490639,-14.529741273441877,29.917578392203236,22.991363731872035,10.369594805022968,30.71210042562702,20.53299706344061,-3.9359744192180495,17.257123348714828,29.892695593276418,-20.60610697575806,20.14126748360466,23.375971270182134,-43.93333242108371,41.11110685477974,23.48517071549068,-40.51251775914872,53.42837219005876,28.50512832101063,-39.20673217619982,48.2750198421555,31.46373015149681,-18.503981891535943,51.994870708678235,29.251005291946274,-41.86611808878901,31.5423365276365,23.04312966117779,-38.485335043963694,19.39268738332626,23.14303454428646,-37.2737009815002,966.666666666668,6.261750219064673,0.24451797166262504,-0.0028422902924511106,58.55096451629761,-4.248904510282249,-0.14871768547811298,4.8159001472216065,-0.06498840400756642,-0.00842939785084176,4.709798496469051,-0.07744017621899127,-0.005708654589553096,121.89375541379103,-6.400128396632889,-0.641490338868473,1.296224049128529,-0.07276952673043872,0.0270239573765536,6.18208856345688,0.15941111175754172,-0.007733254195792155,6.591751378483168,-0.15955640417282863,-0.026573541791653298,7.759989872475186,-0.14445086355086847,-0.029443820040238614,0.2237693627350941,-0.014242405495583504,0.0009121964282092248,87.57434673088969,-5.885917300604681,-0.23089291773832432,93.86845280757463,-4.248891389992519,-0.5569793719552153,52.27189884770033,-1.4653601137046033,-0.3704967675365533,0.5007366400681583,-0.00710552183905387,0.005329710077186879,4.377678608516805,-0.02645043106882478,-0.011492624045355055,1.867842006886695,0.004150601151533434,-0.0019541861447612665,2.1917880150958564,0.15102023328768663,0.00645911406256062,15.356832287450516,-0.31807480936606264,-0.04162906833388345,39.95542585382575,-1.108626905144113,-0.20772704405848239,17.206096033842194,8.176891716412412,9.263268886478977,197.83494461421654,0.34933885603214637,0.2671179241912264,0.17430250735930441,10.730167120574283,0.050989389767961475,0.028355217843248095,0.030154407288626867,0.9887791806283834,0_1_21_p0
26.717498180139206,32.87091217536246,-65.46238491828656,29.46860673177014,43.079604427418786,-110.37677751965207,34.08874756650286,43.55329328684616,-148.5082380610298,35.21590724795073,46.49031381789119,-152.12999468669094,46.31809670739908,36.39712631638862,-64.88951235988867,50.135904074635405,40.869903761511786,-108.273538004042,54.087234911618,48.67229021722453,-151.15250642694622,53.21127928446452,53.56240333487009,-155.9718355420873,32.66875455940209,33.55462948488291,-14.524290267703766,29.895519964031514,23.066146329499773,10.359099370551483,30.691199237351995,20.595917281572433,-3.9845351392033326,17.236609307178494,29.89414232760889,-20.568454927545933,20.76496152739334,22.775760815217886,-43.63502423477737,41.67746722879063,23.808191427008783,-39.12489990130906,53.85220519987482,29.497461935542763,-37.60908043523174,48.19597018500087,31.325621708281727,-18.43427590455942,51.3479660424237,29.024073387556847,-41.882008536898475,30.935460878060606,23.522590992763003,-38.03176051932478,18.75296177637346,24.091325854024557,-36.689091313687435,983.3333333333348,6.465518940499242,0.22631857519001924,-0.007570858814460625,53.66489101606865,-4.249484528260445,-0.08907541662371596,4.815137084033879,-0.07858251988888455,-0.008842132258103921,4.512347152341478,-0.08747297809011034,-0.005968998316312438,112.74747382412824,-7.002304089263484,-0.5317264841938361,1.4431503413422089,-0.02535507007220019,0.025953376029520137,6.4840051777330885,0.11183387906123982,-0.011759009516988266,6.297494078592301,-0.17155184214903868,-0.02220494498683556,7.400474657908309,-0.18168010220146472,-0.02857041216452083,0.19022633062665276,-0.012727055223742605,0.0013409157874556899,81.30525668068576,-5.87303801618713,-0.15224870453813968,87.50366006606629,-4.803178040110316,-0.4874416752420263,48.28559845949337,-1.8732534540040384,-0.3287336038598024,0.5173479104316564,0.0018160598319243064,0.0052754357936601794,4.389476025863061,-0.046004913304795954,-0.01132378827863746,1.809149621819814,-0.0037698089935493378,-0.0018264352354904084,2.3330492094606905,0.16197603203293712,0.005212509686015525,15.374981590109398,-0.39820947115324873,-0.046089584786390456,37.52924990778672,-1.3108084336231967,-0.1844552404024325,17.063325703348276,8.235517723394036,9.06153831253667,183.43058013687374,0.43769674713445694,0.2443235281715387,0.19422074818360013,11.398224267098495,0.05422654587038045,0.02827523147650302,0.02644751530328705,0.8328874481085312,0_1_21_p0
26.755326711110595,32.854412916291956,-65.39236105654551,29.5051966896854,43.02443911882534,-110.34475433023832,34.08885996470821,43.555181454614655,-148.507621826767,35.22811144849205,46.48706447264775,-152.12248563934904,46.20311766786393,36.640663975942346,-64.70796887045347,50.11479174503223,40.79346413774134,-108.21050664203354,54.09798071698182,48.61248914668019,-151.11645812054056,53.21127420160294,53.56647847665463,-155.9667293874434,32.62977738971804,33.63650969489378,-14.517328363642568,29.87568244096737,23.13505320321594,10.347107696828099,30.679731875004133,20.660763800269283,-4.026200065674997,17.20977705329539,29.893535409755007,-20.51732496320235,21.37220972130564,22.18258726138991,-43.30599197398632,42.10073660245599,24.14186126422031,-37.83756773555163,54.03680333002669,30.488529544711117,-36.223431267638595,48.12440487085631,31.199555142216944,-18.364765314135074,50.717976779036064,28.803487978763165,-41.84451320502976,30.40671266805851,24.022087550699,-37.62299831077335,18.24083502894785,24.95912566803069,-36.11255450635495,1000.0000000000011,6.700638779437567,0.21193878101715719,-0.012325134334248923,48.74484619392679,-4.204839034407831,-0.030584824874569802,4.786996332942597,-0.09443016613469937,-0.008496856230371492,4.303990957322319,-0.09673311160931813,-0.005981166648553207,103.29318218101525,-7.3699665281638325,-0.41359058237727764,1.5835229010771275,0.027597937107832198,0.024093595115258416,6.751043930238422,0.062126802483432005,-0.01646196683297931,5.883266715162786,-0.17737898319681122,-0.016866397906614945,7.053362037214939,-0.22283503277852296,-0.026695767108481434,0.1713328228226353,-0.012697240673956882,0.0016438151287153481,75.02832184095324,-5.733241792573429,-0.07435966758108303,80.35664399593833,-5.238751934750319,-0.40521598045556384,44.03806982197862,-2.262166116586995,-0.2796525520036065,0.5319027914232087,0.011766090405870488,0.005099127104912152,4.366848798913951,-0.06414521956445257,-0.010927378008025034,1.8533956029260719,-0.004252928915600585,-0.001242128490453768,2.491442978506772,0.15605064075012529,0.0037118941391440048,15.409612132839758,-0.46532734078152393,-0.05115336494979874,34.85854235269581,-1.496973697575304,-0.15706021602038348,16.94715498579591,8.347322550860033,8.752001460575999,168.33963965439906,0.515931183310536,0.23527587237496286,0.21093830650010775,11.819399246570349,0.05770035292091009,0.028256516505211524,0.021819246876877692,0.6669933943688847,0_1_21_p0
26.798314226222065,32.8294339888932,-65.32278739736826,29.55191120005804,42.97144814459242,-110.30533337806305,34.0891879962759,43.55676080195426,-148.50745700200198,35.246103929106916,46.47839913624485,-152.11285691103714,46.10182042646447,36.814686191475275,-64.48910990462375,50.09673904085622,40.717057294166636,-108.13471222397774,54.10727071108943,48.561102882470436,-151.08483733905675,53.2115312262527,53.57141999710685,-155.96111570801742,32.59050262570621,33.71821142085679,-14.502940225979351,29.861351320851025,23.188334195685464,10.337445692693452,30.68780940629589,20.729946567841225,-4.0556631709837685,17.179259627495913,29.892350209080938,-20.46539440570706,21.944196440410156,21.631646571089394,-42.97065783030644,42.3577070762439,24.40986547522824,-36.650394744988226,53.95085940661788,31.289277809928766,-34.966937454906486,48.06841800069422,31.09638514780322,-18.302759620288338,50.12542255871121,28.583303736985272,-41.7632364761006,30.02841950106158,24.439529372869146,-37.231105445469126,17.906318424116876,25.55379244515504,-35.438710336633186,1016.666666666668,6.9944690671981125,0.19992140830217117,-0.01696440023990555,43.93568292048605,-4.102839491682399,0.0266081347069651,4.679564832158034,-0.11121083568124898,-0.007694986916624737,4.125716407202973,-0.10307250545731905,-0.005194599938935549,93.62534756676752,-7.529365434670621,-0.28941434233696967,1.7398862921993299,0.07620912353895623,0.02216169943972585,6.960615229464686,0.019065424709758003,-0.020325790163498378,5.380297220855935,-0.18309457299596732,-0.010237511363115829,6.750777331166835,-0.2599934956293678,-0.023930253974474992,0.16027516092547275,-0.01237427731112768,0.0018262650669902845,68.86056152159505,-5.487168542018716,-0.00019101641290944493,72.59585493222822,-5.553620255024911,-0.3104490506096987,39.704640223632204,-2.6392567626916414,-0.22709198661969246,0.5459385883552006,0.0219133516029974,0.0047735987351674005,4.262342294769075,-0.0788136296045241,-0.009802297775387592,1.9057560282250208,-0.0010148189261971032,-0.001968479881937677,2.6572203137699573,0.140504482414407,0.001779704431787582,15.165707291467301,-0.5138274664294284,-0.05473858796081762,31.980680342790254,-1.6755383614908126,-0.12660421790323517,16.600351569333117,8.539729552100532,8.307435647713296,152.84867805035927,0.5758604718391978,0.2388193647178776,0.2282609490143605,12.011226513104436,0.059740857603712415,0.02891216124932441,0.01612775570977934,0.4988617116657295,0_1_21_p0
26.843181283558526,32.79302797420874,-65.22312243964159,29.597495116679934,42.92597483762027,-110.25114636310136,34.089758055982045,43.557738806890065,-148.5078030909493,35.26259298269694,46.469451913967326,-152.10406941841384,46.023065008311825,36.92800258232154,-64.26282642646292,50.0847767018068,40.63758458013617,-108.03388922321034,54.11166034211314,48.536748046013926,-151.06848873101364,53.211990583775616,53.57508365542047,-155.9578775665878,32.55754039645502,33.79265582433067,-14.476907885329677,29.853832297667328,23.215871008018762,10.333047427701242,30.718395626196322,20.794761421400203,-4.069348327811271,17.145135713726148,29.892768177352597,-20.421108458740594,22.447596429765778,21.188708508204762,-42.676288376222715,42.45319469521222,24.541655683412188,-35.566393936057736,53.653245960422026,31.757504120957915,-33.78932959009814,48.0239733211531,31.006951369960518,-18.253924396961757,49.59462432408126,28.39313180568121,-41.675908771744645,29.849543117788834,24.678399187603624,-36.812945815121026,17.778930535971902,25.779612836716158,-34.59929898748275,1033.3333333333344,7.3281053282712065,0.1822900004527383,-0.02139732352434391,39.39717110760241,-3.906259574410799,0.08000535719597582,4.47834140315369,-0.12507903065060477,-0.006212135788225914,4.019004326529589,-0.10978175104364096,-0.004105981451057132,83.79676684251581,-7.502212236962618,-0.16137989768567132,1.8555237057998228,0.121687070988238,0.020141171266248124,7.097456329655336,-0.008911005608069674,-0.02329564522245138,4.871680501383824,-0.19330902779070672,-0.0027458462017396577,6.493049404907688,-0.28689720437756927,-0.021023115891197024,0.15381712806852071,-0.010591352528353897,0.0019410201814321106,62.768550536403225,-5.138643541277909,0.06971375479047662,64.5152018382734,-5.741416001912537,-0.20595692258758425,35.41078513366603,-2.9692081788194207,-0.17332329456149326,0.5626400011629503,0.029474425035546585,0.00436561379294109,4.049015962738353,-0.08715808507831033,-0.007049563778501251,1.922477974493764,-0.0011950058631692234,-0.0032938480251272274,2.8354964685558506,0.12915245809346454,-0.000419082526738577,14.529475943046398,-0.5505123472116973,-0.051643405814537406,29.108051144431208,-1.8368644343969727,-0.09233989931342411,15.914313109717808,8.793897699194314,7.75779239843874,137.24341041011354,0.6207848663685328,0.2471270258218083,0.24619032460354964,11.963218437586741,0.05575852191279551,0.030233208490080644,0.009789108840038615,0.34472173457034344,0_1_21_p0
26.8861431179734,32.74507034129632,-65.08544688640517,29.632722183145653,42.87902197858275,-110.18062388942323,34.09048255476594,43.55807012419406,-148.50844062549427,35.26764113901319,46.469551247454824,-152.10128681019643,45.96963911689197,37.00034329069453,-64.05952157237844,50.07845130313407,40.541403541680566,-107.905498671588,54.11203257219631,48.53443381808113,-151.0646786971215,53.212498921115106,53.576352912163685,-155.95778747617896,32.53227442435488,33.856969337189604,-14.44154699350195,29.850664875697547,23.207500480958178,10.334115658293097,30.763825512843397,20.838223201223197,-4.069635655134431,17.105041450081355,29.895096160597802,-20.382124193145557,22.851189643884783,20.9073713701523,-42.46074062418325,42.44457634619959,24.54373741860851,-34.595808381255935,53.26852578718838,31.926883611136887,-32.713170323008825,47.983478052494355,30.917207638096166,-18.216733510095526,49.14923860675396,28.27664031592344,-41.62769522486393,29.854198453313675,24.70320066494829,-36.344053387007264,17.81515851029662,25.71982384081159,-33.63369510073102,1050.0000000000011,7.663742599524511,0.15521012578964605,-0.025474043134693404,35.25778617497435,-3.612588579584275,0.12715229535459466,4.257167842604332,-0.13188143599549268,-0.004110107373949843,3.993543777503089,-0.11614134858642328,-0.003543323793392065,74.1077110758616,-7.323679064616699,-0.03151603099885447,1.9539422437511926,0.16679931464188302,0.018969048387983075,7.135920022160052,-0.021495051265189306,-0.02538487713200639,4.442539053087212,-0.20354645347713904,0.004486733459997285,6.251664336449829,-0.3041749781736419,-0.018198656266777708,0.15276452801890944,-0.007753301982882204,0.0019905680042200703,56.63501142832278,-4.766700049893371,0.13632251283948177,56.882559297276295,-5.8060999308767975,-0.09736438194221136,31.33422059320813,-3.1881755785412578,-0.11981458197018878,0.5869841829383666,0.03334200603025229,0.003936094464557794,3.758050443273809,-0.08451803787906703,-0.002281373263997172,1.947734890697721,-0.0062353078679441495,-0.004190604058170753,3.040940857012345,0.12497136573621306,-0.002865451675436829,13.652588252240198,-0.5841454879517638,-0.043148153518595245,26.437161442880004,-1.956809164872137,-0.056879867860842676,15.015874032531231,9.091798032457481,7.209894202587159,122.14393132594529,0.6585957549524137,0.2580924049368364,0.2568407495127706,11.71020676874008,0.04682898933332419,0.03253187939336408,0.006498340075445205,0.251928706229742,0_1_21_p0
26.921659328353766,32.695069823040676,-64.93098230175931,29.65702021595544,42.82247127967016,-110.10196781434365,34.09121914436529,43.557841781353304,-148.509001943024,35.25712420471851,46.486701518294026,-152.1089873105066,45.94543196322048,37.04749723032386,-63.893096606809706,50.07656048362321,40.42162591833884,-107.75874082848745,54.113652241308586,48.525894410672485,-151.05750182620733,53.21283399243267,53.57549917520896,-155.95923425473495,32.512557409456605,33.91166745167583,-14.403057691174775,29.84857388011337,23.152053504264895,10.338269907566271,30.81247684776189,20.84500421675906,-4.063391957456679,17.05894861838639,29.897867349334334,-20.343923876084663,23.146823195205396,20.791063318966152,-42.32602701728578,42.41569479744046,24.50450511308235,-33.75418700548442,52.893173945713436,31.919403999846597,-31.785441065634302,47.944207250449786,30.826312528817397,-18.182548845138033,48.80222064085258,28.24687195436545,-41.64542418699714,29.972022975889303,24.5472074703068,-35.85197626576946,17.93349428193541,25.543276482328025,-32.65591928269939,1066.6666666666677,7.911233785227149,0.1236976365498488,-0.029125284616385194,31.712138258357736,-3.3013635932625065,0.1669109908657023,4.0606392462028165,-0.13295666148475072,-0.002104344558175802,4.012842380158827,-0.11942627294249977,-0.003772999209884813,65.28572480324826,-7.045721256824595,0.09447720162207254,2.1488946106235085,0.20841737343836042,0.018156691381958426,7.059317240566356,-0.03090966682100345,-0.026255060836334446,4.139076056444469,-0.19880362341623325,0.010442284500543393,5.970512817354597,-0.31514038215858065,-0.015565424775544342,0.1502566875568311,-0.0038105151201159497,0.001881914538250271,50.36767139831643,-4.463958214776721,0.20169880814928598,49.971365693991665,-5.771288363404989,0.002845913244745279,27.664732132015143,-3.24691970486077,-0.06792867806985613,0.6317898555883742,0.03481883657281054,0.0033858725744312407,3.4738650209344106,-0.06853548023242541,0.003735044162772051,1.9679218411773964,-0.010256155714180258,-0.0044388155631653915,3.2715940232944676,0.123250558281934,-0.005680736579579078,12.672673618919996,-0.6152234628507379,-0.03287183912301256,24.058900591774066,-2.006973872257343,-0.023686744786359713,14.008700152186368,9.359632679055732,6.759325400696885,108.19718423504062,0.6912404572282423,0.2726418926792032,0.24879201467748768,11.329715782930835,0.03637087097901765,0.035027017971649844,0.011288052378850413,0.28874330312519086,0_1_21_p0
26.945971702740728,32.65432501607741,-64.78909042098164,29.675988822000665,42.75671013042609,-110.0286734446971,34.091857455947256,43.55724889745368,-148.50917760892477,35.237244804667185,46.52265509173373,-152.12784790840658,45.95261475361478,37.08392901110354,-63.75811137753996,50.08132701560824,40.28596262279551,-107.6087061487982,54.12074057478768,48.4887116043712,-151.0343650750191,53.21281454497353,53.57311385165243,-155.9601935557024,32.49551733606694,33.9590386158416,-14.365084169810894,29.847909483818945,23.05133388427835,10.342071144832822,30.856909042545915,20.813771402059807,-4.056111584970472,17.010420496484365,29.90031349984299,-20.30804022795713,23.351816040458814,20.78840220217514,-42.24508195515911,42.418255516603786,24.510626399113132,-33.064221627859986,52.5474032314305,31.814359922908896,-31.025516524736517,47.90546106751476,30.7420134631253,-18.138041461704795,48.54564576410285,28.276726869374446,-41.71913974696678,30.126982249191947,24.280822055831553,-35.39878653251365,18.076845203285814,25.36644680831391,-31.76395488616508,1083.3333333333344,7.979225171578443,0.0924414000014245,-0.031828066444224715,28.783996841351062,-3.0371326527452553,0.19719694199984578,3.860561066317288,-0.13034193904625319,-0.0003763548163752813,3.982114349348735,-0.12164079647108332,-0.0043094316448063184,57.651295010220096,-6.69242879150715,0.20514259619194286,2.502015981267941,0.22388326194119418,0.01580894099879641,6.840250115787175,-0.047836690732174184,-0.025268655995497987,3.969047774934265,-0.17452639694640842,0.0146979059992074,5.595768651033495,-0.3223149662254292,-0.012809156456798419,0.14695207519363918,0.0003549458422768178,0.0016476529750320326,45.635282159517885,-4.214029094818306,0.26632506110671395,43.749394304340555,-5.648716529877818,0.08982939428263481,24.408087879627537,-3.149096738481022,-0.018945123915563356,0.7012451850121084,0.034848007372337855,0.0025607709574685085,3.2035596944359703,-0.06362104395029237,0.009431349242192782,1.966664912532478,-0.007286992846314548,-0.003671918777506353,3.495463299424251,0.11934150778870603,-0.008791697867166805,11.606002113285205,-0.6419532702500664,-0.022663966480697698,21.984506920074697,-1.9767762891468466,0.004648328966617592,12.884560987843935,9.49560232953408,6.396879450348443,96.36835245077295,0.7183250925852823,0.27337377461433265,0.22692756892620503,10.840655101826727,0.026033245394551357,0.036114746654434905,0.017467696821205598,0.4013287935928661,0_1_21_p0
26.959978283286603,32.62604415225886,-64.67280057966448,29.69429087996776,42.6860523574172,-109.96899739033587,34.09242046596733,43.55654965813365,-148.50900503643228,35.22319680388477,46.569608605171666,-152.15252528542538,45.98414465092548,37.12778500806122,-63.64246920496822,50.09897287112721,40.153026565300195,-107.47135165603684,54.132524957495235,48.42695367982607,-150.99736933049238,53.21268109718373,53.57077471747318,-155.95879135303474,32.47692610905559,34.00466652105804,-14.327413156499643,29.852365015301906,22.932862675287076,10.342781299304704,30.893260868503745,20.76195573775329,-4.049761140084303,16.961239671606627,29.90434063725357,-20.27800875776337,23.49206937592294,20.826158977864402,-42.18785920471428,42.45240428709003,24.583830360987914,-32.552924777652386,52.21411764266789,31.652177442317136,-30.428921002960962,47.86502436979178,30.671275912901557,-18.070532588334633,48.35889048102745,28.332341800669003,-41.806947866294806,30.270676019364007,23.990356453961578,-35.02864436870573,18.22187772631486,25.23249300752181,-30.996266270542026,1100.000000000001,7.900347129460422,0.058531965800371205,-0.03278703008884668,26.184277156858382,-2.8073156014507807,0.21737480420926378,3.6252403501734993,-0.12457063416214179,0.001454496464307674,3.9058454555393674,-0.12366922238038375,-0.004253298480551798,51.256872314551586,-6.265222792048361,0.2945133844770461,2.932651788226034,0.21623295948221488,0.01094298689904523,6.5056124858995625,-0.07540838403147246,-0.022142682338171044,3.9062788994594055,-0.14355523540034168,0.017225885700772915,5.1253203980590545,-0.3278365839474718,-0.00925937585540486,0.1441788640841949,0.0036681477047304976,0.0013843344932722634,42.016879488057086,-3.973365923132326,0.30596136956825526,38.166255609984944,-5.416359979432274,0.16373844095413986,21.43279602120268,-2.9468327442032867,0.02554011596650251,0.7837490974884795,0.03391959246104692,0.0014967191701494202,3.0272669561312555,-0.06685762268800682,0.014450745105717686,1.9652068616689389,0.0013289536891705218,-0.002724958793728947,3.641186038914284,0.1120747361412944,-0.011762492260850682,10.507979248024295,-0.6672604610895309,-0.012951283695738721,20.14100086317907,-1.884263644635172,0.026979458401639088,11.691301769250055,9.527258168084336,6.129088648451094,86.34564522627518,0.7434469373854202,0.25815212671848553,0.20148421828495044,10.223069479452924,0.015920797423469784,0.03499158188729618,0.022531549708158113,0.5063807057539406,0_1_21_p0
26.96643414892654,32.60811649562934,-64.57912208959861,29.7134096705514,42.61553930840619,-109.92208262411015,34.09319069487861,43.55594415930318,-148.50936049181928,35.23052086163258,46.61356407704747,-152.1743473337232,46.026158353682845,37.19142003080053,-63.5408172457692,50.13474042014803,40.040455597589975,-107.3584005118106,54.14462817121137,48.36355176846129,-150.95907159353234,53.2137133849315,53.573020386812686,-155.95385729488908,32.453955813870614,34.05133756121777,-14.29006736052148,29.86312891204632,22.8333702956042,10.340680117406418,30.9193230116636,20.710358876957667,-4.044618291406778,16.909700151444333,29.91277402601989,-20.251246534044075,23.58595076077497,20.84850383103633,-42.13982711381811,42.49628296677212,24.685410588405432,-32.22989011765651,51.89284988660391,31.482358698635366,-29.9901935124458,47.824671933957035,30.626171061049433,-17.978641948314458,48.22587352498508,28.393646723182748,-41.85914781023249,30.377253549475576,23.74832263248055,-34.74176270308422,18.35687319340835,25.142187348693547,-30.34947647911979,1116.6666666666677,7.786509655482669,0.01820640136158206,-0.03284017147611082,23.71572380919082,-2.579883020197323,0.2308150183169102,3.3490732262135117,-0.11973324315626643,0.003683701649404157,3.834734871420254,-0.12446358873070974,-0.0037838898669100727,45.97392859092802,-5.759007885311429,0.3598903039178001,3.3028315487190074,0.20167798705244877,0.004961104421418309,6.128494545898108,-0.10744916041183974,-0.017914007992402208,3.888438706969786,-0.10888457607511497,0.018398970662469885,4.630815054711532,-0.3326175588416826,-0.0046053033596174945,0.14020982768282694,0.005958138550475961,0.0012189276437263234,39.05879132966319,-3.726055511900123,0.3246713400857759,33.15599897505333,-5.056417447037553,0.2249033645628528,18.549765063580814,-2.691106509987857,0.06547369492564281,0.8733233631160271,0.03286267856872357,0.00046219483306187813,2.9587754331385874,-0.07198725517350614,0.01775337176923725,1.9766445702266742,0.008240729624964027,-0.002141214737161826,3.671194173699875,0.10116960512040943,-0.013685460611158273,9.487734613238292,-0.6980433806358253,-0.00392608315698677,18.46298663879042,-1.7554593785925374,0.045434306363154,10.557535515553946,9.535884680383601,5.923731857211759,77.69786924777144,0.7732392913576571,0.2401666777765884,0.17712725744839672,9.466693603709253,0.006051689680550332,0.033521507296069966,0.0258316470333775,0.5879191189575957,0_1_21_p0
26.9675461096859,32.59854651244123,-64.50379553731663,29.733468451591904,42.55191968483801,-109.88433052907065,34.09469859038288,43.55566664186232,-148.51216514836838,35.264147423319244,46.64409158420314,-152.18778373545484,46.07148544776921,37.26713447659703,-63.45213939437178,50.18646573983276,39.949228893741534,-107.26899068348546,54.15221518508693,48.32374481380977,-150.93358351612272,53.21839488207289,53.58706883730967,-155.94725366669698,32.430944457744936,34.090316972973476,-14.253726924328994,29.875409107555168,22.773269819729872,10.338567579807354,30.937872847705556,20.664617836204467,-4.0401978297440415,16.85649597731053,29.925673449732415,-20.218940019417957,23.63893573128352,20.836924662231578,-42.10259112017152,42.53302347613081,24.755661531831585,-32.07063545400017,51.61061370776149,31.351689632029345,-29.709196817451904,47.790880027761204,30.617388021850033,-17.875932283260767,48.138064567319034,28.45103694007019,-41.84326690105544,30.43020899463904,23.59112026725337,-34.51760128993332,18.474574580036172,25.070932744560952,-29.81908696397414,1133.3333333333342,7.710515054787221,-0.02947991486997162,-0.03297406540948517,21.557595136087293,-2.3294390259481887,0.24012032888077675,3.0447866789831552,-0.1144903777637834,0.006339942161822603,3.7728917044945622,-0.12328224826611879,-0.003478223556037178,41.614177106465014,-5.1765672853154845,0.4016612088003417,3.5668488874913753,0.189816553943863,-0.0005569712584703663,5.771032009741692,-0.135371157480911,-0.013535845776862409,3.854780953903984,-0.06491824144848936,0.01906155599114889,4.222229768129519,-0.33746807453514466,0.0005036621477953084,0.14357498411471928,0.0072353293550962055,0.0012037610045351195,36.805674224444026,-3.4530348286676373,0.32900120137082217,28.667607126512184,-4.569470547220152,0.2742790022859751,15.681720172644887,-2.4060529953886602,0.10333403233180924,0.9547020857555071,0.03172301151439411,-0.0005275563551882899,2.9610511795690297,-0.06771059701211808,0.01944611055931035,1.96771063979797,-0.000909413479853544,-0.002194365612155745,3.625904042081674,0.08568547977203206,-0.014079705454256929,8.598127913500804,-0.7285542632927655,0.004462274012870137,16.933574321908253,-1.5908248444092672,0.06180097531803298,9.578884477422239,9.55055601631268,5.735667895818352,70.37096898042702,0.8029171911800882,0.23055894854182002,0.14801064022899044,8.56575318923229,0.004490608525028422,0.033260184040700844,0.02795870167414577,0.6460178020844188,0_1_21_p0
26.965899726889052,32.59521786113607,-64.44692409512938,29.75480184560622,42.50229282889023,-109.85432214830793,34.09724718600063,43.55597334410083,-148.51875736449438,35.31616918998433,46.666023387860925,-152.1965594155324,46.123276548785114,37.33206944068996,-63.37177293999703,50.2437654505287,39.86357668503701,-107.19041780871537,54.15303301478457,48.3192024933836,-150.92767399207636,53.228254151946395,53.616556166838336,-155.94307008916584,32.415891966060165,34.11111227553351,-14.217562179955234,29.883226840319498,22.75079348791985,10.338035347863823,30.958314590946028,20.617393693808847,-4.035554711372368,16.806810898157785,29.940649952895313,-20.174361203327766,23.646820632055224,20.808407054784457,-42.083218943492426,42.55417560355374,24.764726814774356,-32.03423519314418,51.39224103326894,31.270189805972993,-29.59002349097467,47.767237556421385,30.633946266742733,-17.778943713625715,48.08816376521141,28.499064535089747,-41.755001182665914,30.42323815661806,23.52809281239101,-34.34718044467363,18.57151739323404,24.99563014938338,-29.42701876249413,1150.000000000001,7.660439430866301,-0.0817830058703695,-0.03314134512354414,20.103282138046833,-2.0539427007855493,0.24310424320298937,2.781700342751496,-0.10395327183620423,0.009231815171795464,3.660609029704911,-0.12216551104164226,-0.003430523997096172,38.124506132002075,-4.5278423141101865,0.4227438028512084,3.805679318295403,0.1808604754829899,-0.004899397365823423,5.521563659252875,-0.15827572941475354,-0.009552266246934359,3.7825273557367436,-0.014899453920430615,0.019958863307185458,3.956880525802961,-0.3383001360480806,0.004974987365946304,0.1665148369498867,0.007929130537397678,0.0011591366582849225,35.448982097565704,-3.1296088319245077,0.32054718436381574,24.658351200393078,-3.9810677515101105,0.31335069792013814,12.987343256587346,-2.109109337093397,0.13987676962416976,1.0030571415556118,0.030512870221011908,-0.001537376267222418,3.0004946778208974,-0.04263933793094102,0.02027457011711607,1.8993874227552716,-0.01811457909896156,-0.0023636743868018814,3.6085860574657107,0.06691128182132328,-0.01331687206335681,7.79600256723274,-0.7319358289133131,0.011180838052238148,15.547171539447,-1.379892818269615,0.07625081112967234,8.742686058859611,9.550241317260042,5.572103579923127,64.62336823878162,0.8063355627139167,0.23589283173790515,0.11334191454077258,7.532951827432187,0.012237713791460474,0.033814426303386776,0.029910547124968524,0.6814685869161083,0_1_21_p0
26.964511289969906,32.59553600806064,-64.40770499392544,29.778222307926107,42.46758916886625,-109.83023697734326,34.10025508594056,43.55664315421286,-148.52721681784712,35.371683289277826,46.701465941201505,-152.21381667205296,46.18046124043837,37.37238023481244,-63.29427646669974,50.29630508966707,39.76902471990033,-107.11024726301997,54.14926044859705,48.338343653597974,-150.93460506956654,53.24020587342409,53.65354248569866,-155.94215632865524,32.41085328803786,34.11642912420977,-14.181056384560332,29.885354351437048,22.75077175155073,10.337937194978553,30.991388928382825,20.56521936523144,-4.030346053031562,16.764625670681117,29.956262969811377,-20.11949740978009,23.605508653837063,20.79700530345596,-42.085021625191565,42.55438747713909,24.72888350379092,-32.09087636233743,51.23034929976424,31.212519249108922,-29.64329749903303,47.753136922139575,30.65097650024461,-17.694169639019048,48.07008020202134,28.534715853002652,-41.609017418731725,30.3643821295881,23.554045012187114,-34.24125530819132,18.6366833280536,24.928254388090814,-29.21640504730719,1166.6666666666674,7.610719442008442,-0.13311026043870508,-0.03264644266824504,19.428250493755208,-1.7658386762179723,0.23493007838692037,2.660945807706043,-0.08793849527419723,0.011575126191016848,3.4879982762981157,-0.12383994165883894,-0.003057960790640071,35.272045168986374,-3.8263105709589,0.42706857785529967,4.09424419079723,0.17539322912633967,-0.008731004321009761,5.413701816635205,-0.17580266699950958,-0.007114481721427473,3.7642387336343535,0.030538308401619276,0.02130680850422586,3.7652740519166206,-0.33302498410927667,0.008059512726144242,0.20793260321576204,0.008558218464102943,0.000930260943649469,34.382780831712736,-2.7457506906897367,0.29887401944284875,21.034819358141824,-3.335308700910653,0.3428639349363506,10.776363931188534,-1.8164131685210072,0.17207406528066718,1.0133854401946467,0.029864589643869968,-0.00233087828341431,3.113417663756313,0.006821512050441627,0.020791825116703154,1.7935384874162674,-0.033829372022609994,-0.002028741132571044,3.6721747010865062,0.0457788038157165,-0.012834875260612694,7.036869331246871,-0.6973984597754755,0.01676915662673491,14.30162221565562,-1.15385216718491,0.08856298737284857,7.9809033743730655,9.546673987207418,5.562687784185927,60.08055245063797,0.7728326156019747,0.2567625763946324,0.09333970354450855,6.409836480032023,0.01860538522457539,0.034084981283843345,0.03194156581411255,0.6943553167132328,0_1_21_p0
26.965684033044816,32.59737144160304,-64.38194348308073,29.804550987117377,42.43936140890602,-109.80856230595732,34.10261462437727,43.55692792068201,-148.53349271094157,35.41628442466639,46.76907712015822,-152.25025801576604,46.22990907278645,37.39061812051626,-63.21730517678601,50.34091982541642,39.66389286256503,-107.02419178413672,54.14528515373759,48.358043617333095,-150.94010472409008,53.24757329839754,53.683748925659394,-155.9416084227366,32.411392184811504,34.11754086959126,-14.147127501347354,29.885009605408136,22.755102262876655,10.335861669403965,31.042299670005203,20.51932996528524,-4.0255591933816595,16.72905192286131,29.973062709567433,-20.06126790774858,23.517356340415525,20.827251526015818,-42.10511159328936,42.52964935030315,24.673223668480617,-32.22471606975916,51.09092691996151,31.157925541183236,-29.877285298675787,47.74913531917697,30.66017411229845,-17.619095553054507,48.0815764927417,28.559976323458248,-41.422072711228175,30.269555807376815,23.65521820781235,-34.21566460936718,18.644676326923225,24.91795613875868,-29.220195726423682,1183.333333333334,7.547055646598382,-0.18028710466902065,-0.031167837363669397,18.86620009206053,-1.4773294798444725,0.21479703720580776,2.701705830016694,-0.07258743873977005,0.0122280709813591,3.2894891807662834,-0.12927424125706682,-0.002318778629247002,32.64359479445296,-3.1156067055113015,0.42096224212838496,4.406872685354749,0.16660122302273664,-0.012830452289349962,5.345236805821307,-0.18601182131283728,-0.0067535050196614824,3.9043268312271726,0.064072668535478,0.021827967355972706,3.545206684624699,-0.323263701106007,0.010115129643244115,0.250044722736835,0.008516690761701725,0.0005498146600741922,32.718588106595355,-2.2790258999586372,0.272186664999185,17.675254983351707,-2.738742666924592,0.36401751213536915,9.275147677577642,-1.542823119425839,0.19473525080435033,1.0091976168820749,0.028121187702327386,-0.0027891543472466024,3.3219560776172186,0.07238632819870547,0.020442682663329888,1.7327094375690597,-0.04265090216512978,-0.001201210084907087,3.7737939029831042,0.022189589777585863,-0.013329700715310384,6.3580502037199835,-0.6388474081730802,0.022276230169651114,13.225032014351742,-0.953265606293986,0.09828935526713066,7.279649224360427,9.554192747505496,5.794685028420836,55.75124524696865,0.7159786528816456,0.28222982080216086,0.12088847598571091,5.282829663475869,0.024465205461448924,0.03392574111217269,0.03230927348753257,0.6911926014148474,0_1_21_p0
26.970263584910025,32.59910108596694,-64.36460441527728,29.8337806276404,42.40805826600354,-109.78728413051742,34.103845453433536,43.556458312352426,-148.5358286118098,35.44444080228723,46.86421188860657,-152.30318709221226,46.25827678569367,37.391720243672786,-63.1397871641881,50.3780810220765,39.55514078283231,-106.93482018907703,54.143510933089146,48.365726257552296,-150.93601944394197,53.24639455409128,53.70193687435177,-155.9398178406154,32.41289180377953,34.12221175726064,-14.121157115547634,29.886912560229767,22.747444201720036,10.33017876782675,31.10909254920512,20.495127157013133,-4.022580491831061,16.698408627184815,29.99165822140118,-20.004469217401468,23.390259179733167,20.898474588148797,-42.13608124172237,42.482892971681906,24.602876765118882,-32.42143084862888,50.946092047253,31.12877111215182,-30.277484148795853,47.75920261862956,30.67598295208449,-17.550811247262548,48.12037781095031,28.58124521170019,-41.20636555852661,30.152288825839314,23.81350573954277,-34.269478090985146,18.573463509951825,25.00827745671441,-29.428758544166723,1200.0000000000007,7.410696991351748,-0.21967272759356754,-0.029073976881159445,17.844818378847325,-1.213639085069365,0.19171466095528397,2.828350940889629,-0.058837505976523666,0.011112165058190192,3.0720456680332426,-0.13675865604179208,-0.0016018373822192197,30.125757703101794,-2.4887979709784616,0.41081336221439685,4.552632020515799,0.1373417106839798,-0.017074670619718842,5.227445655757213,-0.1849624806177947,-0.0070457241083237586,4.17476413725564,0.08610488659111652,0.02011911831096304,3.2375097426021817,-0.30760035101074396,0.011961232919644368,0.27426052263597567,0.0077538408003772225,9.765595649484867e-05,30.472216067104995,-1.7154170360747747,0.25128302390877405,14.712996959417614,-2.227182037268866,0.37958790739461945,8.455063837916075,-1.2972870234353286,0.20407805039321036,1.0079674054808143,0.02303789274858566,-0.003095528151194538,3.404990013534894,0.1361991235824193,0.018410905830721646,1.7801056955718326,-0.03984345361038785,-0.0006435109675963929,3.8481235437947547,-0.0024160068733323527,-0.014370546313484975,5.804271127456767,-0.5740663308659427,0.02800724115611445,12.353828186669695,-0.802707664148,0.10470207947485398,6.646129148193879,9.452108029986379,6.084585576587729,51.35432279749584,0.6512834468768717,0.29664819245937263,0.17154038844839317,4.234565004286073,0.03045450131154236,0.03390298407284014,0.029448609260858,0.6823626589082021,0_1_21_p0
26.977737955887022,32.59933198112303,-64.35047826389116,29.86407912334796,42.373961361147835,-109.76762211977089,34.104295347456286,43.555732252493314,-148.5356266520291,35.46185164583843,46.96492887877557,-152.3605422380085,46.26129915840204,37.37643343371076,-63.06044833295288,50.40748454914274,39.451769556127125,-106.84903917274842,54.1434824489875,48.36405011318022,-150.9250240176077,53.237992768212784,53.7141614291597,-155.9375489186583,32.413303993171056,34.131415664682216,-14.105484044377206,29.895233013287875,22.7151036058277,10.321133660581468,31.185097691465476,20.49527126163775,-4.022317371618475,16.67508652353054,30.011308572943545,-19.952357814055063,23.23816911987066,20.993641985207955,-42.17224539828923,42.428818646860655,24.513957761481393,-32.660664474641564,50.80247304909642,31.171172889832,-30.800074673122328,47.78501494795268,30.71092431970412,-17.489173232733904,48.179277919906994,28.604744373751707,-40.96996526217599,30.02281189120259,24.004924299593963,-34.37969323449575,18.42887749109011,25.196650567260882,-29.788769365419178,1216.6666666666672,7.139729706070241,-0.2472874796700752,-0.02660798157667622,16.441230494535905,-0.988282447143292,0.17619849368064525,2.9473406347894797,-0.04317095704295131,0.009382140486881864,2.854760160763295,-0.14123965342726824,-0.0008395856506971473,27.915413533065607,-1.9824276294771974,0.399548772230247,4.539718441361752,0.09137527675523972,-0.019148223171799213,5.050962802984793,-0.17272912331502388,-0.006487064010234091,4.4384228474780425,0.09883188133876508,0.016545131274197433,2.8424411132631096,-0.28334150138194136,0.01417480480140841,0.27879157830605156,0.006522611903500447,-0.0002796420149421395,27.973857883904795,-1.2964967570808517,0.2379297316619013,12.623053116090516,-1.7928147756804205,0.38961858273137956,8.069407684651026,-1.0822583742070657,0.20058293300082353,1.0095305269838621,0.015345265713187433,-0.0033138477384878004,3.374814268196703,0.19031074551694052,0.017205999368212058,1.8877763122242528,-0.03672378075440077,-0.001037691672995335,3.8729090572152725,-0.02541715062507362,-0.015251207687017543,5.347925371107554,-0.5123440648021435,0.03365825324884766,11.691471184298173,-0.7039350291195268,0.1072915492819161,6.056383182833158,9.186675971868434,6.306804700902066,47.26288243869644,0.5854731822580396,0.30178773371805334,0.21874563346539694,3.3910321817722724,0.03652126918552523,0.03297697118877401,0.025647852605138848,0.6716531833306915,0_1_21_p0
26.9881828112136,32.596235471187235,-64.33551515486178,29.89268867893512,42.34491821490403,-109.7519997331275,34.10443484526009,43.55540529089428,-148.53466863783973,35.47474985591485,47.04985333545109,-152.41188350682978,46.239843266139935,37.34561542604108,-62.97728322062211,50.4292593124333,39.36298472594367,-106.77674284749243,54.14404439554126,48.35941194415605,-150.91241646278473,53.22484703176173,53.72739297405855,-155.93675178107736,32.412299625688995,34.142584013874995,-14.09645274492643,29.910804529162693,22.656867590514135,10.308712068102,31.26127182707061,20.510006104723384,-4.026917270523351,16.663815222063935,30.030542089767557,-19.90715147889999,23.07738603084496,21.094527833013892,-42.21601147188979,42.385174062281536,24.40836614825781,-32.916948403174615,50.70108783931752,31.292204477851183,-31.386365832326803,47.81803854652526,30.756456372226992,-17.433061946006124,48.24819229924315,28.63382333783217,-40.71445428236875,29.88824674197717,24.209221857820822,-34.51482143738135,18.2391301753496,25.444428731894718,-30.235697109199634,1233.333333333334,6.738614960922973,-0.26628399695164306,-0.0234874493149384,14.966645713108807,-0.7872592535067919,0.16798873248413942,3.019138436689883,-0.023326995147822202,0.008085348129654875,2.645393321380832,-0.14423132609376144,1.149743479722542e-06,26.362355544456804,-1.6039495304964826,0.38526453867579913,4.46832014712894,0.049061496249074445,-0.019009523123662223,4.872267771555492,-0.1568762408247933,-0.004565423331834614,4.664225437465577,0.10443271778800958,0.012722941203188587,2.411211275283071,-0.25075965259572713,0.0168547304779288,0.27959840888379217,0.0055568594321522445,-0.000523137420683092,25.41442400218392,-1.0029679149004913,0.23180035394491383,11.657398360502977,-1.429627571667524,0.3887244425524493,7.919000809675525,-0.8911480301193964,0.1886249231250799,1.0102880889625099,0.008748982327852478,-0.003389676777337756,3.309667198260469,0.22029566323376282,0.017095809420322277,1.9327605661942744,-0.03588803005097673,-0.0020811040092973076,3.850593286266832,-0.043305877134436996,-0.015292477141459416,4.904330880572017,-0.4571007185080503,0.03929746293313286,11.197359228898657,-0.6292938381758867,0.1063359501722694,5.465016120761631,8.786770911592331,6.467154922733836,43.90238771491746,0.5213650067184271,0.309050557276584,0.24490920866071986,2.7310898851713574,0.04275947301434588,0.030481417640031348,0.02279282314618984,0.6546972385765091,0_1_21_p0
27.003059369157008,32.588116425988325,-64.32064686489258,29.91861074941862,42.32461248960689,-109.74071009070909,34.10448111518698,43.555521407839684,-148.53362004802878,35.48091673871478,47.11638266972976,-152.45713712200646,46.199312566509796,37.30799184389671,-62.89111372894433,50.44522775568168,39.294650240304726,-106.72557854633224,54.14487924419272,48.35361036430793,-150.8976872947358,53.2075591953329,53.74410500381494,-155.9398156140927,32.41079165287621,34.15637138300823,-14.091065224121591,29.929266317773862,22.588452077909345,10.290083772480804,31.327667969404022,20.524412052781354,-4.04161237036333,16.666983496798178,30.047429657372792,-19.864024698541616,22.916186427412743,21.18468325356002,-42.273407083822576,42.35886993329102,24.300908775001695,-33.167083875577866,50.68503184419573,31.458369719551804,-31.987236685808522,47.84287652096086,30.790955618132532,-17.375694168057347,48.31813848288193,28.668217438408032,-40.43908274401915,29.74643457983779,24.43088556163715,-34.64778181970617,18.027733101299013,25.71908662742744,-30.722578799018628,1250.0000000000005,6.258440056387992,-0.2826722001251204,-0.019488745267897394,13.80326080470396,-0.60303410119618,0.16304767057490277,3.069640666485846,0.0006689662926396764,0.007544653395435298,2.454757233330537,-0.1489064649498758,0.0008737842821939976,25.644672901282984,-1.3450483961587074,0.3634509393905457,4.430771210235072,0.019243368230776704,-0.017762499216397255,4.720476568024758,-0.14091088416950412,-0.0021447600587105103,4.9094930934354455,0.10854435667042214,0.008863590033319024,1.991340919187769,-0.21528010056159333,0.01963701946442014,0.2798627631490784,0.005359174394069912,-0.00067567012152002,23.232799410938682,-0.7982237720110961,0.2312686583529919,11.814585787636046,-1.124566900460691,0.37328376890394227,7.947274891148713,-0.7121556316098565,0.17222258313228483,1.0077479641391205,0.003852745078046138,-0.003355820400499588,3.35118984373218,0.2275464388252027,0.017377274129448457,1.8397544007282687,-0.03716841309793676,-0.0027384338299120533,3.776725175087253,-0.05514494106372864,-0.01421994334481866,4.481298183448275,-0.39839323058847187,0.045562712765608596,10.996169686556794,-0.5699590678048093,0.10294179923499193,4.9038221894159655,8.32491524953025,6.690014172224728,41.81086151835717,0.4528384787940718,0.32229190274555664,0.25211050494362236,2.220255175298303,0.04961424521251299,0.026745058422363677,0.0209154172634926,0.6260762985788795,0_1_21_p0
27.02187572920626,32.57636772098977,-64.31147110975022,29.942965243770974,42.30969324660527,-109.73180502562852,34.104490607912055,43.555738446895475,-148.5325221319644,35.479166113167146,47.183287499037505,-152.5043038373714,46.1529632624485,37.28150553230164,-62.8102874214973,50.45887213356145,39.24105659642753,-106.69287663326253,54.146267219286806,48.34517318948198,-150.87703767529598,53.18667822991247,53.76338993167378,-155.94711826736872,32.41181607149069,34.18219064487689,-14.09407753313464,29.944426582165367,22.530955789033126,10.261731011656405,31.37641516044114,20.519571513904282,-4.071843977965103,16.68279536035348,30.059486031856807,-19.811763716905524,22.755756503536183,21.254579482383065,-42.34338861202055,42.34672143183145,24.221632316647113,-33.394948423341,50.767958230332454,31.653086420901882,-32.570014038912085,47.850830109164924,30.802066236028836,-17.306647580864627,48.38232302128003,28.705315131334224,-40.15794961255644,29.591649137058173,24.69013121405994,-34.7615898270903,17.806773603533806,26.01367229002578,-31.221103278393063,1266.666666666667,5.76772397914257,-0.2971987685509909,-0.01467950395669608,13.126542408702818,-0.4562758436375585,0.1565743197135302,3.120265754614971,0.02726639189568297,0.007051900556094019,2.2932337415783395,-0.15453036541376164,0.0015957672145870856,25.70771285511472,-1.1882083919024946,0.3320116032911825,4.452793424444178,0.0027181630516048784,-0.016326573857281926,4.586479288243383,-0.1242185689942574,-9.225212449586948e-05,5.156805412049476,0.11628837661181457,0.004134521288906534,1.6762752904456253,-0.18536868514017324,0.02235190304175625,0.27921211898643794,0.005012772563146158,-0.0007324884390365019,21.916429042727426,-0.6789607765614787,0.23074729160143298,12.879838659576563,-0.8533597862228386,0.34276359310765453,8.068000167231252,-0.541105218329095,0.15326746974805777,1.0036316416703792,-0.0011472924053388765,-0.0032676458328265894,3.62275222580496,0.22530492215221692,0.016517979635945635,1.6340373417405973,-0.03646993472822532,-0.0017400539899216096,3.6608895410898064,-0.05924859853594514,-0.01214248689867787,4.186669857767605,-0.34611489564585624,0.05166913490320084,11.282288068746029,-0.5317761945457274,0.09583493040194986,4.509778636174771,7.880878382998716,7.0322851283733145,41.30657667960748,0.39262841264806425,0.3370024192512948,0.25500735402736274,1.8449278892753236,0.05629659910894476,0.022334573195497642,0.018430062913483914,0.5816365835484046,0_1_21_p0
27.03949757306814,32.56629068853314,-64.31325186449246,29.966585987331907,42.296416464855724,-109.72436439507022,34.1046575319058,43.55599073645312,-148.53206159998894,35.47961057207159,47.261654024871426,-152.55411341062575,46.11532439911503,37.27721042446957,-62.74525873270424,50.47384882499314,39.18756107118919,-106.66718992716899,54.14828006606975,48.333747903536725,-150.85023669245624,53.16446984545815,53.78295326140407,-155.9565386199672,32.42047625097403,34.233233821940985,-14.11347591592551,29.955234588484103,22.489871878507163,10.223558527882222,31.4066946720364,20.478223659931906,-4.117131609591749,16.705906277516647,30.065603755037056,-19.744053735971608,22.601634341936393,21.3119329323324,-42.4154716240955,42.342901676079755,24.19956079362534,-33.58389209910613,50.93557068539158,31.872255730485698,-33.089984599086904,47.84667653441746,30.798906679073013,-17.222605635996903,48.43721005038746,28.745320425065668,-39.90783512753489,29.433321270867346,24.98382433895685,-34.8492179755338,17.593366398825033,26.31993929331442,-31.706067440980064,1283.3333333333337,5.33145142169063,-0.3074066395709373,-0.009571213191120911,12.909590964332825,-0.38230839860699306,0.1468048944422826,3.159263974040732,0.04854786221464797,0.00599813987512722,2.1614052016470047,-0.15565116290324202,0.0023810200217049687,26.402108278132307,-1.0961835691331232,0.29162065441517526,4.486422142694918,-0.009277993826908413,-0.015023291208335038,4.460416324662693,-0.11562823142948178,0.0015374785712791938,5.329755127408113,0.12629309977268116,-0.0012558223012614496,1.4976746432685386,-0.16600451348540565,0.024389931596665977,0.2821904050300649,0.00336256162638814,-0.0006989722149621852,21.58229017605717,-0.6555332496351778,0.22309526908818847,14.485571324613607,-0.5984569778672783,0.29976050089261974,8.164587605850926,-0.3880971996094125,0.13374799237103577,1.0106088458209999,-0.005488749215668065,-0.003217926918077179,4.151338643494977,0.22471929167223698,0.012969214152977885,1.415037394154614,-0.031626122851734884,0.00020849709350151987,3.522178525791598,-0.06337067081572587,-0.00948401822491941,4.068499046414267,-0.2989749978106736,0.05491289297029337,11.800268636657556,-0.5084196238042442,0.0825335439193086,4.335402383604473,7.505153085768177,7.457938797602152,42.16116426604431,0.34197009783520327,0.3461991516023063,0.2623082195156621,1.6006712356556017,0.060085726904623035,0.018271938700352982,0.014344172592371394,0.5205907815894181,0_1_21_p0
27.04929941881443,32.563250873146735,-64.32637225633668,29.988140583063995,42.28469348210056,-109.72073360570587,34.105640345188824,43.55662109031942,-148.53478681691146,35.493456428229514,47.33403818930372,-152.59426024986047,46.09242706768792,37.287406361873984,-62.69901221673171,50.49132302045105,39.12518418042848,-106.63973645436586,54.15063950499213,48.3207674495099,-150.8205112289837,53.14446781250034,53.79990113987725,-155.9657586613027,32.440949996353034,34.31051430104269,-14.14979798105707,29.96850018086144,22.44960197021818,10.179496940806274,31.42480639240739,20.397570528742655,-4.169574629770662,16.72893964966109,30.067912465924156,-19.666040022990977,22.466394680555215,21.375472442957122,-42.4775817296572,42.3382620804744,24.24310408431377,-33.70707523416442,51.160530535728654,32.09010998843909,-33.477497533259225,47.842006866273124,30.801829212779246,-17.134647059768255,48.48293575623207,28.796792355809043,-39.726743150992,29.29784737336874,25.277671157132573,-34.90905341840745,17.414540854804315,26.600562756322137,-32.14659845784442,1300.0000000000005,4.9594360294892015,-0.3123074346653949,-0.0049108778455312216,13.097843977307262,-0.3906330214971589,0.13446282617339697,3.168356261507781,0.05153962872489383,0.004482699857482094,2.0544301586470866,-0.1509230280251283,0.0036483237429629843,27.373610493192082,-1.0092454326909246,0.243356557922424,4.452960589092243,-0.025657469698366422,-0.013735694473164785,4.345742702467493,-0.12279762656011153,0.0026517732688715436,5.403629081119382,0.12387305686245159,-0.006183789976510276,1.4027088198597242,-0.1524480335249802,0.025422313484946696,0.2805148894444353,0.0004939179182306783,-0.0005935156924552331,22.44962292894322,-0.6839000749055967,0.2059494785577506,15.801419293407424,-0.3458372488462603,0.24895946916614325,8.191873801820543,-0.2671468164760029,0.11571728550736532,1.0088019984732775,-0.00849530917844675,-0.003242601270824775,4.843845366254391,0.22212220207088124,0.0061618290884699,1.3079713582207741,-0.024253459141550457,0.001994721340610166,3.373784703676133,-0.07497414499344271,-0.00654604589027629,4.069877129643995,-0.2500020354069971,0.05432190819367261,12.138177348470215,-0.4824688358651771,0.06654261630323381,4.304821934030664,7.173054172708626,7.918366408441756,43.809228916009914,0.29281635991398247,0.3487587194611116,0.25949786164507305,1.4433770105823285,0.059976359782240016,0.015522304181813894,0.009813357947276394,0.44672918360011366,0_1_21_p0
27.04980558237533,32.56781850688198,-64.34475501583015,30.00469366615457,42.27678338298513,-109.72485960174194,34.10829410345609,43.558015092559124,-148.54394253118852,35.51985551836697,47.380893698643725,-152.615927786506,46.08093137194199,37.29910989377856,-62.66672366292694,50.509385559370365,39.05434628162479,-106.60960583899683,54.153157248054505,48.30701092203072,-150.7902066531037,53.13032059494509,53.81075299846751,-155.97373872736958,32.47393898376436,34.3956092247087,-14.193962197402909,29.99279766790506,22.392408187144163,10.135050463479198,31.436642040452924,20.292672911835236,-4.220318578772578,16.745174744705405,30.07019917715442,-19.589259528101305,22.36209641607344,21.456492986877883,-42.52418396540642,42.323739962211235,24.341209287127693,-33.7328373843664,51.40350469087659,32.287877190496204,-33.676884678658716,47.846016979833486,30.82405005058893,-17.062809178178505,48.52116444407532,28.87029059284547,-39.625340523473476,29.207318815853945,25.534831729086267,-34.937803594720606,17.28919486210283,26.80872203470337,-32.51223888085891,1316.666666666667,4.616142871323636,-0.3124120166675429,-0.0006592844558542922,13.50755198231726,-0.425643678933247,0.11954563530009767,3.1780766565549614,0.033725814388102175,0.0030051595912325745,1.9614625395319458,-0.14345383367578807,0.0052792193486179174,27.953755238571336,-0.8835208236086415,0.19097465880656034,4.209020270883205,-0.04770268585742221,-0.011502252648038523,4.284880031299436,-0.13659552844585982,0.0033547617575971985,5.430649355311217,0.10298315124821227,-0.009825895204891803,1.356507552193437,-0.13572188836391513,0.025651294060340057,0.26656429956248945,-0.0023456757726932195,-0.0003026580846042082,24.636415857194812,-0.6947128561451096,0.17596594870610802,16.563635134958673,-0.0774697524856966,0.2011708748195145,8.205426780485215,-0.18574894896261449,0.09988278805141776,0.9773582468171591,-0.011614085695107527,-0.0031098599251039665,5.5168518746707,0.2076281072283993,-0.003005436670179787,1.3702700370215786,-0.01990882022812615,0.0028162006747106576,3.2353539201944823,-0.09230763642034066,-0.003409628617553798,4.061678655930854,-0.19511484550902114,0.05125707308040457,12.018285629554066,-0.4364426801345335,0.053387973094112806,4.282212774162688,6.765788024018099,8.368260169374475,45.67022353416535,0.2376767424866729,0.3478398584073042,0.23420587291611747,1.304826818173989,0.05731733095443273,0.013352918999756077,0.01070569242621673,0.3674859755406423,0_1_21_p0
27.046105051979907,32.57562193266858,-64.35987416478736,30.01485034971589,42.27364380972402,-109.73681579799197,34.11251670672479,43.5601390070024,-148.5590140129961,35.54905664593333,47.40899106379632,-152.62687959007255,46.074181042659525,37.30942936284837,-62.643932614212396,50.52432265651733,38.976792545298835,-106.57893146159132,54.15608511862084,48.29087793312075,-150.75887249582914,53.12355395719629,53.81354670608099,-155.98051537914193,32.51865700030145,34.46446136540525,-14.237236078679647,30.03026658084793,22.316451400358314,10.096035965714218,31.444724156965304,20.18123427447065,-4.266006885516427,16.752742702029273,30.07441941097668,-19.52322562234096,22.293890760768136,21.55448019286286,-42.557678425708346,42.30161997765761,24.47806391381176,-33.638807812962284,51.61757112936761,32.4818610094639,-33.67813416718091,47.863667936101365,30.866357796491616,-17.026018446002155,48.55276956822075,28.961144849728292,-39.588439674335284,29.16581491419179,25.72716723649077,-34.92546472476908,17.217788825067444,26.916119828052317,-32.77862495543797,1333.3333333333337,4.269912976527315,-0.30667832364871883,0.0034891521888131996,13.95976013420168,-0.39415524753557685,0.10293667994136416,3.212996710673018,0.010390168256974752,0.0018444001295464811,1.8635195479397113,-0.13423458123154053,0.007003500553395953,27.914880568062134,-0.6991972080534448,0.14379248375838313,3.8726451325965368,-0.06334008563579402,-0.006481219747475216,4.249313266061816,-0.14514265088568556,0.0032764172458188117,5.451525995015741,0.07365057216655307,-0.012210057681276873,1.345646130304375,-0.10969289420430309,0.025111182060235725,0.24479125374614588,-0.003839684381855275,0.00015719531836967348,26.18783080330511,-0.6450831198897864,0.13127315715078772,16.857172669134247,0.19556221109287492,0.16070014770985,8.174212266521552,-0.140352743468669,0.08539143662190621,0.9314241707099199,-0.014859708704979156,-0.0026253357761192564,6.058220877190078,0.19446894657288846,-0.012464411404203233,1.4158082012164666,-0.022852367941244574,0.002257057966801511,3.114206040048147,-0.10942660751655711,-0.0003172851412796185,3.920841141253053,-0.13707947151735164,0.04776593994744722,11.425481483281796,-0.36740304991810513,0.04636402090996133,4.145329753221772,6.295572163196806,8.760395181380217,46.57463396001229,0.1755656929767113,0.34181905781014643,0.20820790945119697,1.134167699289154,0.05396440014977873,0.01073502777752211,0.01754562259001404,0.2894504675901918,0_1_21_p0
27.04333432746637,32.582397378452335,-64.36957978940055,30.021592732989923,42.272527437669766,-109.7498612173003,34.11673394069681,43.56241132893376,-148.5739220755387,35.57210100190312,47.434422092067614,-152.64076810487592,46.06870820725752,37.32164283651721,-62.63388410301457,50.532836795784775,38.894544862094996,-106.5490944997743,54.15996717890068,48.269448281430165,-150.72440600923437,53.12221653923661,53.810639607954116,-155.98569366575705,32.57550011338991,34.50389319814514,-14.277352358677092,30.076498206618353,22.229756979253082,10.067647008941826,31.454057651194994,20.069143602360036,-4.308005793576661,16.75684437933689,30.079379022404478,-19.47143737939473,22.259924574933567,21.664961413360377,-42.58384958485458,42.286423970834385,24.64643787718917,-33.42036025587144,51.76915895098414,32.694288716891975,-33.50334521335702,47.89545665395815,30.917935210474067,-17.034218798804837,48.57758980039427,29.046124184539067,-39.60573135050532,29.1675078244499,25.83594301956222,-34.86740490230895,17.197093304797832,26.91091167224762,-32.929937792353186,1350.0,3.906087175185776,-0.2937797739237048,0.00719570836896315,14.375388354256504,-0.2874846141886894,0.08572426007506043,3.275335422956166,-0.003290412217318652,0.0007641593971183557,1.7423755641329457,-0.12365197622818791,0.008533979327896964,27.197629357104347,-0.48625471191137304,0.10734682139898531,3.668574231962151,-0.0689098873727185,-0.0004658559465863765,4.152468873527663,-0.14388973400899166,0.0020571697104224754,5.472769666279549,0.04728888264748713,-0.01370919381731989,1.3639256091231475,-0.07501562677853978,0.02377845523932196,0.22753175556647856,-0.0041789136055158825,0.0007092672015202393,26.972360764549716,-0.4963606139586183,0.09715778604275804,16.721842034972084,0.4145066588544659,0.129178751774832,8.065575569411735,-0.11745889732708854,0.07244293794331945,0.9149838324062667,-0.016925559199019426,-0.001899594352221113,6.331701904637698,0.18957951861682734,-0.02070840057058468,1.4268864109042878,-0.02988760645028909,0.0018483872546562216,2.991597881897729,-0.1173124209805968,0.0024614711236119013,3.6514684704035405,-0.0777985170925379,0.04520337073445269,10.70159329054077,-0.28922439205113093,0.04514689041958706,3.897885972879802,5.888700829982317,8.98718415090142,46.467852791928394,0.10807383366372772,0.3279361923636509,0.19541611784496096,0.9323060006046566,0.05107601843649143,0.01150443818586667,0.024846806412431317,0.22868162560302904,0_1_21_p0
27.04183390914359,32.58730281198774,-64.38112832910306,30.030930646232623,42.26867219843904,-109.75570952092255,34.119327564006,43.564212561041735,-148.58262242958972,35.58628298462801,47.46322480749203,-152.66501216022968,46.0638857779362,37.33818759497932,-62.64642844672,50.53557107696316,38.815442965894285,-106.5225480949473,54.164599422072826,48.24398344724209,-150.68703536819788,53.12293416252295,53.806908515453664,-155.98810681429015,32.64189237556516,34.518253453277524,-14.31288753522435,30.127526142485415,22.133282299228295,10.050510534244339,31.47311895379624,19.958750227323318,-4.349170814234337,16.765756539142764,30.082580250445,-19.432352511712008,22.253186042451045,21.77781900879462,-42.604140757253425,42.29142800727183,24.845739249311368,-33.095968383249875,51.85333854029031,32.913977322407604,-33.19197466797408,47.9337155931371,30.955491177785028,-17.082402641751525,48.59633906677515,29.102092991904584,-39.692800887303505,29.20518590171102,25.868468700097118,-34.78144217958993,17.22892457458905,26.799373439413472,-32.96598664201926,1366.6666666666667,3.5464266536058617,-0.2741247776568788,0.010455074171706767,14.67021229124812,-0.13416796157378136,0.06825597836415619,3.359107720603107,-0.006563442224736964,-0.0005258911686194978,1.6011378971721169,-0.11135682449779978,0.010076422692160813,25.798202648547402,-0.30724379445324346,0.08450597385567346,3.591482072180658,-0.06475950119351008,0.003392293815983209,4.014831283355546,-0.1396205612924974,0.0012181006467298736,5.516604057026118,0.02406927442467038,-0.014603634822136089,1.4016135462876327,-0.0380622668753805,0.021507008593518253,0.22059744359387562,-0.004176913272324339,0.001222975610938294,27.085434749496745,-0.25702563660524474,0.0739071271928381,16.287495468142964,0.542839086521581,0.10663777579997388,7.867430589432968,-0.10776776300358429,0.06102107985974965,0.9311145392867192,-0.017474627438770252,-0.0013942476475211714,6.371972015516628,0.18867185676822074,-0.024946181968982652,1.4191183737576227,-0.03283577782371678,0.0017571312283795224,2.8440200577439456,-0.11212954505187048,0.004834823278976004,3.5118361544112138,-0.014602689151696421,0.04350815652694453,9.91360062171828,-0.21133239006765822,0.045415777164208124,3.781205324835817,5.5649854021452425,9.072957200777456,45.431805317959444,0.0407673238041665,0.3051876907681502,0.19031415680798827,0.7493186563235187,0.04853360797442092,0.015128702308600563,0.028911151937775378,0.18559375303390796,0_1_21_p0
27.039580688691572,32.59138050448373,-64.40088444261104,30.047088574418357,42.2591478356779,-109.75104988501008,34.1201215261531,43.565399668315386,-148.58471165598107,35.59392596370811,47.500601660242786,-152.70161260047638,46.05550198939884,37.36437913554996,-62.68990820905438,50.53734936765193,38.74812779225554,-106.50262776821174,54.16829222018047,48.2235413100975,-150.6524276202399,53.12359077827957,53.80519770109052,-155.98763896629671,32.70591666015943,34.52421220387448,-14.342289010518689,30.183879866014372,22.017511118929534,10.039029332345464,31.50605271457546,19.861947201683428,-4.393342529378296,16.78400459730804,30.08211883098818,-19.402949620939513,22.26351872197956,21.872871092818098,-42.61240897427844,42.31776885337688,25.06660994313477,-32.711462949843586,51.89037250670769,33.10301554743166,-32.802046505095596,47.964723142226724,30.95777726485457,-17.150635216721316,48.6115384158516,29.122520248217825,-39.868591610996425,29.269784268103194,25.85536748125837,-34.693771745278895,17.30998489989874,26.60872603981656,-32.89542299009297,1383.3333333333333,3.252533526522357,-0.24967247422041283,0.013427645911618514,14.713457481523916,0.019175769754764482,0.05188372613542168,3.4537825574184,-0.00871186942237312,-0.002171671834166315,1.4549362232881373,-0.0993457400473125,0.011840262113873899,23.791051227927593,-0.19639323594774655,0.07491085186656972,3.6076213332654485,-0.055082053915365935,0.005051234923607176,3.907753474827831,-0.13675493934834904,0.0013172924958358176,5.599106603081203,-0.00290042211489136,-0.015429579301833887,1.4416994910269199,-0.002189528908800942,0.018859554693468342,0.21876657256191165,-0.0037519972304513242,0.001608340287270942,26.621262576021845,0.008174545353857116,0.059407548053831916,15.867210333169604,0.5719833493946666,0.09068175571139295,7.565141897708463,-0.10704094916779414,0.050684315091333094,0.9374926996754239,-0.01729167597800473,-0.0011693477576974745,6.340625011852284,0.18005909752706645,-0.025886293405324067,1.4206616188745902,-0.027010223328677696,0.0018599951039993475,2.7371750640424968,-0.09645182370813596,0.006952045149711968,3.40640447881296,0.046482760255247155,0.03992753365039997,8.956931403722342,-0.15330088838001904,0.046745417222838065,3.6989307773604354,5.353109026517062,9.1368558184707,43.62545806227975,0.046534299584169735,0.2761930209437538,0.18029306065275685,0.6550828828154799,0.04415756726360439,0.01879952580124042,0.030214040813062663,0.15767084184667007,0_1_21_p0
27.036530203983332,32.59436046655668,-64.4229273966238,30.069607768750302,42.244491038492036,-109.73751191941541,34.11999471532055,43.5661240881527,-148.5837347743662,35.59606912219604,47.549379143352496,-152.74533667984005,46.0359269703078,37.40730237995327,-62.761852702389675,50.541621044687865,38.6938044727975,-106.49090994078638,54.1696312286434,48.215642603400745,-150.62741269611232,53.12372281199242,53.80530294410036,-155.98568072928103,32.75154131977336,34.532797006497276,-14.370063805275501,30.247337912801104,21.875673714303776,10.025780745243305,31.547150700024908,19.793562431253914,-4.444737540944212,16.81031144590398,30.076922185817928,-19.38248183957763,22.285479298393387,21.92708400825991,-42.601436552736544,42.361809829853826,25.291533396858878,-32.330610995942344,51.91344566841618,33.25260633851453,-32.393819978015124,47.97594629156348,30.925753611606137,-17.21149061120893,48.625400527260986,29.118199073993285,-40.109844569951534,29.352817359619042,25.813044151883137,-34.60661948248881,17.428969420556196,26.365468018113997,-32.71159136484408,1400.0,3.0493398373022425,-0.22535120373718318,0.015935989786581246,14.368656158941937,0.14813071584868948,0.03964723146570985,3.5099182759712155,-0.01398117370929593,-0.004079022705808604,1.3258415861562807,-0.08645021071606773,0.01373096317339539,21.68175259500523,-0.15353249788255688,0.07627841709239572,3.6665094108917766,-0.0444888926420357,0.0049171891628558935,3.7871401878106483,-0.13521355084556563,0.0012627705927487382,5.676923852326961,-0.033736788439352364,-0.01652860854701313,1.466812823521876,0.027548837901908978,0.016599009122665456,0.2169532613457088,-0.0025554526870350982,0.0019637902332695733,25.615983353038036,0.21682020439831975,0.05335551009088477,15.681496532383905,0.515339761879186,0.07668716337185341,7.165885262446158,-0.10288945152786025,0.04142104770460561,0.9207259033205908,-0.01775603355014577,-0.0009001578184384664,6.371284052904452,0.15189887436372726,-0.02603215112753911,1.4249955799792484,-0.014987122696438763,0.0016810080006074183,2.658025995229823,-0.07534899155246785,0.008022342104134723,3.3113776000726363,0.09175756564108742,0.03614588012622738,7.920877182383337,-0.141889659479986,0.050284028022800346,3.621706982834342,5.236892010029639,9.227147512200622,41.40220225989915,0.09580391078721225,0.24654104412805633,0.15622711718987367,0.6424796476591443,0.03977501419175021,0.021775362533996,0.03110476199976353,0.14292715133818196,0_1_21_p0
27.03475861105854,32.59339309197089,-64.43237194816993,30.095419001028645,42.22691814427329,-109.71815925617956,34.1197716553741,43.566327976184944,-148.5828058644231,35.591336675820656,47.59562348173473,-152.7828293948763,46.00368902008427,37.462049264694365,-62.8451371839361,50.54691600458688,38.65196922702893,-106.48795709835048,54.16933063187525,48.216767971862154,-150.61410218172563,53.12364276138746,53.80584116165239,-155.98404447139782,32.77238746586937,34.54095104613392,-14.402617078273444,30.316172414831442,21.71570930825031,10.006081406791758,31.585809699018025,19.756880646601406,-4.505020797377317,16.84127590655007,30.066933726468708,-19.37314813427624,22.32435723083262,21.92378019867607,-42.570626386918775,42.42992309839098,25.516119457181375,-32.01165758720984,51.955269255403365,33.41063467038276,-32.00389946933795,47.96053679839484,30.877275439054092,-17.241265063941277,48.63857960289931,29.112232344770632,-40.34523576421391,29.448865102944016,25.725555688937423,-34.49545309595422,17.57221099310192,26.084744303668167,-32.39408521027042,1416.6666666666663,2.9261079220275183,-0.2067734281216734,0.017887164370776615,13.568755171297823,0.2511037163829824,0.03503723075026981,3.4340402385794504,-0.02069799741196583,-0.005472335834022894,1.2241528559211914,-0.06911508551439417,0.01533759448346441,20.133363678622505,-0.1759622021225399,0.08135217055811216,3.709382145321734,-0.0306421879711321,0.003899621122828883,3.5717374182335324,-0.13602606796643643,0.0014144688655097744,5.622334586571127,-0.06221854124603485,-0.01747904937044092,1.4785535490419175,0.048309718164923784,0.015139549834121486,0.2153413719892222,-0.0003445169227255535,0.0024083925402559243,24.124279708128785,0.3434914876765222,0.05651817743374427,15.84726062544792,0.3990833365814956,0.06160461863488871,6.76916168404849,-0.08065388591052755,0.03375202918877453,0.8859558025179455,-0.01877442941850166,-0.0005750386541287396,6.445250694819531,0.09924894837749014,-0.026861910665648896,1.4297366002930105,-0.003908551913457508,0.0010593018165649972,2.5475625261848656,-0.052411884538427836,0.008483989006962707,3.286838800141914,0.11743016312961357,0.03255507184968839,7.064589677677964,-0.1557129226364027,0.05465203207599646,3.6040851676261463,5.166779463337555,9.216535958949457,39.211699158664096,0.12697902221163157,0.2209953935639148,0.1189533846752079,0.6505930717400289,0.03590318470996996,0.024034405403260385,0.03251193428548883,0.13796825535891757,0_1_21_p0
27.0353131572568,32.585481713759464,-64.41908453747384,30.122198853750966,42.20774844789092,-109.69469308090147,34.1197938662356,43.56568450359931,-148.5830735466691,35.58089473141864,47.61412684344015,-152.8008077499146,45.96932112342459,37.50908469112639,-62.91535544160438,50.5502116235628,38.62407947727464,-106.49211928012502,54.16897660414372,48.21899039159454,-150.61034811197044,53.12373506394237,53.80494496848929,-155.98506108246647,32.775556199962736,34.54242313680796,-14.438830381350694,30.38443355399177,21.558736894603964,9.980547444494812,31.61666415860087,19.740793108217478,-4.571981385153194,16.874097940470154,30.053532082162356,-19.377043811152046,22.38686938340781,21.860680757009387,-42.52752769435706,42.530887094990746,25.74921211018549,-31.789286176570315,52.032127526514024,33.626224216430245,-31.648372954940985,47.92354802719046,30.83017434392491,-17.23250972196399,48.651827324810405,29.12987128741664,-40.50271890047446,29.553816854639525,25.57029625379718,-34.34008361422201,17.72561879441214,25.78274225236001,-31.94780260397494,1433.333333333333,2.860875396585239,-0.19017637150683503,0.019374750078085687,12.481544908061826,0.3158550496569924,0.039089560259429265,3.2075930458382267,-0.02751004487128143,-0.005055669935542481,1.1376816756294625,-0.05008595102779806,0.01656691157966349,19.39078244032334,-0.25098682341289613,0.0809905111802107,3.6913323974934156,-0.005932566697841205,0.0032460875921606763,3.2963038791334105,-0.1356903949488793,0.0027156611070211075,5.449074099950357,-0.08331575953789905,-0.016753151589328306,1.5093783591659717,0.06150570979909385,0.014120715025196844,0.2148595861464367,0.003976819492638601,0.002947800694018934,22.29789526441871,0.36046333063298264,0.06609967137871196,16.513208696066258,0.2788204553681261,0.04343570664323225,6.488913443138426,-0.044581298654572284,0.02757556044225625,0.834986331455462,-0.018526711174232116,-0.00025458583047622765,6.436377686043208,0.02730477814600867,-0.02734774842239337,1.4340771341471674,-0.0004078920444699225,0.00020875129708429057,2.389179356677994,-0.028954839485721112,0.00945869577808373,3.4313275210846665,0.13000868803298857,0.02903473046537398,6.6783918123337385,-0.15244600988229398,0.05692545388808916,3.7486306283857314,5.089676467202461,9.022639270848329,37.482720201931656,0.14382354223822083,0.19766150513850553,0.09189052870562714,0.6441358560996406,0.03228637740626433,0.02586848477420781,0.03246732558198597,0.13579780692492072,0_1_21_p0
27.037336559588432,32.57046932677733,-64.38635704859105,30.148619541227887,42.18740128988026,-109.6677331892237,34.120025747698755,43.564082354548255,-148.58430663858758,35.56881718603721,47.58949892848692,-152.79362123343222,45.95085987909845,37.531387415486414,-62.952814506674606,50.55060376459161,38.60695572170772,-106.49767334123526,54.169595169311876,48.21707970757825,-150.61077592215838,53.124022463157786,53.8004886206054,-155.99151011407622,32.772189361524354,34.536764876737635,-14.473368059527072,30.444912833370207,21.429284973156644,9.95547219107767,31.64232014678711,19.728873794811623,-4.64286929032301,16.904541657665373,30.039019950072042,-19.391958055118735,22.468899925791135,21.754428753781934,-42.48390133231219,42.65610905267584,25.97786574372185,-31.66814782830285,52.134567028378164,33.88524246345563,-31.338204529365377,47.883343747643636,30.79862186062197,-17.19755405150697,48.6659140532268,29.177548991088102,-40.55479643377081,29.665470509492735,25.34386414357077,-34.147942577020316,17.879047299940726,25.475310891805485,-31.42448770540135,1449.9999999999995,2.810522136620965,-0.16733544476136955,0.020411164568911514,11.932489665813671,0.3304111140510973,0.04681079916646759,2.98420346474425,-0.031171504033326452,-0.0025144593847454995,1.0585269495601346,-0.03170614774085278,0.01766639904159937,19.637799582300122,-0.33191071460271454,0.0715145090772322,3.6025307359788887,0.040123414471851554,0.004059455919983695,3.05030589247193,-0.13581622193051252,0.0046342232214862415,5.2795227197539365,-0.0970459786280366,-0.014516103620632248,1.5921163295376355,0.0690673798927919,0.012755812886664032,0.21666525690814653,0.010111770575922326,0.003496525516984563,20.7959692687582,0.2536803211870411,0.07728474367689271,17.64643012581074,0.1833201783788842,0.019343198180120008,6.34977268588604,-0.01641547410673568,0.022541242662272046,0.785071774906127,-0.01634214389320319,0.00017528331206376525,6.322024212128221,-0.050767047480629185,-0.026080012948310402,1.437320176453164,-0.00598758410836518,-0.00031554333054650575,2.206724431046398,-0.007175283992526628,0.011341997529132196,3.7480790546964924,0.14242276834576556,0.024310594847833215,6.8427824378981175,-0.10724735049858011,0.05446218168637536,4.072214508966214,4.972616263296298,8.760526274495446,37.0568967869498,0.15828628465071393,0.17612916851444885,0.11387219915973118,0.5895466162518143,0.027453884684231464,0.027523670886100336,0.029953411253253036,0.13144208091709403,0_1_21_p0
27.04014970867587,32.55106067939807,-64.34665134107644,30.172311759477203,42.16790629294218,-109.64055162361942,34.120297214523625,43.56193043589814,-148.5858079547623,35.55866035691634,47.52973062601601,-152.76706663464134,45.964142575734684,37.529281177906256,-62.95151320447812,50.548185269694315,38.593685937199076,-106.5006182226894,54.17209926037197,48.20588890469852,-150.60665929429317,53.12364005191412,53.79210411550262,-156.00467329900263,32.769036867781566,34.52753340792509,-14.505693317689778,30.494736621885888,21.34091207087731,9.937862733232082,31.66880409092492,19.708902175789035,-4.71711303113614,16.924701042768607,30.025642184977297,-19.40923064340632,22.557621923465256,21.631558849587705,-42.44751762563013,42.78923787778706,26.157077298333764,-31.626738168791125,52.237813973760716,34.120246140839235,-31.079680381109487,47.8570290182963,30.790275055676126,-17.154437636847195,48.67872505745895,29.232274919227525,-40.524636643602896,29.779953340310538,25.068193014482233,-33.946806544172695,18.027929714412632,25.172452928972035,-30.89557363610108,1466.6666666666663,2.733033097214669,-0.13935185413562792,0.020754018312806797,12.128961281705562,0.2975814539826146,0.04574716477367933,2.8979844515297,-0.03170856608617599,-2.0054111462391083e-05,0.9999805173404763,-0.013229963508813796,0.01864635865252357,20.62159285439501,-0.3722253084924178,0.05083689460423563,3.5060701307709747,0.08438743755644408,0.00598087565394278,2.8926167928499176,-0.14187157765868674,0.006089410081433719,5.147756087190349,-0.10680602592103329,-0.012325976838921964,1.717206711585013,0.073335327207888,0.010478366895069344,0.21610787422331332,0.01716161992630404,0.003955397619412446,20.52844867452552,0.160870033560519,0.08279966355657023,18.840652998907505,0.14486650094205966,-0.010336534059791808,6.307524224744697,0.004385694942726091,0.01867191428290426,0.7556471389985707,-0.01314864957012926,0.0006634421258314923,6.218507047449113,-0.12031526304182964,-0.024192035522208454,1.4394622154699164,-0.00899797193455744,-0.0001655489504308644,2.1132227425063204,0.0115049162291049,0.013723610727493252,4.180947614719485,0.16570649621464686,0.01803025387417785,7.353105303531209,-0.0267316728257209,0.04712543106719286,4.519858609220112,4.842697119287902,8.577152004814156,38.15016599903206,0.18120903152001772,0.16511687523016136,0.16397781208782633,0.5431073532246055,0.020853925950645134,0.028814919277203543,0.027151145278032432,0.12014443891449697,0_1_21_p0
27.04493355583925,32.5308672720747,-64.31060627669505,30.18954856463903,42.15334906503372,-109.6195781507364,34.12049532763067,43.559853801235185,-148.58704284710848,35.55394829883024,47.45626343476837,-152.733766801139,46.01177544566534,37.51957211447282,-62.923030886025344,50.542274875566775,38.58008390540547,-106.50375014783222,54.17697736407525,48.182337995916654,-150.59181206123833,53.120278030109894,53.7830540911893,-156.0231995624504,32.768505529450806,34.516540741219885,-14.539277201220372,30.53946364061877,21.285486850169928,9.93035439402521,31.701119348390648,19.67646663125933,-4.793060258755849,16.926328608353806,30.015442567634565,-19.41793879795818,22.640103497409243,21.516310060460402,-42.41567010829055,42.930478898785566,26.254581175190616,-31.638239283826568,52.32079969447173,34.26421709725916,-30.883211771056146,47.84699226430724,30.80039634261005,-17.111712676641,48.68672906212663,29.263786351378553,-40.46350898186672,29.88497890334131,24.784002394289594,-33.765311653386235,18.16617240414689,24.889536983688323,-30.416399493697867,1483.333333333333,2.626743296069791,-0.10945788437604158,0.020075432180416103,12.954126289502087,0.23658042195555096,0.03479116207314149,2.9206868033188282,-0.031215362677114673,0.0005567024503931172,0.9750409539138354,0.006915014288650742,0.019390287441659403,21.753698627658153,-0.3363599226613807,0.02512213269459312,3.496927629226289,0.09994590348882258,0.0077395137487991875,2.7779593521680312,-0.1386047311238452,0.006437385487252807,5.025264553835632,-0.11462180454403174,-0.010816032238658095,1.8402772721523637,0.07184547630704664,0.007406377662475364,0.21694470979892708,0.023901493596226654,0.004348371387282385,21.55903945310525,0.10563899299207999,0.07329365043819552,19.799984658326693,0.16993906533208425,-0.037206912994898325,6.302484364621761,0.024168167776848527,0.016161520024454895,0.748168677380956,-0.012164732384965094,0.0010314612937331543,6.13974504978378,-0.153897066300977,-0.023197212820705353,1.4402238988385228,-0.009531061625283898,0.0001783154631654076,2.168650110488775,0.02921647205020307,0.015080765174416835,4.685290543296571,0.19552162939611767,0.010630952634332065,8.027373377883784,0.05194281928723516,0.0373399585284999,5.033742932799093,4.770749868208595,8.45459428449775,40.18015057831598,0.20830381664170053,0.15108981681344846,0.1944141557604315,0.48217653087840107,0.012956526694783053,0.029307172157939806,0.0256009209532599,0.1025777593889583,0_1_21_p0
27.05407325009307,32.5124135011507,-64.28153690583002,30.198325038918323,42.14617612466995,-109.60878278421904,34.12060943374136,43.558296232816915,-148.58782256385942,35.55821106373095,47.37900180244603,-152.69924116576436,46.078067054784874,37.51724711235522,-62.88587309055495,50.53433679907007,38.56448392540439,-106.51171280458185,54.18284553625142,48.15349444602103,-150.57128811007013,53.11122824601057,53.77827987600764,-156.04443152883144,32.771974452345454,34.50036438061839,-14.574094352998346,30.587820664349895,21.241498867017928,9.933218281121954,31.73945159760064,19.6365581686026,-4.864213303002751,16.907450058125086,30.011895189454652,-19.41351254139468,22.706510376736105,21.426719086353145,-42.37759882481667,43.087668960416956,26.27994961189714,-31.6931822535926,52.374635919777226,34.28452666898008,-30.775812014852928,47.84580906461364,30.8175074692342,-17.070507873994895,48.69098615635643,29.263393430319834,-40.416680699787875,29.96678693711511,24.527090234499703,-33.62136936191199,18.28714502049702,24.645419581795004,-30.01926891389984,1499.9999999999995,2.5133529430818,-0.08125751145084269,0.018821519045868575,14.090897351025427,0.17522179083514522,0.01676279550612024,2.9389626251502494,-0.03190611121985505,0.00021941390940047087,0.9645711326208494,0.02869746675823269,0.019742702896808493,22.698774362066786,-0.22138561816016172,0.0015239703424758163,3.604540401504583,0.09501189208488434,0.007939716003364409,2.669152477799522,-0.12115149673196685,0.006282875917391347,4.865986761712075,-0.12289933285708615,-0.009331340766247658,1.9584979855557547,0.06761321984043181,0.004221104540113723,0.2235828046923085,0.029484278703134047,0.004709056724614549,23.35541759124654,0.0928894487963826,0.04942836930281789,20.394336028556044,0.2356594352102031,-0.056756400519737855,6.341660653631801,0.04810909476013988,0.01518514708659512,0.7483728244690495,-0.01368747128741598,0.0012221501920342075,6.052076306638177,-0.16074796225465834,-0.02276477955726202,1.4346010507981033,-0.00926848653794655,0.00021739035208933745,2.3299478194652137,0.04913573618195087,0.014548694784836395,5.178539587276982,0.2005197741675278,0.0026288164571600385,8.696656360856508,0.13122219053776168,0.027164840032690585,5.5365139407772475,4.78624940035213,8.303189513588041,42.46873840956598,0.21161220978333672,0.13265052509004788,0.20484665806137936,0.4248574361260808,0.0049727657801272055,0.028823239095778826,0.024604008845109136,0.08466063292024374,0_1_21_p0
27.068073830170864,32.496721014604326,-64.25748874808946,30.20061726271382,42.14458843819517,-109.60607287778042,34.12068964279855,43.55741915159399,-148.5881986366314,35.5682251251605,47.29127565377284,-152.6600567232716,46.139297683971115,37.51621514971756,-62.84594252764401,50.532624216811875,38.54757757825597,-106.52524665518483,54.18711865173882,48.1331275328018,-150.55830400876343,53.097055243433765,53.779088094253666,-156.06575487604815,32.78011215151779,34.47526027789441,-14.604218164213442,30.64167265791512,21.19335519542646,9.947012071223227,31.778535880819746,19.604884760560886,-4.922532327798533,16.87519900570067,30.021350187391484,-19.40025559775343,22.749362226743557,21.371422384609815,-42.32314041293387,43.24843377679946,26.260339551022987,-31.802036084238495,52.39799797671449,34.195809521168194,-30.789052621976904,47.84728877825628,30.83364795974494,-17.033684872189696,48.69759700198654,29.243346166179286,-40.39299129920626,30.018067632772453,24.317788634357825,-33.52398680727765,18.390681397132845,24.45044754831445,-29.724258822280913,1516.666666666666,2.3874559230848216,-0.05815892175227223,0.017615290489095922,15.34850314643316,0.1384326283480892,-0.0032786948116090057,2.910548148975532,-0.03391894869144609,0.00029222036416300047,0.9964805808373236,0.05143408218716923,0.01988795314141689,23.40472538687637,-0.04403213551655864,-0.01679377700437775,3.7854600348136427,0.07647600049444328,0.00639347647926471,2.5582760255598984,-0.10527701010302633,0.0062516449983631974,4.65075358545919,-0.1316407515933824,-0.006797065443523434,2.08950785897426,0.06361645169980862,0.00117427305214854,0.24088032868091147,0.03446962606218976,0.005013650729433326,25.168732108702223,0.12137187480179296,0.018174432819919845,20.609935087764352,0.29694766435496256,-0.06765990786742335,6.524658394313349,0.08021049723998921,0.01539922217231332,0.7372911384181926,-0.014649659681915872,0.0013541147961559264,5.901235341260868,-0.16517734476086976,-0.021847037448551106,1.4092305012940158,-0.011254814719114048,-0.00034055524857607567,2.5306546678027884,0.061086533026075696,0.012511571796522868,5.563033342383916,0.19607330624755448,-0.004809462963594104,9.153943176546239,0.22248422579627786,0.01875858961588262,5.942506462864837,4.859030682054065,8.057628558894526,44.50738199068993,0.2061353786949765,0.1157840323424358,0.21392367279629151,0.4413153485630342,0.004950742489686333,0.027817116656055255,0.02288183857698429,0.07736664105794502,0_1_21_p0
27.084110534707325,32.484098006235065,-64.23471617850419,30.200225676259386,42.14490166366764,-109.60662191788589,34.120794811239,43.55707684155686,-148.58829303872824,35.57287175846645,47.196347367524034,-152.61888709444597,46.18102106702471,37.49753317044197,-62.79409407983112,50.54844148089551,38.53678958546231,-106.54238942379803,54.18871116981174,48.127236787409686,-150.5598335641334,53.08338253004171,53.780698538471775,-156.085034790984,32.789995959054316,34.44508589698359,-14.621847961187868,30.695741440494285,21.145237848087795,9.968858782420554,31.81326435044477,19.601814284369734,-4.964739959366551,16.842948265196465,30.047415016796837,-19.384980388095393,22.763089276841377,21.34281154634165,-42.24929905015717,43.3831504581852,26.216420053204597,-31.985369138929627,52.3913920190909,34.068364338159476,-30.945046446852505,47.849371390514285,30.84592967078202,-17.006005733479096,48.712380910557286,29.21688540959201,-40.359595044076826,30.03138358139869,24.1794439217331,-33.48268352183642,18.473856950001615,24.315749990415007,-29.545121263985948,1533.3333333333328,2.2298499998655292,-0.03909917400928803,0.016480019655175343,16.67614671007756,0.1432500626470541,-0.022150208078443284,2.8487940128612443,-0.03353717529569546,0.0011863035516337496,1.124678918931092,0.07441275434872417,0.019757998231054577,23.762675246294208,0.12409898923855919,-0.029759487081326568,4.026789323127937,0.04921632301552484,0.0038426445947331227,2.420025305166146,-0.09441119844683517,0.006603577703483316,4.39647700871759,-0.13589264078393265,-0.003034329798639161,2.2223204157423955,0.061088734026416645,-0.001532580343576352,0.27702265118918157,0.039488449730227006,0.00521460978909558,26.734662491205004,0.19223941187098625,-0.01117906286710768,20.47182137333604,0.3256123016560526,-0.07060648135775836,6.954779317193013,0.11818323822220549,0.015093084423082312,0.7289924045434749,-0.014114329027599163,0.0016257533637855453,5.640072869157329,-0.1782093683124965,-0.0193844832424169,1.3564091154527513,-0.01573659560325993,-0.0013144170864474005,2.7360002577151805,0.06388916428871474,0.009831832896659934,5.829951493358471,0.1893510799346522,-0.010292749916928943,9.464574797111515,0.31136085733570273,0.014437102082626777,6.239153984727266,4.990008327556452,7.69773079454595,46.12901043970196,0.19896146586052615,0.10721213670250755,0.22660567270124593,0.5502805312091827,0.010406224260602757,0.026613875721966718,0.01965636446597056,0.08404170831267332,0_1_21_p0
27.09874862767656,32.474639065278126,-64.21110678331962,30.199668464541585,42.14492121485305,-109.60737491675575,34.120939289475224,43.55686468770482,-148.58821804471984,35.5661592381078,47.12261629624962,-152.59017143191937,46.2048494230744,37.45153048401891,-62.72206653408041,50.583889413265226,38.54172304781582,-106.55920712496506,54.188628895312455,48.130576853605604,-150.57098052022832,53.07656999028991,53.77727616353305,-156.10037693233917,32.7945527690286,34.414239873349196,-14.620781697633415,30.744988782541817,21.120856581422963,9.990141540495676,31.84350020252961,19.637420079666708,-4.992968897405866,16.823586985508715,30.08108929868756,-19.369593871073064,22.74423097231416,21.319777534872422,-42.16250766537404,43.47440388129228,26.161969062662383,-32.26294580247631,52.36172816260882,34.0025463788122,-31.249180607414978,47.85157330155394,30.853149754672437,-16.988272928051916,48.7392690206271,29.188388572411995,-40.270653396854904,29.998550396991785,24.139338520139518,-33.50700975606241,18.519765412691925,24.25734223959191,-29.485132091686783,1549.9999999999993,2.1067904568866758,-0.021686183494109616,0.01565208618995352,17.835669722162148,0.19571038239428018,-0.039166177985912536,2.7557055884385595,-0.024295420308243394,0.002678696083688336,1.3031408932301156,0.09758064566982408,0.019044335416733026,23.60880814199864,0.2056122350122358,-0.035807010654256934,4.3639720886246245,0.023033844184043716,0.0003503343280202801,2.310386778234303,-0.08206270995479491,0.007716885532888192,4.153892688050896,-0.12742421697747297,0.0013619582740329928,2.325294466846132,0.05936269185297242,-0.003711181091379473,0.34016718183401434,0.044710928328514685,0.005265376974544345,27.85657288843796,0.30759499577508287,-0.03503987625667051,19.983726123929316,0.30569835080222346,-0.06709855155272268,7.523154322001959,0.1464865901578409,0.012259153536324606,0.7309013308597957,-0.012314096635590164,0.0018992686806103313,5.253417038444521,-0.18809402426501928,-0.014742297635259851,1.3018529775537253,-0.021122189685286098,-0.0021946704571410643,2.9394621113903163,0.06690629167781326,0.007374564554588952,6.020007450138824,0.18551892157361258,-0.013738791404063366,9.851487200235805,0.37141297245616023,0.012270082607828196,6.453486194087052,5.246498475111485,7.242038962461705,47.10045514416215,0.19478500826774933,0.11454118004815643,0.22848754995510362,0.6627682592797485,0.014231207058341114,0.02537607618062359,0.01504545388532903,0.0946621167939003,0_1_21_p0
27.10992757369809,32.469015226215944,-64.18731736147781,30.199698678440555,42.14437883910133,-109.60768806891541,34.12106023951621,43.5564761219204,-148.58812524388958,35.554099501392756,47.089871381081124,-152.58225903401242,46.22220698867527,37.38170456990037,-62.63183708071464,50.62761969935485,38.56138974737582,-106.56837486695156,54.18807046084996,48.13659407397854,-150.58458915602236,53.078145203772486,53.76835121672674,-156.10980793543902,32.786757401396066,34.37494404443461,-14.599121058205537,30.78717953634687,21.140307232994193,10.001436710045036,31.872120599381258,19.704120133024187,-5.010795669014004,16.822988591365633,30.10558315684645,-19.34764041142362,22.69213095856738,21.288788949953606,-42.07644871062013,43.52582425147099,26.103390582637175,-32.64076028572669,52.33023042112597,34.058841902440676,-31.677457618073145,47.8530699432073,30.854700406529588,-16.974638791016012,48.78210407448669,29.161677860410112,-40.10618612804702,29.92029865416439,24.20725552815463,-33.59644935408317,18.509985861127742,24.28173360054093,-29.542976901024186,1566.666666666666,2.106111199903093,-0.006244548133870254,0.01488304314224263,18.46371869308372,0.2765183085637668,-0.05211289956373027,2.7105040960550646,-0.003991076383080325,0.004570608665884826,1.4858703234191541,0.12154215194820248,0.018029544185190337,22.975094519530618,0.18919681254984155,-0.03302838775153477,4.810871487960979,0.013189152942333228,-0.004623348974439934,2.2476367023417483,-0.06708218012356619,0.008876473062371725,3.974959675890668,-0.11475840306127146,0.005461695884146273,2.3925182505853155,0.05561530493604538,-0.005332778600253012,0.41824085820132434,0.05010220698207522,0.005034262877729351,28.44162067500043,0.4645582990082812,-0.04990377683787807,19.313437810641936,0.2126782202161036,-0.060091397414141726,7.95919466888418,0.1523696909714662,0.0072799844072987145,0.7322260884191113,-0.008984836014151048,0.0019480555874737421,4.7553461624612625,-0.18357208699625677,-0.007978526553605453,1.2804562753961009,-0.024641970186323737,-0.0025970047428795213,3.127724660306583,0.07782232651664227,0.0055505041164997885,6.198020181117338,0.16954407720847708,-0.016020681537520145,10.409575372075365,0.38049004516109686,0.008859350288216813,6.643763823686211,5.669095890111814,6.76464736734467,47.29948323550011,0.17843277798544568,0.13484668314152923,0.21652743680196762,0.7428659219332723,0.0168849271400843,0.024572910885109867,0.010694740364971424,0.10074263156553116,0_1_21_p0
27.11666356968525,32.4676600467542,-64.16176605245398,30.20020454635125,42.14365188676693,-109.60791276391961,34.12105328262938,43.5560026117517,-148.5883369209118,35.54239576999604,47.07638846756603,-152.58171414232717,46.24244867104549,37.29708611160063,-62.52975417298471,50.66667701289164,38.58457896618804,-106.56274997071114,54.18724656445001,48.14389900791348,-150.6003962803094,53.084611623750845,53.757946187992104,-156.112958673293,32.76419865685006,34.31795643012966,-14.562785813820344,30.82209508842023,21.19775661623228,9.997051709038585,31.901146664866424,19.786275926768408,-5.021354618109029,16.838855996149444,30.11393223045446,-19.308309974661785,22.61058648199964,21.259104886626034,-42.003394321237266,43.54090201803016,26.03786506259476,-33.101951734936264,52.32681253728133,34.214111171996805,-32.18924725735911,47.852452680733904,30.8511063715902,-16.95562790112544,48.84286924019891,29.151142087156746,-39.883975400768165,29.8046773151847,24.371492009821196,-33.7389468031314,18.44076643515893,24.388159701642667,-29.73366391100185,1583.3333333333326,2.179635164492896,0.0046319510433830745,0.013244501122005273,18.4234819439409,0.29205222406961306,-0.05782742485592433,2.7373682193803783,0.01008935658503889,0.005897468979964639,1.6650700953075044,0.14546079855631297,0.016737626534480035,22.331500940675866,0.06335621101008967,-0.02424360200289724,5.138456695943198,0.026373049173347686,-0.011554803730265385,2.121239601181515,-0.05380149966417977,0.009803329136654784,3.8494356062002417,-0.11123908041727638,0.008512440357824416,2.445676038422695,0.04748260922173707,-0.006479941520094034,0.5022155526407065,0.05549127990933142,0.004499939176863364,28.600881306712896,0.5969118334587666,-0.05389720343487393,19.03017018326514,0.04051420019599781,-0.05213873444829296,8.239997690662443,0.13972597077489493,0.0028456873194317865,0.734194427157981,-0.004908076817506771,0.001844591901979806,4.253491931562634,-0.16841158626023833,0.0002604233196824763,1.280838622198105,-0.02533560219770754,-0.0024270110364048095,3.2867797834847203,0.09642755339584166,0.004413093318691387,6.406438584472756,0.1333743365953161,-0.018277720224360753,11.024506390895983,0.3394784160897878,0.0027721361405731353,6.85738919863356,6.029827077368238,6.356377338281951,47.148894916239655,0.14157440390390091,0.1600659261446707,0.20208510710854238,0.7708537245924357,0.01939238764834915,0.024872088687414935,0.010359034777458635,0.09841993091551714,0_1_21_p0
27.119498036367705,32.46805352289422,-64.12760489152622,30.20078743911723,42.14278898822017,-109.60824568094847,34.120811220248214,43.5556432101878,-148.58919200302185,35.525537370477444,47.04902098845775,-152.5685433227666,46.26383509051278,37.20976386624496,-62.41877898860578,50.69769737875317,38.603885708678455,-106.54103362553,54.18589589248198,48.15374112322385,-150.62202021905838,53.09253729409448,53.7485284664546,-156.11186670673055,32.730679000525065,34.24945287376956,-14.52381152873504,30.852036257349685,21.27157178419024,9.975273865672362,31.93033364248959,19.870571257963544,-5.0278441284680255,16.863122724238732,30.112718194969418,-19.246898320384265,22.507652908155915,21.251663456406092,-41.94774375661755,43.50984016034306,25.961757379238094,-33.61142025166645,52.375047895849015,34.3906461232993,-32.75763322140902,47.84839052626958,30.84343763111399,-16.924334091230804,48.918369037322684,29.180987224192695,-39.63827063156262,29.657424393975123,24.609720211224154,-33.91273562309584,18.319499959450603,24.578554430666117,-30.076475955880568,1599.999999999999,2.264218909545152,0.007351708782536725,0.010866730721899682,17.924094683589768,0.23438281690843288,-0.055402269962337686,2.807104982799446,0.005060124538578107,0.0067410572998847585,1.8461007784627068,0.16720233539670312,0.014897252012414132,22.152230517183636,-0.10942272149247619,-0.01718720033908548,5.1677627842944895,0.047182818859269324,-0.017545502112291143,2.0733979066699857,-0.04732895170019956,0.01193972676803395,3.753442598119073,-0.11495160093238431,0.010650060524922048,2.441607753728847,0.0360800381585907,-0.007351835385611843,0.5860541595098784,0.06104665720371989,0.003710413904255435,28.556945659430916,0.6030441426143142,-0.05660927095832101,19.27092801495335,-0.14359703606900898,-0.05059498387610735,8.428098086064463,0.12496390303973488,-0.0005735000847221512,0.7325128466317903,-0.00145363979302211,0.0017513688248202066,4.023245910123043,-0.15837867369375294,0.008512775204542859,1.2839204865250293,-0.027212874502807977,-0.0023528788630528892,3.429844962650775,0.10889905663565572,0.00371796240743666,6.5842929113453055,0.08166577242244308,-0.02105913495511419,11.480735579849297,0.2708749858763676,-0.004993753377370197,7.022418498313873,6.145651626426583,6.176947253713125,47.09315492952115,0.08928083522727386,0.1862960948134538,0.1957633257233242,0.7444993302828496,0.022305529551993306,0.02588878331482021,0.015209634590874042,0.09649310918004127,0_1_21_p0
27.119841876244443,32.465665289056304,-64.07970869411281,30.20082209793649,42.14114624271103,-109.60775617576364,34.12018427520756,43.55517187625114,-148.59003695572582,35.49393750220554,46.99959958398465,-152.53589495227845,46.27772538942231,37.13142846003288,-62.29799911357481,50.72255518043656,38.61914337801071,-106.50753204573607,54.18407528655875,48.16585765708026,-150.64971616000037,53.10234521048336,53.738560123458576,-156.1083446255025,32.694062028220074,34.183675873009456,-14.49330123884792,30.880472518062074,21.346956528533507,9.938516228313016,31.956925738423912,19.945381321929048,-5.032484677917368,16.884786151269232,30.110831371222226,-19.169349332408697,22.3926677814427,21.2823725983285,-41.91065922690706,43.423635051494166,25.882987752506537,-34.127724778671784,52.483266231360226,34.51918814676115,-33.361206821721865,47.84115352088744,30.833244449934487,-16.881229509038274,49.001634350873445,29.27500627477176,-39.39642366004733,29.48238028060629,24.902351354185683,-34.08828897647512,18.156593425482605,24.84999732224068,-30.5511520233096,1616.6666666666658,2.3275639818432214,0.00819800803114979,0.008258563169175974,17.298539153775298,0.11727397101802216,-0.0475204381584787,2.880516052305281,-0.003272233583729899,0.007735511705156718,2.031599898545607,0.18478371895432766,0.012684568760301135,22.477418376144975,-0.2843842393161061,-0.019215349092993623,5.016660453453923,0.05433623885695606,-0.0198798930204733,2.1975588323760435,-0.04537742253162719,0.013329627967178306,3.673114064169826,-0.11590083706904449,0.012180918517282133,2.41581184389411,0.02525430122632534,-0.007542797000970748,0.6628616241408863,0.06645893759689389,0.0027893647379657553,28.478776481442484,0.4843999029370235,-0.06071658527592017,19.82238699629601,-0.30850692127448676,-0.056941959152553845,8.589067010835066,0.1200094432953425,-0.0033266604556090344,0.7258024699754795,0.0008576254417428598,0.0019182321057120424,3.9607525816967533,-0.15279983659070956,0.012800976006103764,1.2800910756884245,-0.029574922542376716,-0.002363691197668677,3.5810561004732087,0.10610087672067546,0.0030317989959587855,6.519632766924131,0.024829557705704157,-0.02346585164554618,11.881933479784704,0.19614021042270052,-0.011746209035981614,6.952823763094377,6.108734915089315,6.121821678994585,47.339699753726556,0.03541590979052875,0.20605062225260246,0.19181110918838676,0.7004549389008727,0.024648326110481327,0.02532507656237722,0.019289320982712885,0.09945965517051511,0_1_21_p0
27.117311518655267,32.45848851890993,-64.02185304207325,30.199477712441585,42.13787358511318,-109.60382615237074,34.119105357027166,43.55367798448494,-148.58795678026598,35.44713093636936,46.92957337916558,-152.48560880944964,46.28232245121791,37.06436287542459,-62.16662920367257,50.74078060827153,38.627305547344115,-106.46773538007399,54.18212114901919,48.17855761190285,-150.68036753010142,53.114869279867094,53.7267254419374,-156.1032010254284,32.66168427452649,34.13174362852152,-14.47598830504857,30.90928678529881,21.42099066325683,9.892999989430999,31.976744468076777,19.999402910687696,-5.034472873996941,16.895783340567235,30.112462096160275,-19.085296366593706,22.27374333969067,21.35781234229412,-41.89485088509691,43.29188013902153,25.819698526775536,-34.60390543234043,52.63998577950637,34.56931235326481,-33.95005290431545,47.834858963946516,30.824824905663533,-16.83515001645426,49.08918537092361,29.447337203886203,-39.177631981692116,29.28994698406393,25.24676670370222,-34.243840929565195,17.964909811194946,25.1894923768792,-31.09871757239449,1633.3333333333323,2.3801497002382734,0.014556883116026029,0.005888286819776679,16.789946906745254,-0.030004652419370594,-0.0384886399919331,2.9449983270467084,-0.00432856395992811,0.009313349200931091,2.2264474560956757,0.19897355707394085,0.010466079437362108,23.130569195179213,-0.4482998910134127,-0.03140003216932928,4.754761340682098,0.04082009327360472,-0.019534760601819533,2.328598323282436,-0.04298026437290107,0.012631941586289431,3.624495329180467,-0.10485640376774288,0.013436488714177564,2.395946266524049,0.015424566873427161,-0.007395961370492528,0.735810963494758,0.07145276371104857,0.0018287615575407826,28.44184069804874,0.2807910376526548,-0.06728358019717602,20.32142529849404,-0.44291526861668357,-0.0662048697347874,8.768299356308301,0.1239473834169057,-0.005946437899643848,0.7177478044466858,0.0030200459643341692,0.002282729191430662,3.862964840439237,-0.1476464642012001,0.014376749601363434,1.2518393980878795,-0.03211855205731883,-0.0024462619723077594,3.653473059433632,0.09122175323970708,0.002177840297591936,6.347504072526277,-0.02565918419866442,-0.022609444863328602,12.29419479066651,0.1280779558582202,-0.01831734389834036,6.784641955387786,5.987789061125686,6.060732537905684,47.80820757547434,0.029938453483335046,0.21820833801990372,0.18114381101261884,0.7202959402021482,0.023788384594623357,0.023245580897547777,0.021770820641514838,0.10914530002340532,0_1_21_p0
27.109138312976118,32.44921867131094,-63.96316819899033,30.196689184391452,42.13450199586227,-109.59429106409142,34.11829331034312,43.54966103473108,-148.57893070879123,35.39642299572962,46.83415764133194,-152.4210437173676,46.286770635658094,37.00152977891158,-62.02745856988574,50.75185902550683,38.62065616567057,-106.4260515865027,54.18019883448329,48.190955131737695,-150.71156956470313,53.12684094322919,53.71569386507405,-156.09816169086866,32.63830624220925,34.10207901838935,-14.467733434569642,30.93791307332404,21.493529339238982,9.846764300004114,31.987693398854717,20.028416338208565,-5.029969440925411,16.89617951663483,30.11754272462559,-19.000378702646675,22.15522002060379,21.475421712999736,-41.89969135800723,43.138371401044196,25.77681048061103,-34.98162311266258,52.815051845843676,34.52632724066571,-34.442996652312516,47.83843621953405,30.826813857455786,-16.80027528737743,49.18614983748562,29.696231994634758,-39.00261184260258,29.102206469325196,25.644469044009803,-34.377013229173066,17.759526481441995,25.575416533017936,-31.669269829554047,1649.999999999999,2.462852227162922,0.021849091090446922,0.0038416253377905477,16.517407098647748,-0.18412240532795976,-0.03153780865794244,3.0068606465357837,0.003813379565210318,0.011265660923610993,2.4420329013871434,0.2099197627497509,0.008091886371743788,23.543237433583617,-0.5999248041024553,-0.04841742339926282,4.404754256124649,0.013150776278961135,-0.01716201647206406,2.370972211108121,-0.03615988529331589,0.011961640482015777,3.6385342405679717,-0.07925173541893978,0.014411593236928972,2.3831438339181257,0.004560132748263701,-0.007238446848719606,0.809280007299114,0.0756636941493986,0.0010746420065572096,28.49957453110283,0.04913426139170459,-0.07645445259676228,20.565681057224694,-0.5437574584871895,-0.07233587984015964,8.93863383577924,0.12350681481837439,-0.008826814150044682,0.7090109679066033,0.0066302669066374085,0.0026078808279867373,3.6981435282170043,-0.13886837427252627,0.015966822729236895,1.1889466459303495,-0.03470337899314977,-0.002386627575545408,3.616363459560544,0.07212850189743115,0.0023981001221812645,6.151643799092419,-0.0626336831128467,-0.020172005949634576,12.591290042418878,0.07466687175941568,-0.025073608974407115,6.597127857185594,5.831144883369116,5.996366226537906,48.160368619829654,0.06279946712323509,0.22735415557288327,0.15993687756023134,0.848078011246247,0.021431400719827708,0.01970846033347499,0.02428062115637383,0.12358023037665435,0_1_21_p0
27.093372534112838,32.442956890119206,-63.90894078275158,30.19507100382679,42.1388584190477,-109.5826773697762,34.11965556944317,43.54207206912499,-148.56265682695826,35.35674777093936,46.716147920764676,-152.34865250255686,46.29984633252864,36.940055965761545,-61.88876941719481,50.75810377053243,38.596749854116716,-106.38615284132649,54.17826335898963,48.203135542195,-150.7427065532147,53.13392572470874,53.70917854586561,-156.09529219733943,32.62571908353475,34.097688078931846,-14.458468471510457,30.964105653480196,21.55702467711093,9.808566278540964,31.991546363187233,20.03968494778884,-5.014131321667372,16.89062355890564,30.12422049216034,-18.91611183567974,22.03600413350205,21.624544976820985,-41.918151685590935,42.982074299215824,25.72902265132047,-35.20150048271198,52.97639035495215,34.384343144254984,-34.76162296650708,47.86003764327992,30.846289360677137,-16.788095642392527,49.29666371668514,29.990392273182064,-38.89373186083757,28.948165473169418,26.0629324584832,-34.49346500120198,17.557669169241557,25.971612413289076,-32.24549472530289,1666.6666666666656,2.600815169615874,0.028007864727629412,0.0016447975347338942,16.504410907212026,-0.33638895340570574,-0.028075032414245103,3.0696089339557995,0.019482443843359218,0.012855697885438114,2.6878625409685526,0.2165499457366012,0.005525624713525498,23.217547203806042,-0.713067361936394,-0.059300044091345955,4.05488980808239,-0.025387173050827896,-0.013375946706955268,2.3407967689116087,-0.020272784973113557,0.012281791283843652,3.7109713319090325,-0.04178916713553995,0.014712954561988461,2.3689939268365037,-0.007357998205768308,-0.007153997906423271,0.8860052969169425,0.07863613769543962,0.000491879146687448,28.73820464475503,-0.18210665617353544,-0.08783003285931573,20.43273588748127,-0.6073949367093445,-0.07251337550875304,8.966460536416104,0.10323341713434153,-0.011492400146717069,0.701244352984093,0.009714600790653309,0.002871807924496971,3.623840330844242,-0.12188551615140764,0.018085465304055835,1.112903755013719,-0.03682860877057348,-0.0020469921418819967,3.5511569013520643,0.05820658378040644,0.003859715394010172,6.069622623746103,-0.0886517079313369,-0.0171163128152321,12.635784264520368,0.02833831648102022,-0.030073302615671427,6.5155545443253535,5.7398849934486496,6.027107596279103,48.09346819463555,0.0889565368971789,0.23655272157553517,0.13031492299612807,1.0193003604410882,0.018551222343392553,0.014994440316042948,0.026623749835982955,0.1359383152957512,0_1_21_p0
27.071904960731803,32.44338150917833,-63.857408592278674,30.199726693938867,42.16348302984734,-109.57877006619634,34.125269607929276,43.53150399392339,-148.54488564980645,35.33759129341924,46.596276648600224,-152.27980433578892,46.3185935535895,36.888210927620484,-61.76472959297363,50.76356880564802,38.566020309672986,-106.3524435442023,54.17652428152654,48.21383469492556,-150.77314797237713,53.13568793844017,53.707605972835616,-156.0949052321118,32.62067652942118,34.114229452552095,-14.440302102834895,30.986087156745008,21.594107027726036,9.78623543645414,31.99043595777023,20.044796647648834,-4.983850983386053,16.881004742175236,30.130932693815502,-18.834215835601732,21.914269696846837,21.790985829411493,-41.94329955707169,42.83393507682122,25.650195486939676,-35.22890753169814,53.1095690434695,34.17909094349668,-34.8618384166182,47.8938780146498,30.874109721164768,-16.79765090248315,49.40952011457366,30.2654043066667,-38.86617165827947,28.847439592928886,26.43732231981999,-34.59368276495258,17.37742751418585,26.334516798542346,-32.82429253448658,1683.3333333333323,2.767207174577185,0.0330692756268044,-0.0008240636399899591,16.629319536518327,-0.4658384437989616,-0.028156186295621957,3.147726900092022,0.04104908511699096,0.013359562907423003,2.9608139548524997,0.22035721175005699,0.0027472535570360708,22.22873462857096,-0.7464126396859176,-0.057655851430383855,3.889169691628414,-0.0752828013144402,-0.009669386543382816,2.2900711772799176,-0.002543299013303457,0.013101841624162992,3.727698054031285,-0.001390321275704961,0.013938703147177784,2.3436079332066524,-0.01848596920470132,-0.007019416939171623,0.966392690877565,0.07949076265857888,5.286158404133048e-06,29.26626974954293,-0.3880933219351884,-0.10091867819406515,19.703381999307812,-0.6225505058439997,-0.06545639310100826,8.774458807710419,0.06461846745490843,-0.012218890477207266,0.7002137912431963,0.010694122637874016,0.0031622367106920635,3.6827963810993567,-0.09237312015807314,0.01863350101536315,1.0644475813523113,-0.03936296318766274,-0.0014528325431745737,3.5565142544276283,0.054302722261775724,0.0052565576503115505,5.974488679211823,-0.11030153502981363,-0.01534363111409029,12.385742489750191,-0.01955575555904178,-0.031000094152415614,6.417710894284611,5.840099190290978,6.112847667350306,47.57814290962063,0.11183988415306217,0.25159683307315334,0.10109279751757523,1.1488411862341394,0.01687303262401899,0.010669302248562454,0.02683230751523387,0.14105206064193315,0_1_21_p0
27.04966913471604,32.450701592844446,-63.8055391317923,30.21397394812481,42.21489605306877,-109.58943405349788,34.1364736607002,43.51912623300389,-148.5316537607455,35.33832593460938,46.49932939343305,-152.22730481045934,46.32996505271876,36.857868773593275,-61.67070845141349,50.77514207950116,38.54811524065017,-106.33001174862859,54.175828398400064,48.21862765769758,-150.8005750618028,53.13472598621449,53.708674769092134,-156.0958757071201,32.617199179060066,34.14381243981204,-14.41086862513862,31.0047530095531,21.589611860672754,9.782278449468318,31.98344138057751,20.051620481729014,-4.939982913845348,16.865753387415456,30.13727268129048,-18.759376725061855,21.793417052900608,21.96189228155595,-41.97249581686408,42.70683011181837,25.56215117582133,-35.07715122861453,53.21804628574234,33.97601987816626,-34.74993978807324,47.916476137375355,30.881787856886174,-16.81634843836532,49.504090341387595,30.46293929183336,-38.92085840311073,28.795315148675808,26.72838715581973,-34.676982701415966,17.227653734012094,26.643076430115585,-33.39500066161493,1699.9999999999989,2.880001402271711,0.031332072068709554,-0.002985845305560414,16.313273026857868,-0.5370002587877676,-0.029912505394412293,3.1355438135198335,0.05729053066614315,0.012390864386467138,3.240438927904829,0.21935825027634778,-0.00025382155914877946,20.588142747451467,-0.6955647446461731,-0.04447055196869214,3.998126473579104,-0.1331986414821292,-0.008426857114958797,2.2432833975092334,0.011233715119309226,0.013871389437470346,3.610936513494791,0.030640626739329657,0.013336210785853831,2.3043554678636915,-0.028131742908618633,-0.006549686621581687,1.0490344555481177,0.07761085822887279,-0.0004770134411779712,29.7496467706397,-0.5547777303360678,-0.11694884374057712,18.254143128750705,-0.5987608383455102,-0.048754680130909965,8.445662247509464,0.026269835684741116,-0.010073198807969457,0.7114506226435254,0.011326734636493904,0.003395775594833067,3.7958504182246458,-0.04686069768539204,0.017099624323922237,1.057286143487551,-0.04239274965443732,-0.0007098606887450017,3.653137731984023,0.059021115787844185,0.0054410312205267165,5.748694103626234,-0.1317430350196457,-0.013451683226599112,11.934958679244934,-0.06566530838998309,-0.02681951907386209,6.1933462699368205,6.124080101362153,6.1056513091175315,46.26445620717565,0.13471311085140975,0.2734785261275846,0.08010604158581873,1.2029481239866335,0.01496148978109112,0.009604913030293998,0.024975691990169496,0.14131247312796916,0_1_21_p0
27.031770362737017,32.46189500587175,-63.75516077839837,30.23598925029737,42.28689194591373,-109.61274712001199,34.153578928188274,43.5051466279211,-148.52341093814348,35.34963439540425,46.43395264796354,-152.19564949700865,46.32296293751216,36.854187587769694,-61.613275663246256,50.80071534611439,38.55858313754402,-106.32056326584778,54.17696034054749,48.21355259801997,-150.82213503655967,53.13331304679305,53.71010314673006,-156.09740933248258,32.61299050972663,34.17597504978354,-14.371255258219037,31.020763356555054,21.548200178173488,9.791787971544991,31.9684647217785,20.063835741031347,-4.886021018749162,16.84533700240421,30.144007879925873,-18.697512284297744,21.67935223530161,22.12692165509965,-42.002776827764606,42.60440011688282,25.525840159449853,-34.81125639411354,53.309682435591675,33.81474475349294,-34.48980865538433,47.9070054020767,30.847740358740023,-16.83339549987943,49.5702942437119,30.57633974765976,-39.040798559583564,28.76819023438727,26.950996775791314,-34.74753668501275,17.101230901121564,26.911808002196196,-33.935164998173725,1716.6666666666656,2.84330872895272,0.023649106692867298,-0.004364515116569754,15.644703535332056,-0.5334525954524507,-0.025333719307840907,2.9738863196083716,0.06940729341209538,0.011669902124047159,3.508015548291023,0.21022881667739823,-0.0033243390320170695,18.98025203200787,-0.6300333135787,-0.019812306514901887,4.213812413660015,-0.17879509412792308,-0.010663118052759834,2.182682517346924,0.037224323861822534,0.014449925557112924,3.4234820732045845,0.05294488195279742,0.014337056799224746,2.2584072839638734,-0.036942203576289634,-0.005789060373394544,1.1318077322791116,0.07281782849013557,-0.001012455628493706,29.574110813740234,-0.6882690308142961,-0.13078555104545778,16.68669745787237,-0.6140582571995505,-0.022012176913025913,8.18198277034072,-0.004216806328106178,-0.0062206090415923825,0.7338425421032391,0.013121882802173836,0.0033353688762854305,3.8428269420428185,0.007376365026313237,0.014532989585535797,1.0312690979277968,-0.04429115488035078,7.76332960703222e-05,3.746708592041156,0.0672743523406548,0.004552258132187635,5.405934201056131,-0.15018052811206595,-0.010063657279660437,11.416230091676724,-0.10163797348627385,-0.018983551719996942,5.858713855993435,6.405452540179631,5.944034678061455,44.43149444016469,0.1546574195733624,0.2901024778385918,0.08760675581705882,1.2444094975958444,0.011609927555728738,0.01248831804843517,0.02351479533277568,0.13875271432871358,0_1_21_p0
27.02120882082919,32.47362369637085,-63.71316940892613,30.26109172402367,42.36835998233134,-109.64457789451632,34.17515278669615,43.48973028147943,-148.5171402336164,35.36069133194513,46.39527891568906,-152.18038128942655,46.29977367718896,36.86927228057475,-61.584140070196035,50.841344658690666,38.59639342900872,-106.31954830839751,54.179258125874064,48.20205641720451,-150.83725714232799,53.13232476263242,53.71071413319054,-156.09951742775553,32.60901867631703,34.20284720450617,-14.324939486422613,31.02850334732623,21.49478296856614,9.806682983740165,31.945182120173836,20.082760945741114,-4.824331772108582,16.824415550817328,30.152102882062266,-18.651363187459882,21.574599371268498,22.27790956546117,-42.028068323025025,42.50480452171663,25.578464910275546,-34.522577898686386,53.38797238635633,33.697776079506646,-34.181829355309574,47.869723486935015,30.782827769168424,-16.846982696683448,49.61405607198536,30.641026382678326,-39.19127388405039,28.743479517778383,27.136982714229173,-34.8069065082755,16.9837837667315,27.168709479398355,-34.41154705038942,1733.3333333333321,2.749713416537038,0.014420563161598033,-0.004587008207727283,14.71323585477242,-0.4762261504216295,-0.015251508137216903,2.8716032995628797,0.08481731290023611,0.012479160210376695,3.74679673822875,0.1971835456931678,-0.006206600092575882,17.48793503791656,-0.624590159056285,0.005795007249223906,4.31197121208063,-0.19825249181827687,-0.014087673053606482,2.0972980141936235,0.061339688383829416,0.01509877498943336,3.286751997799965,0.06809197321520025,0.01632203895074014,2.219091790547244,-0.041296478707514586,-0.004894948178503588,1.2138287737523354,0.06574196466571298,-0.0016308873620453782,28.825037997160603,-0.8051097861467227,-0.13298749716910238,15.172380839209392,-0.6841903219562235,0.004254010994528737,8.102626014051898,-0.02573173905728699,-0.0034881205403670843,0.7610330590070989,0.016608749200715544,0.003052033557693101,3.8477475009231368,0.038117573790579465,0.012534655383059791,0.996600060702872,-0.04498642959031405,0.0011918429526551002,3.760163261298907,0.07469345698958485,0.00402650219839212,5.057733908882133,-0.15646614528707503,-0.005370803482090249,10.969476534224292,-0.12425031625248906,-0.010129049855970624,5.523136850371382,6.575581243843106,5.818419462015671,42.28369174453387,0.1618241445972642,0.29157329980913477,0.11525381909349632,1.326146413830305,0.007266776982505266,0.01647483696796385,0.024067737339388533,0.13538431217960892,0_1_21_p0
27.018709764521265,32.4854142181459,-63.68858803056791,30.285840708488433,42.45280606925973,-109.68410904135528,34.1985870950678,43.4739844667998,-148.51065405636373,35.366322743424405,46.37716764838575,-152.17704683575568,46.2755955917189,36.882522110543704,-61.56600798462784,50.88843814190495,38.643741073232505,-106.31947412412417,54.181008801209174,48.19273473919167,-150.84684828889525,53.131765989441234,53.71051436804579,-156.1018227541282,32.6029782030059,34.227558469167874,-14.276550337619367,31.018448240831773,21.457446634946017,9.820276864629781,31.915437514506202,20.107310765870277,-4.756553358167467,16.806412193113086,30.15983273726835,-18.61901786109027,21.47970372785819,22.4089693479777,-42.044559572231464,42.38452060965327,25.706151381745045,-34.287647818391214,53.45086170267116,33.6223358785673,-33.914148983535306,47.82839249605909,30.718355469532344,-16.85814480801643,49.64451856955062,30.687748780032116,-39.330613643633676,28.710287463932655,27.307152162435806,-34.84933303593466,16.86345052070205,27.432609734243073,-34.784384866188255,1749.9999999999989,2.7317061898221904,0.00706679084580749,-0.004704067061370453,13.640827564734868,-0.4021078090438513,-0.0008580173339863412,2.8740341657513278,0.10779412679411132,0.012771950707400668,3.949174488729962,0.1856886583186643,-0.008632059867666235,15.974275996865595,-0.6923861007001009,0.028228359813659232,4.216841800608654,-0.19800951694240868,-0.015754648143227697,2.024448512206006,0.06832762706237465,0.01601720171182581,3.293140705195932,0.07864799785557731,0.017355594455665924,2.189866488657162,-0.043326200716956094,-0.004176003485357527,1.295374260358037,0.056915702066245785,-0.0023318775320759636,27.56728315603636,-0.9163642541612577,-0.12423554663937489,13.750606999305791,-0.7574136108116079,0.026233237176944646,8.200871404885387,-0.04108747373451784,-0.0036595706232290153,0.793673513934062,0.02055346658404395,0.002803511646625009,3.8373793436201753,0.05490328176579316,0.010978094313030765,0.9528227699383208,-0.045962416122562945,0.00225401349414569,3.69827411806082,0.0818033406458299,0.004721128802312966,4.793651824297016,-0.13862189878240128,-0.0006075166650526701,10.617825698729812,-0.14353796793734377,-0.0027821607395230145,5.2701625260260965,6.637449508157509,5.816384471212945,39.85037140765787,0.14523494927394118,0.28197938220187085,0.14428947184964647,1.4450397249149212,0.004219962275664906,0.019058529581342472,0.024183836307079418,0.13122577093106844,0_1_21_p0
27.024354339953828,32.498309851324855,-63.687509148172026,30.309148644502937,42.53871296604065,-109.7313725156562,34.22199039754491,43.459161317779234,-148.50337333139316,35.3694707741038,46.36991501446599,-152.1815489212016,46.267603000334326,36.87188287735824,-61.54586396293732,50.930370848640315,38.6815954214628,-106.31622252404276,54.181398419013995,48.18937226073084,-150.85106106951602,53.13130825221188,53.71096703913014,-156.10229405621553,32.58871808672092,34.25298460838548,-14.229306573215696,30.987215070707265,21.45442665911653,9.828080343772406,31.883316989528982,20.133107163969957,-4.687360435505104,16.788628660521105,30.160441414245454,-18.598909129771208,21.399275212008607,22.512027094473567,-42.05613340335237,42.25523478274382,25.86945123237392,-34.13845657299899,53.494035500561274,33.59314352242626,-33.72535106718206,47.80196892478795,30.67566977605678,-16.86608119015939,49.66429283729904,30.71956901747378,-39.42977628131194,28.670068024312556,27.469305597916378,-34.86999443981324,16.735311776932114,27.701320104543072,-35.02518506948301,1766.6666666666654,2.7151922894415255,-0.000534541685414008,-0.005891574280904037,12.586667066513764,-0.33463450152104735,0.015656248428154156,2.9677488424536866,0.1350659651627188,0.01180299379935201,4.1452770220835875,0.17281237776332603,-0.010583956237974632,14.405853325339539,-0.7702934865055008,0.04739982809239709,3.9827216789980597,-0.18095424658651763,-0.014861181559875014,2.01587774616016,0.07414759712721034,0.016976547546341328,3.461977554175094,0.0845331469605522,0.016096444969014106,2.1579098501982155,-0.04496025103098548,-0.003555846703343218,1.3758357409218902,0.0505892561605479,-0.003113494489485222,25.90574602957779,-1.0254449141496413,-0.10688111736991224,12.45357321045651,-0.7880905332474322,0.04329016910965652,8.377260616588964,-0.05219171501068101,-0.0066154762920743685,0.8367451420177537,0.024468552737885188,0.0025303506704966285,3.8182097271729742,0.0743249961776837,0.009517484393908003,0.8886798163967692,-0.04705422835229517,0.0031306383779833007,3.6125821962642557,0.09705803485879466,0.006304123800409928,4.623528095691215,-0.10650678299696416,0.0031777992926719676,10.273946252937474,-0.15361990881982887,0.0017532984185684123,5.102311924336704,6.618193179832197,5.947398363837392,37.21557390650282,0.11560760786873692,0.26073152152840345,0.17582057029029277,1.5553769463710674,0.004768904918551354,0.019836403747044994,0.022113089165838498,0.12713873341832585,0_1_21_p0
27.03755856263251,32.51180202404624,-63.70745688142983,30.331264346722886,42.62614681387869,-109.7845846324252,34.24481741399316,43.44572684768352,-148.49548205200819,35.37688236182646,46.356676427450836,-152.18696412485076,46.28365040433546,36.8319966483452,-61.52316281836616,50.96122979244374,38.70517232812758,-106.31149730426763,54.180845798992785,48.18978533570953,-150.8514182312493,53.130753217388715,53.71437372884053,-156.09787483173682,32.56373319785567,34.26388651190481,-14.185018595964733,30.939609598579043,21.485769838088657,9.82996705859047,31.85383455720586,20.154040137880017,-4.62411256305639,16.76403348451181,30.148293002006337,-18.593879927612818,21.341847444701603,22.57586204940067,-42.072050042536766,42.1536998143543,26.022947215728887,-34.06415595433429,53.51534652191495,33.60776942442341,-33.60804341186074,47.792148014300594,30.655452646057167,-16.869964498494586,49.672623793145945,30.727074194919552,-39.48487074449666,28.634351919213763,27.60645329246612,-34.86758762382718,16.606125577669882,27.9475840944486,-35.134271578057685,1783.3333333333321,2.6499679707799704,-0.014427210988279614,-0.0071567892513445565,11.630312408991974,-0.2778754235666225,0.032304939116472906,3.1410306705116326,0.15929829298587628,0.009906412289369023,4.37292810498011,0.15729712505160665,-0.01222865853226315,13.066664817248295,-0.7654016721316301,0.06419333479741321,3.6459817273655184,-0.15142287758880418,-0.012344844561524654,2.1159335305694427,0.0898156708108196,0.017335914139064604,3.769639501684491,0.08480167764589427,0.012805191629498558,2.111950442655871,-0.04622123456993241,-0.0027214712304039603,1.4565647166207758,0.046866636930538726,-0.0039425028551893036,24.003062648601972,-1.12521108101875,-0.08435218297068327,11.360897322695875,-0.7620883309752432,0.05611431331305573,8.503280574208135,-0.05420276397855055,-0.010388398908416733,0.8747114164032745,0.0289627898398554,0.002042523359808705,3.8117901268862147,0.09307261124834103,0.007787414325005964,0.8039799838941492,-0.046441477731489884,0.003914386082627363,3.609099014421277,0.12178489519886733,0.00785452750740709,4.500175874388417,-0.06739361229382931,0.005446633510041141,9.889649544326819,-0.13973868189936867,0.003645926975966947,4.971108284141665,6.555234386653242,6.213372644319836,34.624162368230806,0.08172087556542511,0.23037264058487095,0.20305117986447915,1.5985294260800846,0.006088696268547112,0.019702602822405598,0.017965348841156678,0.1261425360100364,0_1_21_p0
27.05552001435517,32.52414546876559,-63.73817382265866,30.352962144082372,42.7142536374925,-109.83926178444796,34.267234554708764,43.43323614152072,-148.48723646845337,35.39024222506897,46.321126471905814,-152.1865415810447,46.318655648553616,36.780289125377955,-61.50532250109021,50.985868847912265,38.72437445011928,-106.30903606604538,54.17985169529362,48.19209367886535,-150.85257523009105,53.13072579154036,53.72136435154401,-156.08700170114744,32.53297761291996,34.24772343330485,-14.148056042238125,30.880823936444855,21.530109528700063,9.832271047331096,31.829241653225225,20.166880810985226,-4.572313839755653,16.727237230969912,30.12985442475135,-18.60673778971723,21.31163436908461,22.59750908734967,-42.09513730521,42.09878981575074,26.12011539984597,-34.03692628231092,53.515909579968024,33.638873811363524,-33.550536722553545,47.79091062105801,30.648982001727358,-16.87017099775823,49.669810974717755,30.705458739360108,-39.511841958291825,28.61172358473951,27.687353197325514,-34.83979557402492,16.48947280798935,28.142811531813926,-35.14027875510698,1799.9999999999984,2.602829591288742,-0.034047138093959005,-0.007805001245502056,10.848093065177723,-0.22663241204004914,0.04805343436277591,3.371441865193424,0.17609802330310165,0.0076721608824758735,4.60849906948097,0.13878944902536514,-0.013708571372255368,12.412618546709872,-0.659225536443522,0.0763163334058066,3.2347300689080214,-0.12200695396669851,-0.00866061016882152,2.272237293034751,0.11446491440764998,0.016407752171551264,4.133037868915322,0.0816563302301938,0.007958014001887554,2.048004928775612,-0.045928562234601934,-0.0016474431620043305,1.5325286217126977,0.04479022070457668,-0.004784061577115284,22.035173059410134,-1.2061851771358945,-0.05934882380556164,10.64546853626932,-0.6761475457129007,0.06512948220636813,8.492431333825586,-0.0367967670002681,-0.012524040063853414,0.8913131704279059,0.03511945402479079,0.0015451335726531287,3.867820236073424,0.09140849096542798,0.005264414717758583,0.7114085297387842,-0.0429146778329047,0.00459687395976602,3.754002945316952,0.1457546564324865,0.008084040783994868,4.365484424691619,-0.044635545137741775,0.006559523002858812,9.558150866850179,-0.09358843983007396,0.005881275258548515,4.82200979369747,6.490427521644852,6.5885245430859625,32.45557444930308,0.0640450210295936,0.20096921427087214,0.21455484683059228,1.5628365806557865,0.0067632396820657414,0.019242013281872257,0.012243614735092922,0.1281540271042827,0_1_21_p0
27.073535324352637,32.534125048084455,-63.769302371233714,30.375250890728196,42.80081054934426,-109.88977367065291,34.28952257719798,43.420801343517276,-148.47869390116523,35.40377962441592,46.260140304929536,-152.17823744880667,46.359947485759925,36.738592843804476,-61.499643784004206,51.01571654296575,38.75489963453679,-106.31070185017334,54.17861131267267,48.196220673920905,-150.8584678433561,53.13345895994328,53.72880871391112,-156.07086661201205,32.503272447818425,34.227726530932884,-14.12517169583693,30.813179604208578,21.56312736618295,9.843294645082452,31.80725355848149,20.17491434876773,-4.533242094576164,16.679313876808852,30.118855758745756,-18.63567731737869,21.303597057165018,22.584285192360774,-42.11224262623227,42.078203425164276,26.13096702486668,-34.033947144319235,53.49869166365521,33.63191060219186,-33.564035518440235,47.791657073809205,30.649443691679284,-16.86825609589368,49.65543301352961,30.651195983697033,-39.53109168873563,28.59804466188257,27.703999859029416,-34.78609031571784,16.392197728034752,28.28595351865706,-35.07669132555089,1816.6666666666652,2.5760922809337363,-0.05103222771727648,-0.007907236907676826,10.408714811267208,-0.1721692723524176,0.06089877090007191,3.569862056047212,0.18187188941392676,0.005003230757388548,4.776244077564371,0.11773482856097078,-0.01504305722173391,12.541623349838023,-0.47786146698054055,0.0788445142935032,2.8128918657290405,-0.11321370378204873,-0.003822754361570258,2.4161424291313867,0.140988661438489,0.014822955053175085,4.434569076980613,0.08528475872653601,0.002532755076781715,1.970542106956036,-0.042629994387679934,-0.0004951917490815433,1.582403731634416,0.042947005364405655,-0.0054386184711582835,20.119954719959413,-1.2896743571003757,-0.03518227169990627,10.332025235459284,-0.5186419817475458,0.06932224069369977,8.353242204155297,0.0012717088519243192,-0.012334609774173735,0.9021271079665198,0.04195179790834496,0.0012768689412993692,4.052435697180382,0.0729222778625768,0.0016291945946362934,0.6445650305795411,-0.03528988051749876,0.005168670446710441,4.013041397124246,0.159437794824543,0.006674243271110074,4.221874655822652,-0.03223117119050958,0.00717963977439749,9.424595746225618,-0.02180274094683448,0.008086278764961242,4.659105257961487,6.410492847207949,6.987957718639986,30.947356744394458,0.053443098879140206,0.18475090021586055,0.21370197200471017,1.4953322314420208,0.007196696614313326,0.019009353917326298,0.00583964393759024,0.1282586412308167,0_1_21_p0
27.087144512334888,32.54166236955166,-63.79600956111303,30.399050174483005,42.884373219580816,-109.93422478926256,34.3118404401734,43.40771003711063,-148.46992182926078,35.413390286603864,46.1898653727135,-152.16719269360541,46.39834243533957,36.71181005682197,-61.51209256922012,51.05542688838815,38.80626984657978,-106.31682354531797,54.17735002354734,48.20139720275846,-150.8675571304253,53.1421158439756,53.731544652043574,-156.05195285499025,32.4768912352064,34.24096051103981,-14.116238389398832,30.739345814583775,21.579206675892017,9.866727923226199,31.781541575179588,20.188636826023235,-4.504538039114569,16.626589217163705,30.119230242735096,-18.67639383490437,21.30740807645271,22.537469594735256,-42.10506619004855,42.074516589901855,26.0576135520354,-34.04453721640624,53.465688644572836,33.538399142085275,-33.65246006108479,47.79239590251021,30.65358526657057,-16.868205831601777,49.627583922840465,30.55759754073061,-39.556590904761904,28.58828161104503,27.67872885325723,-34.711748087544215,16.31225833506109,28.397693650059608,-34.95250275862821,1833.333333333332,2.5343717648859054,-0.06083577570516324,-0.00751234325643401,10.421693012154138,-0.0879535655480005,0.06753627229189522,3.778477620561809,0.18513788844574627,0.002580022281061104,4.818502345468477,0.09559571307605692,-0.01575910755640156,12.881001236995367,-0.2338283867134386,0.07127925451791045,2.456530284024352,-0.1335737216180498,0.0017518162321905765,2.679604459108853,0.1629473836925141,0.01319643377974462,4.643608835492203,0.10381677157109481,-0.0020213320945249393,1.8915429847783505,-0.03935329637918109,0.0006096374332754668,1.59448297999274,0.04030444548192583,-0.005656001960204012,18.276845844498453,-1.3648714322230997,-0.01409003567282024,9.819296325271884,-0.2896684534993909,0.06945714536040931,8.17674559574085,0.04641683515100918,-0.011083008562823073,0.9310226691905885,0.04512245632677469,0.0010709060164594856,4.364137406957332,0.049583257522798616,-0.0033034089194479226,0.6164712989928434,-0.024171102756652706,0.005703137211438719,4.295895068594542,0.16471142537865618,0.003948674020741515,4.153730662791767,-0.017580522599590448,0.007628354608034561,9.499936788601875,0.054725140289833614,0.009000971966769702,4.564144309975389,6.282098548954807,7.408487797989003,29.794907525895535,0.043101701947630536,0.18688552022589894,0.217973528723482,1.4380627422490169,0.007652676121852591,0.019326577664203936,0.004653472778067625,0.12271223579076332,0_1_21_p0
27.094570597785626,32.54734770954085,-63.81755151964479,30.424665651236758,42.96583018129814,-109.97556872448568,34.334211235736696,43.393806813798555,-148.46117523079522,35.42357029112239,46.131867109182814,-152.16038909183752,46.43536736051344,36.6875350179336,-61.546009445858196,51.09536583440571,38.871511379151244,-106.32713745236788,54.176323551381635,48.20592949347947,-150.8745265620166,53.1575052930018,53.727430724011846,-156.03233217383612,32.45117162061118,34.294914461709645,-14.110192621852377,30.662826734858605,21.587094499250664,9.899995361405445,31.743206896553446,20.220307571249833,-4.480435790454681,16.576775117435393,30.12479239625788,-18.724403916325592,21.313289357763374,22.44773580428611,-42.06761993799991,42.084735052854946,25.92224341225431,-34.066235502398726,53.41380813720969,33.36280472858806,-33.78157185085301,47.79398573048349,30.660103701598,-16.87708445992962,49.586074980024044,30.42162807270174,-39.594303489183794,28.5892333791146,27.630942028402984,-34.62764378427473,16.24666873227419,28.496055852354672,-34.76319721850689,1849.9999999999984,2.4805273569691226,-0.06145341433337252,-0.006927130425500472,10.780702427265325,0.005610194850179318,0.06638232302645906,4.079364676302988,0.1922475276942285,0.0001865743747252466,4.803853963860224,0.07410333400806489,-0.015371650910208817,12.78337813133936,-0.02249761275411756,0.062203601290926135,2.193975407020337,-0.16413227694482793,0.006406922232597343,2.993493232427427,0.17915267314130084,0.009605916074404327,4.774822196347077,0.12987898332871778,-0.0053774812448824615,1.8221605731161283,-0.037344184518963125,0.0015937144457921686,1.572183629495573,0.03658334677303922,-0.00537372925941911,16.480298867230076,-1.391768314922222,0.00419273690990336,9.008073185609996,-0.07978687115107791,0.07406912960717787,8.042122000205158,0.07264209493422863,-0.010014414530847646,0.9816440846425234,0.044326863572374406,0.0007047666928323514,4.595009516981735,0.0296411570521439,-0.009032565439653927,0.6091240426703186,-0.009335230212981473,0.005986772748458524,4.550246817494548,0.1692965896115375,0.000525417917321586,4.23730073203918,0.001103720191089336,0.00822361396567614,9.61698083606196,0.11893923803680823,0.00871065102901375,4.612481614918228,6.152233377766519,7.781661495474474,28.62187500924172,0.037360491373195075,0.1989914299607985,0.23389369467010943,1.4227097511243791,0.008376619389180237,0.01976199762975182,0.010513769683514914,0.1185260707813749,0_1_21_p0
27.097461227906155,32.55162500580812,-63.83426786733695,30.45124394342628,43.04647138713798,-110.01578748392164,34.35660890993639,43.37942878846469,-148.4527485810285,35.44112701953268,46.092282284052715,-152.15835237387319,46.47932703921887,36.64787378267908,-61.597716431131865,51.119941931139714,38.92849672464046,-106.33959586148436,54.17551737833246,48.20915269056995,-150.8765762134896,53.17568612648056,53.720414545595,-156.0130193663399,32.42266036922352,34.37023532946142,-14.095657543093154,30.585790778897206,21.59456236144076,9.937410887183264,31.685219136466138,20.269968042373744,-4.452993502934569,16.537325105394444,30.135579378946648,-18.77501181705109,21.315637612000643,22.312255769628386,-42.0051188164698,42.113555311563836,25.753241786167326,-34.095384393186755,53.336859563058994,33.16314501797672,-33.90716767481877,47.79778517070291,30.668385781103506,-16.902147833714736,49.53404018976941,30.251092409214653,-39.64212370195816,28.61268164724316,27.55027792147855,-34.548484273052004,16.19322961283359,28.584112180604105,-34.52870253358275,1866.666666666665,2.433565844530334,-0.06236299788940702,-0.005970445946564766,11.266922018117528,0.10440371100822704,0.05993625349638281,4.497427954216951,0.18830702702728014,-0.003213727179665836,4.816929773325572,0.05530282093933412,-0.01447036653188858,12.09162686564346,0.13904115788878238,0.06153688846909708,2.0465176993177927,-0.18198348329145939,0.00906891847298767,3.222473238311663,0.19488060314575997,0.005124020985920385,4.852834032003486,0.14443307976594438,-0.007813488528213355,1.7659188331397684,-0.03738575105403757,0.002114089434636209,1.5165971551345732,0.03148077461575444,-0.0047029367277891376,14.733312669023618,-1.3791332966535998,0.02131451286866708,8.461182834121894,0.08499163637968295,0.08509588290437176,7.9727549048172985,0.06511588394690726,-0.009706787423669427,1.0341044687361387,0.042910300141118,9.689162303097091e-05,4.784301808183651,0.011871578104751934,-0.012664243728929788,0.5906548338499802,0.004235279869808633,0.006089931785357049,4.808106210160657,0.17691780875536994,-0.0028593268776946575,4.440304285188112,0.015716807729914108,0.007394514549913684,9.728863960724548,0.1544077993298553,0.008729923545078185,4.778574208934882,6.085359641829614,8.1649494877392,27.450517718511918,0.0405550542730935,0.2071613002582275,0.23761604601799455,1.4271737855025917,0.007690787967856455,0.019659534217276193,0.01522372210044515,0.12361078229747094,0_1_21_p0
27.098653558107788,32.55480797554873,-63.847879173706545,30.476821529280286,43.124675353727085,-110.0525732356987,34.379059484303006,43.36497841299219,-148.44479531601579,35.46671266987577,46.06209996565344,-152.15818687941777,46.53459463093819,36.58094558048495,-61.65687188281329,51.12242712137189,38.95396605375596,-106.34914282275463,54.174723423009084,48.21162990411879,-150.87515437896343,53.19098166402967,53.7168107674453,-155.99409794732628,32.3915117181759,34.44777924930029,-14.071351863825033,30.508770346433195,21.604346703989812,9.976147882339765,31.606742734003728,20.31975490805413,-4.416662602598147,16.512467844002767,30.165408709332358,-18.825082515323746,21.314119277275346,22.14515814788657,-41.92385674521493,42.16193233832961,25.589226841419034,-34.1267354426975,53.238345851314364,33.003263959036246,-34.020411871642985,47.80395817373652,30.677052692551353,-16.94599595575471,49.47396238112961,30.059150295156645,-39.68656891830394,28.659628736734167,27.41028863650023,-34.48544506360034,16.146855797739136,28.658942255367858,-34.28746701979246,1883.3333333333314,2.3721315749570633,-0.07381673109753453,-0.004732938304767005,11.770429383929544,0.2048390740029417,0.052541331654104934,4.97098780448749,0.17271634303035202,-0.008304913676707916,4.818633122545566,0.04021421350432138,-0.013820982861435308,11.5761668975967,0.2626975303725436,0.07278157563505439,2.0404476418843336,-0.1820976301245205,0.009912449722857632,3.440812280190591,0.21166794882221887,0.0019196455660928414,4.89249253358875,0.1365902707674687,-0.009672474171719282,1.7215425010592666,-0.03791313367672111,0.002328453087394603,1.4946498059029765,0.024750346368770233,-0.003758843380268287,13.060166985804118,-1.3224257228960288,0.038312494900996225,8.50006729978256,0.2064372680281643,0.09512399752287007,7.985423631148086,0.02471523903579017,-0.009602872721224835,1.0847760955149637,0.0409753060217836,-0.0005975456970520408,4.977839783104493,-0.0048841982925800324,-0.015009066922183636,0.546025972803452,0.014841023612430686,0.006467351504246909,5.109343582315552,0.185783610245856,-0.00560595818022948,4.749902327571815,0.022007805191415094,0.0038683297995850308,9.989896158369076,0.15437743213674637,0.009806761731714205,5.052255011816559,6.059580970705425,8.568902604758838,26.774602714784795,0.043837759916904986,0.20673038234734917,0.22025370056157942,1.416388817344501,0.004515049193370436,0.019183053241283998,0.01969264933051756,0.1371045987578761,0_1_21_p0
27.099688593328352,32.55746744201732,-63.86135512681667,30.499253891337062,43.19525894982628,-110.08339714073547,34.401621467128926,43.350657665711054,-148.4372876028941,35.49555821019597,46.03206656331991,-152.1601495589049,46.595301317058194,36.490061197327464,-61.710910685774856,51.111337663404655,38.94034216104429,-106.3505032173212,54.17390469270277,48.213625204328935,-150.87261231686162,53.20201873051784,53.7183021848318,-155.97495943920254,32.361126173688604,34.51952876815031,-14.045863309428283,30.432194225910834,21.618678274154693,10.019291190044665,31.51289125392313,20.35117703038609,-4.372811560897551,16.498908108478915,30.231935546163115,-18.874881042688045,21.30979075152743,21.970342781870798,-41.829825223648584,42.22163780965532,25.47208866776448,-34.16452803694535,53.13873891845636,32.91450614077099,-34.15579473784061,47.81148099749543,30.683897076525973,-17.005257599545285,49.40237941475108,29.848588378336636,-39.70632995133542,28.71514361106345,27.201931074490975,-34.43972476267588,16.100895368304748,28.726048401515975,-34.05836411384731,1899.999999999998,2.246444062338728,-0.08550274767972142,-0.0032415415822167415,12.349275745148411,0.3004516814191339,0.04618387192863081,5.396335041323928,0.15240956390574567,-0.014415864616398367,4.801489777161243,0.026489884765803676,-0.013072535721872,12.062212351609165,0.36297521785874287,0.0860440178745517,2.133411092292586,-0.1720218921439087,0.008803534469561568,3.718207273270415,0.2238788267926532,-0.0008999858501063012,4.910559405256386,0.11282613902353862,-0.01095434254700203,1.6898253153691396,-0.036261935707795706,0.002444786742540168,1.5122795612571949,0.016526151321559043,-0.003163935598781662,11.621408315821581,-1.2161484831685445,0.05523678329759368,9.134356092596047,0.29795724120864653,0.0985741256171634,8.125592376100983,-0.032319168807876615,-0.00913343765292535,1.1434528155044343,0.037268117303767986,-0.0013145072032940605,5.09423269694212,-0.0220571593974368,-0.01717943384105436,0.49232447995800116,0.024012412246260682,0.0071426202634433614,5.443136887543554,0.1899464145085375,-0.008842332589231757,5.140739614684979,0.019065819537770416,-0.0007424143211640247,10.495209813928348,0.12935577639891988,0.01002939549948754,5.411350421332357,6.040622078922425,8.898608448592771,27.13158041321743,0.04096868872594212,0.19960608061683158,0.1909055554392862,1.376152857563399,0.002555026661459642,0.01793478305065662,0.024958920657242954,0.15022479417913667,0_1_21_p0
27.100751377537414,32.56052171146318,-63.87775660064513,30.518153371308486,43.2551045343128,-110.11052970701733,34.424304818487364,43.33653976630607,-148.42997523426055,35.52169937367352,46.00074781020365,-152.1659421912492,46.65061073526264,36.39250593883728,-61.74948499411609,51.10149401658464,38.902160435592805,-106.34533745003576,54.17325756301625,48.21469165596915,-150.87006041970398,53.2128050292998,53.72097698834192,-155.9542196417683,32.334690507588434,34.58710444105314,-14.032202448326862,30.35825692457677,21.643800693815574,10.069059900663339,31.411815300650797,20.36266462914634,-4.329239153176515,16.488435842605924,30.341579209750115,-18.924830432129557,21.300662215061074,21.81034813723123,-41.72944492362478,42.27482652168021,25.420012891591337,-34.223732411325365,53.063874621245155,32.88669027900769,-34.361668462863385,47.820347044188495,30.688817277074996,-17.07513357166312,49.31553398541478,29.615046315042605,-39.69019133048443,28.761578346048676,26.942789745668893,-34.40683418395085,16.053656671180406,28.793149844853872,-33.837230780452266,1916.6666666666647,2.090108098206489,-0.08906715395490143,-0.0008226965366973824,13.104924726611289,0.384412562035933,0.039765845207455,5.7110792835023245,0.1345648570804973,-0.02012539345168477,4.76970427634903,0.01092137515277069,-0.012048023636923541,13.329164157153212,0.4316776391507048,0.08760768528602848,2.224785498581912,-0.15529632558315068,0.006212384070396114,4.057770485026358,0.2258434976001554,-0.004402327873742736,4.935816285361939,0.07758104289277334,-0.011583581735083583,1.6800654933174746,-0.03206964563583326,0.002507069033640297,1.5578586074855927,0.006875214038710349,-0.002920742325420119,10.645426987716611,-1.0723390132569601,0.06964867296975773,10.29052270178776,0.3695472963861776,0.09406933858668265,8.414509031412083,-0.08462718382345971,-0.008874322565520114,1.228036163355955,0.03289160438045024,-0.002121689448579306,4.994967695325662,-0.042919295385028894,-0.018525466639594153,0.4691835875201486,0.03212450062591682,0.007674640723012639,5.737476747839362,0.17946719554032947,-0.012780072845195582,5.400089446679976,0.009741137111545284,-0.005580147396215435,11.231957667069258,0.11655744535924792,0.0072606294872280455,5.655403265372023,6.0185904295720425,9.051431448264994,28.547690247391294,0.03351644258321345,0.18528435669463378,0.16114771141338735,1.3132234857810556,0.006117470073725575,0.01601117831580521,0.029705281375762026,0.15254700314659553,0_1_21_p0
27.102266898865484,32.56509930508621,-63.90088795254972,30.536587578629376,43.3110293988823,-110.1413456453032,34.447118193834754,43.32260932969995,-148.42241406261243,35.53999743224814,45.97343880108704,-152.17499960063088,46.69530420902411,36.30545812499465,-61.769299974629035,51.10103193816153,38.865182864488645,-106.34414627599797,54.17294245894355,48.21452900290224,-150.86767080169022,53.22624576366521,53.721809314968084,-155.93114763933355,32.31551442321249,34.658818177187726,-14.040414500671888,30.290882522824514,21.689200454724748,10.117722859670348,31.311693593137342,20.364445729237392,-4.2941371434031055,16.478215000219553,30.481500721174903,-18.970340707478485,21.284928066728533,21.67322672265321,-41.6252434146869,42.30434828957457,25.410410487531536,-34.30998460468259,53.03008091640198,32.87779561029667,-34.656255816605224,47.83435696209164,30.69874768965003,-17.15410228386589,49.222022627932205,29.369293215983667,-39.656020480433426,28.795546185947508,26.655151610718963,-34.38317542911696,16.010074481512294,28.85739247622151,-33.62313917941073,1933.3333333333317,2.001723758818038,-0.08553927798834798,0.0023864866474714893,14.046780451232063,0.4476431197021172,0.031638245537786686,5.875805241300923,0.11609754647781917,-0.024308006875237813,4.726836383267061,-0.00528864657595166,-0.010543256686522132,15.060812623862853,0.4362550747166305,0.07697276875079725,2.190964134897683,-0.13262411673799407,0.003773002360241547,4.404901098857253,0.21980102678432284,-0.008716937835496085,5.006969434929325,0.03660100487602076,-0.011863273024316171,1.7041580173914535,-0.02591384544092447,0.0023965385998313883,1.61059777134365,-0.0020885144087953687,-0.002859520318557243,9.921154393037293,-0.9158273974337825,0.0790980331486158,11.923752273094625,0.41728310456149675,0.08195416637872135,8.793534440489283,-0.12040067915769762,-0.009988876812109065,1.3294907598683707,0.029847156757364553,-0.0031446338599711516,4.776630549038009,-0.06793520123852874,-0.01732270570394305,0.5350993735898298,0.03816709351299387,0.007636726886311179,5.948081176795773,0.15441637132842684,-0.01617869696601592,5.491021111354179,-0.0026069384138512654,-0.008090768984905784,12.058701375547674,0.10173842591537684,0.00047035425583255054,5.74938843648408,5.983151865233786,9.078052079494755,30.696362013991283,0.02604464462091459,0.165184853688437,0.1394039648769836,1.2249782863522634,0.008438242709687554,0.014404037732124574,0.03211997163761976,0.14260611515122062,0_1_21_p0
27.105815272494382,32.5713301411384,-63.9327276784085,30.558276221536097,43.37420846092235,-110.18083596039796,34.47011229830422,43.308736246325665,-148.41427063072828,35.54845453797424,45.956259343563154,-152.18400839545274,46.73295995013461,36.23249637128922,-61.776398468151164,51.11066402779743,38.84854814767834,-106.35617908470081,54.172797647440355,48.21403185442586,-150.86568534394883,53.239376156896036,53.72283356273161,-155.90749004188746,32.307870987328045,34.74736337276473,-14.07112103528351,30.23238194316651,21.759586520615898,10.151416800880552,31.217854962816865,20.365188360550885,-4.268795056141805,16.47503082144798,30.625277803786222,-19.00245060273035,21.265804057574435,21.54716795013866,-41.51704756944763,42.305011850703636,25.390998717095297,-34.39629440628471,53.04031428482913,32.84543663341688,-34.995387713947515,47.86016341211356,30.727717316998454,-17.242114781517948,49.141590175229325,29.138514324322966,-39.64684917394184,28.829000578077075,26.347121948294017,-34.363755999925665,15.975592682834414,28.911833773281064,-33.42846054365938,1949.999999999998,1.9674647666942624,-0.0813530767778006,0.005258558463151329,14.99396954363786,0.4760438255906608,0.021260942629270734,5.912612140206027,0.09599086488205971,-0.025969295664275527,4.674374624045683,-0.017028363069675596,-0.008847636332009124,17.080716946749888,0.3736240731224837,0.057553426227930714,1.9945206493083567,-0.10692139799927056,0.00360849146010365,4.687494152896945,0.20918022181547852,-0.013136872184157544,5.168188087061213,0.00032064532145555796,-0.012701857248172282,1.714056022175975,-0.01898718140948663,0.0019510439462275418,1.6536011377770052,-0.00722917117418739,-0.0027838426981342344,9.276575287293204,-0.7661282654283714,0.0895602917857762,13.909116326259841,0.4430963420606294,0.062026081250698445,9.141914774774602,-0.139975292757605,-0.012613290839257177,1.3882874675451458,0.027390324883386188,-0.0042779153367155254,4.539599281066625,-0.09641183147711088,-0.014521539738875239,0.6947196021377603,0.043154308517143455,0.0067948155551105765,6.123809112663865,0.11825122609896692,-0.018250726032027514,5.4849862646323775,-0.017317715899127284,-0.008677777523427594,12.755835783592438,0.06934927111156242,-0.00940966128278502,5.746569617638298,5.902811406068953,9.070673186506818,33.19409543725786,0.02569856692190521,0.1449319107610252,0.1360499548070445,1.1097935307949789,0.008894402465945438,0.013826574941595015,0.032351454545958815,0.12800784513014066,0_1_21_p0
27.112542237466208,32.57756182704134,-63.968613417361894,30.581770568209198,43.44275454647334,-110.22295294207748,34.493032646935454,43.294900539680704,-148.4057349138262,35.549478559898866,45.95076864532604,-152.18955789690176,46.77059005609817,36.16340549158598,-61.78192277209903,51.12823971504403,38.85492599618187,-106.37810207058509,54.17218392353542,48.216311312876456,-150.86539368317676,53.24760310639846,53.727509583439705,-155.8859616456149,32.312368491245444,34.86558304125458,-14.115687392355797,30.18141198128902,21.848454585806795,10.163209195765884,31.13039052112528,20.367975246821857,-4.2472513149819235,16.4854313038563,30.753291727221445,-19.01534583744005,21.24777600901095,21.417983268251,-41.4092288614867,42.28322799769718,25.314315610798204,-34.42413989786328,53.086471205060846,32.77642889207616,-35.27855422661647,47.89970569215528,30.785076835418003,-17.336992119242826,49.08910258283646,28.945953243597366,-39.70214387772288,28.877576131173143,26.026867807062505,-34.33921755631412,15.951430680485684,28.955962268517823,-33.268919161698854,1966.6666666666647,1.921507513952132,-0.08025784968963978,0.007523454233556643,15.728856458084746,0.46228224994443523,0.00830715699195606,5.857599235021799,0.07220590903297408,-0.025730939737218506,4.619565558411996,-0.02034594697573405,-0.0075301726554120926,18.642787840696105,0.303020705785192,0.030807640060472465,1.7518282594875956,-0.08269126063896291,0.006236243465022748,4.869972614466437,0.18131306497788743,-0.016760751001585004,5.371666823135351,-0.0277173367204395,-0.014828959511280375,1.6982445161794264,-0.013036486889407103,0.0015785013135119303,1.6805579338746999,-0.007788110401151075,-0.0025709480635384904,8.6975860899069,-0.6253779771657457,0.10059577168596615,15.489894390606201,0.4969786869081177,0.03500614290430785,9.27161419435415,-0.15443302429082087,-0.015354153044491644,1.3987454956888552,0.023693383194659107,-0.004968291943249602,4.287444297824977,-0.1281121165684957,-0.011284985287736362,0.8912406447330746,0.045510436346527086,0.005509393317399971,6.286157436214219,0.0751556211004786,-0.019763559875590524,5.422490003922471,-0.02682631862692384,-0.00877312980004731,13.200318662228847,0.029021791948932334,-0.019648481760236692,5.682203118454375,5.803150277480626,9.03041814446335,35.128036482382235,0.029826185835452112,0.12800920071809627,0.14964844959374682,1.0034074320171706,0.008914004312610415,0.014623395976460427,0.03176995739518688,0.11686056986770899,0_1_21_p0
27.120748793905296,32.58223226260591,-64.00143315398262,30.600278174172345,43.49820715381934,-110.25445272214603,34.51462491639201,43.281697593238874,-148.39775259944898,35.54668236127953,45.95551378404335,-152.19231480604248,46.81366519898179,36.08431346454907,-61.79444561746128,51.148892357770904,38.87545259643869,-106.39702713999017,54.17007970435842,48.22670470564808,-150.86943598750673,53.250446094646286,53.73627787839419,-155.8674874462508,32.323856288966844,35.01601811493353,-14.163307200998615,30.136703600188497,21.941454315640414,10.158077768938355,31.045351378524327,20.371890524337445,-4.224558838386357,16.50571242168712,30.867263369247294,-19.013463959085282,21.231825621320063,21.28372125548755,-41.3092467892455,42.25461538052511,25.17071108074045,-34.331719120749746,53.15355765346399,32.683775794728426,-35.39840737640286,47.9432924306891,30.8621416800109,-17.43667570009675,49.06365259005646,28.8005129253477,-39.833323670342,28.952311826355853,25.71947343646917,-34.30362928254957,15.937763688869538,28.990216747341062,-33.1577917290107,1983.3333333333312,1.8142684481959328,-0.07513612603687346,0.00918377257159716,16.279291519895825,0.4228176520241126,-0.0041803890281498935,5.696208704972082,0.036611405205248575,-0.024540229452258863,4.576339052318762,-0.019871952285160907,-0.006504210378707729,19.573552406248297,0.2984631679801712,0.005982600995745126,1.5822189627087395,-0.06221871472346181,0.009544390451926218,5.020507061380023,0.1382000031726352,-0.019037938203216427,5.453248194289131,-0.0491103547080001,-0.01746205449504803,1.6583055247366802,-0.009585137187971455,0.0013763798250624529,1.686040392988652,-0.004802086251124082,-0.0024811161650951253,8.138038547356603,-0.48539209311671644,0.10777790371570026,16.447255384904636,0.5922479216093529,0.010463713477514743,9.079364273255507,-0.17133355041232837,-0.01538577282034574,1.404687561123869,0.018062123546180107,-0.0051749461014718445,4.025821172494416,-0.15184608214336737,-0.007914323786485157,1.0601292587500015,0.04636254719004168,0.004183846950860569,6.413930392629456,0.031803553824164985,-0.0215405340933536,5.293486024830845,-0.04554842703836978,-0.008981085168979348,13.285593524172121,0.00669853692368368,-0.02793422889730667,5.547158868146076,5.716434147812381,8.853922610460389,36.19620162966402,0.04654604237292284,0.11140146545984807,0.1637359294502546,0.9506465573604859,0.00908594036054055,0.016376275531456787,0.03114133474587859,0.11671466851092058,0_1_21_p0
27.127167815123226,32.58522784825632,-64.03108458810578,30.607425993241627,43.520788554176924,-110.26654764981333,34.532628747076096,43.270515909807855,-148.39172377770723,35.54116449730283,45.97151856081376,-152.19761627882323,46.86382817911116,35.9885583699869,-61.816859659208866,51.16811370002791,38.90119714018942,-106.40466147729124,54.16594593540679,48.24825645134817,-150.87946092407634,53.25078882134145,53.747355812575705,-155.8512303722492,32.33676944197198,35.18276839993721,-14.207768649869282,30.101101134152604,22.0227245852519,10.147363370958477,30.960427452827606,20.373784150890316,-4.20196826604726,16.52559629902787,30.97853271631863,-19.008856117878736,21.217867012940456,21.145569803080356,-41.218618779781465,42.24142417324735,24.99350423322209,-34.08639725583336,53.224560887665696,32.586608361907565,-35.298729101192954,47.975980632038244,30.93587572488854,-17.54113926415727,49.05487516613235,28.702441522150114,-40.02484137517964,29.05924924645511,25.438007659585942,-34.259112491889745,15.938607924065524,29.00497094349081,-33.105768544102254,1999.9999999999975,1.6244552233591723,-0.06392728372569759,0.010864485970430863,16.713413674778995,0.3860121657677227,-0.015624344556328615,5.464779311206608,-0.016779578356507407,-0.022285114102574995,4.552387691294783,-0.021626084602865348,-0.005724127133543417,19.91473895245375,0.3993375338257149,-0.014077684635636668,1.4853773487408461,-0.0493227710995442,0.011503145072878546,5.199467744539289,0.09712231055376727,-0.020691406843059364,5.341994766707963,-0.06643911472021191,-0.01852865477097336,1.6211694835063455,-0.008399404406037043,0.0013212596677736489,1.6666294558895904,0.0005330513622214812,-0.002341343948438568,7.730897312595928,-0.3416768306463142,0.110955786007107,16.847166019728256,0.6694463520314431,-0.008640641282824515,8.57159999042224,-0.18513056455289037,-0.010987776285523186,1.408303104260816,0.01159028112826334,-0.0052350890978946785,3.7641163692314747,-0.17023272206696138,-0.00435579030781563,1.175438124124781,0.05104785644114068,0.0031214685542174515,6.48502827174866,-0.0022860320576122946,-0.023530466580628177,5.123768902168242,-0.0805969517886258,-0.009003685765803243,12.933487180781007,0.0035634580383693062,-0.03205971963903589,5.374123022138457,5.631346241624555,8.51876123910298,36.460475503289516,0.08103344144237136,0.0986287143602532,0.18350719298423965,0.9576540743954169,0.009100114531093181,0.01804872983600511,0.029307170920994087,0.12230503874914574,0_1_21_p0
27.130911463091373,32.586149473653656,-64.06355558270694,30.60113837309294,43.50263924119056,-110.25943898730466,34.54427475024017,43.26350579289047,-148.38840830456624,35.53246526408422,46.00012523673145,-152.20993718269122,46.916404192380625,35.88324758079127,-61.84837548557639,51.18451747646602,38.923797593927524,-106.40274239467425,54.160955276901724,48.274799658999115,-150.89220641860533,53.25124964944514,53.75937121381925,-155.83617577008425,32.34737278880291,35.339345454217266,-14.247352794182474,30.07878438153215,22.079744267964916,10.142392552349763,30.87770123911957,20.373317006422806,-4.182249033221172,16.537959940452097,31.08812706233215,-19.01033924385646,21.20559538135829,21.00460476601868,-41.13128263815491,42.25833051523054,24.840688406355927,-33.70117069244717,53.28525747380125,32.50199083909827,-34.99892938512652,47.992469924332575,30.987507326935315,-17.64839688705746,49.056002349690814,28.649785231929712,-40.251124917218135,29.196971800054826,25.16188362327937,-34.20630069332677,15.956111839248063,28.99053520527628,-33.110643778612285,2016.6666666666645,1.4326510742457041,-0.049157665418665134,0.013339908934845912,17.093442287800773,0.35812357740841483,-0.026346916521432704,5.253892301039872,-0.08117200408325671,-0.01941637341593083,4.542625293570643,-0.023275658064753974,-0.005166389407560095,19.85048159322068,0.5203667816127747,-0.026711491606590185,1.4023932968394293,-0.048901229543094095,0.012220838597749065,5.374060148049958,0.06064780937561581,-0.02251165415493212,5.1543696395281735,-0.07978199124447824,-0.0172511120006045,1.6139808145812797,-0.00828844989288296,0.0013771588692877955,1.6237280107452758,0.0031302221788229714,-0.0020383721847019604,7.663518782049623,-0.19689316468573612,0.10900962374431533,16.922931828586208,0.6905213510100188,-0.022216377379762394,7.892473084470815,-0.18919327980456124,-0.0023991395931502128,1.3957669015742735,0.004750944688474279,-0.0051792620089904165,3.4873523362114223,-0.1833665114381317,-0.0006972842416132016,1.2488660000906795,0.060085075599355255,0.0020551455020999198,6.461778413892318,-0.03557695397968169,-0.025124573860064107,4.909515388757772,-0.11764299781442453,-0.008625217559030438,12.214282898921272,-0.0031789763275157923,-0.030555610577526548,5.168004975063958,5.549681504369134,8.144478928003627,36.24165381706597,0.11793461466588817,0.09482694055324745,0.21581783496925536,0.9774296998008273,0.008734468758422863,0.019728076061509493,0.025982352226037352,0.12594343682696393,0_1_21_p0
27.134201268985,32.58343188272419,-64.10147644886155,30.58352725363593,43.45013744220908,-110.23977484644523,34.54605304008635,43.2639619166836,-148.3863283249728,35.52219994022606,46.03395813329202,-152.2262865858876,46.961213046924556,35.78541144659449,-61.88432745569069,51.19539016385839,38.932778430796155,-106.39682543116247,54.15735093284504,48.29423811020202,-150.9011411476415,53.25261992846869,53.77153786272508,-155.82135806646826,32.351052368584796,35.46570120308308,-14.280531724715834,30.06943288040685,22.109876115155345,10.148891950212326,30.80081918615892,20.37967223360034,-4.164462561088639,16.541666098998185,31.189239817047444,-19.018049775251104,21.190505206560537,20.873066104797232,-41.04224122325832,42.297053729724595,24.75803773461582,-33.222277715802804,53.33077191713428,32.43952053078616,-34.56896190705781,47.999377688208114,31.01489951553954,-17.752325978780135,49.06586662159117,28.63561844399784,-40.490915252252,29.35092004567781,24.8767740476164,-34.140384100297325,15.981475304258922,28.960226132787813,-33.148499741470836,2033.333333333331,1.3139606614564487,-0.02676765903874035,0.01544238335388827,17.39650083953097,0.3186122545452025,-0.03661098557910337,5.159503526719092,-0.14258260878939535,-0.01705089853155054,4.53674873227167,-0.023423229502246495,-0.004701777281742999,19.541829404508867,0.5487136071587972,-0.0329779091534796,1.316536843618258,-0.058237116532862454,0.012583386512892107,5.5035859945717736,0.02378075270467856,-0.024125834321073687,4.933355145076091,-0.08895204838035949,-0.015062318699319548,1.630905758118372,-0.00861519906532795,0.0015283734350768237,1.559692927201431,0.003055502049236941,-0.001557124672780308,7.917977449747569,-0.08048098647238386,0.10103763489423966,16.90410676848854,0.6489517478249964,-0.030918074553899055,7.233872816856239,-0.18731760246135226,0.007813133855831484,1.3680854821100281,-0.002862551888834197,-0.004915273816968641,3.168000696110781,-0.1848093883455713,0.003182780858092726,1.2858474932829014,0.06867813311369969,0.0011445243453430383,6.301106947526219,-0.06991619747906637,-0.02536094535218609,4.646292931061597,-0.15109582323706083,-0.007190198945479405,11.638011224715537,-0.03082923959094802,-0.024233031730707136,4.924214819958267,5.477184918343758,7.809910245337899,35.92673321122818,0.15134123514303813,0.09690682771024745,0.24979346921189868,0.9336530815517291,0.0073508425525664525,0.021137881145181902,0.02297252009083342,0.1243621971288127,0_1_21_p0
27.13989446631907,32.57565552029235,-64.14012343886282,30.559178487025513,43.37846739191059,-110.21585951542032,34.53528278228871,43.274752118737815,-148.38066604090284,35.51404074376152,46.05973287468558,-152.238151779967,46.98887255183525,35.708667382893196,-61.9164520104164,51.19672749375758,38.925030093069324,-106.39304296251323,54.15613785455464,48.30108547421804,-150.90336806269588,53.253820039130595,53.781428711313886,-155.8046909020051,32.34543932896496,35.55446714305623,-14.303695257721582,30.06781946195237,22.122017708829826,10.163527238686822,30.732720660504924,20.408779631258977,-4.14509573857889,16.538222858560456,31.2844015331899,-19.028265149709842,21.166049087449444,20.767765300309556,-40.95564525255524,42.33270603138315,24.74518555279205,-32.70046122790022,53.36749329278315,32.39110461321627,-34.07438676851084,48.00257706570784,31.027774769770648,-17.844752466524426,49.082708832588885,28.644075322898033,-40.731542606133345,29.49910444484305,24.600340180698893,-34.05934528757062,16.002334701327705,28.943138508631684,-33.18630335081427,2049.9999999999977,1.319740421463522,0.0017501616181133323,0.016602648839725755,17.56273986070948,0.24794127102675115,-0.04544369925692044,5.112905062360712,-0.18852207982546554,-0.01575081061472381,4.529169370841696,-0.019359401272466846,-0.004206490643620862,18.95644466745933,0.49536599481843685,-0.03500920262090007,1.2453683178381103,-0.06541191856307531,0.01272539128475841,5.5692526947995935,-0.016289153124791275,-0.02499261545205396,4.682052942055633,-0.09629276513454876,-0.012134283581208698,1.659297247161745,-0.009980483237131108,0.0015497993715479239,1.5012009055807671,0.001897415926218035,-0.0008716899687075457,8.297762097903396,-0.01971467990665752,0.08862803550507,16.90471510469177,0.5531649499679198,-0.036720786838284704,6.686421146460121,-0.18662991918190408,0.016591515020952505,1.3390205217883742,-0.012050053874776489,-0.004502887807906866,2.8487922174954927,-0.16843209459371775,0.007576043234706928,1.2839149324336923,0.07163622546176297,0.000596948343197037,6.070248515243355,-0.09692579805775227,-0.02350194955845755,4.32638034848385,-0.16599707991132853,-0.004469559715060227,11.084227255580831,-0.08653312599258572,-0.020107909610913376,4.6336631593357955,5.431486894700505,7.495267508727657,35.46620488107141,0.16629684478286005,0.09968511101167979,0.2705221648741627,0.8156108929165925,0.004730628091336244,0.021832780050119807,0.021277342506625115,0.11979439800595452,0_1_21_p0
27.14876023786524,32.562224692102546,-64.17039922400618,30.532682595131018,43.301148626114035,-110.19151173991557,34.513505361699934,43.29481751754417,-148.36582295174784,35.50983393183459,46.07287315510364,-152.23991310367163,46.99617571472896,35.656231277885496,-61.93875318498747,51.19106963517138,38.913481557964516,-106.39751202941945,54.15624162197534,48.30097384599985,-150.90214374578034,53.25220507220833,53.783106150925434,-155.78284867162878,32.335693038062324,35.60443410379074,-14.312697246327255,30.06850088620571,22.128157083500124,10.179169228746586,30.674995787610154,20.46739936331709,-4.1205552332540805,16.52940693650164,31.384505111176942,-19.03824733611365,21.131588086208765,20.691926187809784,-40.88355894939841,42.34479004342101,24.77203405103095,-32.18149342767552,53.40468513429274,32.341898445036485,-33.55006625774736,47.9995458867364,31.03776921198888,-17.916753672947028,49.102711644287886,28.656809743172946,-40.963963849597626,29.626712273413723,24.351849226277693,-33.96556384967636,16.0163492638574,28.954338222401105,-33.20106696479759,2066.6666666666642,1.3557961292667273,0.027846149229993455,0.016978473649786517,17.54937219512712,0.14674486708664342,-0.05100109446750405,5.0097250292781075,-0.20766754555020614,-0.014532503127522363,4.520818631519237,-0.014979716419166067,-0.003785166530711966,18.14598444667528,0.38543992643842023,-0.03163328584394102,1.2090708957399823,-0.059086331880493975,0.01267017673063026,5.553845756363565,-0.05606442132387415,-0.025082821985637188,4.439378756802446,-0.10524309999604822,-0.008561691043288404,1.6857343858137366,-0.013364335194266809,0.0014290221723122275,1.473966164021605,0.0011893648923921416,-0.00020093439852473982,8.628030738533843,0.05373001968626715,0.07510780558503581,16.978470366368725,0.41174923701293076,-0.04047138478206091,6.253612812791221,-0.18792765373693332,0.022928189424589063,1.3129819812173127,-0.022216932142387933,-0.004059025796114177,2.6062582250237187,-0.14490081822055179,0.011878424954406684,1.291879658336693,0.06663235280915988,0.00030064747997276083,5.78680978860875,-0.11432309565586968,-0.02077441461853261,3.9621089173357427,-0.1623978340419235,-0.000559401604550843,10.464834812899054,-0.16294766018860982,-0.016734082394532036,4.305810898349605,5.4132511175316465,7.183175519979179,34.82702108244996,0.1629468071386882,0.09708692831468435,0.2742228413035839,0.6485399560891234,0.001534612173851757,0.02190287390915554,0.02062990984152969,0.11290415183476474,0_1_21_p0
27.157550991142106,32.543992361278754,-64.18352416074426,30.50665981495417,43.223705280195986,-110.16505904577988,34.48595503058225,43.319687418591876,-148.34189185145414,35.50835459194185,46.08014691097025,-152.231645558847,46.985745554710476,35.627781292001224,-61.95135139680015,51.1876073888597,38.91658038482369,-106.41142489666527,54.155305304187586,48.306223807729424,-150.9043605408791,53.24568710542371,53.771174763601316,-155.75546283355828,32.32958338630853,35.618997337576054,-14.306183095352123,30.068895969508468,22.135017036645717,10.193702370342953,30.62817648342362,20.539468571867896,-4.088355305297968,16.516020049060113,31.490633032304483,-19.045349101052487,21.09413253641327,20.639679771023374,-40.836042022466,42.32600621336467,24.823543941493227,-31.715306352906254,53.448223789135255,32.29347244279091,-33.03075290692007,47.984042335393596,31.05580031202768,-17.96053993610268,49.12217467081501,28.663560612996815,-41.175009468359086,29.728990956981217,24.13494472661423,-33.85795474451935,16.028966359935954,28.98691198389587,-33.18066688474648,2083.3333333333308,1.3305040195413085,0.05201603779818642,0.017406474322091036,17.355926761320667,0.03665378933134041,-0.05137222878315258,4.86156625605642,-0.20082620761253134,-0.013018861653551445,4.513313140832467,-0.01735687675512446,-0.0037143673405694065,17.426311823773247,0.2282862141936484,-0.023456432724866673,1.2161613744399082,-0.04003006964270859,0.01280983202186483,5.399300433777165,-0.08846388133126097,-0.024451139704953804,4.2278487846856105,-0.1186176210981108,-0.005287375145578469,1.6959956814372439,-0.015675776676502134,0.0012478003943361033,1.477661323975474,0.0017402245288484627,0.0001881983034053993,8.896176187012268,0.14406514306639243,0.06322521627877739,17.27397662889365,0.2354236900652268,-0.04324390257242546,5.860250231378537,-0.18389546051636546,0.027313970905279695,1.2864234171104751,-0.029401922821969344,-0.0036573014668250373,2.4424556584298966,-0.1196915217932468,0.015167972927263133,1.2991278441907497,0.05846979700434685,-4.352619551038588e-05,5.423229385101721,-0.13174197275520166,-0.017863351192942738,3.751335883387909,-0.14917746960030012,0.004127075536061461,9.93526366783586,-0.24000208611371682,-0.012355945488676558,4.116906880346886,5.398646709493132,6.890219260051907,34.264451198159335,0.149998824697929,0.09431624697412642,0.262159047313248,0.4962232588028986,0.00431158419892994,0.022232562529880304,0.02067642370930187,0.10427105616499509,0_1_21_p0
27.161624133448868,32.52362909058887,-64.17582187619143,30.481654759181335,43.14655598303922,-110.13499596674434,34.45772140195967,43.34578750101407,-148.3162358039951,35.50773315705392,46.08839312547919,-152.21693650373675,46.96306311805271,35.624946945847036,-61.956891689660054,51.192643860384464,38.93704342663511,-106.42850095776156,54.15081734713591,48.329976677906,-150.91721016605817,53.2361471475388,53.74923980446964,-155.73044049525726,32.32812269468225,35.6123797805586,-14.287655620220002,30.068798016585074,22.14329908435669,10.210137453670342,30.59300435521348,20.593173403295168,-4.048327605404441,16.496861789887134,31.590151290676317,-19.046336583486866,21.063146506032222,20.60994886235882,-40.81172646075968,42.27761915367768,24.908578937622625,-31.351410726051064,53.501837991467795,32.26412544824054,-32.57812781076165,47.95236066870671,31.090695623883747,-17.97304395987527,49.13751158535615,28.663504553063156,-41.34270968491165,29.802723209638526,23.957186005912785,-33.72422641962961,16.044995501734,29.02382176369043,-33.10772774847797,2099.999999999997,1.3534854664160207,0.07630317424058486,0.018569346572786753,17.122967207627013,-0.05709564057206909,-0.0463569087986001,4.6285357543817165,-0.17585591408965442,-0.011739172302722905,4.50577467958281,-0.023459821672551045,-0.004168640382322164,17.260325651041928,0.06724140218205932,-0.01650899644966765,1.2606946861684099,-0.020966420165934647,0.01342172564650463,5.066493280016955,-0.10641639990694553,-0.022004956102608164,4.038166875727075,-0.13205183409700272,-0.00269410749984826,1.6783835152965565,-0.016698487143026332,0.0011094548323735607,1.5001523357287119,-0.0006333957033876588,0.00029474853152462716,9.199417470479329,0.2249002408132819,0.05336672529047006,17.89179200975029,0.07716883101164325,-0.04957936456031139,5.472118744020232,-0.15814449737095745,0.03108922963264101,1.252575937835225,-0.033297327949703255,-0.0032398664349350534,2.3173182848312246,-0.08907369974513346,0.0174206112839317,1.3045622505209438,0.05342247404992706,-0.00014223406382862032,5.027300124857023,-0.15381142178876644,-0.014081517747255953,3.554074326463633,-0.13361255734360086,0.0068588116691127975,9.717458889917216,-0.3000741954227918,-0.00821847226612237,3.9304472445826253,5.407824482971189,6.565066563182922,34.2224566946551,0.1346519771587586,0.10380367228086755,0.23727012748126647,0.462982800529896,0.0069479628336250425,0.023514777393150086,0.02117885924877928,0.09718138420630634,0_1_21_p0
27.160411970349596,32.50443496780518,-64.15181075799423,30.45727278849873,43.06926515760164,-110.10274082093083,34.431926010962385,43.37187456321699,-148.29584693853747,35.50728409774157,46.09816938853035,-152.20048653699786,46.93467392554754,35.64728634884852,-61.95493187943419,51.20449304408169,38.95900269812107,-106.44053280792463,54.14195920907816,48.37660323127928,-150.94293432495243,53.22838484143231,53.72799661084087,-155.71931251453003,32.32392594384479,35.608769635780554,-14.264323095832165,30.068767293174876,22.150304695584904,10.229446051505779,30.569430269106928,20.60724512130064,-4.002624804165211,16.469916667612438,31.66826243203522,-19.04038208481363,21.04513854413091,20.603638281189436,-40.80022598896679,42.205671884683575,25.029107438151186,-31.116237608037185,53.56235507795137,32.272265572124034,-32.25035882120065,47.905027610020426,31.14163037574617,-17.956783255019648,49.144494869861916,28.65563637274182,-41.438707413558774,29.845650394002266,23.834481716677,-33.5418623811488,16.070322497466314,29.0465308231229,-32.95718866944315,2116.6666666666642,1.4746565886448701,0.10060429166705595,0.01938766110865635,17.05710450463337,-0.1299614573367022,-0.0393872960212571,4.24573427886934,-0.14596968451134484,-0.009019428037014348,4.492538504282591,-0.030559086063817152,-0.004777722568248777,18.081689873029184,-0.07212411164576765,-0.018194946567464197,1.3066761328246297,-0.009436307198281197,0.014198189840667202,4.679307896618172,-0.11549049950013049,-0.017809468070335628,3.856247311200307,-0.13349674179865606,-0.0006712748634152508,1.6399277670492127,-0.017566856037432837,0.0012021595575940362,1.5245929255678954,-0.003639384610824084,0.00021701225587096866,9.608160209328906,0.2852034934530052,0.044144998894146525,18.502878114593543,-0.04461798286268473,-0.060590798156382984,5.195796436523943,-0.09970076033594057,0.034838445600011404,1.2079586856600888,-0.03561603632730218,-0.0027640223451998835,2.23081097717923,-0.053465276512482514,0.018519562767075174,1.3563726804670904,0.05105730818307041,2.8097304050111517e-05,4.773815729296473,-0.17603918995405274,-0.009242490577885384,3.2313500083587243,-0.11933847875713455,0.009570197685946313,9.782315831300087,-0.326487995255683,-0.007359621480554841,3.623670233017754,5.448688962150411,6.154138486239085,34.92765103066275,0.12062448732785123,0.12260799737105416,0.20490745389017648,0.5160292331626302,0.0096454067488109,0.024657338344950014,0.02061006785871339,0.09577537795406164,0_1_21_p0
27.156109917655876,32.48981648810159,-64.12322633661095,30.433184922205843,42.991547426737085,-110.07009512509309,34.41080709152663,43.396840576524205,-148.28093494770465,35.50736996085087,46.1075605585697,-152.18417503528744,46.907324237838644,35.68905348096801,-61.942390999916675,51.216679576642974,38.96852602763114,-106.44469140869263,54.1307270735287,48.435537475733064,-150.97552130818318,53.22479085013926,53.7132037648106,-155.7254464818599,32.30753752566472,35.62946833937051,-14.242414708949081,30.068501678486182,22.152919385863626,10.246823988894393,30.555547950886552,20.5903466282876,-3.954479514750648,16.434298795668436,31.712240239241467,-19.029928735808042,21.042120951560868,20.618161945816478,-40.794139688574816,42.12059987569945,25.15819957874682,-31.001055776199927,53.61266475629829,32.32308462576054,-32.060122509934295,47.84781578315499,31.197823853888984,-17.918717483567995,49.140962143213166,28.631041846038613,-41.446941774258825,29.865412611241815,23.764597192503683,-33.296846162769114,16.11569699123878,29.03502634687506,-32.721846600762724,2133.3333333333303,1.6347665936770863,0.12628190292515415,0.019389996024652266,17.142283045055766,-0.19036467381854885,-0.03504469794828922,3.7534077432386392,-0.11852925820861042,-0.0037802264858723105,4.469498251574256,-0.03728162760908003,-0.005171125906228467,19.38166862178832,-0.13797484372630914,-0.03325868384548248,1.3069291987379221,0.001214948841715469,0.014796512359143912,4.350529420824828,-0.12600686350176293,-0.013927988677401781,3.6957626649215762,-0.12217640924159881,0.0009106816375928676,1.5972157526660222,-0.017255750637404182,0.0015705715887866626,1.541603138585321,-0.005825236401759172,3.4858461974610446e-05,10.106769515518076,0.3127186332687011,0.034449204467239807,18.85788756493284,-0.12680839266827157,-0.07059393477554207,5.147524434079667,-0.011271854861463027,0.037052436806703046,1.1560402658420779,-0.03671362411307265,-0.0022550706917508446,2.227342111532517,-0.01534346191677806,0.018915254711029898,1.4473021067937808,0.04566820614392948,-0.00011130297317187482,4.575689272620327,-0.19108499765510562,-0.0059195862311071795,2.9852573603554466,-0.10737045819404145,0.0142645960435749,9.94221151345634,-0.30395672652615185,-0.00973149500171069,3.385684519874948,5.492230247232514,5.719071974038982,35.95110952601965,0.10874822399864137,0.14424258556794164,0.17091425291720316,0.5604079147146409,0.01435079772702119,0.025034939869258685,0.01931078232782603,0.10100068147774131,0_1_21_p0
27.148130416287973,32.48282187152404,-64.10168654435716,30.409216405173012,42.91328868730267,-110.03707341923827,34.39690231075621,43.41824806022528,-148.26772731995464,35.50836423821486,46.11691964637169,-152.1662741806582,46.88755102737113,35.737246990075846,-61.92151803792891,51.2236338177612,38.96793999118244,-106.44468948665735,54.120171902285584,48.49043243854823,-151.00584686512656,53.22395242317075,53.702776417422236,-155.742444729518,32.27697624971696,35.67472415679974,-14.221759716486703,30.06523661042274,22.152402873346116,10.255426986826587,30.549013892134635,20.568535910233667,-3.9066217865956308,16.392257831356375,31.71178763211192,-19.01684631462647,21.054767923558213,20.649608370867668,-40.79459416861519,42.038076151828356,25.258559615976473,-30.977252765735486,53.630064636419604,32.40032006981213,-31.97961942853319,47.792202434863384,31.253608453797355,-17.87020726469678,49.13080814189109,28.58139094434364,-41.38607168815227,29.878783188364483,23.721629363973427,-33.0040996389516,16.187415965848263,28.97460829529671,-32.42980608052466,2149.999999999997,1.8449291767576226,0.14613300262860265,0.018830292306388403,17.128459563326448,-0.24871310226741664,-0.03372783179261027,3.2575959094829976,-0.10335391406751245,0.003345683820259869,4.450141334627546,-0.04403677446034129,-0.005586887355452469,20.292916458991126,-0.13169341944345114,-0.05268305439727818,1.2598543442996495,0.016728905549472907,0.015209514422002903,4.074918563840593,-0.13800868802345206,-0.010830493576584901,3.5762786795509935,-0.11310864146625463,0.0018656525455352656,1.5605973293892204,-0.013336334181643351,0.002005843487944091,1.558112091995749,-0.0068307187701455805,-5.143530379296169e-05,10.414193518735823,0.2994160402450504,0.02432476495951644,18.868632309970994,-0.16581387709983925,-0.07572640114473543,5.315828339180698,0.08487783902959561,0.03600281647421953,1.1005145371719214,-0.03646098995076162,-0.001644999671968938,2.3220918717585506,0.025684553473954087,0.01843209408411569,1.5224964766634965,0.04118027742640626,-0.0006222340282814671,4.394393925357559,-0.1904677657742538,-0.00316200844992624,2.874302266129067,-0.08878716464442066,0.018449006902465433,10.032771220064127,-0.2341396995616872,-0.012531929625037496,3.270638705447524,5.545412121156168,5.365986485650004,36.53077450421218,0.08978317445379135,0.1632354924611296,0.1553553752355318,0.5600853374239135,0.018557727872380952,0.024904184233113615,0.018825948899630622,0.10871891657609253,0_1_21_p0
27.134505599740255,32.483435121555466,-64.08914387991284,30.38474792037406,42.83454089917503,-110.00199532976762,34.39133875893198,43.43358875743253,-148.25474860783103,35.51001933461662,46.12800950031081,-152.14572188406618,46.88089771647926,35.770854328260945,-61.903704154491265,51.22433115323376,38.9694293628982,-106.44573014190497,54.111918254973965,48.53263830683359,-151.02927344097807,53.2237603339754,53.693360235182055,-155.76253147866888,32.241529605868884,35.718681511249315,-14.195710060510692,30.05405074016487,22.158183469108437,10.253135650250199,30.547380848116124,20.55757107604901,-3.860083922000463,16.349740773661146,31.667898153719655,-19.000617017652733,21.08314910492761,20.691997310786174,-40.805824748823646,41.97435844114307,25.31502001555273,-31.019999846958857,53.60018104724872,32.46816647855093,-31.97251380825149,47.74910828314242,31.313048923636234,-17.823484782737424,49.12162653297648,28.514089656960035,-41.29797407697314,29.895084771059345,23.693307954554772,-32.698969421553834,16.272257610358707,28.87971610144841,-32.12446062395523,2166.666666666664,2.116360522478189,0.1599725786409849,0.017327304953907878,16.824043792012557,-0.2972429268178736,-0.03148075799961211,2.883248086120341,-0.10169730214035991,0.01070260044468441,4.479313257262027,-0.05217598450154224,-0.006146299681682617,20.759654079429765,-0.09346040016279626,-0.06402040264853652,1.2436067201357823,0.03558454368822548,0.0161988351451612,3.813433188154489,-0.14904573418065398,-0.007959479867191782,3.491424808343708,-0.10443321082535713,0.002093333543360402,1.530358244760508,-0.008822655062614405,0.002354806048729902,1.5863198463788633,-0.006200135491902838,-0.00017465005390746437,10.349706789116748,0.2570815193190898,0.01714259594702797,18.587996951306557,-0.18126450618809287,-0.07491896520463409,5.615060243683521,0.16424554149082787,0.032019184160911617,1.0472853552343075,-0.03465171273815275,-0.0008420185557088862,2.468486276419896,0.07072135313557502,0.01682089348478199,1.5437269694465934,0.04107872577387237,-0.0011707841151759454,4.283589776973078,-0.17306204783653378,-0.000591575280229184,2.910133248010048,-0.05730225861435812,0.021308539035568203,9.933960777180472,-0.1850611988044527,-0.013369541410564142,3.287989032597277,5.664459110864413,5.157188305201572,36.46567756968563,0.057977479116124525,0.18029548971691145,0.16201896980060035,0.5562600841353366,0.021438258962832517,0.02454638446160082,0.020046699459728975,0.11074315371875,0_1_21_p0
27.116782982481354,32.48766064133026,-64.07852442110044,30.358458291352864,42.755568741796395,-109.96370563430769,34.39136646442669,43.44235334751273,-148.2445425269442,35.51184802302046,46.14041967187728,-152.1240700967385,46.88841380180524,35.77303841035935,-61.899749510496946,51.22203617400264,38.982054175181034,-106.44904539883811,54.106307903639376,48.56073475364469,-151.04534850215373,53.22331302379403,53.683648913242784,-155.78125214418301,32.21278572371778,35.73146362277225,-14.158283466683757,30.032233511000584,22.182826101379188,10.244335951468177,30.547870607380712,20.556081059777153,-3.8146679053197152,16.31203056496964,31.60393172358103,-18.981679247965356,21.12190345089313,20.738394405934514,-40.82898165066868,41.93513164613934,25.346040110666074,-31.118095283812934,53.52176233838618,32.492129315718834,-32.018550442276236,47.721373707057005,31.373593016905723,-17.784904477203906,49.11733553986451,28.45286124953173,-41.206322326795174,29.90333590041341,23.703257248022098,-32.4120007572039,16.34235429298281,28.79456414364949,-31.834424428659364,2183.3333333333303,2.4194159972679397,0.1691378267584498,0.014920883102253289,16.247953457531715,-0.31737329731044367,-0.024369507484830057,2.76079205804783,-0.10189000043501627,0.016499722013123608,4.50214063697957,-0.06206614453663116,-0.0071168474478688765,20.842411520439157,-0.03824421294248477,-0.06754326387221779,1.3046691566902733,0.05742853422145982,0.017466471151581515,3.5639347789991405,-0.15644130300023498,-0.004785130920937851,3.4283229349886017,-0.0918243607733053,0.001977334323706663,1.5036929894774513,-0.004478512856241058,0.002708914854644512,1.628438244729532,-0.005102530386666466,-0.0003525377155538812,10.7271046883313,0.21078968634175474,0.01505220022865927,18.099990828288586,-0.18978766716941683,-0.06880270664010568,5.9746196344352835,0.2235221622111383,0.027084964412221715,0.9962367777325517,-0.031038230184348113,0.00015688145684416557,2.6031182757297318,0.11024117307757152,0.014229357787171104,1.534584665727228,0.04267680571258528,-0.0011414816729003513,4.233234741957728,-0.15719984794956232,0.0008080773760932334,3.0550536007253264,-0.010997962482113917,0.021900915383637753,9.614486472718527,-0.14927281000260373,-0.010968818889191503,3.4050616895892527,5.815862328312769,5.1138630888778165,36.05327849064141,0.011874858153321316,0.19638880970206,0.17597272988049265,0.5514256816945968,0.022067811725021005,0.024079280713475055,0.021877506726622007,0.1048513581900816,0_1_21_p0
27.09865501277931,32.49163198412166,-64.06470682944115,30.32908857995935,42.677606337881144,-109.92469277744065,34.391020337815604,43.44689825431139,-148.23980727660327,35.51365208930755,46.15060847241651,-152.1036027151008,46.90316985803091,35.74854919145609,-61.90785808180228,51.22180831551088,39.00565615338066,-106.45153157300042,54.103557883711005,48.57420420964216,-151.05397733334866,53.22268932167464,53.67389025637017,-155.79661298433066,32.1942002374067,35.706809008994924,-14.110381704739062,30.002989360728726,22.23040744479256,10.235289218821013,30.54797111039299,20.557686079122277,-3.7703763872074645,16.2797443807444,31.560788190696186,-18.964833447164324,21.159254752340996,20.7882245222375,-40.85841549613952,41.913592555731086,25.393693405345257,-31.271786807506285,53.409130625563705,32.469266703155384,-32.13116788555273,47.706437444501184,31.419381305917593,-17.75340678127851,49.11445558855928,28.423818191149024,-41.098012711941735,29.880677158149084,23.788305052904647,-32.16513361529724,16.379710425440113,28.75337841530465,-31.568062478400904,2199.9999999999973,2.7477053336670587,0.17974403805356495,0.012236057277110168,15.543776383607966,-0.294539606156628,-0.011390707505239411,2.900219026018058,-0.09929205992121197,0.0187548105513581,4.414021472718816,-0.07274387317821669,-0.008053536496775896,20.505010159654613,0.021777582249483618,-0.06439335653543109,1.394069604667728,0.08522608232870187,0.017321489678028247,3.3605359329280304,-0.15758687375882852,-0.0013778546024350246,3.388923770589551,-0.07898998186222148,0.0018905660087882858,1.478919372028443,-0.000270175494445087,0.0032342255807571822,1.6797045057097322,-0.004406196623106403,-0.0006410068802833595,11.43755243328909,0.18224997875328958,0.007630501622255283,17.440471677238243,-0.20556219652575247,-0.057850878316830015,6.3834828670291195,0.26973427082159035,0.022591981588916524,0.9472586252156056,-0.02746919711898937,0.0012615842621141427,2.744226454167923,0.1311077624318361,0.011450627607965311,1.571766557202963,0.04250141558448767,-0.0003797451267087374,4.14767952133584,-0.14969904179517418,0.0011122076310629168,3.2473242206278754,0.04458841714179462,0.020764812548243826,9.155804491886686,-0.11598991121858593,-0.005681701509483513,3.5682372542808083,5.9300975088806265,5.237065357000912,35.357122910036814,0.044589235674190285,0.21781509841054925,0.1824488305467437,0.5441988389690168,0.021015176784194046,0.02273238314589794,0.022055249517228682,0.09070290024956112,0_1_21_p0
27.081339267129373,32.495108181068346,-64.04921466814659,30.29732723862894,42.603708800427675,-109.88998536259295,34.3840053312312,43.45135351976049,-148.2388857057942,35.5154584756207,46.155196071456245,-152.0852464171186,46.91314819343446,35.72155767556326,-61.91458280164313,51.22566793111527,39.034639576085226,-106.45137056801848,54.10339448285787,48.575023281963766,-151.05614216872775,53.222240759747194,53.66479515637174,-155.80841617854128,32.18292502652777,35.66474320958669,-14.057945187333132,29.97096748673762,22.29457137151605,10.230987322863324,30.544818521582844,20.560008909733956,-3.727855057141531,16.251263655276478,31.56656129431621,-18.956992675386992,21.183764600801652,20.85149647556884,-40.883078340994636,41.90013571164392,25.497366963913286,-31.48659192511988,53.288972414185,32.437105890248894,-32.35215509607705,47.70299471551242,31.43646376822233,-17.723622779852526,49.10788565705184,28.44218444985036,-40.94661089709426,29.811952367274653,23.966246240834092,-31.978875047652544,16.388701719830454,28.757465853459337,-31.325166962253263,2216.6666666666642,3.066055127560905,0.19828234890216148,0.009243474605756101,14.87242184950371,-0.2330713820345662,0.005149345538189166,3.2197605236769826,-0.1038816755078695,0.01721965550066887,4.267668233323731,-0.08287555271056651,-0.008157908549848051,19.651408873426995,0.05538575904017737,-0.052713896668079935,1.4373319569985759,0.11863462405860652,0.01565146492261863,3.2737266158622536,-0.14876127656123506,0.0017361341713997864,3.3908893116803105,-0.0681289492181634,0.0017655632369314466,1.4477672090340314,0.003605335596196307,0.0036953356241512395,1.671056998323885,-0.0033668824282816695,-0.001110319413878266,12.071089702106129,0.17512290219130522,-0.0029075430048132347,16.64742685578085,-0.2467117814965531,-0.042115952993044686,6.899446733789788,0.31190542019879425,0.01807361516497587,0.8992855764433063,-0.024904613329366696,0.002178824151284341,2.951338801647975,0.13319705269047982,0.00834351506709335,1.6925777554819805,0.04337692538909778,0.0003371535858305644,3.978986109382722,-0.13606714510836068,0.0019266845997125276,3.418301643768458,0.07605585640976811,0.019134383483609296,8.69920573088697,-0.09425529204290323,0.0007005025977740295,3.71225214921405,6.012118998121293,5.52950168423967,34.35175384008554,0.0761412617375393,0.25054252027819507,0.18213843930736817,0.5438178206335418,0.019487948498314065,0.020076239820803015,0.019215826622347873,0.07015233787031527,0_1_21_p0
27.064430350546047,32.499301018079116,-64.03483795923133,30.267230420637976,42.538299222240404,-109.86148477870314,34.3670204544543,43.45854814334806,-148.23594034685163,35.517541531758866,46.155401047176035,-152.06771638456297,46.90801187321156,35.717121420687306,-61.90690620386179,51.227509139164106,39.064219784281384,-106.45151296706655,54.104698964192806,48.569309564353766,-151.054911188645,53.22206374756839,53.65630462665095,-155.8188637549977,32.17657232831956,35.62974927959873,-14.006540016043234,29.935788703373973,22.368201695496534,10.234741002778271,30.534955805856285,20.565654581978656,-3.6867760663424987,16.226873358382385,31.6128536547101,-18.95991645473736,21.19066142736255,20.94908534225239,-40.89873673974626,41.88530308560091,25.663319501516913,-31.766712684603537,53.18904409145403,32.444483224874,-32.70938997651253,47.71067753005775,31.426065565439824,-17.689458334817566,49.10075617079339,28.506387293929848,-40.74288652639174,29.69917071425383,24.220545310804003,-31.86164393997873,16.384357827343358,28.790895433164888,-31.108500663156253,2233.3333333333303,3.3233328232017723,0.21567879059297176,0.005883930619093688,14.329869659845292,-0.16799178829474393,0.021590899391606685,3.5066634373019094,-0.09868001534996662,0.01300730671152407,4.117952761361504,-0.09153779080889256,-0.007703918313186124,18.491690731561782,0.025538969468208217,-0.03318990704434648,1.4406743547345215,0.1507541328865462,0.01413175127837962,3.2881495688780658,-0.12894201788239926,0.003544876702068084,3.45079706730929,-0.05917947765922886,0.001178278624747121,1.3948026841751877,0.00844725617593909,0.004064930469633977,1.6314496238262908,-0.0015469024130595546,-0.0012132975935155558,12.41609094915168,0.17678289029548144,-0.010753793037613547,15.777985641964365,-0.3166140507363918,-0.024768312990051382,7.583852868216399,0.35124313358784276,0.011780333833326176,0.8704470162143362,-0.023398211631818152,0.002853803969891126,3.223842024807178,0.12594735936276025,0.004672174961841679,1.8259888814960576,0.046784006750793354,0.00047549960602819626,3.7733425433186647,-0.10683380484411578,0.003957781393596801,3.503408843473826,0.0980045382508249,0.018025579300833875,8.388273595336877,-0.10369578528463894,0.006457607574080907,3.7708550823802445,6.0688680883202135,5.8819933919695355,33.216260110509644,0.09836790967922081,0.2834817964922883,0.170595115217116,0.5679209345783579,0.018478235003744525,0.01742181905326957,0.013871106202435889,0.050055543193712505,0_1_21_p0
27.04980446685614,32.50343352016593,-64.02162689773378,30.242448833792064,42.483530379455985,-109.83455428643944,34.34159909585854,43.46821000208326,-148.2260672001054,35.52101150291654,46.15803127639288,-152.05045384710274,46.88268643411293,35.75116746512455,-61.882652263035595,51.21663192636034,39.09332352626669,-106.45559116676426,54.10602880683854,48.56432411428528,-151.0539072245234,53.2219331022034,53.647847598198354,-155.8308581670115,32.17461751649855,35.61192073711573,-13.959892357552906,29.895085537303697,22.44614441600881,10.244796804516062,30.516750074186618,20.57830871962182,-3.644455683071221,16.20893505761573,31.673442738936163,-18.96708673625418,21.181806236906407,21.101534531959032,-40.91658318583471,41.85442579971109,25.85232908952268,-32.108366535768226,53.133414956122934,32.51201287677642,-33.18262983421537,47.72554640081694,31.401016874357335,-17.649088285067798,49.102068278268405,28.598841130731202,-40.50489695611403,29.559052405215457,24.508316551147267,-31.801550534074003,16.377304366923152,28.835747713402665,-30.93562987454858,2249.999999999997,3.5186837672364843,0.2269226566440864,0.002386630464936129,13.857943567500762,-0.1396583034566156,0.0361778627995866,3.6868404380774518,-0.07348297564459205,0.008512522820466984,3.9931632771585823,-0.09919297319629236,-0.006759315902775492,17.845116296559112,-0.09954272385652227,-0.008702857444611222,1.5036015813665782,0.17262491428761448,0.013571610451666109,3.309364792012845,-0.11179751960725945,0.00408175509827264,3.50934862808398,-0.0527788901563189,-0.0004763192087624803,1.3623332239452828,0.015159169425762896,0.004505307496411828,1.5792509098632028,0.0010559282918406387,-0.0012003712557309952,12.421676811626444,0.1750612363622829,-0.01292699613860242,14.945040129704182,-0.3894626696016882,-0.007110780954205801,8.402522167500294,0.3706559875476554,0.0027087563921613066,0.8575987425647263,-0.02223577924799933,0.0032822901837738774,3.533964440479804,0.11349609859848706,0.0001819581950760923,1.8604612162837233,0.04937831184356256,0.0004758770982718517,3.618753306922075,-0.09107982552421999,0.0065486652854745125,3.5132120292576206,0.1333719888649977,0.01793646269696892,8.37413628288873,-0.14240896698729102,0.009924516794974494,3.768104374295595,6.10558196277781,6.1965494330194595,32.448711267651646,0.1342307261080117,0.3067022360638734,0.1451438023230547,0.624660866453385,0.01849363376183767,0.015748452168901896,0.008527780106356088,0.04204315706393056,0_1_21_p0
27.04006974511114,32.50558084568567,-64.00693110519666,30.219365897396045,42.43412390915606,-109.80115492073344,34.3121483767004,43.47890378117454,-148.20985912072135,35.52806278180958,46.172884474865825,-152.038092355373,46.83859185580178,35.82821237603378,-61.85139525546298,51.18781386669017,39.12630733853425,-106.46431549292627,54.105847965274236,48.56735314956141,-151.05685033895557,53.2216659793006,53.64009522327514,-155.8441989138692,32.17844296521666,35.61266499719304,-13.922195342424715,29.85135207845674,22.51870362477824,10.253043230528998,30.491620403351614,20.596271120691352,-3.59873863017499,16.199080733939837,31.737630230014556,-18.969253590918342,21.162694861575634,21.306241489368034,-40.95038263833306,41.79160831465348,26.000845978564602,-32.49342528871637,53.140273505681854,32.61205917817833,-33.71851011377307,47.73964208945473,31.374988237533824,-17.607223976479684,49.115418842573014,28.696490834731147,-40.26974376455349,29.41521545590855,24.781548120816154,-31.779084410906012,16.37206935853912,28.87605160222962,-30.84419294592144,2266.6666666666633,3.624646113674744,0.23329671917716088,-0.0010895042957447029,13.362745753789524,-0.1477938994807392,0.04941636058935901,3.703583590027185,-0.030986746779358677,0.005249090273408327,3.8820736766655233,-0.10707896839654102,-0.005477052453513823,17.875080301568914,-0.2698790343463981,0.009885452171642523,1.6533268800815228,0.17924148678694946,0.01237181635706915,3.3039298276981772,-0.1018095942731577,0.0042894105696858545,3.457740017534354,-0.051797203061449255,-0.0026210882879331076,1.4139358018566295,0.021799202426278412,0.0047843574594337406,1.5212672291930922,0.002358692621928546,-0.0011472039070589575,12.154759385725379,0.1679783097070105,-0.00852699723292356,14.435723672088619,-0.44537466616101273,0.009549507956460045,9.16564066991475,0.3508489673087317,-0.008030704233688995,0.8488520523128491,-0.01992405039105979,0.003549169591399353,3.8726206383207336,0.09311489982360363,-0.004912946039279225,1.8665701614867733,0.05075156517513325,0.0012848503395246596,3.604761927278511,-0.0830070807285753,0.008586724536902901,3.577707919091462,0.15909210572255697,0.018373027914674357,8.702187405495964,-0.19115792070307824,0.009327739395498802,3.8469739284406006,6.120533735706571,6.377279047174023,32.215788969367395,0.16057865153767828,0.3178034421145981,0.11096627095706535,0.7057937043781264,0.01898573756937145,0.014135433673923609,0.007652456553055329,0.05428840996551179,0_1_21_p0
27.034791098075107,32.505504360445016,-63.987828619791664,30.189560502405953,42.38187722380943,-109.75946404247368,34.28253845151948,43.490572520219004,-148.19259023140106,35.539916891453785,46.20563369200239,-152.0360031095419,46.784485279029866,35.93534666831049,-61.8273147349264,51.14655200390218,39.17183218330185,-106.47854689988165,54.103031723231524,48.583756284199545,-151.0666659460808,53.221387027219194,53.635080689558265,-155.8553217232802,32.19125233754967,35.63829335399683,-13.898619450893271,29.81053421057167,22.57409726981076,10.253644653633087,30.460644137979454,20.60832439845885,-3.5512629960454922,16.19691456292174,31.810911845608516,-18.961033750871874,21.14055745452115,21.534463579669772,-40.99887653167939,41.69458106707088,26.0730146933628,-32.89287746112137,53.210757644754295,32.67802397774106,-34.26357100628693,47.74727369953724,31.355653726522416,-17.570350458177543,49.13734394698162,28.785222461269054,-40.074356816662274,29.287896974237736,25.001968033143303,-31.778010290291437,16.372236744468395,28.904705373813265,-30.87006350842776,2283.3333333333303,3.7135493410712224,0.2331419152698778,-0.003670166076164261,12.937856937262865,-0.15359911544897925,0.06178799470156136,3.6340439946136938,0.017956397880870837,0.0043842476746382125,3.7541089647485366,-0.11561772472748576,-0.004076617017485418,18.139923402066923,-0.4115924325692506,0.02012537804721376,1.8503049989416402,0.18474541064455552,0.010410549783529996,3.2678999818619636,-0.09561144530319816,0.0044544269360689585,3.3668569826957344,-0.05755204522995345,-0.003648403752692349,1.4985659321791558,0.026706891665620583,0.004508576280849525,1.4666908948228885,0.0004357512406249755,-0.0010766135469903924,11.774200239533915,0.17665795273303564,0.0015893014921952503,14.185139175667146,-0.4748327302445151,0.02170383681241061,9.697555939218658,0.29297015995232195,-0.017048134761003836,0.8483097910377368,-0.015492830224467487,0.0037488527828449785,4.2288209931444065,0.06750401392615851,-0.010498898267705146,1.902028379890987,0.05111637138606051,0.0022539052390928393,3.7051762299782123,-0.07878982668250413,0.008790697730805893,3.7867590518462246,0.16853226229646218,0.017583234154881035,8.862093242648747,-0.23137236074941017,0.004518247162946885,4.072498492305098,6.147839869199738,6.513442153636871,32.14469967036475,0.170635229355496,0.3235839593865532,0.09050669605697555,0.7774247500518231,0.01815206278706676,0.012600061701160554,0.011948194108351785,0.07144607256227797,0_1_21_p0
27.031637714984264,32.50471425644517,-63.96526009569663,30.151065968192942,42.32954377833571,-109.71977280310628,34.254749389144926,43.504762372894874,-148.17967299609973,35.55358059940583,46.248137384794305,-152.0395930632929,46.73291638229358,36.04768753768308,-61.81880948840498,51.106464500470594,39.23895802676736,-106.50386858443419,54.09793116480568,48.61180482085108,-151.08265953254661,53.22134296641471,53.633898734868936,-155.86141828082674,32.213089215357456,35.69523978503932,-13.892499551855353,29.774664523964784,22.61260441082516,10.250134241942474,30.421914124534506,20.59782748523936,-3.5056208823218165,16.20123817759832,31.89195525316616,-18.942800502145374,21.121793248379948,21.756348091263515,-41.04968985303754,41.58066049710452,26.092891086789805,-33.27703880537763,53.32499425645539,32.65135999620306,-34.769123163468905,47.75084964450293,31.34319953567789,-17.5421892240111,49.16329040107894,28.864009923460916,-39.93579213587902,29.188454131437858,25.15176870102607,-31.784616140454254,16.37937367704182,28.92660433168899,-31.008951172897014,2299.999999999997,3.856807822840269,0.22556340815191264,-0.005636461064657302,12.802140401052826,-0.1176013412456997,0.07193610649700324,3.5845550558354677,0.05897375037138863,0.004815281043325941,3.598177202792228,-0.12611211299049999,-0.002500038270145129,18.38278147332206,-0.51778296326483,0.0275640379096292,2.1067963311600075,0.19658514871064742,0.007912245417668138,3.222633149796069,-0.08806611693885906,0.004708475722693449,3.3046875304560537,-0.06663275027894881,-0.004314795130239425,1.5921195543181292,0.030653239582536573,0.0041225554043635895,1.4246629497807701,-0.0033906498070901845,-0.000980325654446123,11.459607393029717,0.20606832352323157,0.014853723665786698,14.057900097150519,-0.47887564963366536,0.03030110361184967,10.039253579627195,0.2196445470014216,-0.02155557583521403,0.8734470690231524,-0.009696832022114006,0.0038379469757766674,4.502409813659066,0.0450082722138488,-0.016445118555819517,1.9240670181224715,0.0545140003682577,0.0027103802084310026,3.71225079599992,-0.08480463741635376,0.007059481230767447,4.161410911252141,0.16251665084323777,0.014673411833242863,8.845135105541775,-0.25106540933045823,0.002753973649422518,4.455579137163937,6.225354989002214,6.636391244675136,32.155214322873654,0.165382232716236,0.3294026990283354,0.09971745689837626,0.824584955326966,0.015241537910919591,0.01112027645730498,0.017670492716874407,0.08727887963302117,0_1_21_p0
27.02909346414597,32.50440917268326,-63.94346528761833,30.11127586067781,42.291930696406624,-109.69535045496963,34.2290858445016,43.52275640546673,-148.17302341899992,35.56370498470387,46.2829215300326,-152.03807666297186,46.69338583604351,36.145427210738134,-61.82302323175433,51.078973787422925,39.33067509574746,-106.54643077275038,54.092217342007764,48.64304381731129,-151.10047558791302,53.22158060144589,53.63529692503965,-155.86301753687442,32.23578081211515,35.77811532744492,-13.902917140270871,29.739335519772546,22.650861259741227,10.24867960987619,30.373863391524786,20.555467440115475,-3.464716336789993,16.21027511796036,31.967634769874824,-18.919852871065537,21.108367861133807,21.963267119830764,-41.09560734500647,41.47409710063966,26.11441471920404,-33.614901164222644,53.456714728784604,32.54075968559319,-35.17800649005059,47.758710298168424,31.33189395535133,-17.52515326835594,49.190758221870354,28.939519540043634,-39.84807304810231,29.118186248894652,25.247242093920196,-31.78882739012337,16.3874084071835,28.950171182078225,-31.208247498014973,2316.666666666664,4.0519567000702015,0.21138700838664598,-0.007547376818424066,13.1312781027777,-0.024115745491947754,0.07963493834612294,3.520344130459928,0.0736546127201653,0.004870877247209798,3.4296605338459867,-0.1357827638708045,-0.0006946422652945075,18.472648180417533,-0.5804604215930462,0.033376138237853625,2.4874621306705103,0.20073601328992974,0.004750877627061771,3.190042649981137,-0.07673224036039952,0.004902772996247871,3.2545290288691238,-0.07688460986422394,-0.00542150055927641,1.6816817533970603,0.03514904851709093,0.003759145379077015,1.407873214675009,-0.008425738311858251,-0.000838433083367354,11.361780419833186,0.1681875440200964,0.028813083752781844,13.895037418482438,-0.45601393773951926,0.03617856721262742,10.299626875115077,0.15095207009681458,-0.022038718339076432,0.9009440244324721,-0.003293168210675794,0.0037083446975253584,4.5728746615012605,0.026858595898927896,-0.021407886540715095,1.929400892104008,0.060936175908528824,0.0029165997644558473,3.541324161681137,-0.09763998118992594,0.006023052631716402,4.630935174462662,0.14907435418173384,0.009655120807015239,8.724986144620265,-0.24817318283086248,0.00431072406367287,4.926825967068873,6.394121304322907,6.6254029814356,32.260755733502556,0.15316206673441646,0.32743156364025805,0.10980723738712928,0.8207006094631787,0.010361106686985453,0.010147788308804426,0.022614502417956293,0.1007937216497435,0_1_21_p0
27.02655830216963,32.50489173435297,-63.92322300948803,30.077750539143093,42.27924447603842,-109.68950355274546,34.20519654026388,43.54312373670223,-148.17136306013498,35.568445037976794,46.30306407437961,-152.03082593040858,46.66935521885485,36.216566447822565,-61.83145770473419,51.063055198062365,39.43953284209514,-106.60254575185996,54.08735436224789,48.669719898137586,-151.11591438431884,53.22183531011936,53.6370208343248,-155.86218201488,32.24753527002741,35.87195422336015,-13.92434325947077,29.699214572540424,22.70557796842792,10.249403537334183,30.319501446777014,20.48926947544375,-3.430424965065927,16.22126862629197,32.028369549980376,-18.899372051742937,21.097019694716092,22.167180760260596,-41.13968403607974,41.391496181019676,26.167350580643927,-33.86766825774209,53.58784843014087,32.414892630357876,-35.4291022666104,47.77834857446649,31.312014204015487,-17.521971494144502,49.21962527114642,29.018831203954353,-39.798468986487016,29.07035664364701,25.329332270513728,-31.788806198972196,16.38578675649014,28.97953594831857,-31.40489733521763,2333.33333333333,4.3047392530737305,0.19066815688452796,-0.009651942895601777,13.859856030802174,0.1138939724041779,0.08503308953317819,3.303341123438378,0.05746862489750172,0.0048000183277668775,3.2701798501739687,-0.13972550500284522,0.0010841067290259863,18.257098209375908,-0.5624222358275507,0.03436636894970706,2.995680735319006,0.1947419041965709,0.0006103676129704843,3.167881285358639,-0.062421868760264176,0.004715890427110755,3.2059145464131595,-0.09213417254413911,-0.006618889321651593,1.7500757153801885,0.039754257685766466,0.0035366782120794726,1.4271580875512488,-0.014914566679325529,-0.0009066643465395292,11.523019719881846,0.10045199799419391,0.04228593360145691,13.573299906445353,-0.39631560483044354,0.0428869184096273,10.538831534360451,0.08720876695827258,-0.02009722246724795,0.9128542171699747,0.0032804394472957764,0.0034381576439108156,4.440411448787094,0.005461204213153433,-0.023688958703488902,1.9497817250272165,0.06352710079180532,0.0031750180215304115,3.382222208476311,-0.10284170375951375,0.00729701654698706,4.892173729534431,0.13783828265383938,0.003526391890939704,8.521434287192312,-0.22949454714710638,0.008508536021279472,5.195779903874904,6.698558886903741,6.395874020899889,32.36647044956646,0.14345658984203563,0.3131626896125416,0.10872521947304,0.7557733077932374,0.004994350062248637,0.010836583656372129,0.025060260099503635,0.1122089176077228,0_1_21_p0
27.023715356333632,32.50627429633429,-63.89962314189963,30.05129985179318,42.286632679846115,-109.69540455363709,34.18409156585522,43.561492367993594,-148.1730693261115,35.56954723543177,46.32069199029038,-152.02952868611766,46.65739607162385,36.25862892295193,-61.84118082726473,51.05039273964375,39.55451140974572,-106.65967084239816,54.083098832623875,48.69261894235328,-151.1292067226198,53.22166405176688,53.63778202680932,-155.8600705958303,32.24597489807422,35.96033363779059,-13.9478043825218,29.65328309708272,22.778908046328546,10.248741852688118,30.265699401542985,20.421225794632434,-3.4041697476373103,16.23171992239424,32.074999427347834,-18.884867687263256,21.082051073333574,22.381589495858638,-41.1887064762882,41.340095340231784,26.23717004400091,-34.00149708987544,53.71065666644817,32.31838422610965,-35.487649034466195,47.81267184105082,31.27422318862027,-17.53364040253339,49.25112986569534,29.10268373922656,-39.78444308252197,29.040112239091055,25.423109871610887,-31.794656304135295,16.36879597912941,29.016842228766066,-31.56942048328481,2349.9999999999964,4.588667325310597,0.16456213352699017,-0.012234954942459247,14.603090383205855,0.26676785030203115,0.08827427499800203,3.148335524132217,0.019253686583206607,0.006364954568598328,3.132707817449422,-0.13901859637034292,0.0025322577874025763,17.64341019306505,-0.4306072034831379,0.035729575695549506,3.522006679466603,0.19100984900975965,-0.0043769367860025145,3.1323630117809658,-0.05324324937592427,0.0039806729049077574,3.150474710838642,-0.1143776547257959,-0.007683761934484966,1.8050923579356428,0.04427546990148333,0.0034402755920097047,1.4769487995328185,-0.018832859606120998,-0.0013802769209489006,11.85116082491155,0.0635933452490787,0.054799082928309574,13.142581248704413,-0.29435586383912743,0.05657798779221657,10.740765747837873,0.018560510128935157,-0.016906580592799633,0.9016027633579528,0.00950973159866364,0.0030462847980003167,4.2065286752726285,-0.018991075317508283,-0.02324837174409836,2.006322351782844,0.06055496814035,0.003322245347453244,3.424793052195286,-0.09444470088481444,0.008756150762176616,5.024142400226006,0.13677113216890727,0.000233586648000104,8.162022110647632,-0.20321008181157818,0.015603963489735972,5.3385733373651805,7.0918158338107435,6.126368497898049,32.26826902748446,0.14375903390661005,0.2949638013536029,0.11753132896948372,0.6329854759773138,0.00344819646643019,0.014052983924143572,0.02529900458274894,0.12607454332688467,0_1_21_p0
27.020409622491538,32.5080314721087,-63.8699561039957,30.028333125766203,42.302305037694,-109.70493161768083,34.168816659274256,43.57310472439975,-148.17820458332682,35.56691061030441,46.35244354520527,-152.0437061513473,46.64643109685474,36.29108203046598,-61.85903402351386,51.03933009953035,39.66850008002461,-106.70906736444104,54.07736338972512,48.72193274180469,-151.14563428920854,53.220842866477916,53.63818350481676,-155.85732312584275,32.24503058704645,36.02722168314756,-13.96481848764563,29.603691854071158,22.86347647721444,10.246138075787783,30.219244986834287,20.37444265596829,-3.3877097882676273,16.241648742400855,32.11660279209199,-18.87374224444133,21.05840912780896,22.600022764443224,-41.24556396922125,41.319542696161015,26.29668657236789,-34.020054505573825,53.82332159055404,32.24234986100573,-35.38263238349847,47.86026960448181,31.21885518916956,-17.557169528188666,49.284756875146776,29.184062672359378,-39.81448947865071,29.027152484247214,25.52254976665043,-31.82892109681755,16.334641874041786,29.066424663432606,-31.713042374939977,2366.6666666666633,4.878496438306166,0.1364037486410979,-0.014698758881704684,14.962229952784135,0.4127064846570968,0.09294091546798541,3.143489644200459,-0.01828184220434007,0.006803914191371712,3.004643906338206,-0.13194882460544954,0.00364314840309641,16.58854901518135,-0.20266697331493602,0.049970571242975284,3.8960498471388467,0.19413784957671046,-0.00955009191598808,3.0023451025092807,-0.054264173026040884,0.0028700984707875125,3.0645639588555236,-0.14064152993009327,-0.008529131491466134,1.8673153084356562,0.05001275640874459,0.00303233552672891,1.540431849945505,-0.02164495344678901,-0.001999294721207522,12.23407875476315,0.09129855137396892,0.06700553560299984,12.66093807056822,-0.15127969717577172,0.07489719143394095,10.755636249738773,-0.05906941445352096,-0.012568128556096465,0.8744219969400988,0.013618316429305976,0.0027147238440962604,3.9332524561565356,-0.050735903586341134,-0.021513167204538393,2.0970473581205287,0.058195464657148185,0.002612148402032898,3.407618346433173,-0.07780921067193504,0.007789826435122162,5.23192984133369,0.1497084616973993,-0.0012291770624191204,7.646181326490722,-0.17762024333106557,0.026435985015996262,5.555173833981806,7.452648431873828,5.894366317508031,31.682709137909203,0.15784137387707348,0.2788308703409949,0.15062668292233022,0.5354050215637619,0.0032719925118251105,0.018404361514583797,0.02412168517107988,0.14886282566444733,0_1_21_p0
27.01619821635467,32.50922146796611,-63.840836606513754,30.00538562461694,42.32000203940436,-109.71475006845017,34.16166179324067,43.57563657716919,-148.18922447285146,35.55742875564818,46.40079106468286,-152.07085472215172,46.62387112824419,36.34481139793633,-61.8932969926854,51.03400033750086,39.77542625163959,-106.75062536470597,54.069024124605356,48.763061497015464,-151.16803968264068,53.220157008699395,53.641341753344165,-155.85618289348906,32.26340028908383,36.06012994489187,-13.972649306763692,29.55329816466245,22.95240886058115,10.24403037316156,30.182842490103617,20.35911876332713,-3.3815268457755137,16.254237237273163,32.16772505934555,-18.861509811728183,21.02161577965575,22.794404059915657,-41.305846581354295,41.31666091992714,26.341606927237613,-33.97252252201338,53.925110223931426,32.1880018947104,-35.20630934663168,47.91500513946233,31.156766581813578,-17.585268418204876,49.314548226309476,29.25341188965166,-39.89200040187633,29.021969946455595,25.622026793020485,-31.915156016186884,16.278674546837905,29.135135711862326,-31.861879951920418,2383.33333333333,5.1342173813345,0.1099393384889836,-0.01682304474593264,14.925374552844678,0.5508807350218364,0.10373853221042477,3.2886065415482593,-0.039792904107485504,0.005040059680447682,2.863313725626141,-0.11943741441178739,0.00477556792201298,15.33348310659235,0.010306938848328673,0.07495291337142511,3.995551500542164,0.1867921941977527,-0.013819114186340594,2.8233855067274627,-0.061665704956475116,0.002628958897215993,2.9188046189998373,-0.16149273356059543,-0.00893651325551426,1.9242037890601984,0.05450961125410192,0.0022721348767343608,1.5769835279142492,-0.023033295007643537,-0.0026685830563646902,12.626444161123233,0.18481367477484767,0.08084562102175465,12.177267572517652,0.016434226678629073,0.0926716051627354,10.410258943710643,-0.13173241836679794,-0.005162755684324567,0.857179509976181,0.016523919757917647,0.0026882772604867964,3.6240656088865717,-0.08903765250596646,-0.019256474948366565,2.2085755844207795,0.06494096123679938,0.0013558164647540748,3.3305830616916974,-0.06228412960156211,0.007537485835325026,5.3716389461938014,0.16822496052607394,-0.003630948322015857,7.074842702910166,-0.16404063559366983,0.03999188407274387,5.705879878695281,7.656541338971308,5.698087830713316,30.70971551815426,0.17683589868313632,0.2574182957200479,0.18865598790908875,0.6244571462796091,0.004283267749653579,0.02264895602098685,0.02181914980436968,0.1821905406035494,0_1_21_p0
27.01044800635877,32.51113749104187,-63.82534792191906,29.980247476003015,42.34205489020775,-109.72629450084928,34.16135617498598,43.57036000268322,-148.20843198955254,35.541120136552266,46.459601070603675,-152.10404099010532,46.58582095460231,36.43297072314012,-61.94356227229043,51.03107155922125,39.867878627356056,-106.78694484011118,54.0610765540129,48.80243472111108,-151.18984458924353,53.222340504614486,53.652430968524015,-155.8611690510181,32.304306205152876,36.05917106172086,-13.975242645877945,29.50685366677124,23.03900089982937,10.243031293176973,30.153870809343097,20.36784912341857,-3.382585081160229,16.27103175754926,32.23308826755108,-18.846500084175304,20.966649400343375,22.941624632513708,-41.361993301740995,41.305525055902,26.382419831179092,-33.91744676780062,54.014180403151876,32.18551608720173,-35.050923342545936,47.965672465207895,31.094419061574108,-17.608032405502698,49.33123206634986,29.305038304140602,-39.99811665886541,29.001804490226462,25.74018399566959,-32.062526571487716,16.1982283743627,29.228559458832677,-32.03383831809206,2399.9999999999964,5.342057905805789,0.09108051148613874,-0.018497221016501697,14.824472831591759,0.6781068182560038,0.12037619960167914,3.52694187769606,-0.037590198947939246,0.0012437775489083898,2.715875463715259,-0.10518602972262256,0.006235585232799137,14.119029970452367,0.17018725126475523,0.10327248257399253,4.031035503967982,0.17288715230242283,-0.014753104938573675,2.640746884292621,-0.07119228398241768,0.0029811262388430722,2.712998001101692,-0.16783469775663987,-0.008498968544481511,1.9612007043735291,0.054292310031099536,0.001481688350379962,1.5646483606051236,-0.022979921975001465,-0.0031581595850986763,13.064062809731357,0.32325556262797916,0.09820564529509576,11.746141356303268,0.1597436750863199,0.10813478152954963,9.710380738465528,-0.17084418238546195,0.007478661380920179,0.8681220838049091,0.019771801791913055,0.0026472366463293332,3.3346520806509283,-0.13179892054162312,-0.01629980892472866,2.289242047454404,0.07498885601279885,9.829248932445036e-05,3.2125465251199965,-0.05860729981216538,0.007830174956916885,5.4022862005759995,0.17496134767879484,-0.005388055444947235,6.562185808822974,-0.16636599211748393,0.05406555888086531,5.747260599256753,7.784934105964573,5.560537893191409,29.705241151326142,0.18319150665381068,0.2362034236390539,0.21668517319822644,0.8271476850215124,0.005588071388724132,0.024812805345173265,0.018424527670850042,0.2225810607811615,0_1_21_p0
27.00348349177043,32.51796077742861,-63.8343948168968,29.952023621496014,42.37240532112968,-109.74187631049148,34.16419275744778,43.560604196964306,-148.23319030443128,35.525030251114764,46.53509233435918,-152.14532693531822,46.53944375613257,36.542610937409556,-62.0012287220899,51.01939280298572,39.939659740754806,-106.81975890127387,54.059765735598795,48.81587089914717,-151.20060864906165,53.23122043993398,53.67321547016029,-155.8746014475707,32.350881809626706,36.04174528075123,-13.978179700354158,29.472158953203675,23.112402958042434,10.241992748611919,30.127563427963377,20.38622208103849,-3.386258579161231,16.286517880152207,32.29408362127735,-18.830255221659613,20.892089476645214,23.04666512190997,-41.41054512973226,41.26707293344042,26.42466671264046,-33.88982529359295,54.08712109791638,32.244542019613256,-34.9535989727208,48.00211916282393,31.028853755851493,-17.618254954175473,49.33107176178507,29.34074484180395,-40.09898642813658,28.948841065931376,25.90750930862935,-32.271563854695565,16.102976487031984,29.342746658241616,-32.23749584220629,2416.666666666663,5.499811644756878,0.0754256626711254,-0.01950327965055507,15.060023673327061,0.781798670637175,0.1375623211454005,3.7678543416911707,-0.029468086490470804,-0.0035950609454640896,2.5876315624045274,-0.08967655855371917,0.00790551854908209,12.992909630457316,0.3200001684816418,0.12943147467046656,4.192383950795493,0.15426822495324755,-0.014249108018835046,2.4924414340716035,-0.07841859834025224,0.003529418905037822,2.4919335541594756,-0.1691551377789485,-0.007058928978248322,1.9901568384985566,0.05301567600283944,0.0009861712834184147,1.5354600992725105,-0.02090502030859468,-0.003249741219472675,13.440731641965222,0.4798873743058903,0.11846767666324093,11.404862206801578,0.27325204798965214,0.12169671637961467,8.909728448704845,-0.15908809603738258,0.024996719057498635,0.9018328749025974,0.022917491898497257,0.002275285026954597,3.143610359627628,-0.17595542520171775,-0.013203708553603179,2.361436974970459,0.0817344289003374,-0.0007631554119760387,3.0115202157277716,-0.06716982937502207,0.008523809237990726,5.347883010658615,0.16279891888428483,-0.0061605109125847275,6.167979637223598,-0.14375159406311494,0.06693980592865259,5.706187600974369,7.954066460554233,5.503521170278627,28.96641011379797,0.1712137549729285,0.21253787697802848,0.24584983306144872,1.0369197889072614,0.006238944502423037,0.025733875847223586,0.015397755066568918,0.26402928952861765,0_1_21_p0
26.995598026013244,32.53327399725665,-63.869774707106394,29.92213264132115,42.407230015859305,-109.76032572624854,34.167028004516865,43.549000042304506,-148.25728725133578,35.5167922331886,46.64062675876428,-152.20224926983383,46.49606335050257,36.64715447845954,-62.05693067998591,50.99203282872943,39.986431665137054,-106.85079323202527,54.07048312416253,48.78889499848657,-151.1958619305331,53.24812721659487,53.695087359626626,-155.89011601981284,32.38133547257912,36.03015171134758,-13.982244709888223,29.455068514279688,23.16117796620537,10.242502205535395,30.10088618334543,20.405173904610734,-3.3896923959919314,16.290807937556977,32.32470310737177,-18.816353820250555,20.80586219164463,23.133746640759288,-41.45341099656733,41.208010281563766,26.458792760873035,-33.90256373511459,54.13781794705628,32.34141438896676,-34.913364210876836,48.02268952392021,30.963195895040496,-17.617072034047233,49.319573134310666,29.366792408505393,-40.17403541645862,28.86624327074968,26.14014168573018,-32.546559447275335,16.011188100040478,29.463713276708926,-32.479668707717614,2433.3333333333294,5.5902211230676295,0.05592717448208881,-0.02008421663422578,15.886217275152498,0.8771507778814003,0.14946126050158068,3.8656112488503096,-0.028826841726869286,-0.008072497590136606,2.4653991789175027,-0.07248577851604877,0.009559058417834882,12.135505196543463,0.46239786062531985,0.1541602256353697,4.3157093560392195,0.12869169862738639,-0.015396269037736042,2.4129511735931475,-0.08289970805651692,0.004083611313311668,2.275053787025243,-0.17314686916245145,-0.0051243575642804864,2.0309287172338153,0.05190866782991417,0.0007874655776818491,1.5020521700516583,-0.017679026637176777,-0.003124950440478777,13.249917848632746,0.6429859426334824,0.1407342011649548,11.259781762195797,0.35289084101999457,0.13416511304766515,8.238900685887502,-0.1070586128750082,0.04401243341652445,0.9468392545724148,0.02458694027853226,0.0016378878986684075,3.00599721421365,-0.2108771250331549,-0.011032623866779948,2.4486273043551603,0.08642580217942299,-0.0017261701226123534,2.7686350241088387,-0.06685405847381629,0.010357026546604017,5.291168913451334,0.13382884962311467,-0.0059890051403706105,5.89188873025559,-0.08461194904751068,0.07798762577027903,5.667551492942853,8.068615341754297,5.399522137463293,28.60186890049281,0.1435432714804933,0.18256526264786685,0.27437198648359473,1.2454439738468772,0.006040553336195237,0.02733540033079255,0.014599419412264397,0.30340327032527936,0_1_21_p0
26.985195802611806,32.556394520536486,-63.92302093745808,29.89344010938465,42.43668853543811,-109.77752185060947,34.16822355083362,43.5368527721579,-148.27769544164516,35.517034515780544,46.772579637171795,-152.27355881307003,46.46372585707951,36.72120724065202,-62.10693962669775,50.949833112007866,40.00905718010924,-106.88233189021032,54.09339364629913,48.72944099961181,-151.1794189333378,53.27022020405686,53.70482062622346,-155.89670710852528,32.38320400631077,36.02850196296435,-13.983380431336172,29.452183484923644,23.183696507791076,10.248423133367757,30.073803133436016,20.422318882307334,-3.3923904273241345,16.27754958565452,32.317744235320994,-18.808998044202887,20.72422881555648,23.224036042913383,-41.4951574282906,41.1543242858237,26.462534082092294,-33.96431438963775,54.159207753051895,32.44557244368211,-34.92548453222179,48.03209295469256,30.912323617686198,-17.61174510813207,49.307609629182295,29.388706984252046,-40.23000391493793,28.773270097658404,26.420448227928595,-32.87841244760049,15.935725264234929,29.575832730928518,-32.76133661556242,2449.9999999999964,5.607727686934978,0.034964894619538306,-0.020321523405044093,17.252185969670634,0.9809567368410448,0.15276454549173554,3.7622483994805838,-0.027291785004708805,-0.010115073712035443,2.3181388976761377,-0.0564822722428269,0.010978408232311417,12.068676622241352,0.5372731164950895,0.17609456296085196,4.315198167616291,0.09438159652325913,-0.016005407578315076,2.424207901524068,-0.0868485173521672,0.0044333833470501655,2.0069111824274644,-0.17827332168699536,-0.003064263743261361,2.07523323731494,0.052779997686746995,0.0006995634413461844,1.4559860055198492,-0.01800616182119934,-0.0029029879590612047,12.944332403201999,0.8165389827751431,0.1699176704174801,11.49573760478159,0.4377415796186571,0.1448435170571002,7.691614371403208,-0.031724066187128946,0.061809632546878344,0.9964652169250422,0.024103167539672867,0.0008848717113522383,2.8261445173652247,-0.2242266181204974,-0.009118683153506587,2.524673069080043,0.09012668590744384,-0.003089678902888064,2.605053964943134,-0.04024379359036828,0.01274911191114533,5.314898460435466,0.09748429550589019,-0.005368064460466174,5.71338628468009,0.011638129100606173,0.08745260381808109,5.705676001491492,8.057799033736472,5.115593645568433,29.11125907914899,0.11085538338796516,0.1494947516048082,0.28775648563987843,1.4558833100540376,0.005413455925763884,0.028432715053683864,0.013959040473550515,0.3403653095569686,0_1_21_p0
26.972003230015236,32.58167005135403,-63.97984653879274,29.86717110046258,42.45660496110609,-109.79120543857861,34.16594865059831,43.525694511142156,-148.2964376292672,35.52124791461466,46.90480507888885,-152.34550008076403,46.44547684652521,36.75413086072761,-62.15688763446904,50.897498232364015,40.0191425220072,-106.91734271938272,54.12289129330065,48.66287983914868,-151.15897649138458,53.293547043924626,53.69894140986151,-155.89071401855136,32.35591935951022,36.01819797820946,-13.979580143992997,29.454123028004236,23.189717595768357,10.260200659404974,30.049162312443112,20.437051852319893,-3.3951454886145567,16.249303204507566,32.288425099147645,-18.81055641438712,20.664591853048975,23.321011910036333,-41.5408684695129,41.133302466395776,26.427796805247112,-34.0890890273521,54.1489618312831,32.525715686163146,-34.98469280377834,48.03520124414732,30.88715227790761,-17.608068184896858,49.30548288258359,29.408900120484848,-40.2894309383516,28.690703316930684,26.69706188493059,-33.22675996187246,15.878319297335313,29.664412942827934,-33.06885670337284,2466.666666666663,5.534487130465758,0.014758024765272751,-0.019843281583890378,18.873939604034177,1.0910427429354643,0.1482048083354704,3.5085658224250817,-0.008407356978894585,-0.008855336793136407,2.182389287768587,-0.04489168589952787,0.012181692316842345,13.192300821179925,0.5913293944734199,0.1889789811200296,4.302479692144971,0.05298057226856881,-0.014936257300147443,2.4750778752233895,-0.0890511829876187,0.004324702227950795,1.6752244907933718,-0.18338537823543788,-0.00043034787266648116,2.1118992575562814,0.05520946947634189,0.000864169485241995,1.38856410423207,-0.02407103624251518,-0.0025234330445955385,13.024989880842309,0.9971091461159488,0.1981045844652321,12.232088898193938,0.6019580353866955,0.15174385774014582,7.1778543857238155,0.058306711306799736,0.07887505905053553,1.041931550423261,0.02078965864063805,0.00015220078947251878,2.6664726718853506,-0.21552852347099558,-0.006215128566766826,2.6009022775872306,0.09321060560089643,-0.004038612280328263,2.5623155961105053,-0.00472488367571146,0.013892524292366207,5.469868626302067,0.07955965612976967,-0.0050725457963850945,5.651054503713297,0.1398041603031364,0.09576552447980619,5.863410378190361,7.980170836947398,4.714497612127373,30.751979442495774,0.09683916771299887,0.12140776533833375,0.2831138022624695,1.7110003386480823,0.005145630161180213,0.028070313543273395,0.010827280919641136,0.36817572050124947,0_1_21_p0
26.960897445979082,32.601939605755426,-64.0285016830369,29.841898677574854,42.472725368655205,-109.80264615772779,34.1571887356728,43.51819922859932,-148.31650662763636,35.52566990003923,47.00233105470787,-152.39866833824792,46.44119435541744,36.75479441939915,-62.218929905005126,50.842309864396476,40.03613731040721,-106.9603953424578,54.15301844328933,48.60821706096169,-151.13953045693728,53.31554239612297,53.68511241335286,-155.87755251659502,32.30795105774439,35.980608062832495,-13.972986586574047,29.456225089788283,23.189783864999146,10.27340396480445,30.031298878563412,20.447701538628323,-3.3989614483366184,16.215765072521684,32.25513011994672,-18.8195819470324,20.63554714103465,23.406495275973384,-41.59001949970822,41.16190362202672,26.36849477713653,-34.28377294425223,54.11182465534158,32.54166007433975,-35.08409702796684,48.03550628014922,30.883256660889902,-17.607105495028517,49.3146466384563,29.42243482407674,-40.372600327204765,28.631945289792505,26.915683107852562,-33.546373409995134,15.83413073998642,29.719713300228857,-33.37580273668592,2483.3333333333294,5.36938905281824,-0.004802592632598506,-0.018286224798652207,20.520466929701744,1.2261219437250375,0.13971129832405058,3.2324358042368084,0.0033786975206090523,-0.005134570859367212,2.1387203922797613,-0.036890564762446405,0.013420421782339601,15.451686131837741,0.7750975381128374,0.1883794804651828,4.352742098385178,0.007502754146725007,-0.014098618476537681,2.4741869734874524,-0.08589054082058657,0.00434134779618651,1.3411741183578902,-0.18711645003122088,0.002948468470645194,2.1449940303063566,0.05393228907687274,0.0015826684777286771,1.3067753221244556,-0.031536323231172385,-0.002175675406345366,13.785569219761214,1.1818659243404792,0.2178137640760701,13.50879018432779,0.8068438207727225,0.15410496638150203,6.697811651413584,0.16272120524639577,0.09683603408588154,1.0747217626539258,0.017322646029625757,-0.00048299193350093063,2.462803471012061,-0.19675014870531565,-0.0033243990847346594,2.6989208513532805,0.08596623278128683,-0.0041270115717898645,2.606204383239639,0.010013591682716665,0.013316088234458557,5.7490357689348155,0.07956688231453808,-0.005819198060942296,5.723969945370893,0.292843989955305,0.10285548703543407,6.136156098286763,7.905548043205937,4.279344597142672,33.50987785127158,0.09612273698936646,0.10062344116202858,0.27154116167679987,2.0668015092939065,0.006030580866124804,0.02711574912011465,0.006790354446333151,0.3825570365860332,0_1_21_p0
26.958382222589268,32.61398039238311,-64.067955795924,29.815372464680834,42.49490419330095,-109.81418847539508,34.14029089121824,43.516902436781066,-148.33788197327013,35.52927050427313,47.040264348131736,-152.4178924147214,46.448733029566256,36.738889449878585,-62.300862927461075,50.79199418061698,40.07740487688544,-107.01693705753807,54.18178213465955,48.56369102171926,-151.12221307469397,53.33397365283889,53.672287577223166,-155.8641396412463,32.252245964889305,35.91538823115635,-13.963853082844683,29.458602155377395,23.19082040870227,10.284306967795006,30.022429031415516,20.45316848229947,-3.4034288348397292,16.186653715784214,32.22388336326015,-18.831490019425107,20.630648823431454,23.460076828663116,-41.6306142784007,41.24004600895296,26.297196390744066,-34.5330060754936,54.05711431502988,32.46339049022594,-35.2217000884626,48.035318824388625,30.888292375064104,-17.607280444155744,49.327747619358306,29.422121369473214,-40.48432003065058,28.596305363321044,27.063168003757703,-33.82407525299912,15.79815792769381,29.747679419193773,-33.64885226202429,2499.999999999996,5.167773844571238,-0.025423014544903214,-0.01557818644549812,22.121154592828308,1.4164196796997561,0.13098859279286987,3.089946876465169,0.0021179195621231807,-0.0013989728232622033,2.2016020609817715,-0.027559454366097653,0.014354922614925996,17.999720379284042,1.0247509767148544,0.17613197917921652,4.305484494332869,-0.034661798507494415,-0.014560130439788111,2.3843792176657184,-0.07236313614901956,0.00530436598593936,1.0869576246750483,-0.1868265889890328,0.006624381919314197,2.1799773927568116,0.04924119257677831,0.002959271262842554,1.2337514847485498,-0.03897281755362972,-0.0017832834276017722,15.193881933249159,1.3877455516886026,0.2261850465868646,15.191553529883619,1.0006114078393429,0.15242417771615469,6.426535891998324,0.29321465228278687,0.11595001923148437,1.105457538933491,0.01808837965930262,-0.000927811957628331,2.198399652890307,-0.1753510256270114,0.00020286590291235381,2.834575634835714,0.06971555881487368,-0.003923473104078798,2.6844913628986435,0.021982462005655394,0.011781904680149708,6.0365864371487294,0.07890776403475985,-0.007797964946356749,5.913526748983682,0.45746929410386705,0.10880920175176884,6.418152167571191,7.801867276530855,3.944896654038519,36.934193932158024,0.09301145236662368,0.09650711163908707,0.25623552081043216,2.506869126723392,0.008340596124480215,0.026080177734156,0.0067735304935998865,0.3847389890632816,0_1_21_p0
26.966288235668756,32.620009489443,-64.10610881103602,29.787015012806794,42.52856612023342,-109.82683021506558,34.1178081344748,43.522176722805234,-148.3571096507803,35.53144778433257,47.016915925865284,-152.40009041379153,46.46413024420573,36.716061508238276,-62.398842093273956,50.749499082945924,40.146688036485735,-107.08789834748661,54.209068472450085,48.5215129560514,-151.10999410114607,53.34660779078706,53.664887753111934,-155.8548427533934,32.20028930694036,35.83448154681631,-13.947812259544781,29.45909607580044,23.19996446320251,10.293202772660791,30.02039673448455,20.45520253131215,-3.405793170275591,16.167739059300946,32.195579002770266,-18.84143857290689,20.6327479587391,23.488777762649732,-41.64754245595581,41.35460200539681,26.22786450344805,-34.812239433225066,53.99675444957662,32.3143444638618,-35.401971169542804,48.03547456393428,30.89390057365699,-17.60742240609171,49.34011277488409,29.414666230085995,-40.610303118703975,28.56699615241499,27.178920243516743,-34.08216175902579,15.769133135457928,29.76246696315333,-33.855771128060006,2516.6666666666624,4.990853785966825,-0.044161596070364635,-0.012370170630289636,23.53434802762958,1.6578490945444482,0.12337860060652023,3.1397306058080963,-0.012330083545732807,0.0006850070167633401,2.3042832308261847,-0.013545189904553969,0.014835871698943279,20.427889070540242,1.27920820426349,0.16447710246172387,4.246634164617865,-0.04205508729165566,-0.013783532505846963,2.236045567961912,-0.05709270069051161,0.007326505351178669,0.9402195511847561,-0.17928173122867191,0.009615278016197788,2.2283204523231226,0.04402452768197784,0.005066940298638129,1.1765683995680702,-0.045013701154551604,-0.0015967014648185758,17.003592825145066,1.641062989133447,0.22436129382346848,16.831878798383418,1.1766470567822318,0.14892775856244705,6.60297793413282,0.46302888802253445,0.13368725735767484,1.145429079191545,0.019784499303880206,-0.0013783162691102194,1.8956368301963868,-0.1513822340473263,0.0045092339371650145,2.9914030016787563,0.052225952515,-0.004367654656572868,2.7256524300960305,0.03444554362517798,0.010158699691543626,6.2021281342733845,0.07827127404834844,-0.0099576893178752,6.206697523733705,0.6198254625099013,0.11430387200993367,6.59028113453341,7.739318919752452,3.7862065545180106,40.474065702769984,0.08980284727542272,0.09511865707933857,0.2349692552181114,3.010888358564882,0.011172710527946607,0.024220561457865847,0.010642180069979655,0.38195156571843925,0_1_21_p0
26.980205797473683,32.623971299749414,-64.14753202693697,29.75964566842444,42.567720439956815,-109.83903054731515,34.0956985190017,43.53143968765983,-148.37105647136016,35.53032694727092,46.954704130975884,-152.3578087898809,46.48205965107943,36.692477267137235,-62.50354452627661,50.71139993545041,40.22968447021745,-107.16627290308496,54.23422954989579,48.482524020722195,-151.10744602723497,53.354180346511185,53.66152901364634,-155.8509596008276,32.158123371481494,35.75092888969616,-13.92108118070991,29.455246124468747,23.219429738061756,10.300230993184256,30.02107032916468,20.456745841930132,-3.4036972390050586,16.162051829594823,32.17328937775734,-18.846322162094285,20.62522267866241,23.520859114655256,-41.63838045546445,41.49434099874214,26.193503261477254,-35.11147055691548,53.94330702605667,32.18358752025659,-35.63443075537522,48.035926581861794,30.898829970361003,-17.609178555731667,49.35436861958414,29.418286026490282,-40.72653295116833,28.523813038614147,27.319367987616737,-34.35902512235245,15.748893118111937,29.76326847616506,-33.98698919574501,2533.3333333333294,4.844934281138103,-0.05940727948844825,-0.009663971559386836,24.66483699682049,1.9098357017320289,0.11806811646679582,3.1920226972566317,-0.0359695163010905,0.00030709586494557725,2.408960586442749,0.002965053508745626,0.015140295529399063,22.93992592929155,1.5298796874877478,0.1595225032962116,4.1643283732403535,-0.02899120963797018,-0.01287919053751856,2.09162100675818,-0.04267016172763084,0.009959336774174387,0.829529916011507,-0.16343597990367828,0.011177366115072689,2.2938010722217475,0.0414994609168968,0.007765543371988559,1.1531155901939683,-0.048310367051465145,-0.0016408585810297307,18.97251085412227,1.9536731026816494,0.21544309489770921,18.28391989551193,1.3506180154497052,0.14915437680551835,7.311234498657919,0.6679209458148015,0.14612061914963442,1.1920721695151957,0.018636445179851465,-0.0020302506233588077,1.5894896151186406,-0.13055161437788917,0.009238727504129834,3.128044813396048,0.039669040206419925,-0.0053759023362760835,2.697628789352881,0.04906731188735677,0.009352791764997403,6.228742835110498,0.07612459860769126,-0.010796779660465444,6.705819331702023,0.7727247281803787,0.11935419527152544,6.637677354682585,7.691130350738531,3.661093554927211,44.03324338384857,0.08670155575060436,0.09291581156772255,0.2122471428469251,3.5604019605648767,0.0132994028023395,0.022895613211391667,0.014504547805299098,0.3792539872112347,0_1_21_p0
26.993064465593434,32.628164047573925,-64.18777605507447,29.736984590126063,42.60011958860063,-109.84777267389778,34.08025957981181,43.54040046199038,-148.38122715855926,35.52659074187643,46.89089648424316,-152.31739565671666,46.498282716897506,36.672570143084734,-62.610222373935706,50.67426870184,40.30693877394316,-107.24215915206405,54.257156701941575,48.45087286895928,-151.11314857583008,53.361854847341775,53.6565730335774,-155.85028999806687,32.1283007199777,35.67874890619785,-13.88570906091943,29.450105507140574,23.23692636893459,10.302171058750611,30.02173117811197,20.459326418465366,-3.3977096488737883,16.171556493395943,32.15299128378836,-18.84486819944806,20.601304406379878,23.572227851036985,-41.616634486089296,41.655454322501264,26.22570603300366,-35.437310301931426,53.90577754529563,32.173537515044345,-35.936575550801436,48.03671499971737,30.905791002609995,-17.617822863580724,49.37526932956159,29.442756448095064,-40.81322554124983,28.458014724128933,27.516198715077284,-34.685045674371,15.738557833196445,29.738153352387698,-34.07602008900358,2549.999999999996,4.695715440071601,-0.07569984136147412,-0.007291070805651497,25.95940206927383,2.1243175662780107,0.11530955831028879,3.1521524299324284,-0.06211371348066047,-0.0004171210943607448,2.5108905250514963,0.017273763277023235,0.015155263170619113,25.318749382701856,1.7946204212657157,0.1583386397533873,4.037171810570803,-0.034358886855393234,-0.011743268898941442,1.9791375289483153,-0.026811947239184016,0.012347636260242593,0.7074844930192816,-0.1434981137431561,0.012261510064114781,2.370749571766842,0.04246522324776431,0.01043489396605133,1.1594775502231185,-0.050264906414271844,-0.0018465371182290057,21.104396532531954,2.3170813409975537,0.20241476406912806,19.35126271245044,1.533601046081312,0.15387483557910642,8.433374386502072,0.8798310482492884,0.1511688602146613,1.2422511732011363,0.014871486457912104,-0.0027693899619912377,1.3392529381617422,-0.12048108578785045,0.01388095139874615,3.2204540508138164,0.028621448529072394,-0.0064711917551839825,2.7094399188926754,0.07055076078270647,0.009510432692982592,6.168843655598861,0.07268157373767861,-0.010109072540286758,7.575955869829115,0.9187489772237272,0.12040236884395814,6.608712853442415,7.60999155132132,3.497169953228828,47.69246804878097,0.08417782574091633,0.10380891690047829,0.19739684415618383,4.1325638936545,0.014528604878222624,0.021764687512563316,0.018525642520412118,0.37497771665444873,0_1_21_p0
26.999625806991222,32.633724908727146,-64.2216197647168,29.718326828938036,42.620912518594714,-109.85223665582677,34.07481176075257,43.54622807983904,-148.3934165118195,35.526085405052555,46.857284434314586,-152.30414941960206,46.51201078845117,36.65603947412607,-62.719578891530716,50.641686166898644,40.37171663413322,-107.30944193216013,54.27891425864082,48.427014056086946,-151.1193366133693,53.37491367687086,53.645678953207565,-155.84839755398747,32.11487003739554,35.63201646505967,-13.849350622837159,29.449355314675895,23.234912069667068,10.295371340249893,30.021621434871253,20.463258944061288,-3.3896515309496293,16.19690016572838,32.124637267595844,-18.83768793103784,20.56578820621207,23.63713866733299,-41.601341971707804,41.835230384975496,26.318264193163433,-35.79846992193582,53.89195628739816,32.32540277474294,-36.33528751478045,48.03837294035056,30.91723277313514,-17.639671798593785,49.407330639034015,29.486494111443612,-40.86406133812145,28.375720578934114,27.75927700148932,-35.066939582631406,15.736546264360266,29.69056879889281,-34.19099526638701,2566.6666666666624,4.576430119363276,-0.09343584268901536,-0.0043922579350359125,27.84562915539337,2.2673524368840856,0.10960301363671951,3.110967355389296,-0.07807149296036633,7.711972121994537e-06,2.582426450203583,0.028893359613866743,0.014532655181112878,26.531744927843874,2.0609580228197335,0.16103710693384643,3.903186078519397,-0.03934510038479641,-0.01012568665820105,1.8873148896986292,-0.010231490154647046,0.014182353303130934,0.5804292035641936,-0.12284856601314435,0.013595613960914512,2.473381718698265,0.045642500137283694,0.012719641389915992,1.137780787357019,-0.05197055769777632,-0.0020373228342658173,23.609865161460334,2.716952600282298,0.18637170150078583,20.461161112762294,1.7166388181169836,0.16309947016033807,9.823765882308143,1.0780965582999897,0.14973227027919445,1.2624915375275652,0.009979907459607779,-0.003297035907747981,1.2094753896937995,-0.1099216514036709,0.01748816314960506,3.2813011807156656,0.014590992365207861,-0.007515492474789231,2.9376672578256127,0.09359669747725402,0.009020175355845388,6.093199607051015,0.06855338727474122,-0.007992254131566684,8.899558081129358,1.0636158744403539,0.11583136678650505,6.576070146961437,7.516838964128976,3.3878970859403332,51.41301153950226,0.08235778485135813,0.11885518218232702,0.18239982903461438,4.692499467391049,0.015022163732019722,0.02011276420404957,0.022151221835283307,0.3679684493241393,0_1_21_p0
26.99761835149775,32.64215662818738,-64.25012071176754,29.699485315978265,42.63385173196942,-109.85573728422426,34.07793028402861,43.54962144581154,-148.41205810928236,35.53331417142623,46.85800557472951,-152.3214313042104,46.524087941209906,36.64303280548724,-62.83249555809503,50.62105611351889,40.42989590791248,-107.3662953636588,54.30082710423616,48.407531389414295,-151.11927521186303,53.394087666238185,53.62932282528436,-155.8423685140573,32.12106467320905,35.61219406778678,-13.82300313171105,29.453783842661906,23.212531411581537,10.279249829638356,30.02092227700801,20.468174006334213,-3.38173334675098,16.236829454969186,32.08894148735742,-18.82846847885887,20.52851535287383,23.708393477537705,-41.604855398092496,42.029725047042575,26.429709496058095,-36.19468093953403,53.915771195889796,32.6082172583557,-36.853549263865155,48.04155376812483,30.932854265845304,-17.677273972693,49.454890939293065,29.549793640253156,-40.886580583351716,28.2926676333561,28.007222647806408,-35.493637956093956,15.74186792056856,29.638446150623604,-34.40363681189401,2583.333333333329,4.526109624552822,-0.1069810668738277,-0.001177457371132483,30.22549717483414,2.3369660974362336,0.09737054992131457,3.177230768754959,-0.0753614269995444,0.0006680258770676552,2.5968045616810507,0.04299987974978995,0.013546924229226369,27.127039126477207,2.2722624809728935,0.1761969640239506,3.790389319347538,-0.02930195530564076,-0.008374644305760766,1.8321135405443583,0.0024486646589977562,0.015820315678895244,0.4551338728815913,-0.09858939063413633,0.015032958529719411,2.5782177575253167,0.05271679996439639,0.014197597647252603,1.0660925439135212,-0.0527660623482586,-0.0017373356868656646,26.479656911621078,3.072020764972676,0.16729365008662783,22.602670437245784,1.8798422612717436,0.16821310867707276,11.413432203962447,1.2703346527163057,0.14341497475430437,1.2246990967795455,0.0055634512893835576,-0.003395069880002648,1.20748359672216,-0.08776572428834895,0.01900157181129284,3.347940809040663,0.0029479165868813747,-0.008516381151209796,3.311348953340639,0.10554616062597937,0.005982280185439696,6.085568571480976,0.06175009570806296,-0.004357364416407373,10.618496691739358,1.2069883200499865,0.10493881765276838,6.609186912428478,7.445888953505927,3.4292796381340076,55.846669111688314,0.08119196584909814,0.13029367770880299,0.1519935359970169,5.165019143556047,0.01485120882657859,0.018496318873572806,0.024238313308240205,0.3587133812835591,0_1_21_p0
26.98684877052146,32.65458365314707,-64.27680991784213,29.679383321973212,42.643642131635445,-109.86194008679074,34.085280952454184,43.553391400345326,-148.43474072247184,35.54578651285667,46.866254692184,-152.3477561913708,46.53565885167461,36.633217065565226,-62.946075748924024,50.61439593840399,40.48687802801181,-107.41428716827754,54.32413971018565,48.385417275349596,-151.11057125218144,53.416150422933825,53.610225163617464,-155.83372274598273,32.14028410227866,35.60179286951197,-13.817989270971745,29.459142862655813,23.185554085802448,10.256627534590956,30.01999703536947,20.473046936636226,-3.3766277498203197,16.289158822041415,32.05799657885482,-18.82468928272875,20.49509913715805,23.79943541102425,-41.630986859442324,42.23637368577589,26.525067158779148,-36.61574320601619,53.990877079869,32.97673271160642,-37.48113763431676,48.04618244364713,30.950322266880853,-17.72618795249567,49.52153356367665,29.635592799727977,-40.8940359950452,28.22370563586956,28.220895523588098,-35.95193312206869,15.75923535941113,29.588382802164332,-34.75941027867727,2599.999999999996,4.5166284358216195,-0.10973123845279292,0.0016324932949212474,32.994919539081415,2.36243732516279,0.07993224875491704,3.199015986941353,-0.05776487630730156,-0.00020047338528045517,2.5793493460127257,0.06228773036475111,0.012771837863982151,29.269873264757614,2.395085003494604,0.1955592749084474,3.6345479916674783,-0.020469428138305545,-0.00677672563178044,1.8440048994721672,0.011876967566873372,0.017356465470402545,0.3437279603703288,-0.070150627666118,0.016414832602852918,2.614076694088734,0.06801549706741349,0.014854442619009053,1.0039039510652328,-0.05146799070130149,-0.0009014825886119722,29.57914969001874,3.33079980639013,0.14640405347401123,25.245238560295252,2.0172186318834036,0.15674470852527506,13.18158382653381,1.4711010214171583,0.13329420748821602,1.1614424538023391,0.0022648525961496795,-0.0030436612548090138,1.255276444692894,-0.06885706158852818,0.018335877374741016,3.2958158435021465,-0.0013502054364979673,-0.009630472644632258,3.574996927436036,0.10529662263206391,0.0018714464066039186,6.217645634944078,0.049483161254772826,-0.0011424694437841196,12.554681959977206,1.339622223719933,0.08769924192666019,6.74481387469788,7.313144902880113,3.4536315883497966,61.686250583649134,0.08411118290152139,0.13782456317187144,0.11401397470202736,5.5182329605543465,0.014898312050410707,0.01773503411670943,0.024610796778231876,0.34117282557045886,0_1_21_p0
26.96868490663625,32.670290707739014,-64.3017017618585,29.66097755392223,42.65635125686038,-109.87091140769243,34.092728805755385,43.55943304699516,-148.45325877823726,35.56022916355966,46.85194317736656,-152.35863190079024,46.549853196039315,36.61583430436372,-63.05428948795962,50.61509627355431,40.53962065560295,-107.45862038785752,54.34981231665208,48.35319911581418,-151.0932978595375,53.436467160034084,53.59106735113407,-155.82690025247953,32.156682707964585,35.58128606374672,-13.838635539545216,29.46242027223631,23.165617402570827,10.231851313883421,30.01911253602389,20.477105064386052,-3.375178944726572,16.34893559499528,32.03817728504061,-18.834695737930407,20.46234475718805,23.946064520390813,-41.683414923734425,42.457651894527025,26.60230266524028,-37.041878454762326,54.124138486414374,33.4062233947925,-38.153367739509825,48.051295525578794,30.96753407029252,-17.777391474798275,49.61456327337776,29.740685413346164,-40.89860208118628,28.177425612170204,28.378554797012967,-36.43066542137696,15.800233226471121,29.523620072341288,-35.261401517667615,2616.6666666666624,4.497151220132618,-0.09726904804137392,0.0037157194641955207,36.20852514828048,2.377535376550145,0.056517826226085706,3.1752584376323068,-0.039266434553273125,-0.0007151749625025304,2.591252090846741,0.08337501461844038,0.012158102514418512,31.959813665904164,2.439312714373312,0.19417801790682948,3.3761228695264305,-0.024264107020111204,-0.0043375901778142075,1.9168980602739873,0.02530131676304951,0.018483098446260546,0.26216512402003134,-0.04127580114038031,0.01752472448198244,2.6059331970873307,0.0944018253513829,0.01543075850753698,0.9558395866410592,-0.048394204860815596,-8.878585777090064e-05,33.05026203009219,3.484074250176939,0.12416754691829504,27.670109188158364,2.135082968566549,0.13698794816416318,15.153856033980576,1.6801808740187445,0.11987040961652096,1.145747691829638,-0.0002988629351189892,-0.002658766855318784,1.3029870717513647,-0.04769291504265583,0.016705083338776582,3.1427807403436336,-0.0006566319040337814,-0.009620743574973776,3.737355276518004,0.0989193595303106,-0.00012036812908988888,6.415546301855088,0.03273898750204805,0.00037611163989090474,14.508220738048728,1.454517782945467,0.06518619632928771,6.924602673000689,7.1021546023580235,3.4422045272120005,68.1777961658654,0.09991769579174782,0.13908244751803023,0.07429777108078471,5.766223078870822,0.015435341527921769,0.01673548169289616,0.02422162778906191,0.3066633980110034,0_1_21_p0
26.945693849794218,32.687092181505484,-64.3220920704985,29.645746394406704,42.68089055487675,-109.88184360318402,34.09751170116785,43.56631135992477,-148.4608364936326,35.58013125190662,46.816378009285344,-152.35059097857365,46.56990533672719,36.57634447701971,-63.15386995201623,50.61189638156729,40.57657266225883,-107.50291082976528,54.37784853455388,48.30865573148178,-151.06869603460643,53.45060017437105,53.575118492609676,-155.82535625841024,32.15896125310104,35.54771432419083,-13.876878643806368,29.46397068708817,23.15258731177236,10.208771960174342,30.01842600550324,20.480257649989024,-3.37583691607244,16.40630998340815,32.02674989596688,-18.86148166818619,20.417241544244526,24.17908833028241,-41.764830358538454,42.69642532525291,26.679196471201582,-37.44587993049404,54.32725055183521,33.892886440868935,-38.77838409711978,48.056047900522145,30.983859055351914,-17.824759005547406,49.7508140567411,29.859943924876276,-40.910792480378674,28.16778480828478,28.439174768155063,-36.91181782060049,15.883431172018359,29.40195458953131,-35.86944289639932,2633.333333333329,4.47179344027903,-0.07561322096536091,0.0054825986462001255,39.7931109710114,2.40155974411964,0.025621715963501535,3.1036552883622672,-0.0295177988560354,-0.000766420079426415,2.6601358770578316,0.10310066107236177,0.011372810113350344,34.5216061705447,2.477463475774187,0.18553513638278057,3.364725191167329,-0.019960793389951742,-0.00029534654325139004,1.9669949963697886,0.048231875311204916,0.01881523922934198,0.2295786505697588,-0.017263563317628617,0.018117244840877574,2.584571704289866,0.13051371573367385,0.016242415472610537,0.9017780105959751,-0.046983816979922176,0.0007114582612736457,37.24238899812494,3.550233082126875,0.09798001561304873,29.82697342425113,2.250350605115335,0.11812982248353553,17.35569226404866,1.8735764419983245,0.1025697874219548,1.153946999534384,-0.004150824278735647,-0.00284919231011912,1.3533320981766772,-0.021399143448491236,0.014927756693578249,2.9919648721457794,-0.0005738586117936435,-0.008612055710428817,3.847266216069367,0.09009636577159226,-0.0012933649950716052,6.545708056919028,0.018859620757945922,0.0008806694255310134,16.372224640558684,1.5505174445553351,0.03968322985625965,7.03749279651713,7.0350043442269445,3.393654412831658,75.0987162046222,0.13186931140240238,0.13773371586134217,0.040339241540418715,5.9580520273445865,0.016266273052606837,0.015565297960763742,0.023487440904984162,0.2666186483067038,0_1_21_p0
26.92184047242035,32.70247466680005,-64.33888035385684,29.631639358546902,42.72183041479819,-109.89547608766115,34.098562001989855,43.570165109785684,-148.45821455683753,35.60813143185396,46.77937924649304,-152.33517848285655,46.59483608756966,36.51299768679724,-63.246598913318486,50.59723821393815,40.592642200081,-107.54765361744383,54.40763678175975,48.25419650079759,-151.0383684682888,53.45659891355024,53.564458941190466,-155.82995530498945,32.14954178300178,35.51348214083514,-13.917661512000953,29.464335640291285,23.142885478875858,10.189331965839651,30.018033701416417,20.482610942080456,-3.376881933473351,16.4551416898091,32.02638823496155,-18.899892618740445,20.33684382887228,24.49729811145651,-41.867658739436195,42.92109975261924,26.759336325491706,-37.80660039749573,54.601304737388624,34.444416686284,-39.30008187147894,48.06049012326072,30.999613445899136,-17.86923862923669,49.950222728826816,29.99756297498491,-40.93933631011904,28.232695838263293,28.307545672546357,-37.36103594704972,16.04005704171335,29.15409352340006,-36.50928005088157,2649.9999999999955,4.4509487134790655,-0.05387906190466378,0.007247239769975809,43.47200835757219,2.4491285652579413,-0.01037994469862702,2.9873991331797027,-0.03298376097375559,-0.0002708008196631238,2.7603512663464436,0.12191840321836338,0.01030722906028897,37.06722528276858,2.5630248007079293,0.17731984678513726,3.5961673593984296,-0.020300705760355576,0.0006003207770447675,2.0006944583781583,0.0781977676301981,0.019253084433915525,0.26145830254651753,-0.0001742060305495543,0.01795175891932354,2.5836926181269813,0.1707754606109279,0.017327630132808365,0.8399928548331465,-0.047592800690447426,0.0017102124208800203,42.3691593499561,3.554901986093617,0.06426058956992921,32.005411588048844,2.397059327169095,0.10148031446767201,19.72919492568755,2.0209651048590547,0.08076369554492704,1.147668761502681,-0.010681957558469063,-0.0032498065045807045,1.3763778649825908,0.006781992020324389,0.013005172932903574,2.884277650550703,-0.005649679031342402,-0.0074920714115892,3.948556203430348,0.08168457666279567,-0.0021867182664053464,6.544155179691368,0.01300965277181317,0.0008558705905669867,18.153056731528658,1.6239469369553978,0.013435717274008949,7.035725588796455,7.1207227433884945,3.2995954376419214,82.59331214612982,0.1712702805863228,0.14349308965037078,0.03367423720707963,6.13879786904071,0.01734875443618953,0.015124121233917546,0.022169201708590464,0.23033997682972984,0_1_21_p0
26.901087940864947,32.71450319423257,-64.36016309097684,29.61642451142331,42.77452029684348,-109.91200601301266,34.09682272865341,43.569409312568716,-148.45137696248617,35.6335283247459,46.7352479463827,-152.3124847201099,46.61948674989504,36.43878522011993,-63.33403285257372,50.57437038206388,40.604972967530784,-107.59759515362863,54.43870268308664,48.19330557855992,-151.0042013395102,53.45645897453656,53.557373276578865,-155.83985850396562,32.13880439394142,35.49179393468832,-13.949318700566963,29.461600917935655,23.135233522820382,10.172560821619678,30.017981497075418,20.484244836046294,-3.377602022210599,16.50297162271693,32.04974917821456,-18.942121217305647,20.196162370410796,24.87495496805621,-41.97932843936482,43.02065804351709,26.78911687724951,-38.12011600464249,54.86948452874161,34.988572792130206,-39.705941769452245,48.06506476128073,31.01463991915997,-17.914158492612994,50.2204851839374,30.170589902060314,-40.987755251161325,28.43802330661711,27.889978013694506,-37.73439119817392,16.319367665101776,28.71031960187793,-37.09365329651266,2666.666666666662,4.3643140243347665,-0.03394039941364706,0.009058325874732738,46.92478716749722,2.5114420452915067,-0.04613267657787037,2.8361486394812636,-0.03572490290588197,0.0007569514687177306,2.846738011559876,0.13765238900556753,0.009254142070767413,39.91221594944305,2.6950797647824514,0.167954005767336,3.677000647964595,-0.021880808530874086,-0.0016347200788170834,2.090262225483843,0.10679594556338667,0.019830083460973473,0.33946184801213425,0.014767513182773199,0.01688317872486366,2.6271351872150213,0.2095390854936094,0.01845865240923137,0.7814865030584328,-0.048603077082029766,0.0029169819222656878,48.19695175692852,3.516108835342811,0.02242543158535448,34.40887789802126,2.581374581676249,0.08382330109201196,22.107194172444167,2.1084448071825372,0.05539743845943909,1.124905171771279,-0.018623357531371305,-0.003381789094265087,1.336394072809871,0.03225884577947447,0.011427574709087234,2.790758702906545,-0.015333447427422351,-0.006709605681916128,4.069781627468369,0.07548666101971681,-0.003099133506350993,6.438106616723794,0.011162830779983441,0.0008943996360903085,19.949214295579505,1.6622839385962571,-0.011702275557987706,6.953492367163856,7.094783640984828,3.153557129548883,90.60612105937538,0.20983621503572897,0.15337243510766624,0.05034859744086217,6.310558070862561,0.018480308424749344,0.01534043064175853,0.020401082400535838,0.2036533180897036,0_1_21_p0
26.88408472465199,32.72324204888354,-64.39521348044228,29.599675783508715,42.83093193399261,-109.93251500372953,34.09393524987938,43.566372563805366,-148.44344592752051,35.63907844735585,46.65920012483039,-152.27123397065736,46.638407412785895,36.373695529721736,-63.41713293591026,50.55162081860588,40.63319941853753,-107.6575193860328,54.47053795663099,48.129814464529055,-150.96940056209925,53.45404436307639,53.55021804165616,-155.85348006626086,32.135384292482236,35.482786440105286,-13.969697998626485,29.452399314611206,23.130518954255265,10.156334105151101,30.01819766400622,20.485311766049307,-3.377939246985109,16.564133182136118,32.102149481064245,-18.984389506331826,19.982340728465577,25.285489498912316,-42.09628586614972,42.84765657314634,26.671982574063353,-38.39700315806181,54.962781128961105,35.29870351235004,-39.97297632966394,48.06964008039587,31.02749683292703,-17.957940204774054,50.553458120792214,30.404446438725298,-41.04691772865786,28.852114258935597,27.21109897238113,-38.008439549730596,16.76641886503197,28.06909961868313,-37.56387447335836,2683.3333333333285,4.188683482732399,-0.009956694543449869,0.01158552463803002,49.896503828413785,2.521195982432193,-0.07657353464430847,2.6945388544448146,-0.028711162145039368,0.0024157250709242817,2.898799573125504,0.14550404920064441,0.008569407996805022,43.049875538839466,2.877954464633017,0.15386930115932548,3.7255328502672733,-0.023193601245629334,-0.0019690471705694395,2.259478821273442,0.12983559149044707,0.01956698831318477,0.4323252968280776,0.03078734025126626,0.015258565761793979,2.7155662192930707,0.24270328867865404,0.019376196218746,0.7224938045850134,-0.048238869151164036,0.004222142575234827,54.00420685286722,3.43856146514527,-0.023797117060333196,37.009364033950554,2.7993828934250655,0.06267038648431539,24.41034906038735,2.138925441312909,0.029272359229351518,1.0965378664665315,-0.024868598337687464,-0.0031914380833102194,1.3571724431585868,0.051445322210921005,0.010844235974227685,2.667492189833278,-0.02630658494241548,-0.0057867333527483735,4.172585486267649,0.06844857186386454,-0.004400519211408978,6.319469722572452,0.013945037649614397,0.0013407214360101481,21.846126846860898,1.652858552750065,-0.035078668867957984,6.878226331393552,6.976217490529424,3.0478454424165453,98.61406783951419,0.24310357959208095,0.1595179592721561,0.0664741478234318,6.451959899334368,0.01942252593964863,0.01652375045729806,0.018874771802329625,0.19110929803397142,0_1_21_p0
26.86803407212674,32.731507580633235,-64.44368993733892,29.581867086081402,42.88610481019494,-109.96028596125744,34.090429378603154,43.563460664272675,-148.43229593566116,35.62016383657885,46.553790535068025,-152.2132357746439,46.64953572995476,36.33725107141697,-63.5021002141296,50.528013401827145,40.670387334661896,-107.7195547777859,54.502562328714355,48.06448062440537,-150.9370298566544,53.452097463331484,53.54064142512745,-155.86912138284507,32.14380019516631,35.4740720823162,-13.98472849310901,29.43623077912063,23.129339443703085,10.140069575066404,30.018394851207365,20.486131636838937,-3.377938880792314,16.643067652029504,32.16676059547139,-19.025832028495465,19.70125114268746,25.711002516710334,-42.225539840456214,42.3667656947193,26.388341422564476,-38.660320274222336,54.75782927384353,35.18397690841786,-40.07440894369693,48.07344454450294,31.036499719415968,-17.994876205189705,50.933817184636474,30.71151914644803,-41.093108630568665,29.498699284666813,26.42135358775467,-38.20379785354998,17.37674358982867,27.32229204336661,-37.92497950663408,2699.999999999996,4.0030116838275625,0.017303034052551066,0.015082240028920476,52.30667743121414,2.4415149856607634,-0.09830109253419023,2.631826994487418,-0.017271396848693974,0.003804441072340844,2.963137093922987,0.1467215911955686,0.008153502201690433,46.15261383683476,3.1802275768543486,0.1357451151887262,3.8756688380316797,-0.03123806806315234,-0.001920976295238383,2.460937871409034,0.15045621783126145,0.018058080691420376,0.5280703229154193,0.047221056258795795,0.013472630089981043,2.865985236780886,0.26574396239553605,0.019909158755954528,0.6644950702959703,-0.0440661971241843,0.005235807515322711,59.02464387779214,3.325943734074561,-0.06872151385121023,39.69337152385774,2.9609382097747483,0.03874221235492768,26.746634162147796,2.119500555127437,0.004030755526795698,1.0799169862657956,-0.02682288066036685,-0.0028658962200293924,1.5096586530399905,0.06079695904889519,0.009638350391569309,2.5688918178832636,-0.03761903136070312,-0.004231818881868098,4.188246374332825,0.04949040919122716,-0.005499957371730972,6.2411498960564105,0.03212382925977959,0.002529919987377122,23.818211085429887,1.5857203938921318,-0.05786519743622947,6.867737866465998,6.930517476205712,3.0796819387000323,105.98024267243954,0.26767852725983,0.16394793497670762,0.07889486379286342,6.552539798810979,0.020069257522697025,0.01873977174087864,0.016996568232588626,0.19502414837391724,0_1_21_p0
26.849962756305572,32.74298661442509,-64.49445636354471,29.56392360412852,42.93735510477338,-109.99523147213861,34.08642008121531,43.56117135594849,-148.41749818800736,35.589955666194626,46.46004517452288,-152.16069912682158,46.65426964657563,36.33876176514529,-63.59753454153579,50.493416644961876,40.693952116628296,-107.76941541669535,54.53312561536069,47.99760826894655,-150.90988825242596,53.451471299719145,53.52842369618786,-155.88513688276663,32.16541797802699,35.452766610291974,-14.001870555583274,29.417363808476825,23.129620339467877,10.123190273748218,30.018253110283727,20.48705685992312,-3.3776169687142343,16.72868938098612,32.217102708166514,-19.064686030604662,19.370533576914724,26.143678094837085,-42.374952231186576,41.70617504386006,26.05583225228014,-38.943330475626695,54.30885684894476,34.73470514813216,-40.04412628650243,48.07590566809734,31.0414696538216,-18.022933858265667,51.34546891532159,31.071407577534384,-41.10112184195515,30.336806175870894,25.658615360093524,-38.36598456600163,18.103787252805308,26.5529278873815,-38.224139452605534,2716.666666666662,3.8885185536738636,0.039245424189091466,0.0186724495301805,54.31049948147603,2.29002647425922,-0.1108401154522825,2.6420926778155582,-0.0114144577581014,0.003846388941931537,3.1167052432398537,0.1466858820602044,0.0073336443280061624,49.118575873598985,3.5247185181001313,0.11851801318447731,3.9954382700703874,-0.04867031220813781,-0.0030287604827747075,2.65323238872649,0.1712957990684195,0.01594037722152411,0.6229650758016017,0.06283711080735588,0.011430306981830587,3.1321317135674835,0.2780261087614777,0.01970148306333923,0.6165442437125477,-0.037593275071694764,0.0058003079129467046,62.98698697669426,3.1931699482261173,-0.10305549000709785,42.49036837644499,2.953128663265821,0.0140393611939788,29.24436970698119,2.0577198236300402,-0.021742535570140647,1.0759043393655061,-0.02486526018149715,-0.0027437655617953355,1.633616748057428,0.05950963715011964,0.006780562409383107,2.580649196039761,-0.05124648406858743,-0.0029738220282888805,4.141764935591464,0.02334681242334732,-0.005257099992254868,6.2121160451236594,0.06242261447300788,0.004473008188759052,25.74538785951229,1.4552927892030394,-0.0806146114647037,6.957056477362966,6.999671585895226,3.1681923684285347,112.59355575445586,0.28494753894479385,0.1734459230708556,0.08729369538670191,6.5549325247479,0.02020287695234884,0.021485612382426408,0.013835557530473339,0.21071965852033434,0_1_21_p0
26.82911917986158,32.758850959075325,-64.53803257567425,29.547397857271417,42.98111198944151,-110.03155654260341,34.08319489763244,43.55981440172755,-148.40530094810424,35.56780529733922,46.424885762245374,-152.13970095547853,46.65531674175436,36.36928124986966,-63.7049465580194,50.445202428882084,40.692715374426164,-107.80445020720784,54.558111545935084,47.939099075662966,-150.89237830580942,53.45143704753812,53.515803914288675,-155.89947380215912,32.197339952712284,35.41449741399683,-14.025974974883878,29.400847640150495,23.12796136078553,10.104100407907413,30.018255970073326,20.48778787603217,-3.3774340947114276,16.80576334536478,32.24289915082033,-19.100213842240503,19.007607443429862,26.584369886239344,-42.54562214045395,41.01052997093451,25.795194557317636,-39.27052536867849,53.753137506338646,34.193821459351355,-39.96230257232649,48.077195458646635,31.043495140473677,-18.045051560760974,51.778437723510486,31.44446074607889,-41.05794153575213,31.295655559917208,24.963166732798175,-38.52453994504958,18.92558428386272,25.74534282987784,-38.49139610176199,2733.3333333333285,3.910353332197632,0.050933199330334314,0.020966707887135914,56.18349757795392,2.073889337116323,-0.11727534932007995,2.6434392859377116,-0.007348926916928898,0.0029283367451411408,3.389345611556367,0.14548097295383128,0.005586476013007367,52.04137684743743,3.6877678067152795,0.10445014201662191,3.9887804930835102,-0.0575610985204881,-0.003693806939716663,2.853706724933195,0.1913559358733216,0.013584003323946298,0.7220371012521856,0.0757544171985157,0.009190772853918136,3.5610214105771,0.28539366668992744,0.018246265537992395,0.5808622492122216,-0.032868111097735894,0.005963903871388171,66.0466829724153,3.044379128114905,-0.1227771447353238,45.535034712826025,2.86166304323517,-0.011469599434805359,31.90052476169475,1.96077734949421,-0.05062987757080969,1.070238818627141,-0.022558856800156,-0.0028113805835788507,1.7474097453722235,0.05382610137633309,0.004192786958741891,2.6890713727927738,-0.05834492084331983,-0.0027617170359087867,4.089994776194298,0.00820806974636833,-0.0039067493969525205,6.240120581465536,0.08520855691290165,0.007270320295179301,27.5417366895529,1.2706369348946207,-0.10225730039755476,7.184704472545707,7.169575552892861,3.250007638798001,118.74997457479873,0.29784231257143534,0.17906850332757743,0.09322010320361386,6.39170231853619,0.01964137885377259,0.023142058135256785,0.010517838381847213,0.2304101701978003,0_1_21_p0
26.806890743911104,32.776586072791964,-64.57700745400525,29.533416397412633,43.014526611991286,-110.06466092872711,34.0822612730067,43.56004882212948,-148.40260169484588,35.56493477923884,46.46028694167653,-152.15772542395686,46.65726488947971,36.403594493180975,-63.816097046408785,50.393687367153916,40.67316396747895,-107.83501849537637,54.57285436240249,47.90312325900296,-150.88552290817103,53.44947067328734,53.50755208668288,-155.91022485578435,32.232289786107536,35.36540050181267,-14.058230875756387,29.389224051143692,23.123162125990465,10.083901744807582,30.020861027760215,20.486464720329398,-3.3787143737505985,16.867453542071367,32.25444046363334,-19.135117320591256,18.6246067969146,27.030518744891186,-42.735392824015136,40.31705169362946,25.604713378500733,-39.6431560928371,53.14136640483606,33.67241880661535,-39.880788892652646,48.07852735399877,31.044677315758072,-18.062527528714924,52.2333464179346,31.78887077753941,-40.96261782495102,32.31771693310408,24.32865427759876,-38.67676854510923,19.864502443964618,24.83624444353456,-38.7086948003793,2749.999999999995,4.0335755300908245,0.056815965148098675,0.020972640703483036,58.144550754622905,1.8007454191522791,-0.12223190122192909,2.6471798936246382,-0.009378381629273047,0.0024520978051696,3.748111977067198,0.1430326973341575,0.003064635682108759,55.16167251589685,3.8077780224565627,0.0922501130705557,4.006072593483593,-0.03909199665626527,-0.00311779484960212,3.107857347333792,0.20986545229111014,0.010612209056408209,0.8280041749106191,0.08493208362413077,0.007065256495916648,4.137683128761919,0.29287742466593636,0.015179914403096318,0.5289942300497171,-0.028300943634525032,0.00590388951780744,68.44737816515229,2.8574457858843334,-0.129776326346706,48.94681260661364,2.772558745092376,-0.03928342191759415,34.530182521973195,1.831761463612109,-0.08377774454953488,1.0431951747524564,-0.02464950499248418,-0.002876498844837056,1.8774125011629383,0.048565324776662304,0.0015254446824496182,2.825967755658809,-0.059465276841558556,-0.0032808307532491807,4.035936849472527,0.00258198707958132,-0.0022446059635889996,6.319480748517918,0.09211780541772505,0.010719322569610569,29.171288417313708,1.0527177419477618,-0.12175786733815687,7.553559333514871,7.4646418131025145,3.3493029129063325,124.79454345326754,0.30702259844175817,0.17366419107516204,0.09828531752700052,6.1726453669124774,0.018583155750213513,0.02264637503310285,0.007632667586003191,0.2525809753979745,0_1_21_p0
26.784935063647303,32.7926658516621,-64.6204973452326,29.520889889745057,43.04195334502264,-110.09621614293283,34.08333996767672,43.56174492298272,-148.40843063408033,35.57800922559306,46.53631396962953,-152.19859830644887,46.66592398883274,36.41440998209892,-63.91653249888296,50.35035350446271,40.65270071608103,-107.86991881190684,54.57537937907473,47.89220916139869,-150.88111750777014,53.441838262321895,53.50845080141089,-155.91754711354528,32.26277466508909,35.316537421388475,-14.095164009245003,29.38256034896837,23.118337840292682,10.067299944627148,30.030012494161795,20.48027654861139,-3.3825447515992515,16.914953760511693,32.26132611862019,-19.172421781716732,18.22862290048013,27.467887417995946,-42.94690461604716,39.59322015744872,25.410856052572843,-40.053395815373946,52.44886727626727,33.13770605879203,-39.8075386561212,48.08308570347902,31.051592242987567,-18.07386080782107,52.71261989682581,32.06712045289044,-40.82092754187124,33.36873691365938,23.754218701550432,-38.80015326672688,20.93179420787138,23.802312719680906,-38.832916905827084,2766.6666666666615,4.1826678573968685,0.0645470004792725,0.019483368555208328,60.271276506498694,1.5021499240650429,-0.12908447134285925,2.6449741912017624,-0.016392095840679664,0.002359975745358884,4.133059279101635,0.14106324599978057,0.00021239336331233083,58.87326108115918,3.939005906040549,0.07577260396085805,3.9421235782125317,-0.03305027563598415,-0.003631388539065739,3.4090120824148835,0.23170356581822127,0.006646508215897964,0.9376064607265128,0.08999465256118121,0.005364246002239987,4.789952361487042,0.3039389796741033,0.010593596516462897,0.4626763892113589,-0.019360514841351296,0.006014976590080284,70.32712261654932,2.604971832682385,-0.12827610237709117,52.78776870591984,2.698851773797312,-0.07118486924221418,36.91745450701864,1.6744843211964402,-0.11915676753883436,0.9851997158145089,-0.02896259826483036,-0.002616164426379019,1.9973667105012527,0.04369535994622731,-0.0015256856264976052,2.9066578162086203,-0.060155118658838,-0.0037604611800744893,3.9509210800379657,0.0016447696290977816,-0.0003696197631454854,6.397272925850582,0.09110933290685323,0.01434892415735974,30.565901578064675,0.8213612216200356,-0.13890238742659444,7.991792321697064,7.729849629680356,3.444483723802177,130.97917494717424,0.3173008255710451,0.17317556206495002,0.10137565179316044,5.94761484245427,0.017835804204668675,0.02121318155987993,0.006055768929056928,0.2783214930189698,0_1_21_p0
26.763909886842214,32.80550112202631,-64.6710772103858,29.507273525634265,43.074413717401036,-110.1296396202666,34.08472479891202,43.563903718756045,-148.41575279493696,35.59462803811264,46.619376164661155,-152.24256009200133,46.68228732483349,36.38859537798467,-63.99294772561305,50.31962829844596,40.64945595243669,-107.91029831694485,54.56870045825048,47.8935430921483,-150.86798751069895,53.4265519659047,53.51935681716897,-155.92380727405904,32.28704078535956,35.275414962076745,-14.130698252429955,29.377780009397124,23.121877880767048,10.057982484597359,30.04780135061663,20.468179889162176,-3.387985326754106,16.95165872695574,32.262302346178686,-19.211775082203587,17.821625672609123,27.88488034245858,-43.1829899407505,38.81370846033411,25.162130361259205,-40.50150469726188,51.67470637283114,32.53473801609591,-39.74502952388892,48.09559423721049,31.075719709003824,-18.078921404740644,53.21197426251941,32.2677720130854,-40.64496661375853,34.424965070660996,23.240701176105443,-38.871898963846476,22.082619953224235,22.705669543877306,-38.846510468201366,2783.3333333333285,4.3358282899333975,0.07646760863254283,0.017675632796616172,62.336467676193095,1.2178455530639734,-0.13916733587471602,2.656149153668402,-0.024615244270324545,0.0027499803845081015,4.473746421526262,0.14177718457025684,-0.0027121032897463866,63.36612240102832,4.049189773997788,0.04901967574875113,3.836116245277242,-0.053512010820226434,-0.0035542110632135106,3.6935601902089803,0.25478109018697126,0.0019789879500601085,1.051042613753105,0.08981170096927665,0.0041559750920672255,5.436887354625888,0.31837924705536735,0.005099188016703315,0.4240694339635217,-0.004555638217479833,0.0063319932558221995,71.71414338426443,2.2900545764619666,-0.12142369041470275,57.00453862065566,2.6079675318298845,-0.10940076001268607,38.93790660639598,1.498882522706388,-0.1529628987589633,0.9127218065446261,-0.03209039123412484,-0.0018804801233031497,2.0733723018107577,0.04086200625841935,-0.004378218003108463,2.8980431019847126,-0.060975045022322,-0.003477121277046054,3.8299287046486334,0.0025803092920918726,0.0018721813046554496,6.396185296810249,0.08954059314904589,0.0181185533074682,31.64007841064588,0.5971905948105631,-0.15334035520430106,8.394696567358615,7.933545969685382,3.5296871822265454,137.2556094615497,0.3307308010709399,0.1832487481574551,0.10169442185757101,5.7090398240454565,0.018822425252481612,0.019701183511610116,0.006633499375428143,0.3088706027729536,0_1_21_p0
26.743866494882706,32.81524052839692,-64.72294967284068,29.491662780559974,43.118780409155534,-110.16468506162282,34.085129357790436,43.56568161598281,-148.4192117193436,35.60325852031071,46.69805832677563,-152.28044776780098,46.70094905121764,36.329665815094316,-64.04383608874029,50.298627408579065,40.67161962762391,-107.95642396341239,54.56066587543109,47.88970822241907,-150.8442542984326,53.4060077577727,53.536263224559235,-155.93085841088032,32.309204015519995,35.24180930205828,-14.160911472139356,29.36986030476443,23.143982270252618,10.056398806077636,30.072179129296455,20.451949016005493,-3.3933232018038133,16.98079686295067,32.25947944347599,-19.250017833976653,17.402073517975143,28.292636642759984,-43.433630294648445,37.98120742837659,24.85996125185565,-40.99743176832923,50.855625382158706,31.81752513842948,-39.71789674453392,48.11851960752963,31.12397601757191,-18.0796979026111,53.724671722578044,32.416218612874914,-40.45455904087515,35.46108106690449,22.79157400906735,-38.88913325356305,23.239301426338464,21.683897365461895,-38.7774474825552,2799.999999999995,4.546365021919853,0.09808302820897617,0.015657118804791148,63.77734180575672,0.9757145466133835,-0.14989315185991506,2.721484997756838,-0.025877837416796244,0.0028774981707406326,4.693451263061163,0.14581488322909858,-0.005368485837071039,68.48806635219711,4.102659938655598,0.010730731534469955,3.6892677918863632,-0.06389459441393483,-0.0030466258786497487,3.9266714013050215,0.26669287745858755,-0.002473198215529459,1.1692945967882755,0.08538037268375359,0.0030668768781460707,6.0112989019466525,0.3331081665289543,-0.0006377729868092446,0.43589451295565806,0.01306723221425055,0.006557442247287608,72.682818509711,1.9601245850925557,-0.11070027645740277,61.342006113826415,2.473656843346043,-0.1532008633790065,40.51725600619571,1.3189164366895612,-0.1803460324043099,0.8692221981358244,-0.033000084791741185,-0.0009760724819410586,2.1109327713255572,0.04218245382556481,-0.006261394045345836,2.825855276677584,-0.05817955176215321,-0.002633195714199734,3.7361684968506435,0.004542972611571791,0.004313024925136117,6.378019220343077,0.09279239527783083,0.02235446998241789,32.368834161080095,0.39256894420435745,-0.16401118531353406,8.764407775977265,8.077105039084257,3.637274750709656,143.25699125559416,0.3457910918888437,0.199021099852071,0.09868551018124547,5.4506605736232,0.02236356596291222,0.018279344208161026,0.007542598020537417,0.3431577487496498,0_1_21_p0
26.72387003982624,32.82272208701835,-64.77208420101256,29.475577252726186,43.17178333126923,-110.19962665330621,34.08416110151823,43.56678040163543,-148.41712457351926,35.59876896657479,46.766808151545455,-152.30652297807472,46.71711387921079,36.24753275953672,-64.08168481644128,50.278637816699,40.710073142319594,-108.0049748179741,54.557713524984116,47.874673015272904,-150.81907061736436,53.38601057328552,53.55294090633633,-155.93811835202894,32.33175301128077,35.2113184166167,-14.185204076240215,29.356626898451854,23.18684807410374,10.062333983132818,30.099216142579106,20.433903927117875,-3.3984231911949094,17.00477004050701,32.26400528643237,-19.284960513129334,16.96542276255613,28.7223705494054,-43.67811492912547,37.106324843478255,24.54665193903557,-41.557302046777615,50.01726222045468,30.956921615067408,-39.769538819512725,48.14960769086951,31.192321698026987,-18.079718980298185,54.245736232983155,32.54631909734647,-40.27165278762676,36.457580163243364,22.422553716410558,-38.88217464418873,24.347833015462495,20.869747311334486,-38.67021312511273,2816.666666666661,4.835975630151542,0.13279775774479177,0.01266368397589783,64.46835394030482,0.7928360488712324,-0.15450715122016823,2.851896402658886,-0.021004876875253667,0.0021417727755375397,4.783250318137112,0.15119589263922323,-0.007284324851576352,74.2351585806591,4.097134750650627,-0.03707960342858515,3.434615057572112,-0.06815974481337216,-0.0018501083711528646,4.144158157167551,0.2606397202166586,-0.0061101071743567695,1.2887450474461306,0.0792408853365713,0.0018351633128026665,6.459541154631306,0.3442798814766016,-0.006170280277968258,0.4767878304942543,0.02656655503206435,0.006463111670105387,73.49902117257875,1.6861298925141448,-0.09805918863277066,64.87523425938353,2.297772003440899,-0.19938061545764216,41.616274209219696,1.1385578912019252,-0.19945875634427473,0.8601483276220624,-0.03300853584083311,-0.00044500619704312256,2.1214297754272273,0.03465360446986875,-0.00702347560820761,2.7170157103051187,-0.04888629086281361,-0.0017349069128079816,3.68002339569402,0.011097336901289442,0.0062884265132144065,6.575057045947709,0.10650218708539806,0.02556801489255993,32.68536398951134,0.1956379128969118,-0.16980861047319298,9.217214714101118,8.149360750754793,3.780825462896276,148.69059647473802,0.3603766816034522,0.22209549285159033,0.08900109585967082,5.190427423519862,0.02630201027022175,0.016181252310667502,0.007568634264236705,0.3785646952042862,0_1_21_p0
26.70014952819747,32.830094794059356,-64.82205934370401,29.461113156129564,43.22422720833646,-110.23565035476462,34.08187930452003,43.56724206289845,-148.40970469601888,35.58280811443022,46.81219488977253,-152.31400089583641,46.730101684104156,36.14851900760209,-64.12023548189367,50.249586099296685,40.74149662659473,-108.04312123901288,54.55907788006111,47.857081826660504,-150.8019391012138,53.372233989759955,53.56408377517886,-155.94366696152403,32.35296896954665,35.187721039318795,-14.202447132144652,29.34024340878974,23.241850163506175,10.07569605613225,30.12633635495626,20.415538149388357,-3.4029821911318745,17.024694760871792,32.28385194701328,-19.317126228192954,16.50099537335418,29.202198461070395,-43.903928938289084,36.183308638184656,24.269732257209796,-42.19304675845205,49.144353038522326,29.964594505305808,-39.93848847144855,48.18526471273634,31.273686838608523,-18.0834987774892,54.77162978142417,32.67065449906955,-40.10979782575474,37.41662129380491,22.134882361656434,-38.89922068909934,25.404367645270863,20.29302183637541,-38.55095329754267,2833.333333333328,5.114790987389194,0.17310567607887978,0.008590386233454251,64.57589428872244,0.674364365651996,-0.15218924441266998,3.006013902383438,-0.017665592870571345,0.0008238881089647069,4.797092792584117,0.1530045446698824,-0.008568130769567075,79.99781689797918,4.050032678740053,-0.09530371089727092,3.0603346362254706,-0.07473336254726137,0.0002544345865517604,4.4015505265706505,0.2415543229818594,-0.009219814446090019,1.3976905349919295,0.07286521409332249,0.000471455433497161,6.748609388947482,0.3482390459144848,-0.01098675023293204,0.5021934178380997,0.03423855634594197,0.005974854855527053,74.37720613501284,1.5261884148662084,-0.0877094861057351,66.8996003862331,2.0904326791814256,-0.23637379226050304,42.27922955841305,0.9441966191641961,-0.21060272334340518,0.8517201940570882,-0.03559303213754648,-0.00036892118115063575,2.1001281539739547,0.013942711852397652,-0.006758015980594866,2.5792435480118514,-0.041659413837451836,-0.0007270165588863655,3.661551139690849,0.026689660742156344,0.008157408901087319,7.021907788576094,0.12884521853944875,0.024562839525460574,32.44788852978495,-0.0022308519205689464,-0.1692473816208787,9.739143580205383,8.13443034200102,3.9243084328378908,153.13523919006883,0.37131054851688355,0.2512681649088544,0.07626147002342332,4.950481281821815,0.02690802419789235,0.013551231823807307,0.006824356514415335,0.41104697859224765,0_1_21_p0
26.667276920624726,32.84093078137311,-64.88163928535367,29.449309796854354,43.2696120733851,-110.27794145646625,34.0789685750649,43.56752709386192,-148.39973933933686,35.56132149740781,46.82792260844157,-152.30353391763097,46.74012258446774,36.03490950454887,-64.16238618793244,50.20669489880365,40.750730712857155,-108.06572036272021,54.558818600668204,47.84850012759409,-150.79570427519357,53.36619400550151,53.568103595329056,-155.94676249039043,32.37454217190264,35.18338009570493,-14.20824997167545,29.323147689272737,23.30063096750901,10.094573475053854,30.152822961729747,20.39790300186012,-3.405029337882097,17.03935657439975,32.318639935922675,-19.346721246868647,15.993011475283216,29.733578083766215,-44.11372730565566,35.186838988971424,24.048949529688937,-42.8968989155332,48.20097180384169,28.88989911010317,-40.24431494970322,48.224945432250095,31.367329878957946,-18.094191066937732,55.30049937469459,32.78454710788583,-39.973157488422395,38.35888103013747,21.881342122984865,-38.9733842919105,26.43585173514542,19.862427147087683,-38.42684180872121,2849.9999999999945,5.280626425776634,0.20476937985424581,0.0048111733336253576,64.10325959582626,0.6033070853615907,-0.14520497220583128,3.0887820831874193,-0.01383982513018444,-0.00030203920590246027,4.761563940320195,0.1460848705598616,-0.009680919316942514,84.5863903654868,3.961837133743933,-0.15615512875113,2.7711315138601567,-0.0758765322340555,0.003031782121863546,4.714343937571991,0.21563701742606783,-0.012406756252158004,1.4800442183480642,0.06771096514265403,-0.0009063652182561268,6.894981694437646,0.34170948013729946,-0.014716019387025506,0.5108822845991944,0.03799056736952108,0.005412531444385776,75.24483661174231,1.4891426353602728,-0.08249331598073732,68.1701842088228,1.8451746403613232,-0.25473708618454605,42.59324406894696,0.711652857855013,-0.21501348302820023,0.8230596017999992,-0.03990585615753308,-0.000577006632096679,2.0626679653378903,-0.00596525720739982,-0.00556614785189994,2.420642030852349,-0.04277596097512977,0.0005428932818956423,3.698117973631561,0.04669538167777609,0.009887253126204403,7.495773988637603,0.15853796568246234,0.019822335322862313,31.614235983396515,-0.1942372822433884,-0.16071740988179217,10.184664955479208,8.064404015910812,3.9982126983086204,156.27728641777867,0.37669570661003965,0.27183465540346263,0.06936785893866286,4.719661624449476,0.02468777438837502,0.012489293691288776,0.005647541721844733,0.4352902566632764,0_1_21_p0
26.624703423870887,32.85924196306726,-64.96344098038718,29.439207117455823,43.311132015923484,-110.33433047546797,34.07655126276845,43.568319901267536,-148.39173313688696,35.54062196513841,46.824967635425175,-152.28585508959702,46.74819834492934,35.91125338693336,-64.20284262320548,50.15447600098049,40.74949220941471,-108.09195731906507,54.550775301464505,47.85787383889931,-150.80141032281273,53.363476492319336,53.568574617259344,-155.9490896750893,32.40371829811172,35.198828027231414,-14.19880678712497,29.306453277168398,23.35910862612222,10.115977110094768,30.178829183963124,20.38129340052917,-3.4036055696160314,17.045792004446213,32.36203203100422,-19.37123654838934,15.430104109256398,30.290725483273164,-44.31238090519008,34.08911838782582,23.85791798198877,-43.63998899953398,47.162585987274205,27.773754340002117,-40.69198788439572,48.269763580327265,31.4747839770232,-18.112116779415892,55.82717630143071,32.888049793751215,-39.86361222812599,39.30459613018163,21.600389054874324,-39.1130914437617,27.464964878652715,19.467512509789653,-38.314614293921885,2866.6666666666615,5.349390697354098,0.21732056251087165,0.0024861821563302664,63.21970643556467,0.5440568582212085,-0.13260856371272922,3.034582713193211,-0.0024849674757291187,-0.0010338095857359395,4.736742550859104,0.12934454985007177,-0.010579200596823357,89.07648400275261,3.823064410431648,-0.20345415070200998,2.7897429196824515,-0.07103102976414301,0.004668495902120165,5.06487984464064,0.18448445260917268,-0.01579689438056354,1.5361463783819929,0.0647030462983694,-0.0020475696641414514,6.9990945670763764,0.3221005413978277,-0.01768996309251174,0.5313254321231837,0.040164137906296006,0.005042379051745632,75.91194881835719,1.5374293549763487,-0.08093062781476824,69.258490364544,1.5458316398026366,-0.26437124840243587,42.63027798816221,0.4235147057757215,-0.2140575119724072,0.7760051169423754,-0.04344634560767483,-0.0007132019336675921,2.0314669434012993,-0.02481124480591156,-0.0040314563981779464,2.250801587720255,-0.0498690932027715,0.0014641524318913437,3.776085082711724,0.0652502700764756,0.010612838333374872,7.797313383120963,0.19352882604620658,0.015269186058446307,30.298986867265157,-0.3718502271268861,-0.1442485984225687,10.477853823826488,8.048973526332523,3.9617289005129313,158.95280676348986,0.3757687657051828,0.27384542361083586,0.06934159741787925,4.474486924762066,0.023368415374215655,0.012960456273367817,0.004638312675907237,0.44990109679399304,0_1_21_p0
26.57947757165866,32.890237824186144,-65.0826039855332,29.428769771304115,43.357114135134275,-110.41295808066455,34.07515239376906,43.5699117192557,-148.38769382350588,35.52181362325551,46.81630361894274,-152.27088310557858,46.75898317130061,35.788955832448174,-64.24055374980604,50.104207753868444,40.76336430850511,-108.14767758570287,54.53305993798799,47.891240221787605,-150.82280569057775,53.357449604790496,53.57146318553004,-155.9531548502345,32.44470715671746,35.218412478711805,-14.177005936734005,29.292524799670737,23.409144088830192,10.138313907074972,30.204678047793625,20.365129374171847,-3.4000491193565576,17.042828642913594,32.40096613401895,-19.389455604166873,14.820560781076514,30.848477880476043,-44.50221171810519,32.888517246140054,23.630371343497938,-44.39381513679164,46.020913520430575,26.587723258377977,-41.272723025009206,48.31748003808235,31.588691659519707,-18.135081867800253,56.33810895007895,33.00350227170867,-39.781995606024005,40.25591702748329,21.307639924443407,-39.320535898524675,28.49411543665593,19.095423482963486,-38.262564433968684,2883.333333333328,5.439998447468118,0.21663730736276401,0.0012070908404248897,62.32535983198704,0.4652926739767513,-0.11546970915480999,2.8577738507520722,0.005881837324347862,-0.0006030502658757103,4.77608456705454,0.10628656152204673,-0.011311225555775507,93.60669476115294,3.614052535187058,-0.25140888574631803,2.868971056627567,-0.07443162147593782,0.0027894012854602834,5.442548483643107,0.14792949854967438,-0.019106730262829528,1.5794984389874769,0.0632001267159712,-0.002780349414551337,7.143656399401416,0.2894176634806173,-0.020674980774060853,0.6113702879757056,0.04324083187128208,0.004555654060010057,76.31696648836072,1.6260915464705077,-0.07984047634575403,70.30975003121081,1.182577566482122,-0.27260730942785794,42.47295708199527,0.08622492891580909,-0.20853978599430223,0.7195080255619286,-0.043393290674420944,-0.00024100335767730026,2.008762497370087,-0.044284427845955314,-0.002594201489382734,2.0896380922632094,-0.056980776312910986,0.0020992621813409407,3.871937760505834,0.08455206932440998,0.0106922511369819,7.912348050521826,0.23409348311834202,0.013452225767782912,28.692642964859218,-0.5330183668435815,-0.12181404914840915,10.660069344300972,8.117488195764977,3.8336423244281295,161.51234375535256,0.3722396308469281,0.2660228908624276,0.0773948485163485,4.2001323698813815,0.024666114572732944,0.01274365016943341,0.0038501810162230453,0.46479654115463,0_1_21_p0
26.53755226545036,32.94143086294831,-65.24772153700687,29.417424215041088,43.410322679622034,-110.51898592780265,34.07441691086095,43.57200779082777,-148.38620565191854,35.5017230564709,46.80989437222649,-152.26335803518012,46.77695668559313,35.68735638033605,-64.2908035145367,50.06514062190243,40.80412383516762,-108.23762234566405,54.510636866886145,47.94404448024015,-150.86117785881504,53.34603662013628,53.57936888993689,-155.95939792292535,32.49450123761483,35.23101885829318,-14.152605677450826,29.28402433919011,23.44168926032993,10.161282621111283,30.23067415509704,20.348772441157717,-3.3961248210391815,17.030293958667226,32.423037885278795,-19.408746529493822,14.20071986780051,31.397758187826547,-44.689240975368676,31.650575283923576,23.327523532133227,-45.159265118851145,44.79822321351871,25.269726121656504,-41.975679310298744,48.362867138360514,31.695168622296745,-18.16063028604159,56.81859036202217,33.172580574928375,-39.725312332381975,41.18663443499678,21.14271938972754,-39.611148198878126,29.509472914330736,18.840757444041365,-38.35142562121711,2899.9999999999945,5.597962842967208,0.2112554300445788,-0.00035986292623529275,61.73969165353179,0.36161852713720083,-0.09863950248966029,2.6181704691248346,0.008265944793865932,0.001078735996486942,4.887009034900296,0.08123685387216759,-0.011959126808595741,97.8050718927354,3.2983199369391962,-0.302696112173656,2.793487197095033,-0.07361387170855824,0.0016102221018237512,5.822410811182728,0.10788258688109972,-0.02252263543232663,1.6086338170856673,0.062165420350458835,-0.00311202481067606,7.359381323957492,0.24726328086147764,-0.024218208465968123,0.771658281570949,0.04738709814688556,0.00340925003111371,76.7199779968856,1.733546629873076,-0.07732718987549861,71.12492456549711,0.7560479269788037,-0.28095813612804077,42.21243276628337,-0.2734783765253946,-0.1992749496749005,0.6663128929908084,-0.03888915940801631,0.0004420987441889603,1.9893079588588811,-0.058891278026302556,-0.0010962512490744216,1.969651975215873,-0.057806498187033206,0.002786489876542413,3.987260842811726,0.10976729623262742,0.010498611928713871,7.887264076927057,0.28478795238383614,0.014238768109972655,27.110915653687105,-0.6761583911091181,-0.0961494743828252,10.787466249801126,8.242728571118128,3.6605826746637273,163.97872263198877,0.377151571500584,0.252481247385195,0.0860293435884277,3.891290641365834,0.028093845208348827,0.01285791559597781,0.003471330663229487,0.48563810937601803,0_1_21_p0
26.49662303423946,33.01950509581204,-65.45148067121815,29.4062052443396,43.467470172263965,-110.64927405974262,34.07381524177572,43.573787466187035,-148.38584198398513,35.48391019179681,46.81435732559557,-152.2683640821807,46.79968045451483,35.626664202485536,-64.38308077458863,50.03772658543527,40.861699407222,-108.34512722329022,54.49150308662224,47.998289200074595,-150.9092346629324,53.333730131356425,53.58910560781144,-155.96566882858923,32.54782378652319,35.23968279259311,-14.137177371643517,29.280558243471262,23.45768182179324,10.18403542976189,30.256990277238373,20.332096793833266,-3.3926373066598425,17.004143651280135,32.42911054482023,-19.44424419777074,13.618103111770633,31.93234797637996,-44.87842661241057,30.53186515243728,23.03074953685565,-45.97269234366846,43.594011881063615,23.90828875110495,-42.834748611747436,48.40344938762302,31.788791172653386,-18.188830316409494,57.26180820520557,33.41534318676378,-39.68795177989662,42.04406349236014,21.279072326363263,-40.01326815387984,30.485249238690177,18.819547353930567,-38.672003363147184,2916.666666666661,5.835559447469409,0.2009163826582202,-0.002693439608671303,61.560505366697974,0.26304476739278093,-0.0865986272109518,2.44798107822932,0.0074375696552275265,0.0033462786027057437,5.033961259996355,0.05712510144950193,-0.01265869915662396,101.45211502927702,2.8560407377995007,-0.3525835571361728,2.7185817317555725,-0.06758019671062032,0.002857874182740573,6.0906553873626565,0.06969797233044478,-0.025843097539405162,1.6201674382684381,0.06077066635496426,-0.0030641857350016,7.623757685149336,0.19997249069147072,-0.02805856552224107,0.9774949862721911,0.04975855662728436,0.0015143611220132874,77.59882053331685,1.8556046884817694,-0.07556226873933403,71.51373054821191,0.283361630991151,-0.28664719912892306,41.89094072278758,-0.5967456788821114,-0.18739680140623804,0.6299038998951613,-0.033264444760487184,0.0009228501331065038,1.9691308801933434,-0.06166206490071307,0.0006879733297669186,1.9180654264742467,-0.054831383140418376,0.003352497609814288,4.1379262166419455,0.14018203489675857,0.010083022938402615,7.8299925458912565,0.3464798805162518,0.01667072518978897,25.837748458644867,-0.797883841106754,-0.07123386560139358,10.928424612476686,8.474459098718627,3.5348310158655543,166.41717683723448,0.40004662807716107,0.23406552681561615,0.0868941976165411,3.5730878325161615,0.03263734329750753,0.013785822728720153,0.004589130855399983,0.5105410052590527,0_1_21_p0
26.452690925494064,33.12362114336152,-65.67310448989804,29.395552064212193,43.522325797270966,-110.79011280725892,34.07311638922903,43.573754538562184,-148.38775206702502,35.48004071787149,46.82740792303324,-152.28694061738878,46.82201152309061,35.6118017131144,-64.53726350190823,50.01641639300636,40.92091667540877,-108.45254212254754,54.479922167771356,48.03553280244734,-150.95507479443165,53.325969410604976,53.59565060563851,-155.9701627277145,32.60159822666275,35.251850984607344,-14.138279268315957,29.279491839236442,23.465293598448532,10.20450486946205,30.28308923956572,20.31572346633847,-3.389187925979822,16.95835923526216,32.43152242041184,-19.50600773547325,13.099230738144922,32.444070573395805,-45.064678542091016,29.70272285684278,22.91272211740498,-46.873758266638646,42.577319765361466,22.821093667901987,-43.944268261984966,48.44096650543613,31.87577108884796,-18.221590108625087,57.66478368453204,33.69391410001389,-39.66783567448537,42.77098130908439,21.74737942911562,-40.54258710932925,31.39704291558981,19.05491452623972,-39.2713954587115,2933.3333333333276,6.180649848904276,0.17999856509501758,-0.005919931937332047,61.78904456148227,0.20358871412966933,-0.0811289087188958,2.3794657013160094,0.0034154294880237267,0.004373307316064047,5.166737962713852,0.03623917642699913,-0.013573768746204043,104.50689679859886,2.3217604132042395,-0.39716175365915857,2.703136678066691,-0.0509452268129223,0.0031043404024470294,6.16907462452332,0.038183983875095515,-0.02766509954936691,1.620938576876647,0.05831478994330626,-0.0027737355035415373,7.879764441442094,0.15014908450913017,-0.030990296064925815,1.1209921300659786,0.04870780590041676,-0.000640371982834115,79.2961552405794,1.9676736356537097,-0.07992097647341855,71.47594408556404,-0.19132633843956723,-0.2873566756982101,41.48871742841623,-0.8529559038512123,-0.17399118732803787,0.6014098288540348,-0.0315436912933343,0.0011109458981769446,1.876976510206618,-0.053906811912193146,0.002806130541002912,1.934197826891074,-0.05233018863453521,0.0034032243093298155,4.339045539786991,0.16277496956208062,0.009358876382536121,7.917002528853423,0.39746526103801333,0.01901488660323689,24.780695540314575,-0.8942706043478297,-0.05026659441376689,11.170032081175359,8.8069290903175,3.436908452899727,168.90396581605359,0.42488043178163193,0.2059467915214035,0.07948725844596834,3.3008442071879815,0.036358827851372136,0.015561360294557255,0.005890143812972264,0.5356614509467025,0_1_21_p0
26.408118192901554,33.242744048412256,-65.88860140192882,29.384595349820437,43.561559803644414,-110.92160955929432,34.072448607864374,43.5702880824036,-148.39491437314473,35.49583544852114,46.83023672165668,-152.31015420807026,46.84587626614179,35.62211444294315,-64.74044042727712,49.996867804623854,40.98187964867829,-108.5539870589455,54.474480838228054,48.052503503599944,-150.9928841336839,53.32364507520456,53.59665130654775,-155.97398826384892,32.654146947940596,35.26937186339138,-14.154906540754459,29.278815866967516,23.47076891615384,10.2212585509429,30.30675601497455,20.30143354579924,-3.3842739567233995,16.89451266067124,32.440729117531475,-19.58947017959874,12.634044427875384,32.92716922110139,-45.234548561378965,29.180013052479282,23.03672922510722,-47.860357399330475,41.850226004153534,22.268096885054728,-45.37383805067686,48.477908469472744,31.963607449890695,-18.25950664127948,58.01979699563107,33.93944949506654,-39.66729637236232,43.343716968028225,22.38121460443936,-41.18036637886794,32.2500463493528,19.41812602724503,-40.10894080162773,2949.9999999999945,6.599596825010759,0.14615882755436485,-0.010059965832285288,62.42214291599408,0.15867631947071364,-0.08272066984430536,2.366843101428848,-0.004913075214223371,0.003914789602878219,5.258205263971223,0.01819962965206248,-0.014520403844606022,106.90310401793556,1.7506719133952846,-0.43535412395708445,2.754668399822759,-0.02742154926487593,0.0024016308488271415,6.084252716136925,0.01215900113991116,-0.027105778364756097,1.6210485343152565,0.054292887761253204,-0.002479862805449238,8.089570925498158,0.10094270890155545,-0.032542717618590414,1.1780734154851,0.045556625708721495,-0.002143844180796232,81.91747010078527,2.0103014424885344,-0.09493531684260187,71.04986171157913,-0.5846686741327972,-0.28346672180723526,40.909583449610736,-1.0395402950236412,-0.15929881297947748,0.5460215042025984,-0.032356698377626385,0.00122101701121693,1.7187993308259553,-0.0405732806600278,0.006261356654860392,1.944000610321486,-0.0485242797439986,0.0027124641528730076,4.58859128546517,0.17185154270753694,0.00799207665629462,8.173828174148142,0.40056642214168825,0.019009177241555535,23.784748306621353,-0.9529903304210487,-0.031676004633302224,11.50011412026694,9.179146674499954,3.3442511504124086,171.40809170797849,0.4130894443432044,0.16710038466791116,0.0679562143812767,3.080859467711746,0.03768789314095693,0.018200474809330413,0.007789729413016763,0.5593926141971447,0_1_21_p0
26.36887561855309,33.360737207724696,-66.07790844552586,29.37268374635831,43.56770272916156,-111.02485998583728,34.07234228598484,43.56347488945268,-148.40854408731678,35.524024698821236,46.80897851958641,-152.32747732962443,46.87803455522239,35.62125700972969,-64.9520391451929,49.979154546576886,41.06174690807357,-108.65236539755752,54.47140655866023,48.05987246860474,-151.02596983606466,53.324275037027746,53.59262172478142,-155.97951138929938,32.70189920297991,35.286177972164964,-14.177778338547531,29.277898656611434,23.47664174393205,10.236061745108339,30.324348403664615,20.291838855299886,-3.376269550831881,16.826277814156594,32.4569330662183,-19.68161163361405,12.190697127356847,33.37137332453154,-45.37547351364477,28.791314449362343,23.241508331838318,-48.87916807472929,41.33522173821489,22.14315552846063,-47.076282945575976,48.51542815875345,32.05496048426444,-18.300162434098006,58.315235514966204,34.103674183687,-39.68413210008674,43.78929503527241,22.970691591041863,-41.89304227684588,33.07003389088382,19.721573966537363,-41.09372395896958,2966.666666666661,6.960059251487551,0.11141302419347182,-0.014619048122499739,63.36010576189989,0.11195189117175061,-0.09144458413364241,2.4344953008627916,-0.015945045846638303,0.0030477862936425125,5.307978301637778,0.0014720923060666646,-0.015275136785570442,108.54613287975798,1.1823915868331816,-0.46717459426457486,2.857290286559555,-0.003193580380184625,0.0014072110251153404,5.887787650117508,-0.014805544713950581,-0.02467315951208338,1.638629552941412,0.049241632533513977,-0.0023627616313042785,8.257773915626975,0.05728581795609511,-0.03300297906072715,1.186402754255364,0.04359469659409188,-0.003075376729142463,85.32412650709836,1.9557702085150575,-0.12308215500633768,70.16798798186484,-0.8679276295023698,-0.2757296911122964,39.919162574806386,-1.1674824217929634,-0.14203607231524712,0.4773164970025099,-0.033520359662947335,0.0016535792505929295,1.5441378899464306,-0.023982580628379456,0.010796454283919342,1.9390097814128144,-0.043103084840152794,0.0020845744524739585,4.842195660758105,0.17165560931641338,0.00567913889498419,8.590185530360595,0.3597576443159426,0.01672589546718625,22.831828625861466,-0.9554683590238435,-0.0136333366622821,11.915624930637327,9.496120664912201,3.316057298187744,173.7051061662729,0.36429003223071466,0.13155689254896188,0.057045131564523024,2.880024029721766,0.03699935413033633,0.021576939813307775,0.011464513462107284,0.5820579215694242,0_1_21_p0
26.336954574673587,33.46419012149314,-66.22469016916051,29.36128544841069,43.53942489654754,-111.09374479598786,34.0734247452398,43.55566845536153,-148.42518086078368,35.55052607909994,46.765637353032076,-152.3339488262156,46.91822807086483,35.585815456649144,-65.13125234490792,49.96536616005557,41.17080799704458,-108.7488809405492,54.46860026310141,48.06574227426709,-151.05812460318114,53.32568858321668,53.58581338103357,-155.9867577466451,32.73895691589119,35.29313256159613,-14.19584283354835,29.276828309416146,23.48351831134537,10.252115331290492,30.333208383498018,20.288618145420152,-3.3648875805264122,16.770013086864093,32.47362185772445,-19.77250551918443,11.74376977581709,33.76408677436265,-45.485946282890346,28.35842774855796,23.324222809408482,-49.86932497309191,40.8855508646093,22.141176298576397,-48.92468575782779,48.553532376465725,32.14952141509851,-18.341153600682468,58.54234197719603,34.18891837246774,-39.713365009809756,44.15882121250366,23.422515292581664,-42.67299504845013,33.85541234407866,19.885906649450554,-42.17884339235547,2983.333333333328,7.170161769860706,0.0882259316752883,-0.018548153613530204,64.34435045127205,0.0847608814253846,-0.10561395896814134,2.606164773801775,-0.022856070702968,0.0016019302333675494,5.329513859307443,-0.013207035998519068,-0.015383092545985334,109.38734300391214,0.6359555461851301,-0.4917867362130526,2.923315046621365,0.012466340011314376,-6.271685397949008e-05,5.620973514070785,-0.045597479835131516,-0.021120011673705183,1.6925827957277266,0.04504087223639392,-0.002597325403923981,8.392529531544515,0.02004422030225133,-0.032693678520466396,1.1833243178066617,0.042767574678448585,-0.0036044620522191788,89.10812329706053,1.8304197108933815,-0.16378688087263155,68.72250930986557,-1.103905682801368,-0.26312688688982283,38.25324534833057,-1.2500853300918977,-0.11929175231143474,0.4185436345120186,-0.03325688580516988,0.002267628393161329,1.37524107328355,-0.006645744596336097,0.014864942096428059,1.9410349747512012,-0.03638263436494968,0.0020072317788047485,5.068748827341432,0.16740064474699143,0.0028671466632550044,9.143052972158635,0.31424634778959626,0.01254244125343352,21.963983282649608,-0.8930920414439099,0.003424174300547346,12.410881096422834,9.680070280356208,3.398267111079533,175.41904704752272,0.31488495973390834,0.11123143635584735,0.05094355760087789,2.7149763850395168,0.03501698798862399,0.024552815251665933,0.01517493931640601,0.6031309358311719,0_1_21_p0
26.30738617239882,33.54905058986336,-66.3164341572654,29.352705021162084,43.501855794722694,-111.14217802158292,34.0756860863736,43.54924078194443,-148.43917431155992,35.56303931079575,46.70753687034013,-152.32902613547625,46.95347551062379,35.53071750008125,-65.26077547525922,49.95444375160879,41.290952602152,-108.83672534535917,54.46579149715303,48.06978355471577,-151.08822194213857,53.32705515687888,53.57929412313227,-155.99334558948905,32.76113009016229,35.289358257057614,-14.204644778945797,29.275902302754233,23.490205654608317,10.268927783174124,30.332834865526465,20.29183741700016,-3.3512390516667794,16.73170096998798,32.48607856357742,-19.8593969704026,11.287776530063068,34.108367418359414,-45.5767092381597,27.843856162692447,23.25137400960785,-50.80782017483798,40.458240950133515,22.107917369573872,-50.81725461167315,48.59119184698273,32.245610049700026,-18.384617060823565,58.698768518356694,34.25729415566375,-39.759725949878224,44.49598381903013,23.75096403847789,-43.54281243483677,34.57594399554045,19.991106863834478,-43.40504103488001,2999.999999999994,7.283135140532285,0.07492232775447202,-0.020979855366561474,65.12394086427418,0.06869978183012934,-0.12125239776727091,2.7354074534898563,-0.018424135617408702,-0.0010517145054710318,5.342410399897899,-0.026635686002475126,-0.014640170327362825,109.37246054370273,0.03664473626179282,-0.5082863872735341,2.8895982713445254,0.0027490226256389845,-0.0012627951592546077,5.326799825578908,-0.07673550165133279,-0.01692476030580855,1.7760060756501872,0.043226842405860715,-0.003144969435948453,8.478948080971179,-0.017247286944976462,-0.03170348239009979,1.1776067081189483,0.04003386726562583,-0.003901245227449314,92.8387513622099,1.659838640698023,-0.2124861839790226,66.68547610384547,-1.3165508963254937,-0.2439953040141577,35.82355645571033,-1.2963353263024247,-0.08831864829588429,0.3922958146361422,-0.028264555357643686,0.002778834372788903,1.2131460834736085,0.009652302435921287,0.01827867407279083,1.9712561109651445,-0.027976344121444445,0.002362771976188071,5.304217889338677,0.1629657541343098,-0.00010863500645645721,9.830882995293049,0.29390119193446873,0.0067175672868693,21.176012914659985,-0.7744929952783757,0.018496110233207713,12.98225022971545,9.765330959376437,3.4797090305371214,176.2319764420315,0.29440682656396366,0.09754303429038787,0.04797057035250132,2.609061885942542,0.0324073526520292,0.02616501282701423,0.018577052026987055,0.6214258051114121,0_1_21_p0
26.272916739888526,33.622359593368486,-66.35260235176933,29.344160088478592,43.48477657452274,-111.18889971207024,34.07843557772712,43.5462592212981,-148.45032595410493,35.5586676089758,46.640378006231,-152.31664128735082,46.96654313633487,35.497915516204365,-65.34909443339613,49.94030094604983,41.39206029903152,-108.90939719257231,54.46141239697355,48.07365539091034,-151.11378804518247,53.32810458363413,53.5751639907755,-155.99759958871212,32.76800872854776,35.28780897111084,-14.209421938293469,29.275400498138893,23.494323878062257,10.281947456614352,30.323240052800127,20.30101148140863,-3.337678895507084,16.70538372033064,32.494786369160806,-19.944621876555754,10.832990259816764,34.42718117945092,-45.66012166633165,27.303108487497553,23.115756794454132,-51.70711901185159,40.09107826498403,22.054367573366196,-52.70877344774294,48.625330670459334,32.33624630420772,-18.434628836764112,58.79062625929431,34.389078118862706,-39.833054286041815,44.83105484416666,23.988773525232556,-44.51741757393839,35.22620934687403,20.173173290234832,-44.84663489895006,3016.666666666661,7.35149930806555,0.05914905658574311,-0.022573440509554354,65.6955544135567,0.022557386720138545,-0.13460293380388844,2.7689633631097514,-0.00021105589337553667,-0.0033287254980800315,5.351612087184149,-0.03832365612915556,-0.013314828372827917,108.34806013524712,-0.6014357765642908,-0.5150807670565999,2.837915502584158,-0.008896944108627881,-0.0009573471007819949,5.027250885631379,-0.10613596566667817,-0.012472999770977574,1.8700877659833952,0.04331428040104031,-0.003951923235868336,8.498901574409206,-0.059334147315418494,-0.029988611562875526,1.1734828614146424,0.031778235625354354,-0.004143200568825399,96.33032206464546,1.4450639845499058,-0.26341117349219595,64.1284876106019,-1.5155202681233004,-0.2177345573028905,32.81527885913772,-1.3146399239270674,-0.049051703693105325,0.4018623246942643,-0.022331117101995958,0.00289911661523251,1.1139975401067144,0.027251591210110983,0.021309982917460706,2.039560343403122,-0.018357770510701806,0.0026541682060901585,5.597430523527377,0.15912394855980586,-0.003777311642708409,10.669092211608124,0.30469085455644307,-0.0006838554924484136,20.423525711427903,-0.6208808941223425,0.031614133105865756,13.640412625404425,9.820204690148596,3.522126754971865,176.06183370082877,0.310414332607216,0.08301814209658297,0.05117441406340742,2.6263286009266418,0.029996407814996507,0.02683983944579551,0.02192745955750988,0.6354488940885925,0_1_21_p0
26.23055456537722,33.69769323546431,-66.35158473108555,29.32579787960212,43.50035173280755,-111.23947023105256,34.08059317230197,43.55248118994526,-148.4679986668243,35.545726085810344,46.56628598418732,-152.30156299376185,46.94946427044876,35.51865104167678,-65.41154474979997,49.91758462848872,41.46485151700288,-108.97254231981996,54.45237672823379,48.08346039621512,-151.13255681808263,53.32868082268385,53.5736329335615,-155.99982053457347,32.76011345944062,35.29940566055958,-14.218973855673052,29.275310254602,23.494906404740803,10.287928556180384,30.30499179449585,20.314947600656346,-3.327607422432498,16.680656468064754,32.50340103396843,-20.032283767860353,10.397543104560144,34.749840139155516,-45.743437809706215,26.78287604782693,22.997652445443403,-52.58832330074357,39.78351378934734,22.0060100387332,-54.57804460889211,48.65109044369711,32.40777519168099,-18.49110161493544,58.83292072411087,34.612021118680296,-39.93287494545015,45.186653645119875,24.15089615209126,-45.57964157520396,35.85041091537217,20.46765316380119,-46.51926595724325,3033.3333333333276,7.349574029806701,0.036066014502473286,-0.023968081461241852,66.28213918708481,-0.08113385510030324,-0.14522594530352395,2.767712698496815,0.025578934770261606,-0.004637006970886508,5.330622943268791,-0.048103302779102526,-0.01220868575805782,106.20673346802083,-1.2395635830448042,-0.508963020449505,2.822413294617937,-0.010643898079117845,-0.0007627629900363942,4.739029775165652,-0.13286537290410616,-0.007898748453396357,1.962602609077569,0.04384891494425265,-0.004944307703660245,8.43647471499795,-0.10249923577824874,-0.02814511822694389,1.170447783372787,0.018159778612719477,-0.004995966395715723,99.54821371149097,1.1566205453719562,-0.3134493989047455,61.254963085522924,-1.6917404551039619,-0.1850097833310651,29.986721423164305,-1.312069498387183,-0.004876584555074307,0.41375513513731826,-0.018247639237527286,0.0025607484685634956,1.1484413283000616,0.051181606204923125,0.023326226612704237,2.075572354878437,-0.010687580875107683,0.002285354923936984,5.932659228100012,0.15382565336813112,-0.008571023213345555,11.593383504554026,0.33960147099588045,-0.009740690742081094,19.67182079404457,-0.47131738921034055,0.04327369942139894,14.338083787607921,9.810552385790476,3.582032951708598,175.15435595128912,0.354732649241215,0.06711896891816181,0.07208721148362882,2.7798991746441666,0.029783027652364586,0.027583377319056357,0.024291168360203577,0.6439295953603386,0_1_21_p0
26.1827438576636,33.788800062560284,-66.34257804083845,29.288984579430366,43.54569290709861,-111.29069837820529,34.08005042836941,43.577088388824656,-148.50225630172113,35.53607843773776,46.48500774845946,-152.28315543109062,46.905287777491864,35.60031833307309,-65.453328904409,49.88907329027054,41.52679024324828,-109.03912858603893,54.438132449482744,48.101050027497536,-151.1423309406612,53.32882387191854,53.573674952847774,-156.00113317259283,32.73732236652303,35.315686709787855,-14.236806248941432,29.274945154262404,23.49467507633664,10.288169998143818,30.280830844081898,20.331535548512047,-3.3213773344911783,16.648820464216556,32.51541273161961,-20.1246571301766,9.999034618768725,35.09687668426108,-45.83273438478703,26.2915750708542,22.91685597384379,-53.46200225612073,39.476694657513825,21.97519660615864,-56.40494593969265,48.665636959696656,32.45008982849376,-18.54882566363383,58.8408762365537,34.89136963041323,-40.048502695567485,45.581462766290514,24.236008522449808,-46.69532563235178,36.50826869162157,20.75474656249973,-48.353022084534345,3049.999999999994,7.246343498345117,0.009284049148995463,-0.024060961421939378,66.83117251770176,-0.24121908417005358,-0.1562264515590463,2.7727164400771938,0.03972177232416447,-0.005541927354941768,5.23703890946615,-0.05779164796396206,-0.010263466312564142,103.3144725502607,-1.8547663662317802,-0.4879196738173988,2.9250893896925287,-0.017329488377229384,-0.0012013700798345216,4.499431159431454,-0.14828361578191615,-0.0033998257031270184,2.0440164459378694,0.04377434013063053,-0.006058173538411503,8.263535169583605,-0.13174627444493298,-0.024510087184038413,1.1665116014619095,0.003461652471738825,-0.0052471153676202946,102.19792304451664,0.7613099379912778,-0.3614606470218771,58.47211103723291,-1.836693292127109,-0.14808680024561796,27.722917448427523,-1.2909513732310067,0.033798584886360186,0.39606682873580984,-0.016335896319087016,0.002153795641810772,1.30233059264266,0.08427441194060849,0.02330686836711198,2.040902447159556,-0.00713118712220598,0.0019099988947847272,6.177793040281853,0.1449261183496136,-0.0139372220215549,12.339998135913278,0.3780156943263842,-0.019763935424912678,18.95477509586265,-0.3614299720021459,0.05351870509500467,14.851315345560755,9.70438661745062,3.6826654288533742,173.752533105526,0.40031605761844974,0.06368734322110621,0.10293778974885881,3.0482058122933924,0.031485830420195086,0.026861329946445217,0.024710818248509018,0.6475092378685603,0_1_21_p0
26.134747314671188,33.90172495835599,-66.34607118862486,29.233841556776746,43.608091184762934,-111.33886040252759,34.07440935006299,43.622532788006815,-148.5499495400114,35.53579923258463,46.40171975320949,-152.25962526297312,46.840356474108205,35.740650088066616,-65.47454304202928,49.86368874627117,41.604268942947,-109.11630684729367,54.42224193651377,48.1214930048209,-151.1445927909283,53.32876882578573,53.57401846047456,-156.0024564246704,32.70217153265762,35.317012099376356,-14.259536486861771,29.272875300989742,23.499606021164464,10.286172535010692,30.254403156484077,20.349096942447158,-3.31256712864909,16.605557165515993,32.53006607918176,-20.219204660060527,9.64976771686706,35.461683456503,-45.93269707692933,25.827113552428315,22.84718526290215,-54.32029934281608,39.114351729836336,21.968742739291105,-58.16973555324716,48.67081783232198,32.4656280217956,-18.60015415751719,58.82084802327259,35.18393318753324,-40.172447282206434,46.024266128235055,24.227794031751937,-47.83309794895837,37.23391175367818,20.863816618616415,-50.25099786532673,3066.6666666666606,7.028358043467015,-0.018101729739487562,-0.022798042939839853,66.84849873236553,-0.447973998793348,-0.16926459637255262,2.7782002744455356,0.03771696716791961,-0.0062828856590960765,5.056244762918049,-0.06661016502986712,-0.00816019165866207,100.49523728158837,-2.4331771087056397,-0.455387791507726,3.023291818598973,-0.03213528208096503,-0.0033903171715580303,4.326543174266218,-0.1459469552546829,0.00048798487240033704,2.103138363864929,0.04204294325483273,-0.007153359606723211,7.973681788154638,-0.14386088280225456,-0.02003277171239295,1.1601372161250767,-0.005591107679879122,-0.004998126426781452,103.65354280990677,0.2621001398751171,-0.4036476755453877,56.105204147391575,-1.9542288236676302,-0.11158810849725893,26.02316978386508,-1.2509243034902369,0.06212711540705826,0.3747978519576666,-0.014693280672579162,0.00209468738867726,1.5128305655268104,0.12857395429277463,0.02133670242057257,1.9891515141451397,-0.008199328569718493,0.0018053722337032694,6.257796536307074,0.13097848674570875,-0.018228919802031115,12.583553378073033,0.3916398457087311,-0.027620847719852175,18.390509033195606,-0.2795021566026217,0.06138935233751527,14.897161369789956,9.46291904469269,3.798716107118544,171.85214735332235,0.4172262244243556,0.07817701088105228,0.14043304601252338,3.419082811346681,0.03412071469421639,0.025109004206723184,0.023364504618169024,0.6475900391962836,0_1_21_p0
26.091612603934518,34.02982552254791,-66.36414940565211,29.1675809675492,43.66762938919657,-111.37984144040118,34.064286778027935,43.67668965986837,-148.59548711144254,35.54342885610128,46.3310731992843,-152.23776292345997,46.7615573405524,35.936284488207555,-65.48431263820686,49.84739102659837,41.714497672469534,-109.20466899140158,54.40863197708278,48.139129321668946,-151.1451326793913,53.32878441300334,53.57399411479161,-156.00401451207082,32.6619640679399,35.29091960106959,-14.282218863431423,29.26811854840419,23.513985763274547,10.284311687432046,30.227873202530642,20.366616769586855,-3.2927473039559176,16.551094968990512,32.53827096504788,-20.309921391447958,9.361730782934263,35.80053056562476,-46.03927550591007,25.40356639174502,22.747433933205972,-55.14675415340966,38.688050597849916,21.967684740811038,-59.85993727859275,48.67005798016194,32.46243858059698,-18.639818278849376,58.771981870336695,35.47673616407391,-40.30689611483887,46.5026129354602,24.126820099217916,-48.96818320035914,38.02387936787902,20.724706371252847,-52.14977521657548,3083.3333333333276,6.785986350291271,-0.0461800457586163,-0.01962556756111787,66.2551726562987,-0.6973043963526404,-0.17985385550178248,2.7668382146838635,0.02805120153406634,-0.006723375155820709,4.819174177175117,-0.07612250711367423,-0.005824725872483607,97.7336907004769,-2.957586235228569,-0.4181320475016671,3.0124309305227013,-0.05362519717053127,-0.006026270363389627,4.179467355861392,-0.1285430696993913,0.003544968341814164,2.1363150229946393,0.03742378962375831,-0.0077853377676035465,7.607896658288909,-0.14680563999642238,-0.014889867721786014,1.156113866749478,-0.011892094591194972,-0.0045294328908208155,103.7137592627387,-0.32004391022885653,-0.4325681548235986,53.88068594369756,-2.0455126875030203,-0.08227689329071178,24.7669932315186,-1.1863444655645103,0.0806788433441252,0.34891479911287815,-0.010789343378652536,0.0021828346796754403,1.7403894445482628,0.1758895261111878,0.018291245310443075,1.9326972754095595,-0.010390797050342456,0.0016034237602104164,6.23638527943705,0.1118767441669192,-0.020789445365833742,12.418272453315232,0.3797336505472425,-0.02917921175318742,18.115863144427294,-0.20673090185480045,0.065105400773674,14.563433052957379,9.140155916381664,3.904893212675935,169.113107947773,0.4071234963652853,0.10568204670031443,0.18200147068891048,3.8728917623149504,0.03275873256567836,0.021983124559177218,0.0209853499529645,0.6420740385938887,0_1_21_p0
26.05594642538683,34.15910465931148,-66.39031978888035,29.098813574878235,43.71073069474047,-111.41361107082277,34.05410412507578,43.72046289187194,-148.6254206949318,35.55407800553668,46.28797013884153,-152.229744869615,46.6767989107744,36.18132441846586,-65.5007820495831,49.83932975054014,41.85683524370465,-109.3049708940826,54.39854738772086,48.15262793657745,-151.14953365972957,53.329071248077675,53.573905295618495,-156.0050903036781,32.62290606054018,35.24249382750647,-14.303258135757263,29.26170473191551,23.534831126485035,10.28322695829664,30.20174463073439,20.38322464058783,-3.2595761970979154,16.488688327474524,32.52472463818355,-20.392774407052478,9.154101903425584,36.0599826307492,-46.14261125689189,25.05020049408887,22.59413060484606,-55.93622923259082,38.23372247519433,21.929557025071528,-61.46925374134848,48.66429933739402,32.44329329182867,-18.669226355896313,58.69051138928426,35.773178132110765,-40.454478542939704,46.98478818224032,23.990203800275953,-50.08559579344707,38.84543765178464,20.420170912194763,-54.025880947229396,3099.999999999994,6.604015400905959,-0.07345292434870719,-0.015749265935315906,65.37467281720703,-0.9809022991605294,-0.18630662950404486,2.7459410226428993,0.0101891283703288,-0.006880710984110701,4.563458400342409,-0.08466151762991843,-0.0032849821926839344,94.12572355826376,-3.4149639094518567,-0.3785292330511834,2.9581266140298723,-0.07681728504374785,-0.0074401406763954184,4.030381740045018,-0.10116315767950988,0.006279539134878812,2.155657301893973,0.02875108408379431,-0.007929577347605353,7.1956449989714155,-0.14869569766969642,-0.009594427759698638,1.1523959047759231,-0.0160763634137666,-0.00420843297298308,102.70113227514304,-0.9676605777292006,-0.44542953419315845,51.61159896680228,-2.1017286629860195,-0.06126743220766631,23.841964117568494,-1.077723426816508,0.09169704808542065,0.32420631472245093,-0.005891430260113147,0.00228317527587991,1.9629817963928489,0.21700887423902104,0.014856611816264636,1.8749025153781038,-0.012667484293058542,0.0012545241963346798,6.209127644836433,0.08970258162660116,-0.02237046796198019,12.209469205481547,0.34667458448396515,-0.025598262578704414,18.21785536173787,-0.1428746677351782,0.06306510450850529,14.172100946254389,8.839517551864015,4.005040328887042,165.226832414941,0.37721834265131865,0.13754062495752464,0.2191421791244846,4.379264742268621,0.027337229030835852,0.018403364018020615,0.018191791973791137,0.6269618290894293,0_1_21_p0
26.027255056133498,34.278126452631106,-66.42091031798964,29.032136799278902,43.73857057731671,-111.44562473766459,34.047933890549444,43.743407070215156,-148.6377881382203,35.562321519716946,46.2728960138275,-152.237745057539,46.59005659852112,36.468258644522344,-65.54000175258328,49.835448782554806,42.013676314939694,-109.41301367434073,54.390268861287595,48.16462733424079,-151.16019227623835,53.32959367776916,53.574806777762916,-156.00426174804133,32.583987089038615,35.19281744744814,-14.324695003518498,29.254906122891256,23.55778301201517,10.282563179012815,30.175837037805366,20.39884613033685,-3.217594554255588,16.4241921698703,32.479859065706655,-20.468500194210836,9.049271720505585,36.21410087318365,-46.2374235390207,24.79384958664727,22.40432962378463,-56.70251445780736,37.80527887649428,21.815169308593603,-62.99108740736248,48.65337160202363,32.40870279852853,-18.694575015153347,58.572094233662675,36.063926067052776,-40.611065762947206,47.436648132398,23.90409279652279,-51.18451232909127,39.65468386481648,20.09462704341736,-55.870699001318094,3116.6666666666606,6.473225613671178,-0.0973772679875505,-0.012607376046095962,64.25020316301661,-1.2747291082878554,-0.191638838006767,2.7582206789320804,-0.018260685057794594,-0.007188905135259069,4.337207260821977,-0.09025800506037063,-0.000754509604416802,89.6261550466795,-3.8012313986713635,-0.33417152096531977,2.8309782590670363,-0.08997295715296212,-0.007867707986953208,3.913847319870648,-0.06938695197795557,0.008809015284006618,2.1845490144699036,0.017528504759142603,-0.007853696370938967,6.74038526290173,-0.15345169445366913,-0.004399372417028541,1.1318334411075712,-0.01835454050544371,-0.00400631602222143,100.80952842882753,-1.6498634047089904,-0.44561271290392884,49.5102269196616,-2.1140979204097285,-0.04419374117934694,23.18524809362584,-0.9012650186625428,0.09725124588785125,0.35203678657772014,-0.0017638300158412871,0.002266367379342315,2.1762514799401185,0.2493688662859509,0.011491901111676587,1.8311564258985884,-0.014427513559950433,0.0008421344475762124,6.220571394726371,0.06362074497962875,-0.02374561636310954,12.205831262137995,0.2942923353492461,-0.02173423791968387,18.68159193808952,-0.09440857362877039,0.05462053865808458,13.943281905352412,8.572430534320402,4.13716161326235,160.360004934035,0.3318966724389013,0.1620867860686342,0.25065021957024436,4.908748056070515,0.022175021434333177,0.015598468645179511,0.015666036349096336,0.6016664253842505,0_1_21_p0
26.002377856001267,34.382996143103576,-66.4532395515806,28.96671297960596,43.75762140787546,-111.4775400738994,34.04621819168111,43.74954199096665,-148.63982008074743,35.56629710596017,46.268257447528285,-152.2488024164725,46.4983036575062,36.78626776650837,-65.60845552924182,49.83219104654446,42.15822398108877,-109.51243736754654,54.3794650014002,48.178807912287105,-151.17578531453987,53.3295940071811,53.57780760306091,-156.00074499533414,32.54085519429529,35.160980968066184,-14.34879415467207,29.245965433480936,23.58823094784141,10.281529104196133,30.14983815534874,20.414387386952747,-3.1726315540215695,16.365281999543896,32.408746726920455,-20.539348906772716,9.057058663261,36.2596377433794,-46.32120306247414,24.64288043612034,22.232355273577642,-57.46547148599477,37.44767438070644,21.620138104208404,-64.42387464230153,48.64039454909766,32.368141088632896,-18.722137404009757,58.41322122742712,36.31939614398911,-40.7737531276204,47.83677748059203,23.912603471834824,-52.272897111904115,40.41079347571196,19.834467374491194,-57.66945590791286,3133.333333333327,6.3272342962542645,-0.1219643002805513,-0.01016079991689659,62.66372063278912,-1.5537513330815753,-0.195464588530115,2.8546080123514392,-0.04404904514685261,-0.008317947982919441,4.201229725117207,-0.09343586407037202,0.0015944502749196863,84.58515811268857,-4.11215897066194,-0.2803305562606115,2.7355168949981485,-0.08879182798766774,-0.006882301044114411,3.8505089986429346,-0.03916549801498922,0.010317658525146413,2.2292126450030816,0.003921278177946148,-0.008026015734959088,6.253644189670139,-0.16041150996251557,0.0010214468216616667,1.088043822356021,-0.0189071766610989,-0.003580601336442491,97.99292625660931,-2.3250760559124313,-0.4352455355204776,47.57694600936131,-2.0834407930612358,-0.029493868388495607,22.753358223089258,-0.6495506264807709,0.09771368513844388,0.38454126903198926,9.34585540667129e-05,0.00174751626230008,2.4175363655217517,0.27536531591595526,0.008474200772590517,1.8142715346026823,-0.017168253221558606,0.0003585013278061542,6.258796988902922,0.027892394683783846,-0.025399748542113833,12.482710868868473,0.22383565073161582,-0.019671373553322234,19.37942955302408,-0.05880637025559517,0.041163404932829495,13.961595048086812,8.354075069925473,4.354613415613697,154.57958081172782,0.27538019367213057,0.17928128440349816,0.27889380059512286,5.431241564916565,0.01969787529364089,0.013005892376603432,0.014332385215257723,0.5648842200646956,0_1_21_p0
25.978258640530854,34.47444696332886,-66.48072653563685,28.90030247123651,43.77009336672351,-111.50427656841289,34.04725481771932,43.74913762683545,-148.6408608251751,35.57026145072014,46.250312674421224,-152.2465499426438,46.40098401122831,37.1067445798602,-65.69462907940543,49.82668574429213,42.269214334439,-109.58929273055217,54.36241900221456,48.19757037294494,-151.1921147759139,53.32723474363799,53.583250449341804,-155.9962526390661,32.492450638449874,35.147957985600954,-14.374979693715192,29.23195503922291,23.635499115049704,10.279516876226737,30.12337810810192,20.430614498804655,-3.128331112753038,16.31838088646266,32.324335176503055,-20.6030576991819,9.165153059212559,36.19688729396853,-46.388415842358064,24.5839513292584,22.1212027653095,-58.223370459035316,37.17760361246488,21.382567831635445,-65.77171998286356,48.63104868900649,32.33819893074368,-18.75643454271631,58.21106280464856,36.504553745419486,-40.94753733100126,48.17738366469421,23.982879227152793,-53.35385725531855,41.07794732314446,19.637368474655847,-59.38912159257094,3149.9999999999936,6.138953060504307,-0.14826579187404898,-0.0072699433848924765,60.522683827027244,-1.8167706524156584,-0.1934418266603083,3.0018544906787588,-0.06128915976943169,-0.010799479394676889,4.165459493213758,-0.10189343249869974,0.003469711224585757,79.21161814706333,-4.33612536980338,-0.21977099200355701,2.6338287259082653,-0.08505531655910416,-0.006199745237572901,3.8294302176211352,-0.010598639919845648,0.01120024178383971,2.266367541249457,-0.011999195204444835,-0.008451942253991939,5.821892787283761,-0.17491349254268068,0.00689765719717707,1.044054960761741,-0.027552397788850283,-0.0026283320116200055,94.06928617746495,-2.9681943536981064,-0.41507084756911117,45.74881773893768,-2.019098822987173,-0.017003839409914713,22.531390290475624,-0.3466271448515092,0.09478738326428546,0.39259830442789917,-0.00047793237956387613,0.0012204373840283304,2.757032051932728,0.29100212116426105,0.005109702162074111,1.8093382620892577,-0.023526174327978447,-0.00040865433725938567,6.294645643333693,-0.018798051967555907,-0.02711072325755226,12.981286141865263,0.1386775912526197,-0.021431838355547787,20.041154815531996,-0.027052899788134036,0.024489961477022777,14.227024478913707,8.154308086066555,4.66355850725835,147.79397541131183,0.22321784021244154,0.20226781113948955,0.2976282518728633,5.925447201630067,0.02251447023822897,0.010577920814194414,0.014634655419447699,0.5183983133220279,0_1_21_p0
25.955162555429734,34.55425007764308,-66.49677633526188,28.83312179985684,43.77427701055927,-111.52176921637403,34.04960444633885,43.748988932347366,-148.64623871544757,35.57821568693207,46.21167247179796,-152.22552647159085,46.30855213413072,37.3827550724621,-65.7647973518981,49.81714866210202,42.34315977528668,-109.6481447582651,54.34019706050599,48.22122635684007,-151.20429422251885,53.321023903192334,53.5904732911392,-155.99387571229124,32.44087777076331,35.14192745159835,-14.39952326581588,29.212957074690994,23.69915761578849,10.276563719839242,30.096212730634836,20.4469854669163,-3.0874996494682385,16.287301814452242,32.235244455308354,-20.650894730158633,9.347690326420468,36.03727654477093,-46.435883547470134,24.592773540003254,22.05126035874938,-58.93884858629986,36.993040177926474,21.14244145919581,-67.02290371219777,48.6280181715082,32.32745324024652,-18.801023050071453,57.968151218685136,36.608068976201004,-41.14121698794634,48.45250414300481,24.0288046168497,-54.411768269607755,41.62540500069497,19.44446739626153,-60.97603082778817,3166.66666666666,5.974820184704341,-0.15999803867087045,-0.00359219934612117,57.94221910414717,-2.0803520059929133,-0.18387386602870542,3.043807663091787,-0.075691340668899,-0.0139602432948699,4.167086540536924,-0.09682689323896021,0.004793462970010494,73.63061953580032,-4.462754369461481,-0.1560225472514269,2.4586394060971317,-0.08560074790813815,-0.006278126677362868,3.8664011506339144,0.018700586783539502,0.011582110286500717,2.276782540227896,-0.030101936721208294,-0.008928907679763209,5.647563568475341,-0.16767881706910553,0.012498150615278794,1.0294197733482735,-0.02894817388702006,-0.0012816501740282298,89.01846960318602,-3.5663050168463872,-0.38309215008192865,43.963331166305274,-1.9379403726931184,-0.00670376365344523,22.526670124322482,-0.08976690558670862,0.08890385024954255,0.384865455108856,-0.0009575101333256005,0.0008425896572579734,3.233247059302471,0.2879409606059667,0.0005293279498494199,1.811097619641157,-0.026181399718647465,-0.0013644883638524942,6.31181799188615,-0.06887629542656495,-0.028594020224134882,13.50022796078702,0.05002084914256161,-0.025882358383972993,20.41629887861268,0.004896735318316074,0.008413053160394077,14.633903418199315,7.97470346039616,4.990229490902292,140.05318824175893,0.1749807733513527,0.2093482432779008,0.2992412111346126,6.382112590957407,0.02874195964645784,0.008916864412916913,0.01657992681781757,0.46247552052473206,0_1_21_p0
25.93506835026988,34.627039515605304,-66.49933408744371,28.767696000584635,43.767334698380566,-111.52923225673739,34.05218435230548,43.750376988587874,-148.6547602350944,35.58998462304556,46.17560326826946,-152.19681385946404,46.23077768384436,37.584680949885474,-65.78564107823988,49.80586554934867,42.39280727158935,-109.69925287988487,54.3184491510859,48.246399314642225,-151.20703099287334,53.31263739335679,53.59770321099154,-155.99418230336596,32.38811801458592,35.13265926124837,-14.41753883612446,29.191627198361562,23.77044744666023,10.273166340209448,30.069014616100574,20.46134367009173,-3.053585589089508,16.27483908083992,32.14209054916674,-20.67457561372456,9.58320147326557,35.81255648119297,-46.469424395717695,24.653589314870604,21.95984307561787,-59.56778324468234,36.90052037688719,20.89774789361638,-68.14451785264278,48.62894380470554,32.32966016614741,-18.85798175287027,57.69981798304621,36.6551110134221,-41.35973348149237,48.65134684412573,23.972187152434802,-55.40874246250051,42.035156063555426,19.183776562688877,-62.37425559234894,3183.333333333327,5.909123902811962,-0.16197207900258026,8.254526132642334e-05,55.06943457958205,-2.3353802314586196,-0.16795866907866655,2.9452202088348036,-0.09082785539841744,-0.015558907731219788,4.167585487265845,-0.08616369845293192,0.005881158779039275,68.00924016801426,-4.50905645941165,-0.09137976282083396,2.2211074468522156,-0.10179998438629276,-0.0055211081996862565,3.9798702957030767,0.04550375696110057,0.010948075322926604,2.251582725699138,-0.04898560415754192,-0.009235953853055007,5.721851199408276,-0.1503424911767641,0.015775782263544865,1.0371255148677918,-0.026264090501305005,6.2367877405852855e-06,83.22765733870615,-4.087041497527106,-0.3378366204220913,42.16251173054958,-1.865147965898451,0.0016302038613331517,22.724852876062677,0.07895082725466149,0.08008921014398479,0.38101061876534736,-0.00012338046317540084,0.000677858075214226,3.8055858245982375,0.26614372439639533,-0.005741100018653222,1.8112078983452966,-0.025249605128986167,-0.00213405038857905,6.303722840972622,-0.11065882746838608,-0.02970445508780148,13.79160021448439,-0.01684745475976932,-0.03026513184254823,20.58816319127525,0.026569680714899367,-0.003739311878919793,14.931437225677097,7.856278053833448,5.312855194486175,131.75085352937575,0.15128351326274078,0.2129547706916295,0.28545011957702815,6.781558173893749,0.034129950358498966,0.008372047514540864,0.018982694297400265,0.39765197632461663,0_1_21_p0
25.918055176817955,34.69684487285626,-66.48528852062557,28.706194246949718,43.7508540692008,-111.52598217173248,34.05398564741722,43.75194063570465,-148.66175361034334,35.60394071416275,46.171036840300175,-152.17596082413957,46.161762838097275,37.72999439617215,-65.75635754329619,49.79736150407472,42.43428262949932,-109.73861768137819,54.303511443559415,48.262804051998835,-151.19423975020703,53.30663742564751,53.602304525682655,-155.99460393585483,32.33549223259449,35.11963271984367,-14.42676713304502,29.170287856538174,23.841778907845693,10.269859882663242,30.04442350408743,20.470819467896504,-3.028514912132805,16.282036153380687,32.0422188637633,-20.675161938613133,9.864858084207464,35.56281352064244,-46.501447063578006,24.776200695550983,21.8163378201859,-60.1027084908233,36.91549614590009,20.625099949832762,-69.11287713363495,48.6280671727221,32.32846216026277,-18.923751390699575,57.43107418835701,36.686169076750005,-41.60175287561583,48.766072193472034,23.79989530142002,-56.30284739476031,42.310775476440824,18.83751763510271,-63.55873962563259,3199.999999999993,5.906896138631515,-0.14822468586240325,0.0026983370549122933,51.962576970704475,-2.5391315130560237,-0.1473062072928906,2.787611124439843,-0.105763702551534,-0.015120375599179985,4.116367657266109,-0.06917125843519163,0.006835624618660512,62.539310489507024,-4.521308799129722,-0.028079207946087013,1.95029044226479,-0.11781560471572033,-0.003796282343271267,4.156106670646055,0.06533352626712362,0.00883563823024943,2.182405378671631,-0.06248717875280001,-0.009202888143168128,5.887486325551823,-0.12240530692523474,0.016727802724719625,0.9996919966171754,-0.02238486765359073,0.0006895119327915229,77.11681144735242,-4.478220879865445,-0.2819175830476728,40.36717139903383,-1.818822073493474,0.008708349055106236,23.11441646614308,0.1706423551382367,0.06843087908723366,0.3841813535228104,0.0003858218175052193,0.0005252594398573712,4.357142222493772,0.23379539899661833,-0.013515032782694444,1.7881386545663491,-0.024472923340842355,-0.002185340208452337,6.266742447968958,-0.13999013777996924,-0.030377341168761143,13.869832932356779,-0.037121754156123045,-0.031573914353437156,20.683784778799346,0.0235906811840612,-0.013190256923398865,15.067672706992555,7.744931035200066,5.614121246018258,123.31433972339873,0.12791045225112982,0.20429364244204334,0.26410395089411615,7.092639785263874,0.03573137908890898,0.008599161728347902,0.02227049661667309,0.32847913031177295,0_1_21_p0
25.903505258008465,34.7568380372922,-66.44535066200528,28.648697596532458,43.73777736110332,-111.51249684269978,34.05471497930519,43.75256486652177,-148.66485794654838,35.615496572394676,46.189877395764576,-152.1627464254009,46.08745619772318,37.866288159474,-65.71062713494274,49.789221959580075,42.47228931678951,-109.75428002487679,54.297368126781585,48.25681375015064,-151.16355803952987,53.30654994337177,53.60224358048505,-155.99268040474647,32.28565192265717,35.113469484281026,-14.430033684644805,29.149804920180415,23.910327320510042,10.26700762134235,30.026445550197607,20.473743544349603,-3.009385545715653,16.303586732141788,31.936154131315238,-20.662405190849718,10.193428927383634,35.31780561973137,-46.543002890765244,24.988132464901618,21.660177557616954,-60.57674786188938,37.03965279257273,20.333660244135007,-69.93498282597047,48.61850044360956,32.305355440558984,-18.988625306654537,57.18280420353143,36.731904938760394,-41.86389079205212,48.79812655240766,23.56353407541115,-57.073253393949905,42.473009386739854,18.485877974704316,-64.54949976307446,3216.66666666666,5.858265386256943,-0.12482596483626682,0.005576305415542363,48.64657127449195,-2.6826475513889223,-0.12234615327183365,2.5873322264177236,-0.11915571060829883,-0.013800731604829525,4.038055537189002,-0.04780264058419235,0.00843498004340312,57.321674237980126,-4.49554690893457,0.03118395946222696,1.7050310109033373,-0.1147956905261159,-0.001377186252923579,4.370340284924859,0.0793875423092316,0.00550135904485434,2.069895814198327,-0.0697020276805663,-0.008639173357895661,6.027338450581529,-0.08663059843938446,0.017137058060025533,0.9452573030488649,-0.019531798000654327,0.0015039600024971842,70.80921784116035,-4.725672804382319,-0.2187921186316403,38.64205803707455,-1.7869391126173646,0.014471260503800328,23.753311172558767,0.20797329948834647,0.05380934235418593,0.3889450431008127,0.0007272694752513205,0.000130457735996355,4.7992710035317465,0.19886659661559009,-0.02139798719957226,1.7489975170169363,-0.0242852218951326,-0.002180730581660201,6.187734385157123,-0.16390141011328946,-0.030566521453457163,13.790304297620072,-0.024216294364623657,-0.030250642031447086,20.688708609833792,-0.00949179139626419,-0.021636216076110364,15.04996017997447,7.591842894543612,5.831960124763891,114.9306208173313,0.08995159530947734,0.1789314297825231,0.24208341389450644,7.280671932122718,0.03476751504303175,0.010543965723343297,0.02688808965563327,0.2614356086301837,0_1_21_p0
25.893808370475835,34.79099850153775,-66.37225468187906,28.594527453988768,43.74270302167434,-111.48988473104309,34.054849065387685,43.75233740845603,-148.66533926708306,35.6182917565979,46.19553364205573,-152.14437477162716,46.00284718262986,38.03084149165638,-65.69030249457386,49.76974442340595,42.49855523864043,-109.74684471545035,54.29535636148074,48.22542290739323,-151.1224426103537,53.31181268850314,53.59787638552491,-155.98827831322188,32.24342475018276,35.12844267562482,-14.432633368584147,29.12957435046512,23.978149533734427,10.264646334374826,30.0171249335753,20.47130438261125,-2.9896051174844023,16.327210521244922,31.82881781508973,-20.64646709708305,10.564992468082167,35.08654918336902,-46.59677427831392,25.301178650957684,21.558263388945377,-61.027858187006224,37.25172613316126,20.069849646955525,-70.63485034122978,48.59672907563575,32.25147884718792,-19.044692826887587,56.96079106847517,36.79646786534588,-42.14017689823405,48.75284551932143,23.317858684340813,-57.71972430889812,42.54215423304539,18.234057085487194,-65.38635939873427,3233.3333333333267,5.709502750047449,-0.10088470901615115,0.008606813450654905,45.22341382695422,-2.7898216886761205,-0.09350851635840764,2.332254497934856,-0.13068964773185404,-0.011753548968246501,3.975643783401884,-0.024524680064771095,0.010089865763985403,52.36887202384168,-4.376617268294667,0.08477541901040872,1.5737206893269333,-0.10554927979298377,0.0011451685133423459,4.580169234401452,0.08653774942496775,0.0014145529967587028,1.9555103671148657,-0.0727645733276906,-0.007500648259372686,6.090754114739478,-0.04594636595317679,0.017590591210000044,0.908006210225006,-0.01732716565487287,0.0022528543121429828,64.36017222642568,-4.8537709826655515,-0.15002163406328228,37.01104050371964,-1.766811800491572,0.018061143688840917,24.73427006839243,0.20868335822587103,0.03505808966959383,0.3920861842743993,0.0007386248849648446,-0.0003376888220412421,5.115774067572813,0.1657327720788127,-0.028064971699538355,1.7246222713519448,-0.023750617651306496,-0.0020990090650820767,6.023060002035863,-0.18878360069965167,-0.03019727640791333,13.557438002397326,-0.01176722100566181,-0.027093698428833517,20.54785467821805,-0.07378396157264125,-0.02881522824448193,14.862752466318716,7.404950424267961,5.9526948644695015,106.72843319890833,0.047429274024586666,0.1509460267298914,0.22325281386079918,7.328759874987008,0.03230321026879382,0.013667086931059566,0.031337649467624205,0.20429555401673996,0_1_21_p0
25.89314914287286,34.788933677940015,-66.27219623405028,28.543764283411928,43.76260405822994,-111.45697176506471,34.054859061446045,43.75190340550935,-148.66496621068407,35.613087517942276,46.173553032855985,-152.11663805904172,45.916974008670685,38.22504409280749,-65.71936718113453,49.728638058228206,42.504399382051155,-109.73167390300517,54.29029224543922,48.18442709200444,-151.08443078875678,53.316952622982846,53.59325737630959,-155.98373285666185,32.213262651211856,35.1657981503181,-14.437415255461708,29.107228735576783,24.053302264283772,10.262334983438876,30.014318500545283,20.466543560274225,-2.9650247820677467,16.340789998634353,31.725286460169144,-20.63261619665592,10.971675070452354,34.85720096860006,-46.655366189881356,25.692792891982624,21.539961669230202,-61.46805144199385,37.514380426507834,19.873133261370352,-71.23070960795414,48.56561085209062,32.17394833350753,-19.092288159757782,56.75870160579143,36.856584253031734,-42.421245877070724,48.633288077968764,23.07921628337408,-58.24857231272824,42.52323271130752,18.11017222508675,-66.09736005638476,3249.999999999993,5.4536706363240155,-0.07748967099897683,0.011859116417172825,41.81767086805055,-2.8632690461215953,-0.06358978739876989,2.074671776287067,-0.14319335536120031,-0.008751925552978806,3.9408724388423186,-0.002718931878679833,0.011477914984226045,47.690075983773625,-4.168313607647379,0.13322060110329564,1.5577208515295091,-0.1004854930360772,0.002418847188868577,4.7393173553540695,0.0780293762258634,-0.0033872033604411926,1.8348252483193794,-0.07716339361852559,-0.0063004637428842585,6.0727754315334455,-0.0019255846200514626,0.018574904571228935,0.8939990582024648,-0.01367515278101154,0.002798304280864916,57.96261052352344,-4.868844392109141,-0.07802416739782563,35.43386420792694,-1.7589589221529278,0.017537550579044582,26.08029705849877,0.1693699507742335,0.009951236711102485,0.3936976929471429,-0.0020518114231424835,-0.0007472698622191564,5.343625822212937,0.13676531402477904,-0.03291825050920305,1.7137323126417654,-0.02259882420435213,-0.0021173575997118833,5.722603809595435,-0.2180304739973977,-0.028392654216503315,13.188417756267286,-0.00116941136536481,-0.022349379219861226,20.293917360826057,-0.15704192128593325,-0.03419793401871186,14.519399586610408,7.1826599438446825,6.018736046630829,98.92177816556936,0.002252864636506846,0.12965840737072723,0.21251653454407476,7.24428770708222,0.029060657792682985,0.017061773606651266,0.034639619813833546,0.17399099908176888,0_1_21_p0
25.902143912430958,34.75472594271295,-66.16660874283541,28.495513751885817,43.78407829606088,-111.41692288941687,34.054839692286784,43.7516201384787,-148.66422378954533,35.607950301010135,46.14416334352678,-152.08566015842703,45.84738043495999,38.41815053789538,-65.79785809391734,49.667399971135886,42.489074395899976,-109.72217583812713,54.2785214303729,48.15636453585657,-151.0570704350235,53.31485642841475,53.594301091415986,-155.98208018071884,32.19615736707618,35.20735740825705,-14.44332372335913,29.07924713201233,24.147737153230636,10.259345411554953,30.014006224259237,20.461452436750093,-2.937223754117733,16.338827392615663,31.62730894470424,-20.621894362274436,11.407728538716025,34.60535927108316,-46.70646173557374,26.125158778174924,21.579892408042245,-61.88365563026063,37.7878224301532,19.753170006905307,-71.73281359957852,48.531102735166556,32.087147502275315,-19.137402701494356,56.5675671958296,36.891273163221115,-42.702739713755875,48.44180260911861,22.85259510681171,-58.67856853738317,42.407827422944806,18.079886526130544,-66.69660014568333,3266.66666666666,5.127512429954815,-0.049900094187644045,0.015631462971807633,38.44399462732183,-2.8790700131844855,-0.03473542845530169,1.849625966568276,-0.16220324681352885,-0.005916599057360267,3.823210599703653,0.013722012239630802,0.012581876046536399,43.306179588196414,-3.898000656617646,0.17542531682949655,1.5620857541975957,-0.10189312267222142,0.00222424807374321,4.868271286833695,0.061867661090917486,-0.007860061474962009,1.6900998379167227,-0.08346485340883879,-0.004913304201683845,5.875199186268996,0.044130710642237565,0.020067891835733778,0.7601968945818882,-0.007646744548945731,0.0031254117836239785,51.80740675917386,-4.780998728986762,-0.0067215298367142,33.84200526579429,-1.7705778592720212,0.013906237428602811,27.615871686365082,0.10717082503721448,-0.02179520671267677,0.39469333900080616,-0.004024556341571002,-0.0009986984241024009,5.479029357570631,0.10389712364122264,-0.036953287338179645,1.6866677284834455,-0.02448758556959259,-0.0021302600500486568,5.3154597440140385,-0.24753690030347805,-0.025341456407083258,12.74925608039742,-0.01678672077677372,-0.015794968974662454,20.017732214605893,-0.2535314719670009,-0.038220454251720715,14.037859383890638,6.8503259111655135,6.024725419423743,91.64035562227541,0.047215607760848176,0.11719570414784032,0.20993067268107587,7.043948749078507,0.02553823266479613,0.020564462653405353,0.03774509435253684,0.18670553905963158,0_1_21_p0
25.916399949605772,34.70344376970388,-66.08375396469488,28.44673913379072,43.80580628493311,-111.38493332729047,34.05472348131534,43.75150449386639,-148.66310485013582,35.60790062500743,46.12912165874176,-152.0563854774708,45.81231101736358,38.57328923779306,-65.91530900703356,49.59810286971963,42.457265011356576,-109.71805250880769,54.26144423850266,48.14972521850961,-151.03694447975943,53.304091773632436,53.602877792958544,-155.9837421840527,32.189331689755946,35.23351184009846,-14.448164983045404,29.04380694954259,24.267605025110814,10.255265190679966,30.013621234439793,20.456084868962893,-2.910075339770818,16.322750218806867,31.533248470671538,-20.613625120467812,11.865042239702971,34.306862451613995,-46.7401622902538,26.572878230344433,21.629682520771414,-62.25488345955009,38.04968539272321,19.70717060421038,-72.15599726484601,48.497441818790556,32.00124809899194,-19.1852927851064,56.37703941710773,36.90727319418688,-42.98592776241692,48.18711491493719,22.659193407667463,-59.04548368397226,42.1947104335557,18.114656449565793,-67.19887744884244,3283.3333333333267,4.949603449743644,-0.017816975689344264,0.0198306672249012,35.07685909719111,-2.8392418455308843,-0.00709044862325346,1.63234258846333,-0.18382471465278688,-0.003795764090302534,3.878219544684388,0.023798641771054875,0.014406219934864514,39.26541792609861,-3.5799017918162077,0.2105219559457957,1.538402075995865,-0.10481579823956086,0.0017687801834420705,5.019538576918745,0.040866281393404605,-0.012088416800636893,1.5110735582594446,-0.09008470025219548,-0.0032650824665941517,5.921292458961366,0.08497302345093319,0.02286190162525283,0.7362251750674862,-0.00106497399770397,0.004524447224958499,46.05363845879516,-4.589761705856974,0.06136433776964552,32.18585749512615,-1.7922969099056403,0.008094524302411681,28.640217839363675,0.02148825535595525,-0.05779802337855526,0.39939248313743425,-0.0056087943786576845,-0.0010854778518871592,5.467555737389562,0.05912152545266443,-0.03988680023378775,1.682851359098725,-0.031154906332895096,-0.0018301298465173625,4.8995147967015376,-0.2750846499938921,-0.02108528384889259,12.34369624169245,-0.0486339047637145,-0.007948727384306731,19.745271823819312,-0.3451215918044294,-0.04188751305177898,13.690454385875038,6.740873285763856,5.902715592508548,84.78422599208157,0.0979064421116348,0.11346097331711609,0.21307776446301588,6.734400055100379,0.024204313932701452,0.025078304943661596,0.040199818674130625,0.23213523201439562,0_1_21_p0
25.930711645046138,34.65366445205072,-66.04574257238981,28.396393505907554,43.83540777204451,-111.37819344916906,34.054625467428586,43.751917706258176,-148.66262395304753,35.611106939694245,46.130741789967274,-152.03213997146187,45.82286719035861,38.66663044947697,-66.06255939727026,49.53325594714541,42.41256695951087,-109.70893989937221,54.24252740875373,48.15552596893634,-151.01656127360047,53.29089156868725,53.61449754742578,-155.98575423055848,32.18807120786929,35.241375059533894,-14.451296163385896,29.003178771684198,24.405228875056643,10.250348063107722,30.01261004501357,20.449639983520072,-2.887330304785648,16.298167573935032,31.440266228367808,-20.606821135419967,12.326715826462285,33.946977521704866,-46.75102806353034,27.027178435471644,21.658040850073785,-62.57310416408844,38.30676865567494,19.734581348956258,-72.52112982809264,48.46592276799377,31.91975972835429,-19.236758651824093,56.17692863680646,36.927178533125335,-43.26675392219357,47.89024385676913,22.515656293179976,-59.378060793003385,41.90598166450457,18.202038033216738,-67.62430543028088,3299.999999999993,4.816762313306413,0.010522228068891809,0.022399703041958454,31.800469045822467,-2.7605991203500517,0.020562930333459545,1.4102986091009322,-0.19366184364413236,-0.0018986244008471218,3.9445834326721707,0.030425733721627067,0.014561530936790806,35.678625659085945,-3.2254628085442896,0.2376043918366305,1.3980896238981373,-0.10014611137252324,0.0017234355044021797,5.181987513847963,0.015937514061982905,-0.01646476718288533,1.3092323835747406,-0.09476496766519457,-0.0013189278814146423,6.008397801932143,0.10489045950824001,0.023123825242492214,0.7725502439423344,0.0035552042878476044,0.004952051023849024,40.89230058161005,-4.3062393683400915,0.12466553878253052,30.494891548756137,-1.8122402342071118,0.0014474406217121747,28.907179857247446,-0.08961322107123498,-0.08845783066516869,0.39421612178817883,-0.006168025190873627,-0.0011948381498096854,5.294486458588589,-0.0018420883391898485,-0.04092099471767247,1.6621583702247635,-0.03914194295089174,-0.0018801714230298977,4.517910628256062,-0.3006407079674086,-0.016564143140274608,12.087286314516739,-0.07596128331183927,-1.8581783724196804e-05,19.35332030658614,-0.4175196501859428,-0.04558420396303023,13.49827154102949,6.650609213782874,5.633348778587276,78.38235377372767,0.12950723940471917,0.11246538084817659,0.21561238848841482,6.334463041475954,0.02312383270844188,0.027317404738662412,0.0409862434733368,0.28787226268179206,0_1_21_p0
25.942866219004134,34.62084786421404,-66.06172837414434,28.348677257278453,43.87133814021148,-111.39946828643686,34.05511880968483,43.75416996696168,-148.66557648143498,35.61390534523943,46.13916900428919,-152.01551903862503,45.87725705985661,38.68749629526642,-66.22824900330173,49.47799714255332,42.35374945388307,-109.68740980924632,54.22348503945778,48.16462480575657,-150.99363384015516,53.2820144881239,53.6236019789768,-155.98518379859655,32.18826142997845,35.24004871497721,-14.453381285992853,28.962627450204575,24.542884971954003,10.245181341844795,30.011332202680197,20.44152782076864,-2.874023824585855,16.272047744699965,31.348336234505908,-20.600800996749673,12.772581656428391,33.527644842426604,-46.737071172340485,27.482956851512284,21.664049992905664,-62.8426616949903,38.58324476409629,19.82972346352269,-72.84203478885439,48.43599664767068,31.84220500722386,-19.288541486211418,55.96594151702451,36.96077138716254,-43.53415918216137,47.57963321322518,22.412503757223327,-59.678406226265466,41.573134570963894,18.321363197690076,-67.98790081674224,3316.66666666666,4.8049877555309655,0.022373326084196836,0.024117890233457416,28.761526036525172,-2.657567108186707,0.04724278751046007,1.1917447361725255,-0.1890886668197802,6.862910508926574e-05,4.018675886390175,0.03592420425004056,0.014293265156933192,32.67560529464255,-2.854365227896945,0.25731405865766915,1.256057747863168,-0.08907951723003403,0.0032400279401747605,5.3065460682730725,-0.013412381800941462,-0.02072441000494179,1.1658306825729288,-0.0960003788926892,0.0007806879651914374,6.137602184276116,0.1070561580685398,0.022530029630576487,0.8243642013212158,0.004751571311993721,0.004839678464306116,36.48022961192509,-3.9666636058399742,0.18017543686116216,28.822873044989464,-1.8236035878410366,-0.0044871593781309555,28.58280511093863,-0.22446111718173184,-0.1098753191452653,0.3805851792202449,-0.006814389074718592,-0.0013478878071668582,5.019761550476085,-0.07415153744764202,-0.039987914564272475,1.6220576640325044,-0.040979431696503546,-0.0020943404671678275,4.157944469607536,-0.3246816307857084,-0.012748675543322598,12.026727065731187,-0.08196886959282626,0.005796112773990933,18.744369250956524,-0.47735601045360465,-0.04806471055386108,13.502308116985851,6.653633350067624,5.289368839498854,72.59656868227653,0.13483292091593185,0.10711956736081121,0.22465317085024816,5.88675323106235,0.02326364456493168,0.028741840413995908,0.03999559344293587,0.3404417137456843,0_1_21_p0
25.953906316565444,34.61060909612253,-66.13041085603741,28.30985143861129,43.90229401618044,-111.43731743748448,34.05702920238923,43.75991622470609,-148.67438091294468,35.615003846016656,46.14503526396715,-152.00393661402188,45.96207220123147,38.63872117231211,-66.39257991002962,49.43033678624355,42.27744782931023,-109.65840842123087,54.204107832713234,48.17612866206767,-150.97222425908475,53.278742316528,53.62858984803125,-155.98193887595198,32.1879480153684,35.23763133393834,-14.455057091623564,28.927230730705222,24.66349237512957,10.240222177783673,30.010168208686178,20.43229963258807,-2.8748436542683042,16.251520865250782,31.26458036590392,-20.59587462975828,13.188685336465195,33.07351021443728,-46.700160605210165,27.931883389083943,21.659232553895418,-63.06888813266772,38.89460698935922,19.972188142099306,-73.11632810972843,48.40655617183403,31.767205371429757,-19.33570071594459,55.75281717342635,36.995372173849674,-43.779887848236065,47.277120513169386,22.323361429688187,-59.93550532642888,41.21283246684822,18.436128307803045,-68.29057037020469,3333.333333333326,4.913596877747269,0.03746453547451913,0.024249908177222657,26.015459385464858,-2.532496695430145,0.06944886157592334,0.979502555559381,-0.17895977253837653,0.0020069931884477885,4.1021345684122315,0.050402193537372554,0.01356870051393824,30.300487066458345,-2.4898268432951647,0.2721592003407046,1.2904955726309628,-0.07428299096438495,0.004752021183531057,5.370280490499866,-0.0460226840265762,-0.02435075773554413,1.090784607786145,-0.09216381074467661,0.0022617666282462937,6.308437681698142,0.11025023090396063,0.02104240328638958,0.863136896739663,0.010667305446262789,0.004578790436167558,32.82866719700391,-3.6019256897034615,0.2237181199058567,27.076599254437088,-1.8284437799460154,-0.008741535941342941,27.886592723843798,-0.37920433025172146,-0.12352956389843073,0.35982384124164796,-0.008832477338707212,-0.001441699722031932,4.723388393782114,-0.14508028188239605,-0.03789962566791862,1.5684189469825704,-0.04310175577524547,-0.002211912136456603,3.777864127737708,-0.34662107763493827,-0.009859458327484007,12.055028037845878,-0.07402597992446379,0.007634092905129099,17.97348627348333,-0.5312741429964559,-0.047937311756657386,13.605884277661605,6.780172387914899,4.945668229415123,67.45077978126959,0.1327966833853683,0.10729166179459944,0.24813112740856097,5.429379794279535,0.022384416689992203,0.028682499207977965,0.038020063594206156,0.38375473113084435,0_1_21_p0
25.966030061394274,34.615603402351944,-66.24312909867432,28.286799474904583,43.91926442560838,-111.47909136574252,34.060607122128076,43.767851947561304,-148.6858955954986,35.61653900008281,46.14433083937198,-151.99176355448918,46.061385536124064,38.536491456999045,-66.53514478042246,49.386610623162106,42.18668260238842,-109.63506907772556,54.18562525922608,48.187391264102544,-150.95734907902482,53.278550420179194,53.630865609952636,-155.9777895461601,32.18690899555375,35.23709259142254,-14.456561159499802,28.898967971456656,24.760312304789778,10.235689674903906,30.00924131097486,20.423481043361154,-2.8890872329810193,16.242387244938207,31.201855191902773,-20.59330266403113,13.567133991450515,32.62002223130322,-46.64486487942072,28.365281583444478,21.647139759181467,-63.25207067398608,39.230855831877534,20.14304378736736,-73.33195227544775,48.37685431794015,31.694291403775164,-19.375051068532237,55.54802879218366,37.01885375730732,-44.0057839465559,46.99065700416566,22.22368497717934,-60.14541366885553,40.827099497047925,18.513850443382122,-68.5256515075667,3349.999999999993,5.0907447656636915,0.055649277411116374,0.023203465684182818,23.527347487065214,-2.383530044536644,0.0863375800538108,0.7855963066650886,-0.16611410615336872,0.003814382699537251,4.195588199370842,0.06668646882986262,0.012510763000708004,28.476464533843746,-2.143332624295726,0.28167938386837316,1.3748874171351158,-0.05963975734361267,0.004210669010939604,5.328447981419535,-0.07994486272812934,-0.027321725772115165,1.064188701978614,-0.08375863980679599,0.0030199274636237947,6.506449509673764,0.11516317048030426,0.0188472481484566,0.8924884199528301,0.017716451268378137,0.004444273785282786,29.894567535159766,-3.217985088678435,0.2542989344079479,25.109421959428705,-1.8308115076534057,-0.01170302690580507,26.97221449095656,-0.5518520817726004,-0.13190715801253847,0.3352856879969236,-0.01095676259073178,-0.0014926373490984246,4.448973377575039,-0.20396570125405433,-0.035543090534674845,1.5186432506085064,-0.04415262026928969,-0.0022300495124378842,3.377373634341658,-0.3632565644920988,-0.0072421806069905,12.03296089039662,-0.0597308919485376,0.006865154775298205,17.11109593814825,-0.5751030914024071,-0.045083317325738656,13.679401778285063,6.973104574905847,4.641446247112661,62.83870081949948,0.12973178210463115,0.11612150974750196,0.276064147062735,4.975542163193146,0.02005864184979383,0.027195632015068538,0.03587451410152019,0.4145277935445816,0_1_21_p0
25.98150745813873,34.61941521795384,-66.3838745449074,28.288132252630366,43.91749307647089,-111.51796572481001,34.06556537730206,43.7693563495684,-148.6896214753906,35.62232858053652,46.13790208979769,-151.9795683534656,46.16687610119538,38.39529248444761,-66.6494220111256,49.34732006278236,42.096942158451384,-109.62743255803589,54.17155137626275,48.191159220433086,-150.9525709922408,53.279119684575114,53.631890670005056,-155.97415886898239,32.18555818843562,35.238265544856226,-14.45792968624479,28.876430044546264,24.837916530102188,10.231687554818636,30.00848746656179,20.416408133461108,-2.9094561460830564,16.24501938239407,31.167955322240005,-20.59379514569102,13.901396140551581,32.194145743801776,-46.57699319215437,28.776136816566044,21.619710797536108,-63.39455834480938,39.56068550608752,20.347866977289907,-73.47973551672166,48.346893235247094,31.623382722080624,-19.40877484064861,55.35794728658695,37.041806357804994,-44.22003967734682,46.71977657128212,22.10364539962464,-60.31192525797865,40.42003686519081,18.553858090880055,-68.69118292670078,3366.66666666666,5.310880548686526,0.08050947827004186,0.021600908271793638,21.301167471192677,-2.228575919269404,0.09905062050323465,0.6103203485140756,-0.1495395683524767,0.00559824109830362,4.296423282641779,0.08191071970302005,0.01137265279259518,27.101450931968824,-1.802922382121929,0.2817404428699973,1.323695863525878,-0.053690249319933464,0.003644448839355084,5.084287963258599,-0.12019500238457345,-0.02885114047877614,1.0270981101920198,-0.07697845138412127,0.0034216976246515016,6.711501493600958,0.1251718741147649,0.016329837430926177,0.9267061493923981,0.023620023707530035,0.004370384492651009,27.776862547190408,-2.820225915676375,0.2713801228179161,23.12584308736768,-1.8510346617240598,-0.012395473520371942,25.725797355239344,-0.7519964679960055,-0.1365418881350871,0.3212596152305829,-0.012972877949128636,-0.001577220156934376,4.227731190311804,-0.24440489135209495,-0.03319966282857019,1.4921740628333064,-0.04618787755562868,-0.002246706285315285,2.9501142847654056,-0.36226906826792094,-0.003939516651463162,12.188290091657523,-0.04094835294867233,0.0058845852784521245,16.325963118800523,-0.6073775839094483,-0.03981113462038383,13.91397382694839,7.183693439077911,4.393305415436721,58.80045892190434,0.13169952801210638,0.13759835057492037,0.29668420146238306,4.547216204668117,0.0173577629439929,0.0252161466171888,0.03384177787823841,0.42902918682619917,0_1_21_p0
26.00287548751999,34.604743744015686,-66.53151723799199,28.318345756358966,43.893253375234984,-111.55203103583209,34.07251542796189,43.75141173379118,-148.675216213464,35.632906472088585,46.13047764818747,-151.9749494989724,46.278240321918574,38.218871252564874,-66.74187004413777,49.31563793917585,42.02500848791638,-109.63625078764684,54.1641854411656,48.184616285596924,-150.95870763018831,53.279556349006484,53.63238465346522,-155.97132559565802,32.18430474001347,35.240114668783875,-14.459085396731286,28.858213741467797,24.900852297086917,10.228405504082264,30.007772088680895,20.411827220204486,-2.926882425962371,16.254412764658348,31.15705086530733,-20.596278846302315,14.18754138586974,31.816158693691943,-46.50467093183753,29.15592570089401,21.56471004118113,-63.50223711623022,39.84786349343717,20.605952588359035,-73.55610766796299,48.317012747970786,31.55341466345547,-19.441866884304222,55.183703080657565,37.082531475625274,-44.426173496445124,46.463202976520904,21.968887921663317,-60.43843230080178,40.003382742892015,18.582304763762565,-68.79224587662938,3383.333333333326,5.578732883439604,0.11250764429656321,0.020034765379600545,19.477670435021835,-2.0747827599111006,0.10951520896321032,0.4215593101485062,-0.13279803100725662,0.007446750864122728,4.407059908711669,0.09529227662767395,0.010332690073371023,26.11514826342388,-1.4807792182194917,0.2758432338711291,1.2071200549148273,-0.05542810688151959,0.0033570702661856015,4.778523915006697,-0.15706642013941935,-0.029336649831114416,0.9772398438704996,-0.06977828484731154,0.0039125527619265875,6.915604849303702,0.1406068675734911,0.013589990123601231,0.973342654121835,0.02797400009326078,0.004200003164813908,26.277945321807877,-2.4258990034631442,0.2809263266385748,21.018278120280993,-1.8748472316321936,-0.012269624549128928,24.360920598647475,-0.9764787271709224,-0.13850838717835826,0.3241729239084242,-0.014887017807469299,-0.0014750168502489366,3.9759932201400914,-0.2789339941567395,-0.03113399288798178,1.4469577510587934,-0.04912215397228845,-0.0023045090050679024,2.545743484350751,-0.35222945142246503,-0.00034587384851024017,12.230910057216867,-0.013088883888320997,0.005027433362850366,15.576457473519069,-0.6321131840314059,-0.033274565945901356,14.050649495999878,7.426152919984817,4.115972795223615,55.30890181883656,0.14121476583654846,0.16801195503240585,0.31671517041636765,4.17124465114741,0.014490097231470876,0.023335652803971273,0.032250390396025785,0.43394209759094415,0_1_21_p0
26.030560314356872,34.564366060495104,-66.66682247641542,28.372067889568964,43.85151625086847,-111.58452832871977,34.082647073719755,43.709442847119135,-148.6432816956294,35.6435701643557,46.126724624860195,-151.98050025442424,46.39273248984488,38.017422262262166,-66.81973918860167,49.29054752893276,41.97035164629461,-109.65390794484719,54.16221031967334,48.172203907768946,-150.97140519029563,53.279763769355114,53.632604114796386,-155.96892928091427,32.183328090982464,35.24195928642108,-14.459877627351798,28.8453814184095,24.94546216972145,10.226153079761986,30.00700041411045,20.41000156859306,-2.9360053810259465,16.265788235213893,31.156056566375,-20.598838837301127,14.426884759858,31.505325129735578,-46.437576594708084,29.49124189438388,21.47878517357791,-63.57747562260588,40.06583119376051,20.923078795263255,-73.55934461912753,48.286997954411746,31.481603753645437,-19.474237595483206,55.023074989836296,37.13876194288258,-44.618035703021526,46.220291338780115,21.827970608582962,-60.52458585566042,39.59080154923013,18.61945092511501,-68.83646121782792,3399.9999999999927,5.871698425164143,0.14919421649946904,0.01818898656779689,17.934056144063977,-1.9231273817644603,0.11613670473101367,0.24448377088695555,-0.1182256211239697,0.00972900621814065,4.522439119779581,0.11419986652426795,0.009650380958665572,25.513091269820226,-1.178296030616444,0.26581207218009784,1.0615917523148521,-0.0585236138074731,0.003501119452552837,4.442424438522204,-0.19192489192939904,-0.02931193638772992,0.9150970374665248,-0.06097543220335712,0.004530250532500221,7.096488139047759,0.16801503183611174,0.010714441887665377,1.0280803507961815,0.0403143105855272,0.0038711954797631754,25.222860589610338,-2.0477292871534236,0.28361125895483563,18.864364090353074,-1.897680958450998,-0.010845654547370092,22.853714120814953,-1.213597495529838,-0.13894917166927065,0.3084663887480339,-0.016760100157871265,-0.0014273263028754175,3.6438549337226944,-0.3072998823425553,-0.028808274125425186,1.3420146670958313,-0.050978122025738884,-0.0021596080706741978,2.1683758934253117,-0.33507730970094474,0.0032650724883316364,12.251777570409546,0.019446680488018703,0.005917956050695667,14.864330938465555,-0.6553655955648188,-0.025855891206900513,14.158608601922577,7.681756252586481,3.7649506876215972,52.27124158701671,0.16913670300940814,0.20791933687056782,0.3348559668130209,3.8642753044286224,0.012240158037465197,0.021398930914142755,0.0307423712482541,0.43074588339506603,0_1_21_p0
26.061705497595604,34.50568472647614,-66.77900560084606,28.43822912886384,43.80949478978609,-111.62103778795154,34.09470183896794,43.655283767554295,-148.60606729435085,35.64905939917749,46.12427169243651,-151.98801570266934,46.50056959268478,37.81989358108407,-66.88848011904278,49.26758453956799,41.920966881539435,-109.6704982903004,54.16253490226842,48.159245549285465,-150.98481920072163,53.279883540550735,53.63211197281017,-155.96689589049342,32.182606270557535,35.24370754218243,-14.460217517395638,28.83911758308756,24.96780482994567,10.225031945667673,30.00617655482838,20.41090601953181,-2.935788745587432,16.276031392135,31.15646745905498,-20.60052162179827,14.623916920928004,31.26761863344155,-46.3813859597424,29.76631661443071,21.37793109446051,-63.621036612903396,40.20337173055151,21.282225084393637,-73.49093631982936,48.256037935503365,31.40461773565076,-19.498941080759906,54.8735545427736,37.188030912420565,-44.78499647936121,45.99004831343264,21.684199868723503,-60.56845745345994,39.194195845899685,18.666496699473285,-68.83318196963616,3416.6666666666592,6.132653605737718,0.17599750695850633,0.016043638310195434,16.533232298896394,-1.7719080509910201,0.11904959151771762,0.1388800084298017,-0.10417070668160583,0.012185366664620542,4.62347254636133,0.12159607081290187,0.009392359483085895,25.248677407635977,-0.8986884919120238,0.2525951829042863,0.9564477355092831,-0.059749215342105456,0.0037461717009997543,4.105463861563658,-0.22827092095974044,-0.028964578640174293,0.8553080252499775,-0.04988585494242793,0.005169174106610087,7.220920461098942,0.17917856156827772,0.008186492481969083,1.0827478376659876,0.04533259147071531,0.003505496973434045,24.424879078084636,-1.6963219351084293,0.2794034339372692,16.7797276531986,-1.9162287633674358,-0.008748343644642852,21.182471808253958,-1.4166343655642388,-0.13782439323056705,0.2923450772457516,-0.018880082380470883,-0.0014055362142580217,3.205615734214623,-0.32587396015912035,-0.025688728175868484,1.2239684753777809,-0.05438397106409593,-0.0016961365097430236,1.8022073723750207,-0.31733844253068405,0.006745440384129093,12.360808711109431,0.049742122386698645,0.007890470376909762,14.153504125823538,-0.6788663241271374,-0.01876384519080893,14.31542120575417,7.915594624446378,3.3206643477236355,49.57921979073026,0.1859549291231894,0.23387991212497833,0.3457368545059524,3.6217763100367883,0.011370056373045246,0.019411065644144448,0.028898343845095226,0.4199428974479093,0_1_21_p0
26.067709856426063,34.481736221168354,-66.84533945375016,28.47251686794753,43.80472912124154,-111.65526766800315,34.09843011630818,43.64699013559783,-148.60369505021632,35.64708858019603,46.11243019993876,-151.9867341775911,46.59436674110928,37.65300994423697,-66.95371914528805,49.239240624422145,41.862220386942376,-109.66355932433768,54.16311217735264,48.15293614267795,-150.9903244277857,53.28010664796506,53.63079176787235,-155.96744931980075,32.18205502835054,35.24550197028965,-14.460184693096442,28.837782245858612,24.97344887701183,10.224712046632975,30.00535020944738,20.414672582198026,-2.9266355517385803,16.28288890866975,31.156517074702084,-20.60151897534623,14.782618186310135,31.0862098329299,-46.331431435047726,29.96902356750083,21.2934296881473,-63.64012097826581,40.26255890549896,21.656265706608988,-73.3591739506994,48.224308742799515,31.323109039419407,-19.509884828853515,54.733160470622764,37.212671277532024,-44.92097551046806,45.77334430462739,21.543491172155584,-60.57451162709191,38.822726166238006,18.72182943892239,-68.79870669084278,3433.333333333326,6.244723794074915,0.19979627449928095,0.014147884368598228,15.20592795678144,-1.6267384188017187,0.11937484113593946,0.10889020653810053,-0.08979841882207845,0.013856104521239594,4.706448551016454,0.12823527890106592,0.009364307179563009,25.19376174956009,-0.6493455795466129,0.23695561906377607,0.8849146884017052,-0.05319956528367135,0.0034850664538215352,3.7786845686889547,-0.2653623931130263,-0.028355395050358077,0.8115770423088,-0.03727528467967036,0.005678792385362782,7.327693570436373,0.18760795328188323,0.007053534859698708,1.1083990845476976,0.04633108646328674,0.003270571284817594,23.72770325110654,-1.3844099446096734,0.2690432546272298,14.808457912934028,-1.9324553565704155,-0.0067694144973921375,19.3579361183367,-1.569178959924318,-0.13500502100880135,0.2787947826445685,-0.020341697570678274,-0.0014520799406320076,2.693312762883607,-0.33367499406769174,-0.021489981186092032,1.1965164228977434,-0.05666471213650358,-0.0011446838918322405,1.4334983791869957,-0.30188896061822507,0.01009302883213338,12.562067170591996,0.07009423685009465,0.009561664340536121,13.42782303447118,-0.6944009775930169,-0.01295126993844503,14.54306104850969,8.041656163074828,2.8150396109814046,47.11273395093511,0.20027467681715141,0.25488090481524134,0.34755172929647465,3.438745648478122,0.011881825574298965,0.017723262767991483,0.026192739582528594,0.40265171635701685,0_1_21_p0
26.079718574086968,34.43383921055274,-66.9780071595583,28.541092346114887,43.79519778415239,-111.72372742810633,34.10588667098861,43.630402871684915,-148.5989505619471,35.6381745593097,46.082788840674624,-151.97239247465444,46.67672948099917,37.517731859120055,-67.01709612332782,49.18255279413039,41.74472739774822,-109.6496813924122,54.164266727521024,48.14031732946289,-151.00133488191375,53.280552862793684,53.62815135799664,-155.9685561784153,32.181623955065476,35.24737519021505,-14.459977453796261,28.837965586746282,24.973842250566953,10.224681447568766,30.0045691463382,20.421041759396118,-2.910233859286403,16.287942254613558,31.155925941578154,-20.60201887141177,14.905234324425182,30.93411181349307,-46.27362688722422,30.093574808446945,21.254127542650856,-63.64458683037127,40.256493853704995,22.026816067223447,-73.17839318034115,48.19516589681355,31.24676233853496,-19.510067264347423,54.60189758731413,37.215643280895414,-45.029384905772226,45.57608507376262,21.423774522748616,-60.55945093591517,38.481552632274244,18.796505297293052,-68.75837722055851,3449.9999999999927,6.468864170749302,0.2155239367959366,0.013351337476529758,13.975126539252301,-1.4973985894171735,0.11807413828866048,0.1032145363641952,-0.07565880472481717,0.014566155323478805,4.872400560326698,0.13435924927388196,0.009411496304184037,25.19190784007955,-0.43892079401915296,0.2202054820649041,0.8360455777990157,-0.04653528696275447,0.00279750072161321,3.4657664102474124,-0.2999278397660383,-0.027451469558441684,0.7999482175014817,-0.028560679329105606,0.005958753585081844,7.541239789111232,0.19323074237060894,0.0071040264038954685,1.1597015783111173,0.04629698888892263,0.00326389968029484,23.087926101800495,-1.1224490812775945,0.25494618031830807,12.940514699843602,-1.949945112613618,-0.00536248339464452,17.42635151236726,-1.6823011033382245,-0.1306025541414819,0.25169419344220223,-0.02123967401297376,-0.0014928147955640596,2.1809379942578317,-0.334698986022161,-0.01653484517520906,1.1416123179376672,-0.0576516053876914,-0.001003201132080446,1.067426283444884,-0.28788201269222935,0.013339608269789884,12.759443233489822,0.07738963942081345,0.009811538819686627,12.714672633852507,-0.6954689951657996,-0.00797614122700457,14.821392956990367,8.306443251491585,2.325308780785478,44.82116907990972,0.20815205040253668,0.2694192841396147,0.34433033322725254,3.314163358844277,0.012113359779906714,0.01698671348529713,0.02282719277886727,0.38145830946246395,0_1_21_p0
26.091727291747873,34.38594219993713,-67.11067486536648,28.609667824282248,43.78566644706326,-111.7921871882095,34.11334322566904,43.61381560777199,-148.59420607367787,35.626312378409054,46.043219281723914,-151.95029307793934,46.755621796425636,37.39552708836379,-67.07432908991305,49.12586496383864,41.62723440855407,-109.63580346048671,54.16542127768942,48.12769851624782,-151.01234533604182,53.280999077622305,53.62551094812095,-155.96966303702985,32.18129912694033,35.24918374550627,-14.459767080569408,28.837347037825943,24.976773004976287,10.224603832757335,30.00390453008887,20.42824372745582,-2.8918398698232637,16.296373456918943,31.15321968158664,-20.601765188935,14.99549322449885,30.795009355957248,-46.19534350869025,30.141041979875087,21.268979022648367,-63.63621086842684,40.20656087965943,22.39360132484728,-72.96954155978695,48.174587861998475,31.19139423453073,-19.5103892552069,54.484354858726,37.21543735567326,-45.11986460795618,45.408212090445986,21.3485840586483,-60.545674738976295,38.17129610644632,18.907254956219365,-68.73540559388964,3466.6666666666592,6.693004547423689,0.22322602042647544,0.012338783159460135,12.89362060644228,-1.3875838505817604,0.115304208735167,0.09562063411719293,-0.061939970115240064,0.01490582496191458,5.038352569636941,0.1398588044264277,0.00886005084487716,25.17168487354424,-0.2703561509089726,0.20389262480240303,0.8104346507491473,-0.05163565536202186,0.0018612728478608937,3.171167344002919,-0.3304383442724959,-0.0263301836423446,0.813516217096387,-0.024403115726209373,0.005900582826433757,7.754786007786093,0.19607812378746456,0.0070859596630841615,1.211004072074537,0.04713230877858747,0.0029426036017638885,22.53944151098382,-0.911188788263101,0.23917162910029327,11.179885422273463,-1.9624845162044406,-0.004390429727159987,15.475529945969761,-1.7706340706997306,-0.12487373281019626,0.224593604239836,-0.021662290761225052,-0.001442101358486534,1.7397854847209313,-0.3342797614045326,-0.011671756142572626,1.086708212977591,-0.05773596458170086,-0.0008427293501199772,0.7388859177756405,-0.27253411921814696,0.0164460893095084,12.894340918392007,0.07876102726484943,0.009131381568880504,12.062162238797685,-0.685741551282344,-0.003395561030551475,15.04661868149364,8.575314495733421,1.9229678816853484,42.760559784747365,0.21130530055781052,0.2794292992041097,0.34084458458320094,3.2355745560733955,0.011558241808482222,0.01567351819110776,0.019830037492110868,0.35868975235628664,0_1_21_p0
26.103736009408784,34.33804518932151,-67.24334257117462,28.67824330244961,43.77613510997411,-111.86064694831268,34.12079978034947,43.597228343859065,-148.58946158540866,35.62243026017905,46.03785149335926,-151.95011335814525,46.865391204331516,37.20255799429684,-67.11076980365641,49.06917713354689,41.509741419359905,-109.62192552856125,54.16657582785781,48.115079703032755,-151.02335579016986,53.28144529245093,53.62287053824524,-155.9707698956444,32.18118117675412,35.250087751188744,-14.45922704363376,28.84208009980106,24.96201025564541,10.22478900985523,30.003264526954016,20.433007748217513,-2.8800529561176997,16.292501691181098,31.154531379722737,-20.60289080745068,15.047800662703517,30.70285216944163,-46.12118569128538,30.097405208319955,21.245183658820334,-63.598199651312804,40.03840883691808,22.75040288475359,-72.78930176033151,48.17371642487054,31.183828849914825,-19.528566503907836,54.370915514891024,37.28552461859998,-45.215310574830276,45.322948587081186,21.40245924029958,-60.637673631409086,37.89579759604581,19.11727031253546,-68.75915093437747,3483.3333333333258,6.917144924098077,0.2231289150607534,0.009732906242854795,11.79477503791316,-1.3040623811276006,0.10857987102587058,0.0891609726477054,-0.04671603125729974,0.014941029023054823,5.204304578947185,0.1460651118241566,0.008089736670681958,25.325036292012747,-0.15051062524470782,0.18431823886049112,0.7683669495279313,-0.050882547202657516,0.0014608153001915251,2.7772441986328498,-0.3462293577566744,-0.024264522337782826,0.8008335963530469,-0.021439108957918073,0.005347219046048795,7.9683322264609515,0.1990011955107158,0.006173900460774578,1.2623065658379566,0.048228601734892275,0.002434681774702294,22.05678349128005,-0.78306914039681,0.21448909541564692,9.245520577858747,-1.9527439032971512,-0.0017953072493238423,13.454323048452348,-1.8394449638004358,-0.11208479037193071,0.19749301503746974,-0.022919677469050794,-0.001374229775346346,1.4497006972913886,-0.33226217034974015,-0.007851102622173232,1.0318041080175147,-0.05745121193103577,-0.0006091513279659019,0.5890239780170496,-0.2478763504715991,0.01853184570659175,12.943212708167241,0.07650155817112006,0.006687268910109921,11.437190919576327,-0.6709509808783988,0.0010112701199103333,15.199377410937533,8.844156765629005,1.6585886288704557,40.89429923023538,0.21319935322909261,0.28259956587220003,0.3362144744279494,3.188210880662997,0.009101462100985494,0.013057355506929052,0.017704996813840124,0.32445002080215446,0_1_21_p0
26.11574472706969,34.290148178705905,-67.37601027698278,28.746818780616966,43.76660377288497,-111.92910670841584,34.1282563350299,43.58064107994613,-148.58471709713942,35.618548141949056,46.0324837049946,-151.94993363835113,46.97516061223739,37.009588900229886,-67.14721051739978,49.01248930325514,41.39224843016575,-109.60804759663576,54.167730378026214,48.10246088981769,-151.0343662442979,53.28189150727955,53.62023012836954,-155.97187675425897,32.181063226567915,35.25099175687121,-14.458687006698112,28.84681316177617,24.947247506314536,10.224974186953125,30.002624523819154,20.437771768979207,-2.8682660424121362,16.288629925443246,31.155843077858837,-20.604016425966364,15.100108100908185,30.610694982926017,-46.04702787388052,30.053768436764823,21.221388294992302,-63.56018843419877,39.870256794176754,23.1072044446599,-72.60906196087609,48.1728449877426,31.176263465298916,-19.546743752608776,54.257476171056055,37.3556118815267,-45.310756541704386,45.237685083716386,21.456334421950864,-60.72967252384189,37.620299085645314,19.32728566885156,-68.78289627486531,3499.9999999999923,7.141285300772464,0.22303180969503136,0.007127029326249448,10.695929469384042,-1.2205409116734405,0.10185553331657411,0.08270131117821787,-0.031492092399359406,0.014976233084195061,5.370256588257428,0.1522714192218855,0.007319422496486754,25.478387710481247,-0.030665099580442945,0.16474385291857913,0.7262992483067152,-0.050129439043293186,0.0010603577525221562,2.3833210532627795,-0.36202037124085285,-0.022198861033221058,0.7881509756097064,-0.018475102189626766,0.004793855265663832,8.181878445135812,0.201924267233967,0.005261841258464994,1.3136090596013765,0.04932489469119709,0.0019267599476406987,21.574125471576274,-0.6549494925305186,0.18980656173100052,7.311155733444036,-1.9430032903898617,0.0007998152285122982,11.433116150934932,-1.9082558569011405,-0.09929584793366515,0.17039242583510344,-0.024177064176876532,-0.0013063581922061573,1.1596159098618446,-0.33024457929494766,-0.004030449101773824,0.9769000030574385,-0.05716645928037066,-0.00037557330581182565,0.4391620382584587,-0.2232185817250513,0.020617602103675102,12.992084497942471,0.07424208907739067,0.004243156251339336,10.812219600354968,-0.6561604104744536,0.005418101270372143,15.353742035499199,9.114497140548373,1.4045392574185465,39.19107494962941,0.21514018101821364,0.2858814678177791,0.3322567733520325,3.154005908955299,0.006759537587924529,0.010538163131819739,0.01623308737308652,0.2904292573211682,0_1_21_p0
26.127753444730594,34.242251168090284,-67.50867798279094,28.815394258784327,43.75707243579583,-111.99756646851901,34.13571288971033,43.564053816033216,-148.57997260887018,35.61466602371906,46.02711591662994,-151.94975391855698,47.08493002014326,36.81661980616293,-67.18365123114314,48.95580147296339,41.274755440971596,-109.59416966471028,54.16888492819461,48.089842076602615,-151.04537669842594,53.282337722108174,53.61758971849383,-155.97298361287352,32.1809452763817,35.25189576255368,-14.458146969762463,28.851546223751285,24.932484756983666,10.225159364051018,30.0019845206843,20.4425357897409,-2.8564791287065727,16.284758159705394,31.157154775994933,-20.60514204448205,15.152415539112857,30.5185377964104,-45.97287005647567,30.010131665209688,21.197592931164273,-63.52217721708474,39.702104751435414,23.464006004566208,-72.42882216142065,48.17197355061466,31.168698080683004,-19.56492100130972,54.14403682722108,37.42569914445342,-45.40620250857849,45.152421580351586,21.51020960360214,-60.821671416274704,37.34480057524482,19.537301025167654,-68.80664161535317,3516.6666666666592,7.365425677446851,0.2229347043293093,0.0045211524096441,9.597083900854923,-1.1370194422192803,0.09513119560727765,0.07624164970873035,-0.016268153541419084,0.015011437145335298,5.536208597567672,0.1584777266196144,0.00654910832229155,25.63173912894975,0.08918042608382182,0.14516946697666716,0.6842315470854992,-0.049376330883928864,0.0006599002048527872,1.9893979078927089,-0.3778113847250313,-0.02013319972865929,0.775468354866366,-0.015511095421335462,0.004240491485278868,8.395424663810672,0.2048473389572182,0.00434978205615541,1.3649115533647962,0.05042118764750189,0.0014188381205791035,21.0914674518725,-0.5268298446642272,0.1651240280463541,5.376790889029323,-1.9332626774825725,0.003394937706348442,9.411909253417512,-1.9770667500018455,-0.08650690549539958,0.1432918366327372,-0.025434450884702267,-0.0012384866090659691,0.869531122432301,-0.3282269882401552,-0.00020979558137441956,0.9219958980973623,-0.056881706629705556,-0.00014199528365774986,0.2893000984998677,-0.1985608129785035,0.022703358500758452,13.0409562877177,0.07198261998366129,0.0017990435925687512,10.18724828113361,-0.6413698400705086,0.009824932420833946,15.509664605783207,9.386206176665057,1.1675822589555882,37.67300640553225,0.2171265296032837,0.28927120542006224,0.328995748771956,3.1333906029013705,0.004707139448116474,0.008205743145049633,0.015600289336773186,0.2567145320667198,0_1_21_p0
26.1397621623915,34.19435415747468,-67.6413456885991,28.883969736951688,43.747541098706684,-112.06602622862218,34.14316944439076,43.54746655212029,-148.57522812060097,35.61078390548907,46.02174812826527,-151.94957419876286,47.194699428049134,36.62365071209598,-67.22009194488652,48.89911364267163,41.157262451777434,-109.58029173278479,54.170039478362995,48.07722326338755,-151.056387152554,53.28278393693681,53.61494930861813,-155.97409047148807,32.18082732619549,35.25279976823615,-14.457606932826817,28.856279285726398,24.91772200765279,10.225344541148912,30.001344517549445,20.447299810502596,-2.844692215001009,16.280886393967545,31.158466474131032,-20.606267662997734,15.204722977317529,30.42638060989478,-45.898712239070804,29.966494893654556,21.17379756733624,-63.48416599997071,39.53395270869407,23.820807564472517,-72.24858236196523,48.17110211348672,31.161132696067096,-19.58309825001066,54.03059748338609,37.49578640738014,-45.50164847545259,45.06715807698679,21.56408478525342,-60.9136703087075,37.06930206484432,19.747316381483753,-68.83038695584102,3533.3333333333258,7.589566054121239,0.2228375989635873,0.0019152754930387532,8.498238332325805,-1.0534979727651201,0.08840685789798117,0.06978198823924281,-0.0010442146834787613,0.015046641206475536,5.702160606877916,0.16468403401734333,0.005778794148096346,25.78509054741825,0.20902595174808658,0.12559508103475517,0.6421638458642831,-0.048623222724564534,0.0002594426571834183,1.5954747625226382,-0.3936023982092098,-0.018067538424097522,0.7627857341230255,-0.012547088653044158,0.0036871277048939038,8.608970882485531,0.20777041068046942,0.0034377228538458246,1.4162140471282159,0.0515174806038067,0.0009109162935175084,20.608809432168723,-0.39871019679793585,0.14044149436170766,3.4424260446146135,-1.923522064575283,0.005990060184184583,7.390702355900093,-2.0458776431025503,-0.07371796305713402,0.11619124743037096,-0.02669183759252801,-0.0011706150259257805,0.579446335002757,-0.3262093971853628,0.003610857939024985,0.867091793137286,-0.05659695397904045,9.158273849632593e-05,0.13943815874127696,-0.17390304423195568,0.024789114897841802,13.08982807749293,0.06972315088993192,-0.0006450690662018303,9.56227696191225,-0.6265792696665634,0.014231763571295755,15.667098606755687,9.659168374783809,0.9604528396607259,36.36329024309327,0.21915716124359508,0.2927650330243347,0.32645227925381426,3.126633782433583,0.003497721046627987,0.006272044957060113,0.015907061870893177,0.22344441903266943,0_1_21_p0
26.151770880052403,34.14645714685906,-67.77401339440726,28.952545215119045,43.73800976161754,-112.13448598872534,34.15062599907118,43.530879288207366,-148.57048363233173,35.60690178725907,46.01638033990061,-151.94939447896874,47.304468835955014,36.43068161802903,-67.25653265862988,48.84242581237989,41.03976946258328,-109.5664138008593,54.17119402853139,48.06460445017248,-151.06739760668205,53.28323015176542,53.61230889874242,-155.97519733010265,32.18070937600928,35.253703773918616,-14.457066895891172,28.861012347701514,24.90295925832192,10.225529718246806,30.000704514414583,20.45206383126429,-2.8329053012954453,16.27701462822969,31.15977817226713,-20.607393281513417,15.257030415522198,30.334223423379164,-45.824554421665944,29.92285812209942,21.150002203508212,-63.44615478285668,39.36580066595275,24.17760912437883,-72.0683425625098,48.17023067635878,31.153567311451187,-19.6012754987116,53.91715813955111,37.56587367030686,-45.59709444232669,44.98189457362199,21.6179599669047,-61.005669201140314,36.793803554443826,19.957331737799848,-68.85413229632887,3549.9999999999923,7.8137064307956265,0.22274049359786524,-0.0006906014235665905,7.399392763796687,-0.96997650331096,0.0816825201886847,0.06332232676975529,0.014179724174461561,0.015081845267615775,5.86811261618816,0.1708903414150722,0.005008479973901142,25.938441965886753,0.32887147741235156,0.10602069509284318,0.600096144643067,-0.047870114565200204,-0.00014101489048595154,1.2015516171525684,-0.4093934116933883,-0.016001877119535754,0.7501031133796852,-0.009583081884752848,0.0031337639245089402,8.822517101160392,0.21069348240372063,0.002525663651536241,1.4675165408916355,0.052613773560111515,0.00040299446645591236,20.12615141246495,-0.2705905489316447,0.11575896067706126,1.5080612001999008,-1.9137814516679938,0.008585182662020723,5.369495458382676,-2.1146885362032553,-0.06092902061886846,0.08909065822800472,-0.027949224300353744,-0.001102743442785592,0.289361547573213,-0.32419180613057036,0.007431511459424389,0.8121876881772098,-0.05631220132837535,0.00032516076065040216,-0.010423781017314004,-0.1492452754854079,0.026874871294925155,13.138699867268159,0.06746368179620253,-0.0030891817249724153,8.93730564269089,-0.6117886992626183,0.018638594721757565,15.825998932213405,9.933280426411999,0.8064703980825317,35.285135010709176,0.22123085654787444,0.29635926925159545,0.32464323063676376,3.133825089413559,0.003990240670760966,0.005202486360905447,0.017102920674037344,0.1908515804911296,0_1_21_p0
26.16377959771331,34.09856013624345,-67.90668110021542,29.021120693286406,43.7284784245284,-112.20294574882854,34.15808255375161,43.514292024294434,-148.5657391440625,35.60301966902908,46.01101255153595,-151.94921475917462,47.414238243860886,36.237712523962074,-67.29297337237325,48.785737982088136,40.922276473389125,-109.5525358689338,54.17234857869978,48.05198563695742,-151.0784080608101,53.283676366594044,53.609668488866724,-155.97630418871717,32.18059142582307,35.25460777960109,-14.456526858955524,28.86574540967663,24.888196508991047,10.225714895344701,30.000064511279728,20.45682785202598,-2.8211183875898818,16.27314286249184,31.16108987040323,-20.6085189000291,15.309337853726868,30.242066236863547,-45.75039660426109,29.879221350544288,21.12620683968018,-63.408143565742634,39.19764862321141,24.534410684285138,-71.88810276305436,48.16935923923084,31.146001926835275,-19.61945274741254,53.80371879571613,37.63596093323358,-45.692540409200795,44.89663107025719,21.671835148555978,-61.09766809357312,36.51830504404333,20.167347094115947,-68.87787763681672,3566.666666666659,8.037846807470014,0.22264338823214322,-0.0032964783401719377,6.300547195267567,-0.8864550338567998,0.07495818247938824,0.05686266530026776,0.029403663032401883,0.015117049328756012,6.034064625498404,0.17709664881280113,0.004238165799705937,26.091793384355256,0.4487170030766163,0.08644630915093121,0.558028443421851,-0.047117006405835875,-0.0005414724381553205,0.8076284717824977,-0.4251844251775667,-0.013936215814973986,0.7374204926363447,-0.006619075116461544,0.0025804001441239767,9.03606331983525,0.21361655412697184,0.001613604449226657,1.5188190346550552,0.05371006651641632,-0.00010492736060568279,19.643493392761172,-0.14247090106535332,0.09107642699241486,-0.4263036442148085,-1.9040408387607044,0.011180305139856867,3.34828856086526,-2.1834994293039602,-0.0481400781806029,0.06199006902563847,-0.029206611008179485,-0.0010348718596454036,-0.0007232398563306042,-0.3221742150757779,0.011252164979823794,0.7572835832171335,-0.056027448677710236,0.0005587387828044784,-0.16028572077590497,-0.1245875067388601,0.02896062769200851,13.187571657043389,0.06520421270247316,-0.005533294383742997,8.31233432346953,-0.5969981288586732,0.023045425872219368,15.986321857441947,10.208449706141154,0.7396099436466288,34.46028203443598,0.22334641602504135,0.30005030580550235,0.3235809209684867,3.1548691438948024,0.005763771860138624,0.005524144253963785,0.0190209059207234,0.15935213557269887,0_1_21_p0
26.175788315374216,34.05066312562784,-68.03934880602358,29.089696171453767,43.718947087439254,-112.27140550893171,34.16553910843204,43.49770476038152,-148.56099465579328,35.59913755079908,46.00564476317129,-151.9490350393805,47.52400765176676,36.04474342989512,-67.32941408611663,48.729050151796386,40.80478348419497,-109.53865793700832,54.17350312886817,48.039366823742355,-151.08941851493816,53.28412258142268,53.60702807899103,-155.97741104733174,32.18047347563686,35.25551178528355,-14.455986822019876,28.870478471651744,24.873433759660177,10.225900072442595,29.999424508144866,20.461591872787675,-2.809331473884318,16.269271096753986,31.162401568539327,-20.609644518544787,15.36164529193154,30.149909050347933,-45.67623878685623,29.835584578989156,21.102411475852147,-63.3701323486286,39.02949658047007,24.89121224419145,-71.70786296359893,48.1684878021029,31.138436542219367,-19.637629996113482,53.69027945188115,37.70604819616029,-45.7879863760749,44.81136756689239,21.725710330207257,-61.18966698600592,36.24280653364283,20.37736245043204,-68.90162297730457,3583.333333333325,8.2619871841444,0.22254628286642117,-0.005902355256777285,5.2017016267384495,-0.8029335644026399,0.06823384477009176,0.050403003830780224,0.044627601890342206,0.01515225338989625,6.200016634808647,0.18330295621053,0.0034678516255107327,26.245144802823756,0.5685625287408811,0.06687192320901925,0.5159607422006349,-0.046363898246471545,-0.0009419299858246894,0.4137053264124271,-0.4409754386617452,-0.011870554510412218,0.7247378718930043,-0.00365506834817024,0.0020270363637390123,9.24960953851011,0.21653962585022304,0.0007015452469170715,1.570121528418475,0.054806359472721125,-0.0006128491876672779,19.160835373057395,-0.014351253199061942,0.0663938933077684,-2.3606684886295213,-1.8943002258534152,0.013775427617693011,1.3270816633478404,-2.252310322404665,-0.035351135742337336,0.034889479823272174,-0.03046399771600522,-0.0009670002765052152,-0.2908080272858742,-0.32015662402098544,0.015072818500223205,0.7023794782570574,-0.05574269602704513,0.0007923168049585542,-0.3101476605344957,-0.0999297379923123,0.03104638408909186,13.236443446818619,0.06294474360874378,-0.007977407042513582,7.687363004248171,-0.582207558454728,0.027452257022681177,16.148025010375875,10.484592973103183,0.7825309926674267,33.90722242841679,0.22550266142847422,0.3038346148641514,0.3232727119316248,3.189491759142793,0.008008195105978451,0.0070490754112128,0.021468337540485376,0.12974490511654077,0_1_21_p0
