RHip_x,RHip_y,RHip_z,RKnee_x,RKnee_y,RKnee_z,RAnkle_x,RAnkle_y,RAnkle_z,RBigToe_x,RBigToe_y,RBigToe_z,RSmallToe_x,RSmallToe_y,RSmallToe_z,RHeel_x,RHeel_y,RHeel_z,LHip_x,LHip_y,LHip_z,LKnee_x,LKnee_y,LKnee_z,LAnkle_x,LAnkle_y,LAnkle_z,LBigToe_x,LBigToe_y,LBigToe_z,LSmallToe_x,LSmallToe_y,LSmallToe_z,LHeel_x,LHeel_y,LHeel_z,Neck_x,Neck_y,Neck_z,Head_x,Head_y,Head_z,Nose_x,Nose_y,Nose_z,RShoulder_x,RShoulder_y,RShoulder_z,RElbow_x,RElbow_y,RElbow_z,RWrist_x,RWrist_y,RWrist_z,RThumb_x,RThumb_y,RThumb_z,RIndex_x,RIndex_y,RIndex_z,RPinky_x,RPinky_y,RPinky_z,LShoulder_x,LShoulder_y,LShoulder_z,LElbow_x,LElbow_y,LElbow_z,LWrist_x,LWrist_y,LWrist_z,LThumb_x,LThumb_y,LThumb_z,LIndex_x,LIndex_y,LIndex_z,LPinky_x,LPinky_y,LPinky_z,Time
0.360615812597879,0.8491644731022171,0.6498766875195852,0.39980203923219565,0.4160916925068475,0.5952763794171889,0.42192627724233,-0.010345323348625271,0.6717564407784584,0.4180326104121898,0.0040482099199774385,0.5226337745267269,0.4760130038308738,0.01106043314845831,0.5288029884641287,0.4070617517199806,-0.08755787773222366,0.7273277868596705,0.17014638848019373,0.8336401507926023,0.6414806147977323,0.18455560176050526,0.3750204747265285,0.6624044845760688,0.20476488720044977,-0.020178960769459728,0.6852754619341946,0.24652192429837486,0.03394819674630657,0.46751214603569097,0.19057446670189174,0.00441881193224751,0.5221428082819483,0.22243432510038338,-0.06349898996490606,0.7154172156165864,0.2536643939352388,1.3392343559843014,0.5924174317925063,0.23353888357932073,1.5926241628477757,0.5718391051997668,0.24935986788630535,1.4703738276709182,0.5125528281354648,0.4098376146654983,1.2550072579938172,0.6693291763450219,0.45791696352454353,1.021579792783972,0.660123428536832,0.44677285706380754,0.8081534932967324,0.5765759657491711,0.374664200516884,0.707414437092041,0.5404305725899173,0.3895169750401318,0.6727515956756731,0.5544949709355109,0.3927205054627616,0.6614849429532588,0.5811844878770581,0.097095202868788,1.2332537392990082,0.6220281259722956,0.07301711079073317,0.9839329156140366,0.6268067883357155,0.14141619575188732,0.796666720758567,0.5168718348635543,0.20350680647909256,0.7187232644326613,0.507615967385205,0.19597944718869256,0.6776646857370111,0.5163566488931918,0.166145767206474,0.6440270631188475,0.5220934108758256,0.0
0.36156017314090205,0.8499562395073268,0.6474903708944366,0.39961448183275045,0.4173588460087888,0.5965976483685832,0.42188065047701323,-0.009951513412012919,0.6719275972281934,0.4180326648512422,0.0038671549962577406,0.5225810122724989,0.47890676768432805,0.016896277191402867,0.5233408634140704,0.4084819890194132,-0.08589750181360846,0.725780752988445,0.17092813513977692,0.8352404024030111,0.6369156989786844,0.18563248103941918,0.37733033076611394,0.6604339001470241,0.2047738948349636,-0.020051726957045643,0.6851353584565398,0.24689573853129648,0.03522033192090382,0.4662301895676438,0.19378184499844303,0.009016221210368991,0.5156250325597223,0.22214823472320364,-0.06342694222676701,0.7157180973907405,0.254671068527649,1.3393354939478235,0.5918774338752348,0.2331943989889372,1.5926746529722697,0.571955680246804,0.24982343136117502,1.4687031828291908,0.5127008938883207,0.4072747276304369,1.2549224759466895,0.6692548483185294,0.45872474211226716,1.0215318603605232,0.6571469757535859,0.44991031305501694,0.807076439741401,0.5743663057844693,0.3756614202583282,0.7072556162594715,0.5403334253868357,0.38925094808702115,0.6742837685851584,0.5553535854798504,0.3943369231953172,0.6631996491267986,0.5823027436747199,0.09726346421040859,1.2314575865353627,0.6214042861830564,0.0732390878938729,0.9831611550101513,0.6260913282144905,0.1414616742820464,0.796645593011021,0.5166468305384473,0.2042293174104483,0.7158697666778402,0.5143494717337246,0.19511661393607796,0.6773329849410308,0.5190794578026243,0.164668793010211,0.6420814548696454,0.5215126449221908,0.0166666666666666
0.36236037865468723,0.8506850929333789,0.6454884513701831,0.39954892732469877,0.418478084478647,0.5975230217751979,0.4217997650157434,-0.009512495555490746,0.6717779130534749,0.41804106192123436,0.003779481393798856,0.5224909430889731,0.4806799698019686,0.020830184577214694,0.5195036054215936,0.40962443264159026,-0.08440823025964464,0.7242090047976594,0.17159617215853198,0.8366016174629473,0.6330886218503939,0.18655117060794704,0.37907191533970336,0.6587073818505426,0.20474879905625465,-0.019779428519973913,0.6847310311558122,0.2469760031020895,0.03549465571972983,0.4659088560889213,0.19582452312966528,0.011951794661772056,0.5114670995333037,0.22193612679156968,-0.06346254678690404,0.7159383716399723,0.25448916622149803,1.3391707475084629,0.5926899002997604,0.2330878263283049,1.5926756734454592,0.5720479845135611,0.2498790864850397,1.467623758112607,0.5126964306783228,0.40513317747334654,1.2548080449046863,0.6690652240385397,0.4590410455782204,1.0215099010911801,0.6556117502537497,0.45245662627033933,0.8068021531566455,0.572159846019954,0.3767626029661031,0.7078724729891205,0.5416851286942412,0.38916185515553975,0.6756349076758073,0.555933394302894,0.39545427765228924,0.6647899980634366,0.5830405004808082,0.09736783347883357,1.2303104884586187,0.620996513789651,0.07316407695301828,0.9823827847753765,0.6259912500231797,0.14148884772889,0.7966302092047828,0.516511057514364,0.20445443289842777,0.7148756196605132,0.5176436366493189,0.19486685666469822,0.6774814488222017,0.5201203808602317,0.16373218137699647,0.6407345747821452,0.521116548408926,0.0333333333333333
0.3630269512349285,0.8513521891567486,0.6438418039170757,0.39959451382412176,0.4194572779844073,0.5980996727440352,0.4216897041802296,-0.009039316401977193,0.6713548094752315,0.4180554335887134,0.0037646810868475072,0.5223762559544561,0.4815558091284975,0.02319716871869057,0.5170294360406844,0.41051386883144414,-0.0830853377062358,0.7226349386792165,0.1721583374091278,0.8377411425627954,0.6299434279016298,0.18732315908856087,0.38029905444570267,0.6572096516553678,0.2046945760029057,-0.019385252033567668,0.6841036561453959,0.24688210473841216,0.03506174303289584,0.46622908790753226,0.19692615765334176,0.013541833924462024,0.5092161991313564,0.22178977899185967,-0.06359253907433468,0.7160850067676579,0.2534020566953856,1.338817088842158,0.5944697857516061,0.23312999962693753,1.5926408260278775,0.5721015509493976,0.24957840617140534,1.4670219288521662,0.5125879064810375,0.4033737699371028,1.2546869019150217,0.6687971377297509,0.4589816220474355,1.0215258152774087,0.6552047419893231,0.45445344371926444,0.8071277945326195,0.5700578154382634,0.3778957978804229,0.7090423660374333,0.5440643637396726,0.38920798126139755,0.676802605086627,0.5562849271253216,0.39615695420859076,0.6662217962630682,0.5834689138212803,0.09741985400954427,1.2296887038735866,0.6207645478991386,0.07292263838478158,0.9816195078410311,0.6262488039861369,0.1415023423981717,0.7966198622379609,0.5164460003854758,0.2043201102180909,0.7153106467135464,0.5182141917896574,0.19512392297106843,0.6780370072043389,0.5197860560408822,0.16323166310987833,0.6399011879748772,0.5208679934498898,0.05
0.36357041297732,0.8519586839538101,0.6425213035053658,0.39974037944710067,0.4203042965940554,0.5983747743820973,0.4215565512921808,-0.008543022574390949,0.6707057077143916,0.4180734118202263,0.0038022460496505706,0.5222496398472543,0.48175748460861667,0.024332243028626896,0.5156565768253291,0.411175083833907,-0.0819240987892845,0.7210809510250196,0.17262246876423326,0.8386763242929401,0.6274241616211598,0.1879599351037326,0.3810655740825175,0.6559254315302429,0.2046162018134995,-0.01889238407315022,0.6832944095386749,0.24673343016792265,0.03421216875051374,0.4668718273314855,0.1973104051272558,0.014102640636443703,0.5084195212825432,0.22170096901045178,-0.06380365451807596,0.7161649711771731,0.2516931096279115,1.3383514901248477,0.5968320449162955,0.23323175291434872,1.5925837124800584,0.5721019125036728,0.24897296333377786,1.4667840703788682,0.5124237892720312,0.4019573107645813,1.2545819840249084,0.6684874236168601,0.45866221964494486,1.0215915032206746,0.6556129409123064,0.45594241241128197,0.8078505248594765,0.5681614430220359,0.3789890542415019,0.7105426541608553,0.5470498117506687,0.3893476114203044,0.6777844529566242,0.556458713667813,0.39652933823913483,0.667460850225588,0.5836591392220933,0.097431069138022,1.2294684915850793,0.6206681276185783,0.07264533260577506,0.9808930271384343,0.6266062403277164,0.141506784595645,0.7966138450086643,0.5164331437459542,0.20396430664449763,0.7167446711698063,0.516776866812409,0.19578156045170367,0.6789265899112571,0.5183831213194443,0.16306296901190442,0.6394960595663719,0.5207298521589413,0.0666666666666666
0.3640012859775556,0.8525057331009381,0.6414978251053047,0.3999756623097166,0.4210270103755769,0.598395499796386,0.42140638967330596,-0.008034660695650661,0.6698780289918833,0.4180926285823209,0.0038716682564510774,0.5221237837456743,0.4815081951870295,0.02457042091981615,0.5151232493295144,0.411632863893911,-0.08091978814469411,0.7195694382269713,0.1729964040965172,0.8394245092437661,0.625474867497752,0.18847298727593426,0.3814253002485537,0.6548394434439113,0.20451865262661872,-0.018324011214044672,0.682344467449033,0.2466493661182797,0.03323650776269089,0.46751801666879045,0.1972009221091911,0.013950516435719179,0.508624255915528,0.22166147453372412,-0.06408262854714467,0.716185233271894,0.24964569469767603,1.3378509235324698,0.5993916324793523,0.23330392022005272,1.5925179345625342,0.5720346021257474,0.24811433088566376,1.4667965580237108,0.5122525470268711,0.4008446056986588,1.2545162282815592,0.6681729159245658,0.45819858649578205,1.021718865222442,0.6565233369747006,0.4569651793558823,0.8087675051273674,0.5665719577539101,0.3799704212895553,0.7121506961158294,0.550220153954769,0.38953903064797124,0.6785780434248037,0.5565052836510489,0.3966558151188354,0.6684729664508887,0.583682332209205,0.09741302219974832,1.229526110397907,0.6206669920550301,0.0724627200326111,0.9802250455989032,0.6268058092722733,0.14150680062706378,0.7966114504149999,0.5164539721899715,0.2035249794527084,0.7187475163621571,0.5140473913752438,0.19673351670311953,0.6800771267667688,0.5162182146707869,0.16312182988612312,0.6394339546751576,0.5206649966499401,0.0833333333333333
0.3643300923313294,0.8529944923745076,0.6407422436871438,0.40028950052805073,0.421633289396957,0.5982090220939033,0.4212453026453141,-0.007525277388675242,0.6689191945286352,0.418104405369751,0.003932593695660111,0.5220236693431362,0.4810958736660187,0.02440704856822906,0.5150124932193046,0.41191199525638855,-0.08006768040836786,0.7181227966769749,0.17328798127864853,0.8400030440056578,0.624039590020175,0.18887380422763775,0.38143205894221693,0.6539364093651165,0.2044069045808462,-0.017703320031573724,0.6812950059898545,0.2468781825462683,0.032786595397018135,0.4675180620147522,0.19689792288946767,0.01351617657268564,0.5092132543307957,0.22166307324805493,-0.06441619659055788,0.7161527614551966,0.2477657555263636,1.337406362584375,0.6013524541800259,0.233134762538586,1.5924691975095515,0.5718561001636149,0.2469672446104415,1.466900451660008,0.5121543633878276,0.40013341233722244,1.2544819309198092,0.6679081401226501,0.4577591015387304,1.0218616888435694,0.6574591843412908,0.4577309960471404,0.8096712924012341,0.565138253333094,0.380712437865244,0.7134507947051368,0.5527447917596952,0.3897090402045066,0.6791069756369055,0.5564885287623924,0.39664770250124126,0.6691970725103537,0.5836336321772833,0.09737978513613241,1.2296908650615137,0.6207057563295006,0.07266009371047813,0.9795998953203469,0.6262754023058498,0.14150977737157638,0.7966148785411735,0.5164772348381572,0.20315113152991132,0.7204951040532445,0.5113985156670631,0.19783933242052848,0.6816544824607425,0.5136738628414169,0.16327496425964833,0.6395538290541415,0.5206533396494597,0.1
0.36456735413433544,0.8534261175508928,0.6402254342211345,0.40067103221818434,0.42213100372618173,0.5978625143816514,0.4210793735299143,-0.007025919276383102,0.6678766255455753,0.41811474627064643,0.003982620766988396,0.5219478173827423,0.48081715849894724,0.024031818796757864,0.5153088972350413,0.4120372641662718,-0.07936305021620892,0.7167634227669332,0.17350503818329607,0.8404292751689997,0.6230623736771969,0.1891738745813151,0.38113967616191335,0.6532010512626016,0.20428593381476465,-0.01705349710106066,0.6801872012745233,0.24750762132667384,0.03284277541293133,0.4667010434345712,0.19665093188007504,0.013147091483491607,0.5096937177220775,0.2216975428398223,-0.06479109407733304,0.7160745241304566,0.24608354886784223,1.3370720004476062,0.6027778431817101,0.2326998871785143,1.5924448227659662,0.5715400398535104,0.24568167591170847,1.4669719097204805,0.5121891415209392,0.39943435003035593,1.2545640382507504,0.6677298222931465,0.4574718197969584,1.0221687349858612,0.6581601865148818,0.45801767699959706,0.8101082777745261,0.5645099653910879,0.3811222451872424,0.7144287975242153,0.5545890707673408,0.38984216129555577,0.6795078477922443,0.5564677953157633,0.3965850567547569,0.6695410864667158,0.58359040915787,0.09734475629264924,1.229832895751666,0.6207411677094237,0.07331036330975739,0.9791362084913106,0.6248877734855725,0.14151887597132395,0.796619638653705,0.5164952147699677,0.2030463652111027,0.7220084667560733,0.5089186535082757,0.19904255213515099,0.6832165034586546,0.5110562187722849,0.1633969051713261,0.6398505164132708,0.5206110047737554,0.1166666666666666
0.3647235934822676,0.8538017644064686,0.6399182716775279,0.40110939549619845,0.42252802343123597,0.5974031497666322,0.42091468564881546,-0.006547632981693155,0.6667977432636322,0.41812599212658397,0.004015073702951066,0.5219097863404767,0.4807590346394716,0.023752431953565592,0.5156624357905342,0.4120334568684929,-0.07880117220412028,0.7155137128887492,0.17365541268312873,0.8407205493241767,0.6224872629575854,0.18938468695943828,0.38060197790604877,0.65261809110511,0.2041607164669568,-0.016397728997828848,0.6790622294164234,0.24851254167084783,0.03340219519416676,0.46506430018745704,0.1965742155205056,0.012988276567230436,0.5098429416441785,0.22175666099540442,-0.06519405643648674,0.7159574897010504,0.24483652251847773,1.3369996698153175,0.6034750819357855,0.23204622656975366,1.5924472449218339,0.5711189601488521,0.244454087751881,1.466956214939758,0.5124558554725905,0.3988186606953664,1.2548272992790737,0.6676531924781919,0.45737244205916505,1.0226895890074637,0.6584785751325754,0.45774144776428505,0.8101063874680564,0.5648739905759604,0.38123514275338277,0.7149768939571051,0.5555555776664106,0.3899172754216783,0.6797636326934167,0.5564744573347525,0.39653151231804273,0.6695804346680793,0.5835878572748782,0.09731628128778605,1.2298891905925593,0.6207537018847427,0.07438531740508927,0.9788924013592468,0.6227119782063271,0.14153690791278253,0.7966204448738453,0.5164927155397538,0.2034185696547787,0.7230078126709202,0.5066921799846926,0.20020747469622302,0.6844818500481908,0.5086300310279123,0.16342533940570036,0.6403538032562478,0.5204779754932013,0.1333333333333333
0.36480933247082004,0.8541225887176095,0.6397916310265753,0.40159372847817437,0.4228322185801058,0.5968781013558478,0.4207573223237266,-0.006101465127523617,0.6657299689037339,0.4181387663099504,0.004036099790183309,0.5219147832681921,0.4808174485937625,0.02366036921240243,0.5158822634559209,0.41192535960798426,-0.07837732100800489,0.7143960634343259,0.1737469426508154,0.840894213061573,0.6222583023501091,0.18951772998447927,0.37987279017302866,0.652172250861385,0.20403622867600543,-0.01575920229720075,0.6779612665289391,0.24974736768070258,0.03436759539146936,0.4628477242569671,0.19660966582349865,0.012945706846346383,0.5097845924994312,0.22183220540117946,-0.06561181909703628,0.7158086265703537,0.24414559472647113,1.3372724575490116,0.6034762372625428,0.2312835358223272,1.5924674226902782,0.5706888053069009,0.2434421661902732,1.4668874223015107,0.5129546399732192,0.39853017203368285,1.2552776806665713,0.6676597012045511,0.4573750229524423,1.0233696392744585,0.6585507807902072,0.4569435220700423,0.8099296263998143,0.5660998586453083,0.38118352405489886,0.7150819505083899,0.5557283309674184,0.38993927936786277,0.6798338505057926,0.5565009302347201,0.39649632296847853,0.6694680860098619,0.5836189940895448,0.0972944751913773,1.2298907665955991,0.6207554728045034,0.07572866922141819,0.9788653836807668,0.620053524823801,0.14156405934399197,0.7966153424898771,0.516467307815085,0.2042835097098015,0.7234371919172476,0.5045513534092863,0.20118342039260492,0.6853444234357428,0.5065826037424116,0.16338187164553347,0.6411035359322776,0.5202350052182398,0.15
0.36483509319568674,0.8543897462606902,0.6398163872385283,0.4021131692801932,0.4230514592407765,0.5963345422563003,0.42061336687635675,-0.00569846233679383,0.664720723686809,0.4181522048211537,0.004059541052285884,0.5219510862670756,0.4808920685576089,0.023718220461394365,0.5159813948595058,0.411737758629678,-0.07808677126376637,0.7134328707955662,0.17378746595902486,0.8409676129715733,0.6223195363435363,0.18958449227891006,0.3790059389612591,0.65184825250017,0.20391744658049324,-0.01516110357450011,0.6769254887254541,0.251031340768938,0.03559634853285688,0.4603765849428683,0.19667986645145064,0.012912525032619276,0.5096775430402652,0.22191595374352557,-0.06603111748799866,0.7156349031417425,0.2439465957303765,1.337831394624578,0.6031128461767143,0.23053110757510822,1.592490672925881,0.5703809523372716,0.24271533161070658,1.4668175125378697,0.5134280546178205,0.39863362541811853,1.2559153271535441,0.6677354548220278,0.4574083321464562,1.024130227569752,0.6585164028041413,0.45575156106509473,0.8097541771892213,0.5679268617083653,0.3811046383901211,0.7148192059694777,0.5554919546111659,0.38993154275749664,0.6797636846266478,0.5565374908543814,0.39647626306399214,0.6693373503916646,0.5836759427860235,0.0972782736703022,1.2298804957762506,0.6207606496098829,0.07714006925234762,0.9790381874075699,0.617287533280279,0.14159750620534256,0.7966062616704259,0.5164288234976605,0.20549043078427326,0.7235189710994284,0.5022936117927908,0.20180906977719604,0.6857711328956405,0.505165613851663,0.16328950515594443,0.6420930223543069,0.5198776305684737,0.1666666666666666
0.36481139775256166,0.8546043928120854,0.6399634152836379,0.4026568560183361,0.42319361548123346,0.5958196455749916,0.4204889026284149,-0.0053496712324217766,0.6638174288337858,0.41816575592692407,0.004096354317998374,0.5219974942852617,0.4809517874498349,0.023860604723474108,0.516027164439227,0.41149544017850637,-0.07792479760730753,0.7126465313643734,0.17378482048042607,0.8409580956445624,0.622615009426635,0.18959646246520256,0.3780552502691458,0.6516308179902083,0.20380934631900302,-0.014626619405049585,0.6759960721193524,0.2521913361015397,0.036853273923767416,0.4580150040854951,0.1967482560526928,0.012851384810166205,0.5095935388678106,0.22199968370882092,-0.06643868703839115,0.7154432878185929,0.24403904121622555,1.338534039543685,0.602800696482896,0.22989738010117583,1.5925067496417453,0.5702573985015394,0.24226401540051096,1.466785764420764,0.5134254891313281,0.398926297734597,1.2567609985466228,0.6678841452297727,0.45745962731017137,1.0249226459014178,0.6584172781808523,0.454253481499555,0.8096125380580935,0.5700952380821753,0.3810800218003302,0.7142956624427629,0.5553041196039639,0.3899198249160113,0.6796580286618568,0.5565847879294279,0.39646991948563964,0.6692449815202121,0.5837502714875813,0.09726777751202581,1.229879502514431,0.6207737144573506,0.07842230270351325,0.9793982125731749,0.6147801313289203,0.14163144937906896,0.7965957278413803,0.5163925921145919,0.2068261623065945,0.7235617383118038,0.4998194546808884,0.20199534289995494,0.6857100527453045,0.5045598242283247,0.1631438789109224,0.6432273766833249,0.5194340398200474,0.1833333333333333
0.3647487682371383,0.8547676841481713,0.640203590132155,0.4032139268086835,0.4232665573694642,0.595380584418923,0.4203900129016092,-0.005066138437323564,0.6630675055655915,0.41817854760774353,0.004144885651538505,0.5220382835544579,0.4809981146650165,0.02398435567420841,0.5160390093088226,0.411223190499401,-0.07788667467452803,0.7120594415326491,0.1737468440876875,0.840883007670926,0.6230887660881724,0.18956512916582846,0.3770745500950974,0.6515046693002423,0.20371690403011705,-0.0141789363641691,0.6752141928240178,0.2530761631012441,0.037805489848744184,0.45615524356367065,0.19680817505131148,0.012773670947519064,0.5095394406543029,0.22207517298344331,-0.06682126317722706,0.7152407490042797,0.24421504678074785,1.339253931263109,0.6027163474874833,0.22945583703900752,1.5925214255221536,0.5701591620646559,0.24203293945609988,1.4668224382932629,0.5126327085560998,0.3991337863985942,1.2577925674864765,0.6680800793943052,0.45745708067919555,1.0256645124640265,0.6584624234971882,0.45253113821154944,0.8094862411499557,0.5723382784861496,0.38112415205753597,0.7135932269028272,0.5553818917741441,0.38991547853584657,0.6795838680009119,0.5566431274438318,0.3964765663268379,0.6692111201840415,0.5838315155805371,0.09726323978733273,1.2298914653627335,0.6207918613126261,0.07940049669110809,0.9798656014367674,0.612865606413884,0.14165991278577258,0.7965844378721532,0.5163700801477024,0.208082459113566,0.72370072317324,0.49731362036720017,0.20184655903394888,0.6852150182442066,0.5046039467979976,0.1629591872102028,0.6442662592592528,0.5190262284061055,0.2
0.3645423790817983,0.8548809195063557,0.6407343055440557,0.40377868644266934,0.42315249137901767,0.5952553267738151,0.4202700272780017,-0.0046318886312975704,0.6624439819341301,0.41818799091709247,0.004192994345583165,0.5220692124459005,0.48102221938986667,0.023944474734106796,0.5159972744541443,0.4108100052391183,-0.07798099586269727,0.711929800628133,0.17356660596304363,0.8404804303625834,0.6241524690999625,0.18935380108154734,0.3762592867113576,0.6518006544131733,0.20371040811917818,-0.014182942557889336,0.6752229381210921,0.2535793073848109,0.038214472808129896,0.45510402959241736,0.19686134636653793,0.012703421567436965,0.5095017546623658,0.2221467392744905,-0.06703108564535631,0.7151200017358614,0.24434650663922192,1.3399060185123166,0.6027778281612366,0.22921967885881595,1.5925547578948396,0.5697394968617486,0.2419173833753761,1.4669796131571642,0.5110761144519647,0.3990722402999285,1.2588989893285125,0.6682476183952087,0.45723988825774364,1.0261900172032528,0.6590715927655747,0.4507500469788483,0.8093647324228282,0.5743708884407996,0.3812096312702675,0.7127725771751762,0.5556680863912966,0.3899147717889166,0.6795452290714943,0.5567055573193327,0.39649676190734895,0.669289781897304,0.5839158555178081,0.09726375318944547,1.2299126253376649,0.6208095087735302,0.07995685357197481,0.9802599669736342,0.6117955582967209,0.14167957902137393,0.7965717804061654,0.5163650291343497,0.2090604132636789,0.7238609601559779,0.49523686566960146,0.20167264237328048,0.6846019643086545,0.5047504192532568,0.16282873330063918,0.6448724771600005,0.518854220093469,0.2166666666666666
0.36442531730791716,0.8548502000220363,0.6409293778060441,0.40432133491093225,0.42309036729251487,0.595521006798376,0.42029599285067715,-0.004597580899169312,0.6625792482632179,0.4181915418179582,0.004227990862582631,0.5220935405315974,0.48100192031354205,0.023635251749793154,0.5158944006073959,0.4106355451041372,-0.07815285215177437,0.7120386274650069,0.17347902052976696,0.840286949000019,0.6246944514090705,0.18927866309261487,0.3756774133545835,0.6518432194667109,0.2037093297274113,-0.014201378276461868,0.6752554919770555,0.25369950772444405,0.038158351043494146,0.45487572904520396,0.1969053819392018,0.012656178124093309,0.5094731628264321,0.2221496922742516,-0.06717355868922902,0.7147586754918893,0.24439997619484127,1.34041765546599,0.602860607738431,0.22912389224759916,1.592625071520854,0.5687236688607479,0.24178039734285364,1.4673326163852676,0.5090130047541805,0.3986813709730326,1.2599240914482805,0.6683155894931134,0.45668851327646753,1.0263527239556747,0.6605329063325754,0.4491519950104935,0.8092573661318417,0.5759060095426933,0.3813044618972795,0.7119047332095668,0.5560271470287397,0.38990974160284775,0.6795187092610319,0.5567638784428359,0.39652777819952406,0.6694975824635668,0.5840009171443783,0.09726660654014388,1.2299345936254218,0.6208204812601277,0.08010320518701179,0.9804179098219594,0.6115974465284468,0.14168965313690957,0.796557370644137,0.5163735949590124,0.20958675272230906,0.7239057097136077,0.49407286130805356,0.2018129592779231,0.6843000267991836,0.5044126013249233,0.16290072071773662,0.6448017504261888,0.5190675935232776,0.2333333333333333
0.3643953354461055,0.8547110796034242,0.6408531492542737,0.40482254329681105,0.4230487376730427,0.5961414169117757,0.42045024240186535,-0.004919057023056367,0.6633940946338225,0.41818854288405255,0.004242985478429634,0.5221170267369836,0.4809144783441035,0.02305874792116483,0.5157338515458918,0.4106662169754156,-0.07843452828335222,0.7124178156160473,0.1734638547823305,0.8402891821116822,0.6248183348386338,0.18931116072312662,0.37533804090892026,0.6517007825071058,0.20372024964658655,-0.014270314089298033,0.6753733808560078,0.2535827096119974,0.037938662959224184,0.4551333277466737,0.1969308631016078,0.01263272866624253,0.509460643077477,0.22205332764674707,-0.06718462096261096,0.7142093942187802,0.244397898841122,1.340726173630844,0.6029161132941809,0.22903693120261195,1.5927368406010187,0.567074818596411,0.2415085255495904,1.4679184015334896,0.5067362413026189,0.3980080884285049,1.2607562757729818,0.6682652587600204,0.45581141175610185,1.026177678317374,0.6628025075011534,0.4479686215770593,0.8091878490979528,0.5767154739719949,0.3813891248347765,0.7110766190176008,0.5563696430990376,0.38989600207424213,0.6794688841431075,0.5568117389851419,0.39655446940072775,0.6696757441519503,0.5840727621791202,0.09726816576852643,1.2299389034457526,0.6208180061005287,0.08001900503482551,0.9803367115836457,0.6119716632560768,0.14169091905273293,0.796540983183541,0.5163849847240259,0.20963262527008625,0.7237866277401093,0.4939559506232313,0.20242525012437323,0.68452780493126,0.5033615190712296,0.16327037953397744,0.6440583365001922,0.5196617374878651,0.25
0.3644119361709958,0.8545249768702092,0.6407374129197403,0.40528825792292256,0.4229898013327129,0.5970442997753894,0.4206804714773521,-0.005440004362655626,0.6646601096727568,0.4181801667911682,0.004237652968847205,0.5221452631071931,0.48074673084042024,0.02231804200196706,0.5154791891510241,0.4108081803045729,-0.07887023213022805,0.7130898832949968,0.1734700325958641,0.8403931616410332,0.6247916952360447,0.18937997464878584,0.3751913158171744,0.6515228174263283,0.20376017559738138,-0.014483609521365931,0.6757393838640688,0.2534317098191996,0.03777659497241731,0.4554488905532068,0.19692685332424634,0.012620903252521326,0.5094790076140233,0.2218670013477188,-0.06706347316573681,0.7136942409884077,0.24436820942040996,1.3408234396409502,0.6029498547901858,0.22884872542909568,1.5928802072845292,0.5649506640947157,0.2410426168667194,1.4686904051344583,0.504517088884807,0.39716269398171444,1.261379703167951,0.6681203034412797,0.45470960946523475,1.0258575179629665,0.6656217430513492,0.44730091775822123,0.8091749394339388,0.5767795604884555,0.38145429139822984,0.7103786229987062,0.5566522472373714,0.38987538036629826,0.6793558182254251,0.5568394284787497,0.39655284299600435,0.6695869251868128,0.5841147772103441,0.09726627987135819,1.2298964530062129,0.620799272502347,0.0799391024072329,0.9801268832310526,0.6124868627178945,0.14168585237219808,0.79652161788182,0.5163876562145692,0.20944339027855802,0.7236245245421529,0.4943966636059985,0.20343672146650216,0.6851903802224482,0.501752702706976,0.16391645186837903,0.6428805376655414,0.5204944289408754,0.2666666666666666
0.364441329714406,0.8543368415761293,0.6407808156147653,0.40572732542962625,0.4229271900972883,0.5981630351023985,0.42092799654296126,-0.005979094383656319,0.6661157734043629,0.41817007135232853,0.004216477403955393,0.5221814082170081,0.48052364694772376,0.021556424946015146,0.5151194525549471,0.4109999550564438,-0.07947915247446904,0.7140490791850472,0.17346508910337943,0.840525294995381,0.624791698908586,0.1894390755369783,0.3751955379162958,0.6514006345199179,0.20384122862507378,-0.014907926618915282,0.676469232170605,0.2533546028379551,0.037699870213849816,0.45561744949463884,0.19689077006288902,0.012606794080384773,0.5095342863431255,0.22162402736186748,-0.06688852599925157,0.7134145924622123,0.2443325474600283,1.3407887936305225,0.6029687758695675,0.22855822580065016,1.5930382519104722,0.5626245043351292,0.24039376512535918,1.4695405301149573,0.5026515792107317,0.39627520073074485,1.261826163443843,0.6679148537123706,0.4535231411049402,1.0255975150085488,0.6686508073286968,0.4470432119463573,0.8092112174608245,0.5763846564921427,0.38149349413581796,0.7099040566080429,0.5568480540399972,0.389855672900436,0.6791965018864785,0.5568417994850834,0.39650188236593426,0.6691999273923183,0.5841405281029912,0.09726180214803756,1.229799595760722,0.6207777850274631,0.07998133368861499,0.979854441567911,0.6129322467859979,0.1416786721338817,0.7964980055368374,0.5163786308459598,0.20942242229677296,0.7236426937687049,0.494532515694536,0.204647481735035,0.6860091805758298,0.4998968798149567,0.16473236665101754,0.6415813058638642,0.5213870143511299,0.2833333333333333
0.36446778534807533,0.8541853014165545,0.6410128464693767,0.4061291690291087,0.4228794348557916,0.5994478276373557,0.4211548990960114,-0.006431370324148533,0.6675677852039035,0.4181636790537744,0.004185674220105337,0.5222230151457402,0.48033667459657403,0.020869307840552617,0.5148683091104994,0.41122274494189814,-0.08022621147682822,0.7152742290200524,0.17344238108103913,0.840649738909726,0.624870010278214,0.1894766696004986,0.37533717338605854,0.6513553967413812,0.2039636386017479,-0.01554627575752432,0.6775675136113858,0.2533408774858271,0.03765123824556691,0.45567159944701635,0.19683207240407585,0.01258804678627011,0.5096148796765266,0.22135515693225669,-0.06674579817879857,0.7134348598898027,0.244322469068478,1.3407413980707497,0.6029390005338187,0.22824205955205645,1.5931986021504507,0.5604350853419944,0.23963963463207943,1.470347508484978,0.5014092232062992,0.3954729403460176,1.262096484904267,0.667680702564246,0.45241038945448353,1.0254928828816707,0.671508671522974,0.4469711234373198,0.8092766994699769,0.5759157122120028,0.3814985887646207,0.7097449109967834,0.5569353268192501,0.389844945317108,0.6791346147535845,0.5568431916061967,0.39637943682928617,0.6687515568477671,0.5842030562248736,0.0972554059847415,1.229715614677226,0.6207870089606801,0.08011632574908172,0.9795348182519035,0.6133859356089054,0.1416742970792491,0.796471640521595,0.5163638888393847,0.20981428142228695,0.7239797036194251,0.4937804871084252,0.20587308682292843,0.6867226146401745,0.4980372920954894,0.16557388640529247,0.6403882465312903,0.5222259177792139,0.3
0.3644951674321339,0.8541138290616077,0.6413345335436548,0.40646433178104935,0.4228184225731558,0.600861372315149,0.421357904108254,-0.006812761129484604,0.668963732256012,0.4181642203324506,0.004151156208450357,0.5222618112971715,0.48030725275528063,0.020239891260516146,0.5151675785973057,0.4114724417494223,-0.08100541528862965,0.7167260179226757,0.1734081420768823,0.8407519027309964,0.6249971818757256,0.1894957502291171,0.3756201653106061,0.6513812423999352,0.2041202745970231,-0.01636189536729972,0.678969721182461,0.25334623593397393,0.037592501634456356,0.4557004590146651,0.19676681198710555,0.012573409529350002,0.5097006245780474,0.22107789184212118,-0.06668050703166144,0.7137261834204683,0.2443822817375752,1.3407539402608308,0.6027818734700172,0.2279758283993066,1.5933588032360835,0.5587284116861916,0.23887097961580656,1.4710166990490263,0.5008284813608127,0.39486722387366113,1.2621815925722417,0.667459393986195,0.45152889028553983,1.0255360820338528,0.6738278463276121,0.44691990196032827,0.8093753723364003,0.5755212869012706,0.3814638007134415,0.7099421504859817,0.5569103542894686,0.3898401631537117,0.6793595761181893,0.5568992743482627,0.39616188480917924,0.6685092531847138,0.5843463148012461,0.09724140586091873,1.2297746733546278,0.62086130197173,0.08025651815333568,0.9792669018093931,0.6139416940296742,0.1416749220046854,0.7964523799839022,0.5163471626089239,0.21057290849329907,0.7245991569877034,0.49212241516647204,0.20704292297632004,0.6872680412632314,0.4961996808580443,0.16627726700238787,0.639422705689738,0.5229807464736441,0.3166666666666666
0.3645373842305499,0.8541500557753188,0.6416436566155885,0.40670080525877617,0.4226959592902306,0.6023713747347381,0.42155142016095576,-0.007187423988859465,0.6703527944901035,0.41817050121615074,0.00411771285432104,0.5222911735347295,0.48050566013702234,0.019529171299028605,0.5163887170984388,0.41173725477286677,-0.08169457398658711,0.7183055559376208,0.17336926777367118,0.8408442115826917,0.6250779955537692,0.18949996198760083,0.3760567226305156,0.6514729894364287,0.20429667689081216,-0.017278444119983097,0.6805458009829686,0.25335271004203147,0.03753097173977077,0.4557358225424315,0.1967101189395719,0.012572426245335389,0.5097748613764678,0.22080080768258983,-0.06669844406030334,0.7142394556852667,0.24451844030821532,1.340821504652805,0.6024823869546944,0.22781070066487386,1.593505360165711,0.5577513248491716,0.23814281582132193,1.4715004676144021,0.5006157520045033,0.39453055932862247,1.2621385413450876,0.6673047241212154,0.4509849847911286,1.0256796426466737,0.6753704110320458,0.4468309961524508,0.8095175873936743,0.5751422513676887,0.3813914277380481,0.7104487972988152,0.556796161265321,0.3898248726715625,0.6799271327841466,0.5570566361897015,0.39587515268474327,0.6685815132365955,0.5845576360871448,0.0972085225452316,1.2300728014696072,0.6210124949236335,0.08033092835863956,0.9792689328273831,0.614413303126094,0.14167651206430787,0.7964634081851962,0.5163191356558747,0.21152502628008096,0.7253980477523607,0.4898703247366681,0.20817360270601942,0.6877677587426589,0.4942584657315686,0.16670922205361705,0.638780760488421,0.5235924238480849,0.3333333333333333
0.3645918585906069,0.8542988885781405,0.6418967125640513,0.4068166463770725,0.42249745725941235,0.6039478927689822,0.421744452109664,-0.007584393394394581,0.6717768637574809,0.4181787639764689,0.004085717771408204,0.5223129845735347,0.4809206683476932,0.018544658395159216,0.5185927500109824,0.41199285602640096,-0.08223694975404715,0.7198369154437294,0.17332380124434124,0.8409757345310818,0.6250011729954366,0.1894901911611137,0.3766610352948783,0.6516289920469769,0.20447022220653815,-0.01817724810920958,0.6820958872643736,0.2533811930957053,0.03751690449129284,0.4557295261204255,0.19667123917553214,0.012591412954430212,0.5098266125527751,0.220532177135281,-0.06679088535017583,0.7149080245560053,0.24461782608210317,1.3408790952442824,0.6022635612595868,0.22777780222493313,1.5935811277189913,0.5574765840608153,0.23749156541948496,1.4717963333681552,0.5003874454892934,0.39445437241724113,1.2620737832623816,0.667244483060362,0.45075807532485385,1.0258671440581977,0.6761227992165048,0.4467217800401888,0.8096445045622108,0.5748719257097864,0.38128987562437977,0.7111746280311166,0.5566231104413301,0.3897818158608629,0.6807261942684799,0.5573175004827402,0.39564425772736367,0.6689464525106967,0.584793610581791,0.09714952554183931,1.2306070917860108,0.6212259835791785,0.08030874914775066,0.9797526491103846,0.6143648616626257,0.14167100719165832,0.7965359261667813,0.5162608137687182,0.2125780918160472,0.726349102485734,0.48741745486565413,0.20926099014211316,0.6883495579538264,0.4921904346059527,0.1668829624387937,0.6385723014841727,0.5238372072466182,0.35
0.364635862609833,0.8545488140612085,0.6421012112840628,0.4068084614046173,0.4222566002975725,0.6055644953446102,0.4219364141796619,-0.007989942879317966,0.6732221612327736,0.41818553285202276,0.004051664750666109,0.5223319024986774,0.4814815503660288,0.01723492379549929,0.5214798410302495,0.41221735632486856,-0.0826488038785595,0.7211579433579396,0.17325927762048604,0.841187901703287,0.624757904059951,0.18946633868261395,0.3774327415331541,0.6518405812193263,0.20462113167379836,-0.018955523657497475,0.6834458997916016,0.25347737228843326,0.03762722605941815,0.45557816251135597,0.19665282685523497,0.012635300240556382,0.5098484008879592,0.22028537449355362,-0.06694172870123392,0.7156056438003321,0.24447203431557452,1.3408397216326535,0.6025422287357206,0.2278820372444259,1.593504558024808,0.5575273408492717,0.23697837881539208,1.4719480296077883,0.5000011241871944,0.3945302685272204,1.2620552772250175,0.6672453043132538,0.4507064570969923,1.0260480691405258,0.676208734635845,0.4467196060132689,0.8096112388138125,0.5751028690332687,0.3811699131441087,0.7120326648865972,0.5564112374165884,0.3897002133823162,0.6815869371350279,0.5576480067160232,0.39564484685384566,0.6695689388582412,0.5850487004706192,0.09706723493300068,1.2313003851747122,0.6214720268671454,0.08018586492147736,0.9807735794585991,0.6134718948339293,0.1416540914798357,0.7966707076465265,0.5161638827010229,0.21375029769409426,0.7274611988258513,0.4851746703401685,0.21027477775364953,0.6890610392154378,0.49011978793763294,0.16702129609497543,0.638855577854568,0.5234293798335545,0.3666666666666666
0.36465122714445336,0.8548561564143544,0.642279032543353,0.4067043859094911,0.4220248210640925,0.6071974828965737,0.4221215698864225,-0.00837009482399359,0.6746463513334706,0.4181897768756587,0.004018119401450859,0.5223461507282208,0.48207134217890335,0.01587589172210191,0.5243944007324151,0.4124058012876375,-0.08297611962061001,0.7222249238961522,0.1731656883433008,0.8414545721286907,0.6244857890549047,0.18943104916371584,0.37832396072332863,0.6520797189955029,0.20474454829932484,-0.019588766463362148,0.6845511247402698,0.25364984532713447,0.037881755956744874,0.45525305149611733,0.19665347648042752,0.012704125119180135,0.5098388301666672,0.22007371296641964,-0.06713026628912193,0.7161801185401092,0.24393332506497434,1.3406507462850226,0.6036138563756135,0.22807545570919283,1.5932304177678398,0.5574801269283236,0.23667548279217548,1.4720346988936353,0.4995601888585129,0.39461966051364455,1.2620816556533985,0.6672454580516993,0.450735602386388,1.026218451543764,0.6756614929599407,0.44701020300917693,0.8092762194627823,0.5762589631569889,0.38104440009029494,0.7129294435020918,0.5561787903715276,0.38957126139974585,0.6823745766516299,0.5580052381776793,0.3960441954528783,0.670445442671204,0.5853735981546637,0.09697102515015912,1.2320497239317587,0.6217166558791872,0.07997329877783525,0.982149877150946,0.6117692744595346,0.14163189874110188,0.7967811734660097,0.516052860327275,0.21504054573361342,0.7286453363362333,0.48353748793056817,0.21124217492528014,0.6898831140349154,0.4881228939762324,0.16745810263310695,0.6395766181389434,0.5222977251383203,0.3833333333333333
0.3646366979309726,0.8551506440320331,0.6424306496643679,0.4065665699636701,0.4218144544576628,0.6088137303657335,0.422292824984858,-0.008692103422870079,0.6760051478693248,0.4181929366357993,0.00399826806724958,0.5223503296405244,0.4825445991781465,0.014971648263832571,0.52650892011842,0.41256366669155103,-0.0832535964461251,0.7230808582505027,0.17305010972308318,0.8417154169225524,0.6243572417461698,0.18939253286216634,0.3792272155170322,0.6523016375114852,0.204846328201263,-0.020108930822542267,0.6854608227508512,0.2537841400626725,0.03810825108867572,0.4549933515120351,0.19666876679181944,0.012785783700236752,0.5098080967024554,0.21989860087958663,-0.0673852741430868,0.716628399220485,0.24301329182963732,1.3403217171447248,0.6054518038849462,0.22821888423086537,1.5927616345766265,0.5573346178324035,0.23659558227139427,1.4720890135001128,0.49918345167112177,0.3946541753448248,1.2621147038740566,0.6672146542875778,0.4509207931436376,1.026457845954008,0.6743832190705209,0.4476736997964347,0.8085896019576838,0.578491325171348,0.3809286108079488,0.7137542168249295,0.5559529426063117,0.3893915995324164,0.683038980642962,0.5583451760254046,0.3969916944298148,0.6715164111989341,0.5858133778308816,0.09687164742630847,1.2327493201797581,0.621927221378383,0.07971059137853502,0.9835141553378376,0.6095491340832011,0.14161912642620852,0.7967135254323577,0.5159794512226435,0.21635672988656163,0.7297572546217903,0.4827774537700223,0.21221239814405204,0.6907350850162466,0.48623896349992546,0.16843137803172264,0.6405985549571456,0.5206154606541264,0.4
0.3645978586914784,0.8554020102396557,0.6425228941457974,0.40645585454984345,0.4215759678911297,0.6103576594555775,0.4224459394599928,-0.008951386131351019,0.6772517255151467,0.41819611987602645,0.004004928769386351,0.5223428605751039,0.48277744459827115,0.014923355238424349,0.5272003879655964,0.41269675296084063,-0.08349381392354124,0.7237687791444244,0.17293567541016222,0.841957376022428,0.6244620510535555,0.18936058381292417,0.3800336310614172,0.6524735349981423,0.20493109863291234,-0.020542572867657483,0.6862163533914035,0.25366900793018066,0.037961404287162125,0.45526249332302465,0.19669067335242274,0.012858295141750978,0.5097752246138502,0.21975200728475577,-0.06781494927348339,0.7171983235613872,0.24183946055822209,1.3399021358337764,0.6077961924784115,0.22811473618934683,1.59211806323064,0.557512356302349,0.23665437970477937,1.4720259453936058,0.4988916194322375,0.3946448882868798,1.2621110402608924,0.6671615365232939,0.4513926023259925,1.0268790771714438,0.6723511974224312,0.4486559805596051,0.8076302684673463,0.5815645892252344,0.38083903978010253,0.7143964389499077,0.55576519525706,0.38919326754629346,0.6836004716961168,0.5586132592409964,0.3985418638015765,0.6726202077752333,0.5863486681980632,0.09677984986149606,1.2332970340186653,0.6220766111218583,0.07946272169197857,0.98450872074877,0.6071612806513829,0.14162903666533916,0.7963601495854459,0.5159879885589098,0.21760461331074948,0.7307539625458439,0.4828908856473261,0.21315621339426039,0.6915332912264112,0.48460441004366517,0.16993348086044574,0.6417172433336212,0.5186048963417164,0.4166666666666667
0.36453566906406004,0.8556597707215023,0.6424928684392542,0.40638792000334484,0.4212420696896769,0.6117647308590465,0.4225810577122484,-0.009178750538368113,0.6783399253382297,0.418198768168365,0.0040386401104739456,0.5223258737345708,0.4827176721970038,0.01583438212029417,0.526287371681042,0.41281081691318083,-0.0837209660431006,0.7243063269146947,0.17284806155451843,0.8422021791900582,0.6247995235172443,0.1893383915837025,0.3807043875181815,0.6526002115844732,0.20499764662429115,-0.020887589297654552,0.6868121926913908,0.25315663923850096,0.03716296762052088,0.45640194552146574,0.19670919820994975,0.012901398506805495,0.5097569438767416,0.219620621844451,-0.06852827029266381,0.7181996399784752,0.2405791583488866,1.339451388052188,0.610310969043883,0.22763364282952608,1.591333463749573,0.5583909602317698,0.23673405670487746,1.4717067388054044,0.49868283802909197,0.3946235865365213,1.2620581753288194,0.6671051045112508,0.4521812453528531,1.0275152397590452,0.6697425628066901,0.4499014093477921,0.8066256792385945,0.5848266889213354,0.38078832871461255,0.7147822285128891,0.5556397713650653,0.38908221402241505,0.6840883738711251,0.558758407743331,0.4005710021584527,0.6736580331825623,0.5869169415237111,0.09670628550972526,1.2336127518110414,0.6221524312123315,0.07927707816291495,0.9849548376006205,0.6049413036056303,0.14166645206442172,0.7957292019359739,0.516091048524664,0.21877906130309882,0.7317108555078246,0.48355325525614906,0.2140180709968628,0.6922611862807307,0.4832995706391318,0.1717677076459053,0.642657756831661,0.5164907210008236,0.4333333333333333
0.3644468179833608,0.8559927293568381,0.6422842216713747,0.40633821833985145,0.4207723553379106,0.6129876402722101,0.42269928732900536,-0.009409312001547154,0.6792319522813766,0.4182003576216985,0.004087382315848681,0.5223036143394986,0.4824122930357302,0.01754575303940603,0.5240515367945248,0.4129073224137785,-0.08398940851950853,0.7246788665164381,0.17280134358264448,0.8424411061290749,0.6253276252710925,0.18932242225710186,0.38125869103121435,0.6527084897821123,0.20504045789817532,-0.021122684517421428,0.6872106378523022,0.2522590558257587,0.03571317302090357,0.45838833638497917,0.1967153622029057,0.012902749141866163,0.5097626857011455,0.21946216304588897,-0.0695464035347904,0.719722619054495,0.23940589271919369,1.3390287815962623,0.6126516260682878,0.22678978540886463,1.5904908358767191,0.5600140267229399,0.23677662131339533,1.4710719568018429,0.49861028492830994,0.3946110268954418,1.262022040706682,0.6670597387243321,0.45320195077158204,1.028277318132719,0.6668821175755741,0.4514018285524164,0.8058907109727256,0.5873730688111606,0.38077759737579536,0.7149231710099345,0.5555802483101321,0.3892087060532437,0.6845417171583013,0.5587869704358399,0.4028137990414714,0.6747326846114837,0.5874722673941476,0.0966594482756838,1.2336847424127044,0.6221669952084778,0.0791569021866183,0.9848476893149012,0.603196885307441,0.1417292471168491,0.7949078919338606,0.5162740200187705,0.2198993288443839,0.7326867126732831,0.48432207647590153,0.21481948270215157,0.6929329040365957,0.48217596846576327,0.17372370271294582,0.6431470452935408,0.5145870342257325,0.45
0.3643332276083432,0.8564177850373785,0.6419317935005993,0.4062794492318537,0.42015214475113094,0.6139980779824358,0.42279905141940544,-0.009653264306422535,0.6798925204752996,0.41820120565557495,0.004133712441557261,0.5222837275029739,0.48199861102299546,0.01971465584495409,0.5211620977257844,0.41297916413010716,-0.08434170042516495,0.7248480992599715,0.1727931877288942,0.8426467863316955,0.6260016183807836,0.18931002824723006,0.38171397655943534,0.6528132304342463,0.20505305236910548,-0.02122167955485249,0.68736680154582,0.2510964186635399,0.03390689913347953,0.4609014451543268,0.19670476077983923,0.012856924090293084,0.5097965872875401,0.2192093746528194,-0.07078800261156803,0.7215926471338325,0.23848890289737096,1.3386937162870387,0.6144828538986342,0.22569616241205182,1.5897561478153213,0.5621757181297578,0.23678859330031188,1.4702357425022063,0.4987309473863667,0.39461850937656995,1.2621331583827144,0.6670350495854263,0.45429885552358684,1.0290017003349143,0.6641940705098315,0.45309010286255835,0.8056624856839983,0.5884542032723725,0.3807966857787654,0.7149160334943855,0.5555668364476456,0.38965184028076433,0.6850307520162736,0.5588039180153663,0.40495475228245637,0.676001753633433,0.587996722935983,0.09664092144316296,1.233600386994505,0.6221524206658338,0.07908028465152857,0.984269518412725,0.6021143460540007,0.14181185801219992,0.793999576488277,0.5165098875346819,0.2208863124672929,0.733612468228776,0.4849173836651556,0.21564206298737593,0.6935695420525867,0.48096687119396475,0.1756347134856669,0.6430051716053953,0.5132719508379147,0.4666666666666667
0.36420437071119727,0.8569236449009021,0.6415865233963509,0.4062017455319512,0.4193880644252534,0.6147611714607442,0.42287620824327626,-0.00990321737100619,0.6802805403388739,0.4182019096931767,0.004163138116598644,0.5222743541868888,0.48162617132232144,0.02187626364630256,0.5184149412977582,0.4130232513855736,-0.08477887812935048,0.7248349405963372,0.17281240092173591,0.8428342821589817,0.6267893988995699,0.1893024950139956,0.3820620356520199,0.6529092300254802,0.20503367129613542,-0.021174126777305846,0.6872651989745012,0.24982239878511797,0.03218959497655246,0.4635087033577407,0.1966811514024519,0.012768017595214148,0.5098557163208054,0.21884693768733382,-0.07211386575649219,0.7235551947760759,0.237959299498446,1.3384950580928183,0.6155452678778932,0.22449891757571955,1.5893349806598838,0.5645812511398562,0.23678504506115305,1.469486008315704,0.4990083517830496,0.39465088215990274,1.2624967304652879,0.6670360545328707,0.4552764117089929,1.0295315000374177,0.6621754064151439,0.4547786026892289,0.8059812226824261,0.5877840779984123,0.38083876955636004,0.7148500057426006,0.5555789827831141,0.39034906464072405,0.6855779772951226,0.5589707568917108,0.4067187989540914,0.6774522789918566,0.588460965324841,0.09664190687854418,1.2334917339053721,0.6221405343403861,0.0790237479712314,0.9833780355839978,0.601608486274988,0.14190507077202744,0.7931007255856151,0.5167639466315517,0.22158440053243095,0.734340388763081,0.4852712044245534,0.2165436832000503,0.6942416771205994,0.479494833000473,0.17731811109485862,0.6422183666209007,0.5128206689643762,0.4833333333333333
0.3640642533709787,0.85751789990754,0.6414043550171834,0.4061067890110232,0.4185278646945432,0.6152058542476369,0.4229273050161664,-0.01015897485263291,0.6803569078038391,0.41820318943318957,0.004170009682119752,0.5222771324385282,0.48136887823568947,0.023545489422830745,0.5163961284685068,0.4130563241870331,-0.08529670732113677,0.7247802422053287,0.17285007025748458,0.8430602622521115,0.6276727364608512,0.18930221361357755,0.3822825623873558,0.6529841892638407,0.204992258090463,-0.021017862704445292,0.6869742251087586,0.24860359649210412,0.03095726468391894,0.465795185536344,0.19665454474177788,0.012655378636412709,0.5099270729044844,0.21845710350361464,-0.07339676853582489,0.7254356649521246,0.2378316662983278,1.3384413226408038,0.6158128532589294,0.22335581872822394,1.589341706243341,0.5669056976480578,0.23676259384988457,1.4691512651728567,0.499299347042756,0.39470556442318117,1.2631318964869773,0.6670636832514717,0.4559635395852383,1.0298296945417302,0.6611951672876848,0.4562550292538104,0.806714294536844,0.5856122038393028,0.3809111449410981,0.7147359102505216,0.5556138608656997,0.39117785799672533,0.6861195619749141,0.5593389765781013,0.4079600292654679,0.6788899586525834,0.588809029556435,0.09664830076446437,1.2334447911236914,0.6221462472085089,0.0789764870200611,0.9823990323793028,0.6013654103522285,0.14199391316567966,0.792330328737841,0.5169868253991904,0.22191190628248625,0.7348021683069684,0.48541048043537066,0.2174723317136483,0.6950245612027732,0.47784562983940054,0.17862181372540265,0.6410272989756333,0.5132115400072081,0.5
0.3639105282769833,0.8581831933245369,0.6414412387773559,0.4059934396264562,0.417662711822676,0.6152198214867334,0.42295391770437996,-0.01043451903569502,0.6801211747407232,0.4182058490527477,0.004160015988574031,0.5222831557683327,0.4812303216331921,0.024402065556558522,0.5153543099607082,0.4131052835285162,-0.08591444502835505,0.7248370617173375,0.1729045670237334,0.8433368748761784,0.6286477974936479,0.1893102312886301,0.38236729799815417,0.6530287757910869,0.20495003596196604,-0.020845588118792016,0.6866558959754839,0.2476147220155962,0.0304505955700288,0.4674150685448903,0.19663432754984117,0.012550604327642115,0.5099918051365894,0.2181570784920664,-0.07455782922172033,0.7271559243356969,0.23795778866449596,1.3384818444809676,0.6155834132344852,0.22243071044115698,1.5897212162274903,0.5688077161297731,0.23670641736465398,1.4694303576572412,0.4994315002695766,0.39477243934076445,1.2639655773758918,0.6671161242699075,0.4563339952262404,1.030055794428002,0.6610893256318516,0.45741964092744725,0.8076915954990352,0.5826450745378987,0.38102370880827935,0.7145250107147293,0.5556800628261167,0.39210029711246674,0.6866303510866616,0.5596552955047294,0.408680346298232,0.6800822954403869,0.5889898396915102,0.09665038689396603,1.2334823141714941,0.6221644058391265,0.07894842809852759,0.981508651477065,0.6012251379283482,0.14205903932166986,0.7918644284079578,0.5171153691775789,0.22195347593159598,0.7350745822358244,0.4853964670861998,0.21828593030124688,0.695958289950289,0.4763019168637288,0.17958074584260553,0.639901007752777,0.5140789537028113,0.5166666666666667
0.363762378667178,0.858830619329155,0.641673469215234,0.40586048359969656,0.41688453308896956,0.6147223539072746,0.42296593559656376,-0.01073605572041389,0.6796642948695821,0.41820957936033076,0.004148189558929857,0.5222784778496007,0.48119334582244966,0.024490051094060314,0.5151938409283511,0.41318335846819454,-0.08664263351988388,0.7250271127073533,0.17298067557684038,0.8435641690517582,0.6297373322378016,0.18932580131549887,0.382346193040038,0.6530409552549633,0.20492535823359667,-0.020742976592182105,0.6864601658450745,0.2469973569023644,0.030746249792097308,0.4681445205893,0.19662483796690186,0.012481583350535452,0.5100358901980747,0.21802271348055088,-0.07555521463587221,0.7286980143807895,0.23812487416438835,1.33854130295627,0.6152789230716819,0.22185621379932402,1.590320070929363,0.5700071128668198,0.2366124036878314,1.470322430642321,0.4993409492389701,0.3948368764380078,1.2648255575174148,0.6671843884204232,0.4565734878566726,1.0304919421560967,0.661044999123694,0.458306744694832,0.8088527199788126,0.5797143678564336,0.38117268112654135,0.7141446929069019,0.5557921219901673,0.39318401955061466,0.6872188140359244,0.5594150033333819,0.4089590816656709,0.6808830212729018,0.5889775069090206,0.09664508833256338,1.2335827322023116,0.6221792653300745,0.0789597362575706,0.9807239137590921,0.6014330786968966,0.142085701935183,0.7918635825362884,0.5171037430771601,0.22188572206919538,0.7352565518397581,0.48531182734503087,0.21888997521680054,0.69710269912431,0.47504341963538005,0.1804121812664503,0.6392894862251131,0.5149751976405991,0.5333333333333333
0.36366682927818944,0.8593530049328745,0.6420641414731058,0.4057312789814775,0.4162383234545215,0.6138201547555255,0.42297907644409793,-0.011041547372956942,0.6791562476560585,0.4182078668073582,0.004143832805638806,0.5222661238181567,0.481222031683621,0.024191537430286972,0.5154985985794103,0.41328312193986344,-0.08743482965719987,0.7252627748061418,0.1730854916742265,0.843584121110127,0.6309752038427491,0.18934780068260337,0.38229140330988587,0.6530280451272209,0.20492066553243532,-0.020722619898773262,0.6864119312583752,0.24677518470924314,0.03171128132642818,0.46801858624305337,0.19662568336599717,0.01245601142220655,0.5100582985139837,0.21809046619988573,-0.07635667871475332,0.7300751659236417,0.23821356850128944,1.3385761029058072,0.6151310795420659,0.22165308584049712,1.5909962726984714,0.5704552097496788,0.236514370663941,1.471638419286881,0.49921707581742736,0.39488463814983366,1.2654718164060423,0.6672502683603269,0.45697891295089543,1.0313593967824553,0.660159699696989,0.4589638932667457,0.810227134584407,0.5773478610498045,0.38134118036367537,0.7135508623258834,0.555962652485721,0.39447968126738797,0.6880681676603483,0.558204515765496,0.4089234993658375,0.6812916898399145,0.5887589393636097,0.09663334269717413,1.2336615248321487,0.6221773572182541,0.07902813265244225,0.9799277510493188,0.602343296665336,0.14207470443737816,0.7923286076518741,0.516963005474361,0.22183229058962303,0.7353616363113009,0.48522098507219735,0.21927993581213062,0.698504313731477,0.4740708288222173,0.18130832323339086,0.6393751617929735,0.515694055159182,0.55
0.3636547543516129,0.8596795447262959,0.6425845341641412,0.40565966011725196,0.41571168754551074,0.612849400421652,0.4230026110067843,-0.011307100901676012,0.678730689846656,0.41817857666356417,0.004121395055506322,0.5222984396852254,0.48126244090397374,0.023910896887807412,0.5157859383322881,0.4133856877672588,-0.08818890085362048,0.725449751841604,0.1732184102070674,0.843315727370544,0.6323212164017484,0.18937585319168002,0.3822660336691294,0.6530013568441921,0.2049273210121556,-0.0207417450128128,0.6864405006255695,0.2468097331282478,0.032965494517878335,0.46741254246691216,0.19663433497734495,0.012460568652453013,0.5100683723237518,0.2183974427612952,-0.07691397303765368,0.7312882857905496,0.2382259233310161,1.338583970546825,0.6151309879663235,0.22168585134901886,1.591638929967016,0.5704282297121379,0.23647852945292674,1.4730531042212653,0.49945131266946696,0.3949048737236903,1.265693339943301,0.6672968178746725,0.4577304066163289,1.0326714965499548,0.6581577931433832,0.4593278690475525,0.811744696683469,0.575739019897251,0.3815067532871487,0.7128047071828756,0.5561759268571551,0.3959096275571895,0.6892966985033864,0.5560168972416675,0.4087614726137275,0.6814154259846833,0.5883846245655927,0.09662140272502888,1.233587236219533,0.6221486729359644,0.0791685430904687,0.9790029116600475,0.6040376500532468,0.14204043700944352,0.7930998654265615,0.5167518124270521,0.22182138835851561,0.735392174398589,0.485139993662942,0.21948552244224892,0.7001272255732747,0.47334326740063437,0.18228651707959873,0.6400489907712121,0.5162407227186654,0.5666666666666667
0.3637112179319228,0.8597514359361935,0.6432082301584852,0.40569233403699345,0.4152596606790594,0.6121564097321186,0.42303004947706113,-0.011486711312382783,0.6784079898560541,0.4180838214447209,0.004011990562327997,0.5224774967615836,0.48128108340198805,0.02380504882069398,0.5158447227600688,0.41347311604881243,-0.0888084598479846,0.725539821318301,0.17336297797091577,0.8428270815188619,0.6336208949851934,0.18940794646340808,0.38226319163182704,0.6529676651050476,0.2049375085858574,-0.020761251101151082,0.6864793717163407,0.24690203129929858,0.03403751095898363,0.46682509793591015,0.1966476578513929,0.012475387514116212,0.5100756346689794,0.21895489169403598,-0.07717549590998923,0.7322785783226737,0.23820988676829744,1.338578147885951,0.615182711471471,0.22175943976390233,1.592144878949639,0.570323799276468,0.2365584988570544,1.4742292720986945,0.5003538007395119,0.39489183857561766,1.2653924721199115,0.6673155620697327,0.45871845630379693,1.0342237614097627,0.6555556067852928,0.45925824565070883,0.8131623123788835,0.5750844268880109,0.3816430466712892,0.7120833170658399,0.5563722863182431,0.39726461654152734,0.6908098472553168,0.5533437969827859,0.4086574532674255,0.6813481621336015,0.5881045369363799,0.09662030948011804,1.2332711221949884,0.6220827836292339,0.07938082183926673,0.9779735145060142,0.606317726982293,0.1419974305514906,0.7940005649276948,0.516525601598308,0.22183874952284122,0.7354030063355348,0.48506213979253227,0.21956100581102564,0.7018742073397323,0.47280339360758483,0.18322355770665236,0.6410289755956179,0.5166238939667464,0.5833333333333334
0.3637983985683615,0.8594986754345821,0.6439238904663122,0.4058325207254904,0.41483009836211304,0.6118732561242233,0.4230492169115498,-0.011564097698818651,0.6781513980858129,0.41791611334843537,0.0037901416506216784,0.5228321802264082,0.4812791918324029,0.023819860259225126,0.515749759517525,0.41353650977392825,-0.08925411051450184,0.7255393081590354,0.1734918221978152,0.8422611276811794,0.6347060218917802,0.18943854053315354,0.3822285952758844,0.6529312569910782,0.2049476662767578,-0.02076920993767109,0.6865055126965248,0.2469477661939899,0.03463505244531939,0.46653044705902486,0.1966617459349127,0.012486752615601435,0.5100831246580116,0.2196472506141411,-0.07715874382661109,0.7329334136728336,0.238216550166907,1.3385769680592259,0.615186495842365,0.22177426657833427,1.5924370099928975,0.5703398617368085,0.23676510004181334,1.4749558970390944,0.5019597349806171,0.3948500859991316,1.2646443485951908,0.6673050031217518,0.45961905874051007,1.0357150227612628,0.6532351450162828,0.4587378662311712,0.8142257907406865,0.5756542599031861,0.38172490429061007,0.7115656784635395,0.5564737715157947,0.3983066344486004,0.6922821705955454,0.5509865521708864,0.4087180736782194,0.681097293482771,0.5883347091606456,0.09663804333948553,1.2327227609241953,0.6219754992027553,0.07962837484009991,0.9770158196611024,0.6088640482412859,0.14195417226441434,0.7949100979454322,0.516311591507568,0.22186725560378684,0.7354404299438115,0.48499456002320784,0.2195648579129988,0.703567159670268,0.4723906569931193,0.18399547164444485,0.6419991872316632,0.5168427559069793,0.6
0.36389836069140713,0.8588952066034856,0.6447658652264854,0.40604921541136857,0.4143709173226612,0.6119465954423279,0.4230596890617852,-0.011578268610178993,0.6779326832237572,0.4177767976242678,0.0036211949871975263,0.5231174831030136,0.4812663121725017,0.023871220339403698,0.5156320604632079,0.4135726784242082,-0.08953671753032992,0.7254887841835262,0.17357494603897572,0.8417020623373865,0.6354928312478612,0.1894633407311137,0.3821291975637302,0.6528987626928061,0.20495668014462182,-0.020770232082848228,0.6865220961652729,0.24695434775047514,0.03475884520404926,0.4665026645856666,0.196672948355893,0.012487593111738096,0.5100889651392713,0.22023600405848726,-0.07697529393373419,0.7331746740533043,0.23829482338240132,1.3386095592963185,0.6150467511390545,0.2217578058359892,1.5925121927980752,0.5704120158799574,0.2370711410630491,1.4751873020147903,0.5040804582799432,0.3947992803567071,1.263735977258901,0.667277637523261,0.4601461865181523,1.036855763756509,0.6518837185753483,0.4580069322218671,0.8148334620949463,0.5774496301378499,0.3817397109363062,0.7113076585720127,0.5564257418024371,0.39887929966914515,0.6933279270205934,0.5496552458967568,0.408961224137977,0.6806205519292134,0.5893823049242837,0.09667349654720897,1.2320214146273616,0.6218370102977842,0.07985138217009063,0.9763095199032666,0.6113102987527932,0.14191706166929755,0.7957348793150217,0.5161233093637551,0.2218962065017387,0.7355088903396627,0.4849507072571877,0.21948937473838376,0.7049162948824107,0.4721589298545287,0.18457543499885837,0.6427244977924997,0.5169568271529494,0.6166666666666667
0.3640435961648,0.8580261509096943,0.6458051114650784,0.40631372857817005,0.4138578062385827,0.6122816295708231,0.42307381670851635,-0.011588139149618787,0.6777342967453942,0.4178633419532603,0.003838151178755661,0.5228507004215653,0.4812391748720517,0.02394080271853656,0.5155400836718109,0.4135705627127248,-0.0896847260594246,0.725437556634856,0.17357882507545438,0.8411308036991796,0.6359665582881445,0.1894837120680998,0.38196632059310354,0.6528793804577806,0.2049654044710217,-0.020768628782469892,0.6865333109629501,0.2469525273721832,0.03461620821662451,0.46658751342841953,0.19667933619683547,0.012473696697359829,0.5100915228498218,0.22054525894974683,-0.07672485819895848,0.7330640240780169,0.23844698728615057,1.338700474944022,0.6147613450660897,0.22178699414669528,1.5924597239515332,0.5703724955580278,0.23742332919051662,1.4749975109736029,0.5064228449433775,0.39476638647561113,1.263061255115138,0.6672634020129657,0.46019171101844664,1.0374258881762448,0.6517642716494478,0.4573964993316382,0.8150033567401278,0.5801224584551009,0.3816928953651656,0.7112407241697275,0.5562494989352978,0.39891244308063045,0.69367329211971,0.5497013969269277,0.4093333870711471,0.6798908043556373,0.5912968734871062,0.09671950845778339,1.23126977681909,0.6216896792010933,0.08000603711131096,0.9759006698694476,0.6132624318130542,0.1418927298846262,0.7963883858807309,0.5159751763096465,0.221919912927812,0.7356031832532998,0.4849317427863137,0.21924269480073574,0.7056367388595783,0.47232378992583157,0.1849887852693481,0.6430946871059773,0.5170444722311389,0.6333333333333333
0.3643006442131177,0.8570632783268479,0.6470737108289237,0.40662106925779323,0.41332687699545984,0.6128115319523006,0.4230990991219914,-0.011612634748312436,0.6775508654656736,0.41833632330135295,0.004706722499745589,0.5216431166970995,0.4811829433531677,0.024069017922206712,0.5154310838105266,0.4134990808863838,-0.08972163088878171,0.7254397716958395,0.17347254226080666,0.8405044028270198,0.636133002506405,0.1894973203970593,0.3817550754078982,0.6528950831070905,0.20497671167386175,-0.020760237181046207,0.6865340621551558,0.24695082034914476,0.03444161049563949,0.46665803702134867,0.19668000124473722,0.012445022414098394,0.5100919947540778,0.22059522682085414,-0.07641811094018768,0.7327958314483516,0.23855454475121762,1.3388138261065075,0.6145750158404205,0.22190314558463772,1.5923980570368694,0.5701278297472148,0.2377551013950439,1.4745217331387015,0.508646632984216,0.39476928287075713,1.2628765408284706,0.6672859055111138,0.4597580814439819,1.037387027949743,0.6528686679008256,0.4570676399486613,0.8147513074579216,0.5833294691779009,0.3816134712424211,0.711240153021092,0.5561192804693114,0.3983935079483475,0.6932432262170012,0.55111269227639,0.40974983900445894,0.6789197047929272,0.5939736936641641,0.09677201243892283,1.2305736093962198,0.6215601324703335,0.08007901075256456,0.9757323426611189,0.6143950120888965,0.1418848988253241,0.7968130381961318,0.5158761771919338,0.22193062201416036,0.7357097276154054,0.48493566273848865,0.2186988535169452,0.705604978724743,0.4731749388674653,0.1852276068046074,0.643137391955596,0.5171356095815264,0.65
0.36471049662710114,0.8561734699312546,0.6485103534387863,0.40697446958394273,0.4128318833953082,0.613498675799124,0.42311699333971686,-0.011631358628052785,0.6773962434054429,0.4192179297908,0.006264813312032214,0.5194276598241702,0.4810953628204052,0.02427783731884338,0.5152078530190654,0.41332556762598,-0.08965834899060901,0.7255383011157106,0.1732592903914221,0.839853669320832,0.6360007939751071,0.1894778834767145,0.38150737693741266,0.6529954441349107,0.20499165966857444,-0.020740538879901516,0.6865210028889122,0.24694724109561167,0.03434824215856944,0.4666712906740795,0.19667478533177762,0.012409687125551572,0.5100917360083065,0.22052950633467558,-0.07602586892335456,0.7325439058902175,0.23842135027310246,1.338818531141476,0.6149046532480155,0.22204676845114296,1.5923778455067994,0.5698060273624832,0.23800671717996325,1.4738938532928545,0.5103994850913847,0.39481066305098844,1.2631507925663834,0.6673432284316172,0.45886660347429253,1.036935432423534,0.655105433985264,0.4570162788833012,0.8141167871386473,0.586802164839317,0.3815606745185057,0.7111897726785208,0.5563391664778754,0.39741777561597735,0.692244868754836,0.5535155222988573,0.41016472038853796,0.6777874699207275,0.5971678932383402,0.09684007125052146,1.230031586984871,0.6214708781480497,0.08008169716860772,0.9757449322526469,0.6146557408298806,0.14188903554348523,0.7970045840742374,0.5158208839514571,0.22191728353469342,0.7357730281975332,0.4849648048450176,0.2177705030370813,0.7049275486566439,0.47489349098371936,0.18528827636646214,0.6430227421814123,0.5172080933795867,0.6666666666666666
0.36525073611772446,0.8554568437446196,0.6499895331462079,0.40735151626713356,0.4123836846022009,0.614327283022673,0.4230761708415841,-0.011622116348488212,0.6772888061622788,0.4203680772110901,0.008312021873550998,0.5164787656125664,0.4810208655576754,0.02445870922526476,0.5148448441747667,0.41307192478444643,-0.08948702621871656,0.7257081900703939,0.17299701629531045,0.839282086431321,0.6355804649390171,0.18937786256026268,0.38122351464618953,0.653237633519391,0.2049989377603257,-0.02072509372077483,0.6865187704367486,0.24694265186260567,0.034328800680441786,0.46664597647740425,0.19666533496741834,0.012381572539136104,0.5100900406350296,0.2204795729194414,-0.07552094552897434,0.7323260189731922,0.23794862364704356,1.3385596836714677,0.6159900082235047,0.2220642108059018,1.5923668995330962,0.569761140431916,0.23814841437512982,1.4731924780227497,0.5114111657350883,0.39488575649949786,1.2636433233856037,0.6674280797387766,0.45759636590206043,1.0363631280280214,0.658229392873863,0.4572308926303454,0.8133119808358353,0.5900669476035157,0.3816016626541902,0.7110337859504362,0.5571473331446599,0.39625577942898943,0.691168758154977,0.5561732742990187,0.4106203857941033,0.6767248622334044,0.6002572683285491,0.09694527333187083,1.2297064981863683,0.6214337572339111,0.08004875820566387,0.975885995656298,0.614377498173387,0.14189137947153962,0.796993394897988,0.5158013582333418,0.22186822351087007,0.7357124727483952,0.4850207761060715,0.21651823298064263,0.7039453495490463,0.4772918659272044,0.18526826664460444,0.6429740808397955,0.5172020510180467,0.6833333333333333
0.36586423588078515,0.8549483658306783,0.6513772030571552,0.4077023469106645,0.41197853517908595,0.6152980390429301,0.42293025814149243,-0.011574945434136369,0.6772363157250173,0.4214848903500932,0.01040509337416648,0.513428233762916,0.48104305082616255,0.024371285856475175,0.514570518192348,0.41283188237809837,-0.0891693596258021,0.7258379152156311,0.1727759359602462,0.8388917751269984,0.6348818471123028,0.1891856394515893,0.3809261496716463,0.6536277763313241,0.2049653919015241,-0.02076138617243474,0.6865978224940918,0.24693950970640133,0.03434525981395322,0.46661394542037443,0.19665454224221374,0.012372146882557264,0.5100873013378554,0.22050745208236072,-0.07486736621119579,0.7320478300057098,0.23719516688473335,1.3379766000367128,0.6177001270467755,0.22179153555083653,1.592309046199103,0.5704012682675412,0.23820538343505693,1.4724375770671627,0.5116518031855227,0.3949904528404202,1.2641091801756683,0.6675515017955572,0.4561423929979856,1.03588154506997,0.66173723828744,0.45770902091167204,0.8127240552909084,0.5924472454476561,0.38176506496781093,0.710812168292609,0.5585433865378139,0.3952857331298276,0.6905879952404909,0.5582500131965928,0.41117061700580204,0.6761190559743552,0.6021660581731645,0.0970853030910532,1.2295781786705633,0.6214419946368498,0.08002104670423277,0.9760671886739597,0.6140690717707475,0.14187871883845907,0.7967997467703805,0.5158266583215458,0.2217745614160726,0.7354945922925739,0.4851112632961625,0.21519451599059813,0.7030578082369017,0.47978958313869013,0.18531966255829796,0.6431039232118828,0.517033425451155,0.7
0.3665241673277015,0.8546491858865543,0.6525394502595394,0.4079885060184885,0.4116596049321691,0.6164160204986681,0.42271601611624965,-0.011484474403503517,0.6772366464150087,0.4222353895370673,0.011958034976987192,0.511133777078963,0.48122577005880196,0.023808472215359547,0.5148243084890824,0.41270181633678166,-0.08865435590960363,0.7257986015515365,0.17267870951110667,0.8387456536657316,0.633897189740451,0.18897851293026718,0.3807006005878458,0.6541131413769385,0.20485484840001625,-0.02089743888555226,0.6868315317359491,0.2469387570862755,0.03437820060262377,0.46659450865476243,0.196645809886387,0.012389349769923078,0.5100842799594429,0.22061772506608002,-0.07400512374027772,0.7316295653345746,0.23621650128516064,1.3371221330850402,0.619735892454739,0.2210946804114144,1.592164953661938,0.5720292465922246,0.23825355033155052,1.4716495228622382,0.5114037574288612,0.3951046622831852,1.2644397425735623,0.6677211674150918,0.4547352944796974,1.035558426063651,0.6650745666123282,0.4583743269861183,0.8126900437052061,0.5933850236023596,0.3820240376778198,0.71066842972047,0.5603092367012221,0.39477802052376565,0.6908565418607991,0.5592470849784706,0.41174622120961735,0.6763009198444094,0.6018693303600658,0.09717813678576982,1.2295512852600836,0.6214590643417509,0.0800116569353542,0.9761475160428328,0.614067010121873,0.14185518778767625,0.7964329115215363,0.5159275491255908,0.22164600624860303,0.7351497597148776,0.48525023913285537,0.2141316749048107,0.7023923602780477,0.4817619184824452,0.1854561229774324,0.6433120079743722,0.5166930333692118,0.7166666666666667
0.3672511579645186,0.8545719753360941,0.6533302181142059,0.4081942543482407,0.4115250988374456,0.617679341285186,0.4225618060456135,-0.01134252111371728,0.6772843201875138,0.42251310668937103,0.012512505347384933,0.5102993746953364,0.4815732963511399,0.022731678325996166,0.5159397949048491,0.4127134496622038,-0.08794101881906245,0.7255087740040042,0.1727367643198763,0.838876921820743,0.6326029553456152,0.18887698764335697,0.3806871930842411,0.6546275105072972,0.20467996370682157,-0.02111177601608978,0.6871899180300147,0.24694121407441438,0.03442395685885738,0.4665912848746325,0.1966427604581898,0.012440640632773142,0.5100766713544976,0.22078884697529272,-0.07288354957545412,0.7310361187592446,0.23493009136222331,1.336085662139845,0.6219601669704415,0.21980063906805616,1.5919094230666395,0.574858561493713,0.23832882190888366,1.4709347029336768,0.5110673920734974,0.3951574785441851,1.2646452191005544,0.6678811096520662,0.4535047357316987,1.0353451404842389,0.6679575103666923,0.45903884246632143,0.8132599439268672,0.5927852925272997,0.3823173346920815,0.7107814466554973,0.5621530954962333,0.3947587894837653,0.6919197279374657,0.5592471039681576,0.41220578591039364,0.677289573223104,0.5991028529495666,0.09708104351278021,1.2295694416538319,0.6214303268967115,0.07999444874917971,0.975980955203548,0.614374093400731,0.14186355550512336,0.795907636570143,0.5161546298783611,0.22153366509817085,0.7346910815771114,0.48541554218957594,0.2136152119680887,0.7017167268743465,0.482802459703173,0.18546452294779936,0.6433233045414153,0.5164163754930502,0.7333333333333333
0.36807647355981066,0.8547741700858493,0.6536312868150113,0.4083013443068746,0.41169201495775215,0.6190530663936225,0.422573523795431,-0.011138876641105008,0.6773757529977706,0.42248298218389835,0.011928169520031076,0.511179983108404,0.48204540872253077,0.021240802528681837,0.5179517174223324,0.4128397122397627,-0.0870882731925667,0.7249382612800641,0.17291379616313995,0.8392774476995332,0.6310496035572323,0.18894452736524625,0.3810141344436796,0.6550616228089312,0.20451863517072236,-0.02129804897374285,0.6875107875021651,0.2469478600709341,0.03447903600603468,0.46659877086700385,0.19664671593407324,0.012528538657678737,0.5100579239299484,0.22099079505646757,-0.07155751011429201,0.7302407847637074,0.23323898914490138,1.3349507363548125,0.6244342314942134,0.21766954456835805,1.5915189994362582,0.5791014400892758,0.23832093631812817,1.4704932781766547,0.5108713472766602,0.39505199625796134,1.2647733857084515,0.6678817279763685,0.45244081182080886,1.0351452120950397,0.6704400133915045,0.4594819659287131,0.8141786113426025,0.5911888690760468,0.3825696158714986,0.7112435847851268,0.5638366998029893,0.39508600645395947,0.6933528610598959,0.5588332338511651,0.41253670535545844,0.6788419581265076,0.5945067653400702,0.09669762767102405,1.22969797517926,0.6213225257434531,0.07992395323967708,0.9755298835986447,0.6146548845942974,0.14200388372571496,0.7951940581877519,0.5165524795630996,0.22152869709746761,0.7340490913710873,0.4854759728346165,0.21379069740710333,0.7006651514358415,0.4827787204719891,0.18508314677717352,0.642851524454341,0.5166565666840496,0.75
0.3690176045006471,0.8552987673627234,0.6533769721074417,0.4083177981642986,0.4122276281642332,0.6204228700522155,0.42275051882479175,-0.010867444324540829,0.6775087412525659,0.422340801305352,0.010395020666917013,0.5135134458623319,0.48258726486358566,0.019488955939715613,0.5206765907893166,0.41304439240254964,-0.08614028771637278,0.724096389321684,0.1731667215191946,0.8398774977070681,0.6294304582717857,0.18915140781696937,0.381693929246684,0.6552274616202525,0.20445513344919206,-0.02134683242384526,0.687622102948162,0.24695764190912456,0.0345366224851393,0.4666072257849993,0.19665544880499086,0.012647731092439218,0.5100253833706375,0.2211885223533453,-0.07020984756022505,0.7292499865756766,0.23125397251857285,1.3338220481001213,0.6271344417070627,0.21454854883386626,1.5909890850455948,0.5848235455468598,0.23802879229424317,1.4704957417996172,0.5108365029772545,0.3947534976413456,1.2648888961212443,0.6675479385500104,0.45150002147860324,1.0349060121377494,0.6726398356608192,0.459673049712073,0.8151220727594206,0.5894477838383995,0.3827067898090863,0.7119724292858649,0.565218298681785,0.3956253656860018,0.6946454822705872,0.5586365632461046,0.4129317622129256,0.6808060034911625,0.5890323762881199,0.09604654566314803,1.2300496216501664,0.6211350158090706,0.07977595713436497,0.9749082852434507,0.6143788141221002,0.14238569320422795,0.7941944550800439,0.5170516033694599,0.22171386432326118,0.7331467407773166,0.4851682183628383,0.21455852731467087,0.6989329494412095,0.48194002988257223,0.18424361266019418,0.6417589631782147,0.5177841444981515,0.7666666666666667
0.3700699298684301,0.8561104707875944,0.6525051965865026,0.408339006651465,0.4130740565653366,0.6216217251064352,0.42303104977040223,-0.010532735653821929,0.6776718258014788,0.4221675616932256,0.008374601193942385,0.5165883637956085,0.48312698033696866,0.017695952273790186,0.5237581891162473,0.41332891716401876,-0.0850991698234764,0.723026054125943,0.17351992126161692,0.8405822553688027,0.6279387036474682,0.1894277485157788,0.3826309292132465,0.6549524942231261,0.20452021266837953,-0.021216252690907017,0.6874537941066845,0.24696730177747606,0.03459583303919995,0.46660114982605483,0.19666631662584738,0.012788468655685392,0.5099795676424438,0.22136013614193173,-0.0690676022935396,0.7282015565518367,0.22924755537755948,1.332829900129644,0.6298054362321786,0.21053891305807643,1.590366725648042,0.5916427599101532,0.2373285064706242,1.4709484907894677,0.5109353447246324,0.39429194249422184,1.2650901678435638,0.6668488591109691,0.45074273828870637,1.034679289620981,0.6744218418787908,0.45986629005585633,0.8159770308199349,0.5880918350961453,0.3826976026686121,0.7127636501976937,0.5661629873579784,0.3964075635764803,0.695612058797104,0.5587085518539272,0.4137159154579264,0.6832977813216456,0.5832971319013418,0.09524208641876347,1.230677695701297,0.6208588191639741,0.07960876673327236,0.9743108452190095,0.6131354728078658,0.14299365058570918,0.79288815404937,0.5173335405808308,0.22205580137327502,0.7320134409884324,0.4843030871439672,0.21556653079185142,0.6963206756829634,0.4809637082599659,0.1830521287189235,0.640080122208722,0.5198496989012852,0.7833333333333333
0.3712103766953183,0.8571773856299061,0.6509783245812848,0.4085133441294714,0.41405855323828433,0.6225805341174453,0.423359912028082,-0.01015717050664891,0.6778359043075882,0.42197693336693953,0.0064291761137903886,0.5195276575960917,0.4835465872116555,0.016238905768998113,0.5265569076827612,0.41371642061408936,-0.08396751325288167,0.7217882861169979,0.17406016939041222,0.8413335857397911,0.626616042768875,0.18975311828452765,0.3837499877189342,0.6541784472771074,0.20469003354539234,-0.020919797356819703,0.6870225619805663,0.24697273590376234,0.03466256118086691,0.4665657602364078,0.19667726171215288,0.01293424330857057,0.509925171179574,0.22151638186015335,-0.06832275456337389,0.7273941481015103,0.22733141125724377,1.332080480845563,0.6321592346218757,0.2059957040834909,1.589738149451681,0.5987461159459869,0.23623261806558965,1.4716811324113839,0.5111727111095736,0.3936486729339945,1.2654567480586056,0.6660521234300621,0.45031240324339494,1.0346295182325371,0.6754585568970836,0.46031907854588827,0.8168653479567208,0.5872166109144414,0.3826116587202625,0.7134752117282877,0.5664233281115408,0.39761720860944705,0.696540399572192,0.5584022824953685,0.4152396978186852,0.6863799961784618,0.5777358769153131,0.0944463158045451,1.2315389504722434,0.620445994126289,0.07959015064943968,0.9739549759190398,0.6108777219104338,0.14356366859925854,0.7914490031848735,0.5169742278439413,0.22223290595115194,0.7306706206300553,0.4832236953114474,0.21623799231633967,0.6926737166492462,0.48084491287980163,0.1815087297117164,0.6379122652555106,0.5225615967323203,0.8
0.3724132841097552,0.8585174445435747,0.648904974807316,0.4089209591182623,0.4149902861001665,0.623420466300143,0.42369133717158103,-0.009782499537831307,0.6779721448627881,0.42175079040429897,0.0049953727283054,0.5216486279929503,0.4836988210172096,0.015591939832963489,0.528211826109785,0.4141765198674238,-0.08276779922552052,0.7204368465051776,0.1748769869448079,0.8421119867898543,0.6254763701247464,0.19018956448366472,0.38500795457954606,0.652941656151811,0.204925059611048,-0.020484636311086366,0.6863652870712393,0.24697001737412275,0.034728353856721836,0.46651320003443275,0.19668390346726378,0.013059160649370918,0.5098749962049053,0.22167757646125355,-0.06806488470701019,0.7270948319243402,0.22531321748319078,1.3316183951608174,0.6340780749075903,0.20140976535880767,1.589167590533355,0.6053046153913286,0.23483837378048283,1.47246455598363,0.5115214694143737,0.3927356734043143,1.265957927717742,0.6656388328881391,0.4502624067442914,1.0349798322680486,0.675626229334297,0.4610131955564052,0.8179257681971908,0.5868523464868532,0.38261633598567624,0.714126160774478,0.5657926622049178,0.3993617348326487,0.6978843967578714,0.5569821306787427,0.41780407083143656,0.6896812153572973,0.5732759429815892,0.09379534660310657,1.2324652036816786,0.61989593739837,0.0798719482771374,0.9740209491698357,0.6079840696075858,0.14348588276787289,0.7900591074376933,0.5159631855061495,0.22153982083826082,0.7288961104695213,0.4829885346864936,0.21571076776611933,0.6878506044717319,0.4826543201659956,0.17934232735853228,0.6353073251229588,0.5252906797889326,0.8166666666666667
0.373650394586753,0.8600810267034229,0.6465218233057192,0.409500076393732,0.4157248800005222,0.6243351196802525,0.42396967880021996,-0.009456107554580859,0.6780909034759,0.4214398231903259,0.004292659174538818,0.5226031796115393,0.48350006604922324,0.016038307590729176,0.5280546658796751,0.41462449597348044,-0.08153300802803357,0.7190011262445996,0.17600720864775815,0.8428854280193656,0.6246654358493511,0.19080688985534278,0.38630446570892785,0.6513143039121768,0.20521499133644833,-0.019931621488740697,0.6855067430399808,0.24695655297832267,0.034748195368637616,0.46650928607512215,0.1966809634586569,0.01313913793423313,0.5098441542265907,0.2218218988289518,-0.06826240021610334,0.7272847570090752,0.2229712012659959,1.3314261478521088,0.6355632252752872,0.1972121925373409,1.588658732611517,0.6108479200016992,0.23326318741255214,1.4731455709626644,0.5117925946382262,0.3915379803997934,1.2664890078663402,0.666021948584781,0.4504167021831474,1.0358158669738529,0.6753501452136942,0.4617829850164491,0.8191548849598254,0.5869926819606948,0.38287936298777303,0.714857950776986,0.5644199350364247,0.4015296238922761,0.6999217356594162,0.5541873863266069,0.4216915138788454,0.6925867567481474,0.5712370572344174,0.09329952019821092,1.2331687950093917,0.6194321151190951,0.08028924855162156,0.9745301838864687,0.6052375198113649,0.14183606201617044,0.7886698702611742,0.5149152887389243,0.21906020934204168,0.7263398992920282,0.48482519715527783,0.2130071649083882,0.6819080602039577,0.487047505467207,0.17625635774894116,0.6323520299590708,0.5270821288582639,0.8333333333333334
0.37490430166009336,0.8617243769059192,0.6440087910455498,0.41011842431717566,0.41618131543542175,0.6254270433355205,0.42414947026126953,-0.009228567363002899,0.6782539939663675,0.420964425401708,0.00427274038669033,0.5224728962883214,0.48301056153278066,0.017446551423492843,0.5260962633721052,0.4150232733800281,-0.08030326963130421,0.7175016393959475,0.17741308361261618,0.8435989102851982,0.6243636294998532,0.19158385953801033,0.3875392992237259,0.6494042407974655,0.20558377188275798,-0.019281224350861784,0.6844753172792661,0.24693155891398608,0.034653371606029104,0.466659431679998,0.19666918689836532,0.013166639823067566,0.5098394141807796,0.22187539770647666,-0.06881529426447508,0.7276864347875209,0.22031297244933917,1.3314547462991784,0.6366497632100577,0.1935818242285492,1.588183058968304,0.6152163188213605,0.231573147629877,1.4736667324235067,0.5115734403710568,0.39020139962723854,1.2670355937534121,0.667399826991432,0.4504406994817909,1.0369345614146361,0.6754667590931144,0.46258487706620166,0.8204347591736393,0.5874290981266936,0.3834752392378803,0.7158646979932975,0.5627420629260558,0.40396438732291035,0.7027471542864823,0.5501593568137112,0.4271120673864562,0.6947809777558069,0.572272695886714,0.09283253594948711,1.233364984575436,0.619476453131137,0.0800798020953271,0.9752630614225933,0.603716281896852,0.1377149593364079,0.7870604408432176,0.5145724198839317,0.21407777281810964,0.7229408776592686,0.4893144066569259,0.20760855678872464,0.6752757950870355,0.4936131244915192,0.1722182515029787,0.6293143133425227,0.5269334944374618,0.85
0.37620654868035125,0.8633469556689394,0.641465948677208,0.4107341271815972,0.41637753144609735,0.6266716784183615,0.42424635085754275,-0.009163640895573297,0.6785190638924032,0.42024768883155184,0.004551099599379105,0.5219089530035078,0.48240895408272705,0.01933868561053241,0.5231950022797711,0.4154290287783175,-0.07913201440385051,0.7159928710107856,0.1790126149458396,0.8442211326733949,0.6246111118786346,0.19239498407223893,0.3887399299468272,0.6474066041392524,0.20603819450952354,-0.018574096700723824,0.6833343576645645,0.2468984662009331,0.034433259871047964,0.4669912086852794,0.19666102284444867,0.013152795772668133,0.5098573697107948,0.22179984329157884,-0.06956154943237783,0.7280457736196094,0.21742432417450683,1.3316837983140348,0.6374525887832907,0.19044400354514035,1.5877507675340385,0.6182244959549363,0.2297758282887254,1.4740182895732044,0.5103033825575319,0.38892285657022346,1.2677364647080986,0.6697151969512938,0.45013836980337274,1.0380364734183278,0.6764773112008042,0.463564358673174,0.8216566511559592,0.58790759384746,0.3844243364976543,0.7172938688492944,0.5610180123517587,0.4066448375564923,0.7063702620902896,0.5451085045434626,0.43393632234288937,0.696398105727185,0.5757386022894642,0.09223683511881384,1.2329309117425513,0.620329841035186,0.07797544310535473,0.9758023175591419,0.6044195767492108,0.1306038106560026,0.7850156091740303,0.5153159494452655,0.20654951771144633,0.7190065332416727,0.4960476608605567,0.19984515802200042,0.6686337145249535,0.500438226822044,0.1671350626313968,0.6265002732415825,0.5243361473141186,0.8666666666666667
0.3776269513462022,0.8649310224603541,0.6390494556578931,0.4114329928115352,0.4164108150279535,0.6279804193669937,0.4243514242023093,-0.009298847359378276,0.6788574885211325,0.4193561248678248,0.004599022433802238,0.5218371177935432,0.4818846830818868,0.021126214735609314,0.5206074472850543,0.4159271264338959,-0.07808720793808747,0.7145696286661506,0.1807429546677193,0.8447466434486949,0.6253169202503039,0.1931134470176448,0.3899974185002557,0.6455743212415128,0.20653206380402211,-0.017885988222494265,0.6821872475276384,0.24687199777355417,0.03424463510259162,0.46727934402023596,0.19667847978674347,0.013112893797295189,0.5098878115604503,0.22169551170889418,-0.07027020618253679,0.7283046536673619,0.21423968221639833,1.3321327929062883,0.6381974704640005,0.1876206222805588,1.5874508517884536,0.6194602224828076,0.22786108829822344,1.4742463937551658,0.5075270231186546,0.38775607431852105,1.268747127458856,0.6724976223250184,0.4496729735234585,1.0390534000525757,0.6779487933765327,0.46491935537592954,0.822806151700095,0.5883024659067839,0.38583189980467847,0.7191635850630917,0.559074733319698,0.40961581941629377,0.7106328695809422,0.5392252735268163,0.4416117469058798,0.6977252363910118,0.580191503936263,0.09140584919506384,1.2319510214916698,0.6219550530820919,0.07283326912544343,0.9756714609824674,0.6076730622272437,0.12047844210287115,0.7824751916528029,0.5170723118596777,0.19724956674885968,0.7148193564061676,0.5038406454545177,0.19048436140345068,0.6625776396738595,0.5046325323221643,0.16021193374520482,0.6239372059728892,0.5196523894763032,0.8833333333333333
0.379210039899715,0.8664232518693297,0.6369400434419522,0.41230492858938694,0.416332989899877,0.6293220183400129,0.42457857441776925,-0.009580220704482889,0.6791574300296069,0.4185885687364459,0.004075337949769525,0.522794222903787,0.4815586157455821,0.022315352030824118,0.5192350562205149,0.4165767878836418,-0.07722816781369295,0.7133168776970412,0.18259039817169884,0.8451355986867902,0.6263861866601941,0.19375400249998814,0.3912991949543553,0.6440571913326454,0.2070167995153616,-0.017290501461684857,0.6811155860887671,0.24687860670487577,0.0343748881534212,0.4670802921790861,0.19673483749000203,0.013040407903623527,0.5099116665101658,0.22175265310210018,-0.07074885748057723,0.728513343188507,0.2106466785626991,1.332797195296614,0.6391752529638868,0.1848916101953856,1.587389070276335,0.6184112164716342,0.22573352891346715,1.474473722796964,0.5033479090881464,0.3865612406855248,1.270112634173686,0.6748232395262468,0.44941765431057135,1.0402044445725807,0.6788676779737133,0.4666805836735599,0.823915439821193,0.5885605391474479,0.38797714678059053,0.7214001252029464,0.5564757868608264,0.41296964391491375,0.7151054268755064,0.5328362846432242,0.44946762761544956,0.6990091532700115,0.5842591308336462,0.09032387594989036,1.23063498874645,0.6240867806527357,0.06436440071319373,0.9745514464692011,0.6128321111547458,0.10792635035683759,0.7796938352550915,0.5193146485171688,0.18708606746178968,0.7103281907347335,0.5111389916374203,0.17979125470376478,0.6572161331482941,0.504179514117898,0.15019663849934134,0.6213681449347602,0.5139961778714534,0.9
0.38094649470652875,0.8676981077613559,0.6352230370402592,0.4133980247371879,0.4161220841061727,0.6307836900534558,0.4249988279748629,-0.009855222849017714,0.6793154448914387,0.4182639360455719,0.0028275505358997255,0.5246885395093019,0.4814838254259896,0.0226147225779441,0.5193564016453918,0.41741704741816343,-0.07656049168200342,0.7122852978029165,0.1845570176382576,0.8452921877717963,0.6277917961582352,0.19450341950820466,0.39254591204605005,0.642830101186085,0.20752866671008366,-0.016762583109657975,0.6800652621715512,0.24693685906235974,0.03506311468520064,0.4660258596393698,0.19679605417294543,0.012903338607486228,0.5098945536405001,0.22210731839208,-0.07093775916970549,0.7287038018858809,0.20673784330139944,1.3336187824332215,0.6405832037862502,0.18198517814344375,1.5875962691810548,0.6148574654953287,0.22314385447739116,1.4748217254471159,0.4987059338610348,0.385177801046121,1.2718183043433753,0.6756418284929985,0.4496363570859351,1.041748280375368,0.6784821562957623,0.4686331474940839,0.8249822921040385,0.5886345428070953,0.39130252359281426,0.7239954986879966,0.5526767877687346,0.41698293260262687,0.7191896504027557,0.5265365339639649,0.4570269129421605,0.7005296562896849,0.5870684552059129,0.08911071269845944,1.2292148082785446,0.6264188292005775,0.05331898982900628,0.9725188355390042,0.6185199737773214,0.09421645202327505,0.7771493392104597,0.5212321669515088,0.1760156933933353,0.705162144034673,0.516470048267625,0.16715437688168355,0.6520198869974934,0.49956187601899193,0.13661495100060334,0.6186083210502661,0.508617565430097,0.9166666666666666
0.38280523309908066,0.8686941585116662,0.6339252096787097,0.41480267480248384,0.4158351585713468,0.6324452811871063,0.4256179368499829,-0.009926938627300957,0.6792716675316374,0.41842667699096314,0.0007916874121205175,0.5271227045348101,0.4816663131370482,0.02195721246735355,0.5208541292418462,0.41846716015739277,-0.07600988999740393,0.7115161106173563,0.18661873811076088,0.8451348979254832,0.6295481760999617,0.19560304296073472,0.3937657617997141,0.6417472799723467,0.2081832774224947,-0.01616037334752371,0.6788539595381033,0.24704238064573097,0.03641841050168731,0.46403022363567764,0.19678237217078748,0.012722265359649224,0.5097966570022074,0.22280914133170363,-0.07085299267707842,0.7288947608493188,0.20286065858606686,1.3344801626787088,0.6423303251106072,0.17866006744324447,1.5880496643817215,0.6091446814164241,0.21985408764290332,1.4752566412272665,0.4949906342981055,0.38360151938738496,1.2738718372265978,0.6742758522642313,0.4503656668306907,1.0437372733006254,0.676667276792537,0.47049801272214664,0.8260561859869038,0.5884596730816885,0.3962987960113809,0.7270757473959452,0.5471540305922864,0.4220551514310975,0.7223893279081948,0.5210436851302251,0.4640142628039853,0.7026045177968818,0.5882141187046862,0.0879837653315895,1.2278915024352932,0.6286447637362812,0.04109607715000631,0.9700385702599733,0.6231931012776253,0.08087238682555883,0.7751237702706879,0.5220678767171287,0.1630323908063075,0.6988274719181837,0.5188850232261286,0.1519146949319584,0.6462684872830353,0.49314385073808154,0.12033208194576363,0.6157820314534255,0.5043471674540948,0.9333333333333332
0.38475640796215266,0.8695020803802218,0.6330865464574997,0.41667079135510393,0.4156763005435232,0.6342293199724712,0.42640848956793814,-0.009666697102084981,0.6789869340820416,0.41887889560201136,-0.0018153931114085614,0.529739560163746,0.48205634912220907,0.02049814733829433,0.5233571902536777,0.4197093816462828,-0.07545761480485988,0.7110428455934713,0.18872488136112353,0.8447087609219374,0.6315950215194682,0.1972118608923384,0.3952619528429614,0.6405016161283703,0.20905891694831194,-0.015360338862142109,0.6773765717038485,0.24719116320987483,0.03842801676083719,0.4612768856910815,0.196673453611799,0.01269864200895926,0.509608439377974,0.22387288579740225,-0.07052292128363344,0.7291220717049824,0.1994261177254662,1.335150631539506,0.644066543237758,0.17484087385310354,1.5887425048431052,0.601900707046725,0.21589408488552222,1.475479435263753,0.4932403773972317,0.3819518235929217,1.276252356998981,0.6707337422359707,0.45150485060952006,1.0460403840940213,0.6737152750048119,0.4721911035781332,0.8273824759888176,0.587956843788512,0.40330360102516766,0.7307502425092542,0.5397465381124049,0.4284315353329494,0.7245479932301472,0.5169028597920098,0.47029469719167827,0.7053341083476109,0.5876577604230881,0.08709689886408098,1.226777679118152,0.6304266546954462,0.029205233608339008,0.9676659930835263,0.6257490858308946,0.06874178882973242,0.7734407803637401,0.5214623387078895,0.14748524633327453,0.6910309301510582,0.5182652018092007,0.13434703047844843,0.6396920386580929,0.48717119748732735,0.10251163869314114,0.6131432370848761,0.5017803059531132,0.95
0.3867574498870873,0.8702372581951435,0.6327568608451213,0.41911283568804486,0.4158270219512163,0.6359216468607477,0.42737511128116235,-0.009137021560421274,0.6785151293790258,0.4194167676358113,-0.004414896354315134,0.5323000188036892,0.48254188704039164,0.018601441687958686,0.5262395101618803,0.42111152375679156,-0.07483459796132526,0.7108765580187294,0.1908214144982923,0.8441867758258393,0.6337145328662993,0.1993479892011023,0.397454648063517,0.6386307774924028,0.2101330015561264,-0.014365811086158545,0.675747361139357,0.24740324559110694,0.04091433525038422,0.45813979206446453,0.1965451531760361,0.01316315631255456,0.5093753518209813,0.22525198917991782,-0.07001715374956723,0.7294156913610892,0.19668805678231194,1.3353378849359565,0.6453808163804663,0.170660551825973,1.5896107802427013,0.5936509558039921,0.21154123235591846,1.474999050887523,0.4938011844163161,0.3803272694641753,1.2788388855727686,0.6655883216603655,0.4529282328620631,1.0485238982261027,0.670003359328103,0.4739243492462394,0.8292878858103849,0.5871957522573568,0.41232621651905754,0.7349667634873666,0.5308937654484429,0.4359901957601422,0.7257702568568949,0.5144919101302461,0.47605302562105867,0.7083863591244242,0.5857516300133923,0.08639788299233479,1.225821913404417,0.631467522711143,0.018939814820411925,0.9658640133001007,0.62576441452505,0.05739857154808467,0.7716414562676465,0.5199106354840374,0.12992263721594505,0.6818097115774817,0.5153929618884233,0.11532794403250399,0.6325811848488965,0.4828266527439334,0.08342888657826694,0.6108046112449467,0.501558031590827,0.9666666666666668
0.38875660501645476,0.8708638406754078,0.6330488063258589,0.4221159095429808,0.4162861678048094,0.637280270894069,0.4285636189204721,-0.008557322814079726,0.6780611548995631,0.4199169796788185,-0.006345761543158933,0.5345226603251415,0.4829810048537536,0.016753321074692434,0.5287336367440951,0.42265657869950113,-0.07419405473249799,0.7110317871685488,0.1928709532533011,0.8436924084635953,0.6356643087410733,0.2019035500947421,0.40055824775673016,0.6357546227784326,0.21135904390519877,-0.01326593695390621,0.6742110932583338,0.24769762805566495,0.043535071743798885,0.45508813522446423,0.19641873232033796,0.01425961529122087,0.5091829031233713,0.22677862471872487,-0.06946073666077116,0.7297909645355132,0.19470064414812824,1.3349013183051879,0.6459679198110925,0.16625432334267587,1.5903517659022741,0.5852022834817738,0.20699711495000372,1.4734425873739192,0.49674219593641866,0.37876494829297314,1.2814570309835596,0.6595875852138897,0.4545095032794422,1.0511266569603366,0.665889446632715,0.476078111611112,0.8319228855982602,0.5865365896295214,0.42295684459317184,0.7394521067436022,0.5217710330782286,0.4442681868551997,0.7261064609612334,0.5143165556832473,0.4819588953844216,0.7112050187900192,0.5832643830912845,0.08565830143294821,1.2248462318649154,0.6316893144813511,0.011239451444236227,0.9649854243246468,0.6233963213433562,0.045620416324194724,0.7693264275315238,0.5187249851528071,0.11142452196905878,0.6714390022784114,0.5114701312780883,0.09518441331413574,0.6254731082453562,0.4805882708053315,0.06280539809834085,0.6088081628166101,0.5036949875585841,0.9833333333333332
0.3907178935858092,0.8712172493244599,0.6341907740189172,0.42559128317986744,0.4169434968461356,0.6380771213402595,0.4299839137204443,-0.008098504495583275,0.6778264340461807,0.4202849829809005,-0.007086456266174851,0.5359189845472709,0.4832482047408739,0.015455353403585628,0.5301251136286694,0.4243102611045423,-0.07366318403444291,0.7115599349425055,0.19487590908673205,0.84316557598145,0.637355468640222,0.20470558793551918,0.40447526443854354,0.6317843164672456,0.21273584856110073,-0.012149980716373118,0.6729881551542467,0.24805585642714903,0.04590944952455407,0.452563731208181,0.19621707936172594,0.015751893550233334,0.5091210261938891,0.2282331410789039,-0.06897700344612936,0.7302650677618164,0.1933578031283199,1.333940119864863,0.6457934427838651,0.16139300427283276,1.5904204571858254,0.5782754370515852,0.20214494575113612,1.470841096902165,0.5021523442441184,0.37725691383876025,1.2839785233444547,0.6534130755668395,0.45602705746172917,1.0537795987515486,0.6619724334330749,0.47899012042265143,0.8351611375948861,0.5864338023315353,0.4343961837574129,0.743680932357921,0.5142798120588831,0.4527770835412632,0.7255867952801077,0.5168282886496691,0.48882839698839115,0.713405040972706,0.5810926510919799,0.08463316858258478,1.2237000461277243,0.6312833311370887,0.006409061180202411,0.9650779407922833,0.6193473928949336,0.03245939773629281,0.7664110774889881,0.5188097765374472,0.09245433922773955,0.6605888683882571,0.5073060666389649,0.07356309085054138,0.6189906692781953,0.48051552736157344,0.040991448241006756,0.6073324882505344,0.5069922610836032,1.0
0.3926498164629863,0.8711578597242202,0.6363929819313264,0.42945808119560763,0.4177436242401076,0.6380977971497959,0.43158020561186167,-0.0077595523001332545,0.6778486810465105,0.42044901428765075,-0.006334402950457195,0.5359962403832026,0.48327568860545467,0.015114736250664923,0.5299838630878205,0.4259859793564794,-0.07332725685599045,0.7125505465122756,0.19688775995744973,0.8424399408275388,0.6388098414807237,0.20760838541043194,0.40896071247521315,0.6268859338316892,0.2142678189528416,-0.011066314591611962,0.6722063190498806,0.2484254317564454,0.047794735583438185,0.45086018877971473,0.19592481359300917,0.017217391144805763,0.5092485947068071,0.22952561415872877,-0.06859445047775829,0.7308564678604034,0.19237224743016443,1.3326540679742385,0.6451774622831337,0.15544694518079488,1.589323130770003,0.5750759440890278,0.1966254950051513,1.4675251868917518,0.5096852674844214,0.3756919310164689,1.2863202543535,0.647619349641802,0.45714788147106133,1.056345267318913,0.6591659801067236,0.48288325008305155,0.8386909949173142,0.5871396241647835,0.4456718183717,0.747007703755296,0.5103311715263981,0.46134203786853056,0.7246662016430635,0.5215287079936928,0.4969091838660674,0.7148481647035384,0.5797188176050306,0.08320872776525745,1.2223243608604748,0.6304631766933719,0.0038376484356011592,0.9656650800492176,0.6147565744672107,0.017839322596603147,0.7631295125650519,0.5196263964608419,0.07272265320054389,0.6504430418445848,0.5030045166644952,0.050648513311101234,0.6138499323361981,0.48186731258864174,0.019073405394820116,0.6064382605385796,0.5100677152295742,1.0166666666666666
0.3946369789323522,0.8706689194846619,0.6396233343429236,0.43363972014470187,0.4187422293097346,0.6371992717726042,0.43329150889686396,-0.007458284194320472,0.6780662130729176,0.4204164002682462,-0.004131266415429213,0.5346967758290166,0.483091189415751,0.01586089825873975,0.5284073074096525,0.4276054880539501,-0.0731961306828185,0.7140905857284269,0.1989771077668733,0.8414044785494184,0.6400139579846313,0.2105661789811833,0.41380400761165415,0.6212963529668996,0.21591385830381077,-0.010035500800408229,0.6719319866328075,0.24874823749595817,0.04920078010759098,0.4500067424063664,0.19563654915193388,0.018337017170438855,0.5095830968260593,0.230767867448223,-0.06818792158088821,0.7315768226668792,0.19136620185760572,1.3311854270894115,0.6445254425506843,0.14789554174406147,1.5869370905041198,0.5769805586412496,0.19011861847490827,1.46382244975768,0.5181293559397417,0.3738265511518694,1.2883037700374367,0.6426406311451416,0.45768009104834906,1.05874063706176,0.6580203315250586,0.48789850266618584,0.8422724343090247,0.5886023516101149,0.45597546598218214,0.7489259878025392,0.5108735555463494,0.47015663279131525,0.7242928835638215,0.5266053594954089,0.5056516161529269,0.7156156445639381,0.5789376434738644,0.08143263766076256,1.2206264247636887,0.6292554442816781,0.0023251031793228905,0.9659051101767545,0.6107247892156322,0.0023237950716253047,0.7596892128603706,0.5198514120544026,0.052315676398916995,0.6422495243111922,0.4982203220566966,0.027851923577498765,0.6107412639091466,0.48281542661791527,-0.002231059942008379,0.6055669270175378,0.5127951224570523,1.0333333333333334
0.39679090491361263,0.8698678582632566,0.6435661759477569,0.4380264395898518,0.42003104877115505,0.6353841003885984,0.435084530697278,-0.007161510004840721,0.6784378772040671,0.42028202604703935,-0.0008791913005920249,0.5324077300845177,0.4827987135073193,0.01744417989746512,0.5259139788520439,0.4292028463703279,-0.07324725987761532,0.7161482437825847,0.2012243881883889,0.8401026603464786,0.640853708574311,0.21361135003132348,0.4188568437103637,0.6151904868313223,0.21760665835315407,-0.009101171623521698,0.6722083533208121,0.2489793709921994,0.05027763795063019,0.4497138736465545,0.1954403580366489,0.01899308579084691,0.51012687333671,0.23213458299717182,-0.06755783135521415,0.7324200925145222,0.19010849611198702,1.3295655472375956,0.6438816022692386,0.13883200958071748,1.5835247753871136,0.5836585613156716,0.1826243481656451,1.4599801929580425,0.5258542334292355,0.3713173655361558,1.2895695374342568,0.6389546972792292,0.45776262669495893,1.0610761079090318,0.6581724650731455,0.4939887381292283,0.8459247111915911,0.5904656411680868,0.4650171914360947,0.749377962059399,0.5153582291302847,0.47965425307140547,0.7252749106460654,0.5299391459483604,0.5143536703960712,0.7162307026516292,0.5779464065816061,0.07936611545755337,1.2183046007198046,0.6277556543625302,0.0009285236131987159,0.9650188283336274,0.6078217626119748,-0.013367916764634556,0.7560015280376836,0.518620436222831,0.03241810679599476,0.6366677109219696,0.49263024123322574,0.00658152523036322,0.6099161048003905,0.48146546933101075,-0.02309680535607802,0.6037480607636205,0.5161176249387797,1.05
0.3991378298208723,0.8688965929930892,0.6478313314511107,0.44248273589641174,0.4215942910965488,0.6328128323164928,0.4369336049053842,-0.006899426924430102,0.6789468901703228,0.4201549276174732,0.002770772091794521,0.5295464055763526,0.4825023347312526,0.01938207765876611,0.5230181650981066,0.43092674016995763,-0.0734458163184247,0.7184697075523109,0.2037557078303062,0.8386804082376471,0.6411867681239399,0.2167653445555611,0.42396222049784393,0.6086761436123861,0.21929179098740975,-0.00833992844746316,0.6730001566398551,0.24909698663369748,0.051021095194790575,0.44952411014195187,0.19533822196649764,0.01919500052934872,0.5108704596039804,0.23369911036308677,-0.06658020367676407,0.7333319827576763,0.18855969535234685,1.327819440084057,0.6428640954229474,0.128936748633722,1.5794550643504803,0.5933606760833319,0.17452731308261119,1.4561908493065656,0.5316699673242182,0.3677675500561025,1.2897356632194308,0.6372022861684955,0.45766600098776655,1.063559502530835,0.6588516873221945,0.5007927934914916,0.8498113660034045,0.592230453341147,0.47326767564796646,0.7490553098004205,0.5216300651386373,0.4903347131001,0.7277608388931056,0.5303146911131545,0.5228369011488008,0.7176075345718617,0.5758446580573382,0.07694645326127435,1.2148690171895105,0.626459637016309,-0.0005420694662209261,0.9626234763585285,0.606092070653903,-0.028550026612457632,0.7517964074895414,0.5160855273843521,0.01410552473028517,0.6333970346162466,0.48653766914100505,-0.01345413931670537,0.6106291536949026,0.4776973407954731,-0.04371833485667194,0.6004504958090434,0.5207277937947314,1.0666666666666669
0.4016161717211909,0.8677767890828737,0.6521441797545728,0.44688302809409086,0.42327539165562844,0.6297336910470585,0.43882152347558223,-0.006714131423034592,0.67956971320578,0.4200467033944676,0.005997872101457455,0.5264374821453299,0.4822458943412551,0.021202606660372394,0.5200503429542604,0.4329160118599785,-0.07373031637479141,0.7206544690554295,0.20670930569462365,0.8372186704312361,0.6409685693742584,0.22000178077405466,0.428951912170928,0.60181300383522,0.220918290394978,-0.007805676286490523,0.6741522794241471,0.24910846659904065,0.05125888330479034,0.4490876136809302,0.19525917784994712,0.018988800857421217,0.5117458343944108,0.2354155454812311,-0.0652587830937073,0.7342162588028468,0.18662532333340504,1.3261465653704216,0.6410556250126406,0.11913727885231824,1.5749218158487108,0.6040548739734035,0.16638071895364578,1.452540961774243,0.5351735469273826,0.3628931419036927,1.288673098453683,0.6379722870832973,0.4575218026781927,1.066259179647621,0.6596432350688697,0.5078673482398791,0.8540761221551033,0.5935502087040838,0.4817712460284235,0.7492694537847973,0.5266751452962208,0.5024303054316734,0.7314952385857554,0.5276493891395388,0.5313575117205814,0.7203967991002874,0.572534594049094,0.07406427381433489,1.2098913021038677,0.6260922048007792,-0.0018229374618157642,0.9588013697471579,0.6053446101763171,-0.04258211001357319,0.7467632461945632,0.5134571692818692,-0.0034119287837725033,0.6311250314479931,0.48131715034228906,-0.03391493967753155,0.6112151550370974,0.4734686147302837,-0.0633709040344732,0.5960226272880436,0.5263219763216245,1.0833333333333333
0.40417850777414316,0.8664308957282331,0.6563189539520926,0.4511534335689687,0.4249250792507713,0.6263417178627139,0.44077342804713093,-0.006637580545997709,0.6802796864566522,0.41977863142685523,0.008009984133996034,0.5235972693984451,0.4819859010948182,0.0225681459516935,0.5172998896307636,0.4351746974655696,-0.07399391937454491,0.7223630150099516,0.2101195890979594,0.835663328180859,0.6402320462736953,0.2232915828785151,0.43369529164638443,0.5946322748453262,0.22244214487716527,-0.00748968962071829,0.6754636870444942,0.24902164907903634,0.05096668512732399,0.4483586449655318,0.19514869581272182,0.01850829305805704,0.5126094319330023,0.23719277274771366,-0.06371355844678597,0.7350279674727249,0.18393748684521338,1.3248221826366435,0.6385466101020149,0.11029617246504272,1.5698269800385465,0.6142589270623209,0.15861505166510803,1.4489876090168998,0.5365947808536911,0.35672849209094704,1.286594696782237,0.6415391117885958,0.457321158132982,1.0689890649948872,0.6605573795087345,0.5151053334749176,0.8588805178581033,0.5942001295525232,0.49147192291345315,0.7512275243460707,0.5282157493795566,0.5155436782865217,0.7362772807394392,0.5226322482695056,0.5400430385367352,0.7244979189418939,0.5690246209023709,0.07061289666235412,1.2031747471056844,0.6272115020795938,-0.002793160660165387,0.9538139964813076,0.605294793122796,-0.055009608283285764,0.7405130596132882,0.5124410724413826,-0.022260345534940544,0.6280020059676151,0.47900075019080035,-0.055713505771761276,0.6101602541708774,0.4708374028829397,-0.08081566544031052,0.5913297268354297,0.5319932981778406,1.1
0.4068428086917691,0.8648062735305457,0.6601952936594222,0.45528413579862415,0.4265181413389172,0.6226662290558065,0.44284813443796034,-0.006716979076508159,0.6810494051800074,0.41906145870841116,0.00837711146047218,0.5218205735453068,0.4816092060089995,0.02325334220970407,0.5151411642561097,0.4375709674847699,-0.0741088529310959,0.7234490883035568,0.21386512001526936,0.8338990585997996,0.6390260581441416,0.22662680194965162,0.4380685518271458,0.587237863984916,0.22390371901653422,-0.0073158021419788,0.6767403739791741,0.24878452872202522,0.050287117922706966,0.4476864657899519,0.1950736741613575,0.01809735367933163,0.5132956232605653,0.23894876788239292,-0.06214833859357353,0.7358203015405863,0.17991971599339346,1.323770954906604,0.6361917388646116,0.10284876448899341,1.5638559129455634,0.6228523370768593,0.15139207893957038,1.4453358137864292,0.5367981191895352,0.3496093322313189,1.2838711754182273,0.6477604705245149,0.4570652540123031,1.0714340780713112,0.6616351033134654,0.5227872155224833,0.8644017640152672,0.5938993410048963,0.5026136050055527,0.7553702159662123,0.525752226066554,0.5286631640422886,0.7419291755400264,0.516382128401049,0.5486613851358779,0.7293880163066412,0.5666260997451439,0.06633236044582852,1.1947233198112988,0.6300245310444348,-0.0036503588282835345,0.9476852488023778,0.6056136964569735,-0.06591121661349363,0.732603433446402,0.514379562330699,-0.04338168016794092,0.6226905881093993,0.4810070638348794,-0.07787278063603348,0.6070889727460745,0.4701515547828248,-0.09555062382756348,0.5870634408387249,0.5371258556153007,1.1166666666666667
0.4096498279162663,0.8629459918697752,0.6636869119984135,0.45927921648846515,0.4281559861701432,0.6185673321276606,0.4450477407841848,-0.00703493097894059,0.6818618575493488,0.4177398086848101,0.007127711237047016,0.5218000056592316,0.4809821263405942,0.02312016565232003,0.5139591703780254,0.4399458174238191,-0.07401829713760644,0.7239342587518426,0.21774354268598767,0.8318104240838412,0.6375191728125622,0.2299685714364883,0.44191066978906607,0.5798676903415038,0.22544731226864373,-0.0071545225415116515,0.6777768372243075,0.24828898849628617,0.0492558044871222,0.4476553643282014,0.19515069688217407,0.018198742393895642,0.5136925396371528,0.24062699898042994,-0.06078148934189088,0.7366542806285388,0.1740839862508402,1.3223314154971244,0.635166085875463,0.0963858206997806,1.5567134471299535,0.628878637909704,0.14459542856392246,1.4412625693140866,0.5374277915468184,0.3419736136568633,1.280769996615893,0.655895180971621,0.456853477410751,1.073413834948662,0.662682485498739,0.5311755913671722,0.8706173099503232,0.592581826035053,0.5146830718497744,0.7613519519756035,0.5202597218481542,0.5405764479820391,0.7479774163144446,0.5103640478251592,0.557060892293666,0.734773020723463,0.5660536813317489,0.06082434985868615,1.1847562397286777,0.634354779755335,-0.0046214295982769035,0.9402218549410306,0.6059248044688772,-0.07595683802895506,0.7228360789976669,0.5199904235672005,-0.06541266142880173,0.6150381716451352,0.48718963985064745,-0.09856917148152805,0.6025825898731432,0.47037427555556693,-0.10814183390712989,0.5833901111502071,0.5415724774122198,1.1333333333333333
0.41259525037658557,0.8609540460491674,0.6668075713365439,0.4631191702505015,0.43003770422554477,0.6138418351937204,0.44725295807506493,-0.007663963908617413,0.6827448691454278,0.4158885017418853,0.004623715962057504,0.5236681318513814,0.4799603640399449,0.02224617683161105,0.5138162895491606,0.4422030008621452,-0.0737876955183949,0.7239181177204639,0.22162257271088723,0.8292825003893312,0.6360738570482882,0.23323051351674565,0.4450470585159032,0.572762634840142,0.227196872540813,-0.006886455559632784,0.6783961191684631,0.2474679783637927,0.04782334083601681,0.4486546338060473,0.1953278669375551,0.018960970741778743,0.5138503771042892,0.2422080701023035,-0.059809403021038855,0.7375372484913636,0.1662765371911471,1.3195052588528051,0.6361805570813484,0.08962573279751823,1.5483406910334627,0.6322725101078008,0.13786247967409812,1.436526968394227,0.5404468827571166,0.3341904510328151,1.2773212987783304,0.6645579957743015,0.4568295117356201,1.0750436104008783,0.6633808235963213,0.5400947463233801,0.8772056228351136,0.5906512580900365,0.5267116944399044,0.7684234750568413,0.5134314149710956,0.5504130777443235,0.7536284464146508,0.5064853147320392,0.5655840249661068,0.7406887443328303,0.5673178345059231,0.05395890601085725,1.1737937062377415,0.6396659064023336,-0.005780716568362288,0.9314377828259182,0.6058230043355961,-0.08570316488084906,0.7116374777296964,0.5291784785743961,-0.08613410335503925,0.6057548147208671,0.49589406510643397,-0.11665789202748553,0.5972618580582316,0.47049418756150535,-0.11920821849858956,0.580063256961773,0.5449036905950426,1.15
0.4156017235781702,0.8588547352387301,0.6696071010189553,0.4667881419848232,0.4323017185580825,0.6084039837822861,0.44928487944221357,-0.008605218831691491,0.6837459505511992,0.4136860845272709,0.0015460003363804986,0.526832993374843,0.4784001704978985,0.021081029306981983,0.5141346660842497,0.44431280465030115,-0.07353541762888245,0.72350908761853,0.22555218291266466,0.8262043438320799,0.6350843393723391,0.23636820563528424,0.4473309170584575,0.5660061274869294,0.22913054845576591,-0.0064856430281414745,0.6785496521580798,0.2463637548041988,0.04609096329971709,0.4506402581637224,0.19535938303949113,0.02002224165906291,0.514095527387053,0.2437178498774533,-0.05937104474324061,0.7384610751725196,0.15668631703395103,1.3144079145654597,0.639050988678322,0.08107915593654548,1.5390097284676145,0.6341924879670763,0.1306690413897783,1.4310696462886716,0.5468558862963211,0.32644248772036355,1.2733848288263148,0.6721808008452226,0.45710458486971295,1.0766788958597817,0.6633544212356732,0.5489406903286488,0.8837185809453982,0.5886741292983478,0.5376020528799023,0.7757980400096458,0.507097337175934,0.5580773843980227,0.7582929188481388,0.5065148014810461,0.574650901968471,0.7470289124581435,0.5700199486448456,0.0462131511762434,1.1625296165545396,0.6451503342112226,-0.007179160203876968,0.9217409322638601,0.6050691717007171,-0.09489969296792147,0.7000733234236336,0.5403170249273249,-0.10424891064545672,0.5957967288617793,0.5047474502603736,-0.13181635118357704,0.5912680613469208,0.47023749716727337,-0.1286720735203187,0.5764628971058908,0.5462402284479764,1.1666666666666667
0.41854657352432395,0.8565254193100167,0.6721549902714404,0.47027131720570453,0.4348074019091726,0.6024240055144509,0.45101021415275916,-0.009825476253707305,0.6848326084274193,0.41133323797561977,-0.0012133865881403527,0.5301981881103345,0.47627570648004924,0.020273283183379648,0.5139862645076444,0.4462667380296313,-0.07335169840855431,0.7227793230166033,0.2297096551224641,0.8225146579097089,0.6347421848908974,0.23944236341897562,0.4486986885803833,0.559550216140107,0.23109175235876758,-0.0060442714146678456,0.67835659434239,0.24510125715888909,0.04435619631193529,0.45330476023008565,0.19501310580215658,0.02080111785283205,0.5149077785401899,0.24519823065352148,-0.059490556095151775,0.739402307182178,0.14579206857822732,1.3065542544511566,0.6428650478100382,0.06993426828294243,1.5292537422947967,0.63588860489833,0.12245858322533906,1.4246947855220362,0.5556155358262004,0.3187708792163437,1.2688318162990728,0.6774924080115426,0.4577813227146303,1.0787407710546308,0.6618799592224893,0.5571155573616063,0.8897726837191272,0.58702196016165,0.5465143254378992,0.7828099943089575,0.5026783333099899,0.5643511306814653,0.7621377214336827,0.5107909698002023,0.5840896013151604,0.7534040838459135,0.5732401855148336,0.03847625054926171,1.151431044722035,0.6498895743121116,-0.008890170582991101,0.9116634547253589,0.6037402749913884,-0.10271056954485086,0.6893044095782976,0.5502868283254672,-0.11949525829860622,0.5859837867955362,0.5116378594015246,-0.1436348834205404,0.5845027935010105,0.46974632753510526,-0.13622233334768635,0.5714982359211795,0.5452329006464315,1.1833333333333331
0.42133376804029044,0.8537737159373919,0.6745785029059662,0.4734889305026731,0.4371822969293892,0.5962901511150007,0.4523669358658478,-0.011327373589426135,0.6858673828263114,0.4090908871184997,-0.002955361902220746,0.5327143940994292,0.47377986610993006,0.020236377074173292,0.5128399804877172,0.44802309450119976,-0.07328937902700729,0.7217500898521095,0.23421538283662588,0.8182401205474572,0.6349775811454318,0.24255300178935515,0.4491727140483118,0.5533697261382,0.23291944775665058,-0.005713453600789745,0.678029302986058,0.2438290940090619,0.042942716530891885,0.45632116139206697,0.1942275050333333,0.020917806447484477,0.5165468807242295,0.24664759820483995,-0.060115265787330945,0.7403038289299355,0.13442078742392874,1.2959332390516982,0.6465011689404054,0.05647197462741227,1.5194960755348716,0.6375161367945903,0.11284063631158331,1.4168405185273618,0.5640956900232942,0.3113145859211839,1.2636440023092586,0.6797311917828819,0.45887405522020164,1.0814728746532587,0.6581937889782289,0.5643781513446392,0.8951274936776085,0.5858283381436704,0.5534184886229369,0.7888739101416608,0.5008549361925577,0.570672029969698,0.7659543838514041,0.5177679296521628,0.5933112613252727,0.7597514370129691,0.5753949261394994,0.03148399982527229,1.1404166381590484,0.6530906006923316,-0.010868183080787505,0.9014340461032536,0.6021859000911226,-0.10842017116083569,0.6797938919703513,0.556081432408532,-0.1315324718426625,0.576759585077885,0.515220318406539,-0.15137643877727863,0.5770503272970775,0.4690275507027116,-0.14190755368345984,0.5639930348016714,0.5426426275238547,1.2
0.42395361165161305,0.8503872370750807,0.6769678600228872,0.4762779708006696,0.4390680322802506,0.5903910631447655,0.45333071851778756,-0.013134502666300452,0.6867082977586372,0.4072615555536409,-0.003480223593613649,0.5338573205442654,0.47120439938762737,0.020914770997924714,0.5108477534662533,0.44950518041789694,-0.07337784415041135,0.7204207578889654,0.2390070279862217,0.8134415058208617,0.6355843935424856,0.24572035140571336,0.44876114681990426,0.5475594313024714,0.23456957318832397,-0.005606002029037119,0.677740429697613,0.24267807033524386,0.04197333550769575,0.45931998868635365,0.1931045495810682,0.020253636193965766,0.5188650754857398,0.24800433462211458,-0.061241793738401065,0.7411474529572669,0.123660211245771,1.2830790910502092,0.6490604177348198,0.04185256149553512,1.5096034577856265,0.63823252822187,0.10188011923852361,1.4069701131156582,0.569727363317392,0.30431036150156326,1.2578643351890124,0.6790697358915353,0.46005245022272145,1.084714215589258,0.652697023971907,0.570804623786852,0.8996569964964044,0.5850648545377388,0.5594597234362588,0.7937169097558557,0.5013047723132048,0.5786199477040769,0.7705573057222864,0.5249329658456384,0.6021154351709015,0.7666832656779115,0.5749667373142157,0.025448844352396617,1.1289925719987137,0.6543109377464953,-0.012936695023978095,0.8907719326122645,0.600887633642751,-0.11185229657107063,0.6709000205233675,0.5565792609530417,-0.139510621466438,0.5680875430128757,0.5149780692520838,-0.15490099321333978,0.5690781354581637,0.4679013376528688,-0.1459457699459297,0.5535110524566806,0.5396124691858727,1.2166666666666666
0.4264706646732213,0.8461924430462959,0.6791919866118611,0.4784820216212591,0.4402656235911584,0.5849262061247774,0.45390871105327923,-0.015258073491352137,0.6872850300168948,0.406031184226358,-0.0029892106218676606,0.5335285759944524,0.46871096233292425,0.021908146694452527,0.5084403481302896,0.45068938013275367,-0.07363103050616171,0.7188188205872937,0.243870689754695,0.8081293967541628,0.6363126333576931,0.24883406385638399,0.44744596282640114,0.5423167172284729,0.2361006251536058,-0.005747158298654367,0.6775592490100437,0.24174981711849708,0.04133839165522388,0.46167600675734155,0.19179038975248935,0.018773299534974586,0.5215373088383356,0.24919600680015352,-0.06295517704470018,0.7420095517592561,0.11441250673850899,1.2691202461124886,0.6500269596766077,0.027562801857720858,1.4989445141636006,0.6372203560221809,0.0902209172447851,1.3951115414245483,0.5711393530551061,0.2977820850203691,1.2515568445908078,0.6768305170461211,0.46063186983306353,1.087917565773555,0.647311983163953,0.5766754768250384,0.9033272626607722,0.5846833099550142,0.5665451656750546,0.797850759773307,0.5026086482833991,0.5891162904662215,0.7765088824174853,0.5298940555217105,0.611122600338567,0.7748419332351915,0.5716259136658813,0.020242162898512224,1.1167732534222528,0.6535474649645978,-0.014935951281633518,0.8790994537623412,0.6002268457676461,-0.11337503393671887,0.6612379350258734,0.5530661450843725,-0.1430312935533615,0.5593831539858406,0.5115191554408276,-0.1553177356201745,0.5603143828837979,0.4663457065687697,-0.14838988178190332,0.5407067148306259,0.5366594663470293,1.2333333333333334
0.42897026043984005,0.8411887373791616,0.6809547152672525,0.48007675550964135,0.4407519932824971,0.579944730772127,0.45416841822277876,-0.017690983822028244,0.6875640602827306,0.4052774912829379,-0.0017506701878924613,0.5316002846493194,0.4662565687773556,0.022804351955461502,0.5058508783441138,0.4516589767375134,-0.07405730037946354,0.717039051181025,0.2485606804322851,0.8022976428019422,0.6368719561194534,0.25171985891446447,0.4453147565687802,0.537870660041616,0.23755840158373429,-0.0060991875966261155,0.6774927960999224,0.24111950402403606,0.04095374864108345,0.4625991545184862,0.19034232766073367,0.01651119495237892,0.5244158399029736,0.2501893289811322,-0.06528944365590494,0.7429953908591141,0.10700833930415413,1.25545343406346,0.6492186137290099,0.014931685675623248,1.4869104886788358,0.6345259681589247,0.07887625108057406,1.381942482225986,0.5681233510014546,0.29148529369912135,1.244909513400462,0.6747478394053943,0.4599819940765218,1.0903942149619075,0.6442492543719931,0.582492132008187,0.9063381126903631,0.5846789669515648,0.5762041902741518,0.8023195843606337,0.5031841415565231,0.6019125603275046,0.7842004283628795,0.531148876439891,0.6214305465896762,0.7840945971368369,0.5665484772643473,0.01579582033084424,1.103885222220826,0.6511038203730681,-0.016758527863605988,0.8659751049992293,0.6002222491669469,-0.11360304808657298,0.6496011305999649,0.5482987149335261,-0.1431073121403032,0.5494705305862054,0.5069336156947098,-0.1543400707773938,0.5499620788363268,0.46478206408057665,-0.1492748536397553,0.5269027365962704,0.5335615086104495,1.25
0.4315080976793563,0.8355570033738643,0.6821099199118345,0.48119027698310657,0.4406053850693704,0.5754945240963892,0.45423969544996073,-0.020377475536627693,0.6874833772299335,0.4046185717620586,5.509528282311715e-05,0.5279026543926191,0.46376503127214797,0.023489859040413993,0.503024892175615,0.45252236986774563,-0.07465987771526801,0.7152338800164678,0.2529080636084104,0.7960262812880119,0.6370368523556721,0.2542708498644904,0.44256190456203737,0.5344082997060379,0.23891431905086546,-0.006618447126135268,0.6775344198711422,0.24078526503739883,0.0409091785599777,0.4617226586342813,0.18874134851700508,0.013758441614486444,0.5275431577213884,0.2510097207090788,-0.0680823386555551,0.7441614586162839,0.10125521822788548,1.2430439162385407,0.6468580451518134,0.004817088065042681,1.4732893315926194,0.6308769043058302,0.06887602589926808,1.3685254515795893,0.561278512470043,0.2851931606630673,1.238326485651534,0.6740098683816316,0.4579218806157168,1.0915476386245704,0.6446931800553107,0.5888485881766774,0.9092237161432227,0.5849462459649609,0.5887461389432649,0.8077745191376215,0.502717242595989,0.6160000643631536,0.7936669352192838,0.5288825038804282,0.633780639938931,0.7934967609580217,0.5616542024169772,0.012139323739475282,1.0909104510593781,0.64733327585603,-0.018188286147161913,0.8513472257975372,0.6004910644918545,-0.11303294641315959,0.6357037334319788,0.5447904176760707,-0.14171057129792858,0.5370950042434356,0.5040910058525843,-0.15324052406602362,0.5373535829900214,0.4640663103888382,-0.1488566655067875,0.5134659525736144,0.5300266817997502,1.2666666666666666
0.4340684828996883,0.8295081567179838,0.6827844600619641,0.48197116423983183,0.4398694656423609,0.5716837618954607,0.4542521199212578,-0.023172568783647166,0.6869651196065689,0.40382166942309305,0.0022055365763650747,0.5226741182716659,0.46136876327784315,0.024209098616256988,0.4997977836257732,0.4533171093420911,-0.07541757552720488,0.7135182164658622,0.2568705567162001,0.7894610381025727,0.6368240184115317,0.2565447184717774,0.4392959043488095,0.5320116610325423,0.2401211732030579,-0.007302390211261375,0.6776617559561536,0.2405907148856369,0.04124289687109576,0.45954833443320736,0.18703779718370067,0.01110311384192679,0.5308101869739844,0.2517298772627995,-0.07104818161946279,0.745507844641351,0.09673135788905998,1.2319950670615083,0.6436907308558997,-0.0028061724057106036,1.458401468975077,0.627081855802473,0.060917871568448155,1.3559220245258052,0.5521426233798796,0.27884439858938187,1.2322623895381644,0.6749872680723337,0.4547991591117855,1.0910851949014275,0.6485081754770408,0.5960684241687854,0.9126314621854122,0.5853428342815689,0.603585691537035,0.814044818366063,0.502593536645839,0.63048603463432,0.8042874715527011,0.5251107295341951,0.6479718957683669,0.8020323053079744,0.5585355441507328,0.009173259273850891,1.0784913554969553,0.6426247406624352,-0.01881205902858061,0.8355270851429466,0.6006128176077685,-0.11197023842039647,0.620146341613641,0.5437617788167244,-0.14043410603055098,0.5219658146104484,0.5049116703855526,-0.15255207559612083,0.5225981185777707,0.4650945615603696,-0.14749570643395002,0.5012799268050875,0.5263387497297984,1.2833333333333334
0.43656126240081305,0.8232200037823401,0.6831473690389288,0.48249330361628845,0.43853290039889126,0.5686390623133176,0.45425343277278296,-0.025868496346123204,0.6859950298287847,0.40307224856470597,0.004333880057757339,0.5167184613729666,0.4593683372771491,0.02530358750993307,0.49603397928998755,0.4540251578678556,-0.0762678277765779,0.7118852627474941,0.26049784048251695,0.7827057894728987,0.6365065455596256,0.25873306646602123,0.4355113459843279,0.530618072710131,0.24120313424223289,-0.008156842073082787,0.677800663827003,0.24029125749383895,0.04177106407529214,0.4570949784426821,0.18539243198906014,0.00909582073817776,0.5338163441216193,0.2524168399511386,-0.07398328801715495,0.7470038754964794,0.09308376724423975,1.2218283885939265,0.6405977857722218,-0.009134228836153342,1.4431190277561274,0.6241481867168027,0.05512855880243715,1.3448148220411262,0.5432233883576272,0.2724421635256654,1.2269006296274185,0.677392375401828,0.451317878761088,1.0892124945088866,0.6547283837815465,0.6039432371207891,0.9170621982123021,0.5862006584233601,0.6201002586064024,0.8205259701866428,0.5050909794134808,0.6449528961279545,0.8150003854742941,0.5226962217024212,0.6631198637774776,0.8094854885106237,0.5579894260288933,0.006690100615366837,1.066985169588287,0.637684992900375,-0.018303483360360272,0.8191767929526484,0.6005160813277067,-0.11058454838920587,0.6040067561749224,0.5453129086029962,-0.13975550520933078,0.5051385467312811,0.5093825309810537,-0.15237397995538415,0.5064583917801568,0.46837657823051604,-0.14538836455004714,0.4904192620408163,0.5235128634124253,1.3
0.438875690467734,0.8169102154901792,0.6832399569844904,0.48282547350760874,0.4366856183800556,0.566370926149621,0.45420308258181946,-0.02831381661178098,0.6846471537921923,0.4026761476781947,0.006070065968934044,0.5110258142283088,0.457923199830817,0.026903761974793515,0.49164187967218154,0.454628068389618,-0.07712662274348892,0.7102845772088598,0.2638381532565008,0.7758173613591872,0.6364518802658975,0.2610096515668677,0.4313345138221047,0.5300326387706508,0.24226271648340655,-0.009114612023295388,0.6778323939453953,0.23974245743924116,0.04226052896237105,0.455155380612733,0.18394424847450908,0.007823592746486044,0.5362479024080444,0.2530903483569384,-0.07682754064347687,0.7486214331479644,0.09015192051590448,1.2120887716785986,0.6379951648363453,-0.015948686672579482,1.4286036503201853,0.6234878045961401,0.05107635305783047,1.3353298799501871,0.5370038002309044,0.26595854201299146,1.2220307129282189,0.6805284061110134,0.4481879379969783,1.0865230428039205,0.6622740291654579,0.6118114582402574,0.9228852749054147,0.5887857296812977,0.6377003356082067,0.8268814941341294,0.5120963836027019,0.6592187854415124,0.8250663716587948,0.5241370870497322,0.6783394171726195,0.8166497173200156,0.5601831466270317,0.004625927912479914,1.0564955920400023,0.6334904468353466,-0.0168091035517615,0.8034124798671445,0.6004364993312268,-0.10871033996198937,0.5885854051008688,0.5490039477851315,-0.13924834903432085,0.4882746732049744,0.5162299235612923,-0.1525966963057106,0.48971808682743934,0.4741578559592998,-0.1426138355180132,0.4803043815674551,0.5228559434718695,1.3166666666666669
0.4409449656169177,0.8108340288799398,0.683073483989575,0.483081264950775,0.43459271250349496,0.5646641352956397,0.45404807428962823,-0.03051385086065335,0.6830348687507459,0.4026754037362852,0.0073846040875057695,0.5061061042647028,0.45695017517240566,0.028915020846884992,0.48657842455473094,0.455100218999523,-0.07793439174952337,0.7087471010387529,0.26687828765021615,0.7688744912850121,0.6369396403524271,0.2634159115647136,0.42715600929866765,0.5299471615217348,0.24338842341574604,-0.010075572280874648,0.6777163342548683,0.23898969292291128,0.04259687254896567,0.4540540144362683,0.18271485344359373,0.006856566848019288,0.5383267000185181,0.25373936782092127,-0.07958205202586,0.7503598376185179,0.08784991925656349,1.2026218738797623,0.6357061360796753,-0.024406796596506485,1.4158561314460585,0.626009354139567,0.047944337599843324,1.3269909950708416,0.5347433113247191,0.25935707845566197,1.2172453598515252,0.6836731480471048,0.44583693026093996,1.0836267211587736,0.6702200291785062,0.618967140117445,0.9303725503943671,0.59479272153556,0.6552679198907899,0.8334780677899822,0.5241442754127685,0.6731528374129054,0.8347546286736329,0.5306514096286217,0.6930226761007865,0.8247050376031667,0.5649344055662203,0.003124141616858524,1.0470201760846725,0.6306709836971632,-0.014891212988125522,0.7896364825382858,0.600697425904471,-0.10573940624153703,0.5750408886274259,0.5542764174206404,-0.13827706364533593,0.47267576739070644,0.5241520059431605,-0.15285283135583183,0.4729839240987823,0.4826016742608336,-0.13939549726496275,0.470188933372353,0.525254437853822,1.3333333333333333
0.44276087346286697,0.8051596094629964,0.6827412773860373,0.48334029801760386,0.43252014883313883,0.5632137087869474,0.4537871120056726,-0.032580113193876284,0.6813040837574699,0.40291992880324307,0.008752007753445895,0.5015553773980206,0.456338408152539,0.03111259289888732,0.48103165209945437,0.4553910747086174,-0.07868099014611162,0.7073621640157332,0.2695662972064113,0.7619922022415888,0.6380610096517633,0.26587336342948603,0.4234245895410654,0.529979832121453,0.2445778117200154,-0.011018381985237233,0.6775723379903476,0.2382270748234167,0.04274279485796864,0.4539202722922666,0.18169604082441587,0.005641525785211279,0.5406125935504371,0.25434142388374176,-0.08230066984201005,0.7522280588888153,0.08605297726291722,1.193441052411272,0.6333820337775837,-0.03444252904310908,1.405315644799964,0.6310333868179243,0.044770893867379924,1.318801501818916,0.5362286303761528,0.25273396216696176,1.2122840276756826,0.6862720573885392,0.4444070459675963,1.0810799854929016,0.6774588901994127,0.6251776825109338,0.9395561137144793,0.6048864362272399,0.6712956867596759,0.8411094470210848,0.5400806251968405,0.686787132209735,0.8451057973472816,0.5415240367108427,0.7067230119469878,0.8343944583447183,0.5720611425969088,0.0023029633299161767,1.0382797416671619,0.629129579939047,-0.01307946826106728,0.7789364784241284,0.6014773938195954,-0.10097864452189498,0.5637981267026851,0.5606852635673836,-0.13662953529928729,0.45880184461887735,0.5326137010169952,-0.15253762124610182,0.4569309057458788,0.49340777941872904,-0.13605418335293296,0.4594085672764905,0.5310090323785366,1.35
0.44434093832491817,0.7998769894471089,0.6824371979071405,0.48359088207727624,0.4305403193543861,0.5618891870494915,0.45346258018427077,-0.03456945001135709,0.6796476688100379,0.4033144714546154,0.01080388131607582,0.49647932254716337,0.4560521221404156,0.03309937297827078,0.47560202697393145,0.4554584124168574,-0.07939587238768057,0.7061987303643169,0.2718620923730067,0.7552731852411029,0.6397053907326824,0.2682532210428057,0.42033336983813935,0.5298743300432409,0.24576351159211882,-0.011981704636890411,0.677575620444211,0.2376978595797195,0.042670324219170636,0.4548374195277227,0.1809788633883528,0.003897650107198211,0.5433259616005028,0.25486161984913114,-0.08507951696842427,0.7542070152922434,0.0846619682121992,1.1846391781352072,0.631026454380045,-0.045118812282799015,1.396596440398465,0.636595611558256,0.040801482622919535,1.309785111307555,0.5403196859676229,0.2464197878920163,1.2072529431862844,0.6878542883957852,0.4438042995611619,1.0795392109510862,0.6828299234072157,0.6308279004454718,0.9501297833716386,0.617785748742889,0.6848747935759594,0.8503797961515369,0.557334290002308,0.700470710704311,0.8569705486581861,0.5541603054882589,0.7191421465243857,0.8456425216643458,0.5818111806463924,0.0020544145875556297,1.029687530616827,0.6283378374165778,-0.011449573299324282,0.7715472210215827,0.602557698666484,-0.0940231598931707,0.554307282035647,0.5679099787398216,-0.13426932117810322,0.4464264806730687,0.542083244460121,-0.15107515147675893,0.4419859054851546,0.5060079244656075,-0.1325214042684428,0.4474003771952298,0.5402559911540541,1.3666666666666667
0.44570443846747915,0.794859889498851,0.6824091920785453,0.48378210391950516,0.4285844945272225,0.5607443057219453,0.4530987122716376,-0.036390182674496376,0.6782043799301303,0.4037987790159566,0.01381689952574329,0.49037220859613806,0.45598014877644394,0.03439425727012296,0.47103192821031925,0.45528757307345225,-0.08011668331735394,0.7053015296581383,0.2737596597475114,0.748781767746727,0.6416037892703872,0.27045167896519967,0.4177556383217206,0.5296967468909233,0.24686768836051767,-0.012991051245151333,0.6778724071663081,0.2375626980428171,0.04238021778464968,0.4566504321625799,0.18071159964979372,0.0016080611319444632,0.5461653619247714,0.2552839966260893,-0.08791376343325402,0.7562505220241493,0.08364209157830743,1.1764777781074003,0.62908518671676,-0.05524362237858359,1.3886039995067214,0.6407533340773262,0.03575705752046869,1.2996588428820455,0.54580757682242,0.24079770988423682,1.202507020909972,0.6882115463002925,0.4436866684876314,1.0794800368133577,0.6860793803892481,0.636555769653943,0.9615397918858148,0.6306478958617459,0.6962207298116622,0.8614854822713192,0.5729496295341457,0.7147492401043073,0.8704833243019182,0.5653006802506786,0.7302411192532896,0.8577977290106006,0.5945525445148916,0.0021714519469149354,1.0209019401538217,0.62775198167154,-0.00945587494798857,0.7668063672441457,0.6036290090861702,-0.08483473536791261,0.5455463880645448,0.575630175393008,-0.13047804435395166,0.435250407703259,0.5533270528300114,-0.14805823304307889,0.42757555830539695,0.5207605311814623,-0.12784132540724352,0.4339888161583095,0.5528724312430628,1.3833333333333333
0.4468778929259116,0.7900395014142476,0.6827599020596833,0.4838914375837979,0.42664990837825456,0.5597749326266425,0.45267505139053416,-0.03787880486740102,0.6769522088718015,0.40417090782319476,0.017608296582077375,0.4833243710457597,0.45584840983064173,0.03475843587607896,0.4676278456110528,0.45487894851592864,-0.08084492394377744,0.7047147780271744,0.2752990693120841,0.742587645932421,0.6434214424210686,0.27244881050692327,0.41548371290594566,0.5297228586300097,0.24780308210499796,-0.01407104529657445,0.6786153563696097,0.23783433828081216,0.041943945962794764,0.4588007522686993,0.18092478880027235,-0.00114545141706561,0.5488028876065725,0.25564706835929185,-0.09063690560248187,0.7583057947484947,0.0829022126346399,1.1693008093920467,0.6280298038452691,-0.06381922369838731,1.380214181486579,0.6425917994145469,0.029812521022400524,1.2888583623755734,0.5520551985570017,0.2360191368900972,1.198356475642028,0.6875749375775246,0.44362339674171647,1.0807500391519935,0.6881044775683804,0.6427764861883981,0.9731111964864804,0.6402275163693026,0.706048214308346,0.8742609014671117,0.5849130780187463,0.7298580858508397,0.8852478850315268,0.5727499706190018,0.740281371928658,0.8703058108392149,0.6093938017789597,0.0025998085896983877,1.0122726447634411,0.6270096551185813,-0.006089295060906444,0.7635641852059596,0.6048599357757249,-0.07382391672990565,0.536806493989738,0.5835347877218439,-0.12387717129549067,0.42532827121348604,0.5661966686081369,-0.14295446583621405,0.41244955428070773,0.5387886790921889,-0.12049786611333094,0.41967501833477877,0.5677655700803664,1.4
0.4479110544765861,0.7854969452160415,0.683254773878378,0.4839130567368537,0.4248621043675569,0.5588515691685287,0.45218583339051005,-0.038951602788440814,0.6757922901068286,0.40409528455946137,0.02183422773039767,0.4756061861985833,0.45540842671517084,0.03434742358854516,0.46511913356072504,0.4542803368064688,-0.08153085570920271,0.7044665348966888,0.2765610729200074,0.7368018578408183,0.6448366218034842,0.2743015591016082,0.41346934455797524,0.5301095183843053,0.24847405738891523,-0.01527225435169019,0.6799452727508483,0.23842626536952394,0.0414742063825672,0.4605808575893362,0.1814400410158541,-0.004130041526823711,0.5512448939718491,0.25600315114331573,-0.09304687444354534,0.7603131034766442,0.08227762888523335,1.16323198836458,0.627885115344503,-0.07027899998891868,1.371036000004554,0.6422010387810959,0.023490112033804987,1.2781004140476309,0.5587644623637488,0.2320042328198254,1.1949791893539703,0.686255415023892,0.4433749702854306,1.0826868131858454,0.6898638566970995,0.6494240388879726,0.9840905740058257,0.6442447468185699,0.7146937327533422,0.8880504783279146,0.5928217974777523,0.7453144108812586,0.9005597816655786,0.576285016962616,0.7497132836446976,0.8830621499913471,0.6235747229053358,0.003436776523770204,1.0046099240275073,0.6259474613434293,-0.00027316424385277196,0.7608205975561598,0.6066047286511395,-0.06183843145453567,0.5280410837335173,0.5914954047120472,-0.1133995402047165,0.41691147399200235,0.5795336295883629,-0.13477816594434902,0.3961863911430681,0.559807988601566,-0.10961233110138302,0.4054466096497307,0.5828853724838308,1.4166666666666667
0.4488674357703345,0.7814212838994405,0.6834325635266262,0.4838211079711417,0.42333828929984857,0.5579203000700945,0.4516807136646481,-0.039655635282776665,0.6746878661530731,0.40340643478354365,0.0261445797160487,0.4676842673611742,0.4547860022832211,0.03355245032456389,0.4631793183800428,0.45363177359174484,-0.08211463946375872,0.7045016767298777,0.27762790603670934,0.7316072886387173,0.6455113687269624,0.2760611602289729,0.4118260297027827,0.5307144861979786,0.24882473870752594,-0.01663969457422705,0.6819027717018616,0.23921026865843198,0.041043765308398476,0.46162604533804835,0.18198617000159295,-0.006864640371504763,0.5535930576961176,0.25635144244990127,-0.09501397918332828,0.7621989144747289,0.08169386235966794,1.1580484159182511,0.6282584684758784,-0.07452021266584201,1.361567344013789,0.6398839196288948,0.017554968672633488,1.2681197974049732,0.5652955719096867,0.22869634560301091,1.1925058079804605,0.6843265125776568,0.4430071468553087,1.0846262500112394,0.6914714433223257,0.6560273306728883,0.9936979926345337,0.6424139630447371,0.7220493759803902,0.9017823483678729,0.5976540955672723,0.7601629283716109,0.9154303267759977,0.5774009198881846,0.7587870230889087,0.8959554651012895,0.6340138845422044,0.004731270475831733,0.9986493073335956,0.6245163775081959,0.008702171043044448,0.7581171163917633,0.6088520431262152,-0.0497044385671707,0.5195951312980386,0.5997153713740742,-0.09889705757645188,0.4101046082783364,0.5925452485370429,-0.12254081416201533,0.37989561059265003,0.5813981091236395,-0.0955679194096879,0.3923451190990339,0.5964395412248247,1.4333333333333331
0.4497675951996491,0.7780215425616821,0.6829274804409576,0.4835933320822675,0.4220359747682549,0.5571205877718546,0.45121863652064764,-0.04008706729415685,0.6736620750595783,0.4023674678861771,0.03000647810061719,0.4606666996709453,0.45454526248217975,0.03282241824314093,0.461820617511348,0.4531010891555249,-0.08256156541354508,0.7046428994497811,0.278557794171408,0.7272788363282836,0.6451332789287193,0.27767470329477695,0.41065704724088464,0.5312336865936864,0.24888293377502013,-0.01814862410647082,0.6843276989934486,0.24002161986735937,0.04065768164170157,0.46207522142731794,0.18238732299010546,-0.008817776109809987,0.5556674000051367,0.2566472599610991,-0.09648414867152198,0.7638754075126523,0.08121428239494526,1.1534275169463006,0.6287612533982485,-0.07685532441620006,1.3527852665513183,0.6358411712103553,0.012696651075401556,1.259555341886128,0.5707793540202882,0.22621674709257011,1.1909930985159962,0.6817940372840918,0.4427966762926135,1.0862599867250782,0.6923966311233754,0.6620033937554641,1.0013221361319466,0.6365717734120514,0.7281793128984233,0.9144828944467633,0.6010485940982497,0.7735356485043852,0.9288029694392635,0.5783018865962939,0.7672028850393255,0.9085422553532922,0.6391552727924447,0.006369203283134242,0.9946661587561374,0.6229094901138784,0.020800569667862694,0.7553904287974932,0.611517129620425,-0.037610729167664204,0.511852718740426,0.6084848296474973,-0.08104881026455765,0.40466822165867783,0.6061035157598784,-0.10626676500435904,0.3651924804832677,0.6013292721259117,-0.07925852096817096,0.3810026195752634,0.6082744278506494,1.45
0.4505564626284396,0.7754118157322123,0.6817024922137611,0.4832490789034102,0.4207376565143792,0.5566610782571852,0.45082126070665174,-0.04030836958441869,0.6727407209522972,0.40145811999333625,0.032561863802486206,0.4562755903746562,0.4551885967841238,0.03242948005855265,0.4612639484657245,0.4527304781520781,-0.08285649582625795,0.7046875446589705,0.27935089158968507,0.7240216028022828,0.6437269321549891,0.2789672006237946,0.40994644388346035,0.5314275103260875,0.24873331644019528,-0.0196850679142674,0.6868568952272597,0.2406806815306503,0.040300372492170514,0.462259207891159,0.18260921879479447,-0.009800951183993885,0.5570818708417833,0.2568567160846392,-0.0974739112762073,0.765260012867754,0.08092131308915794,1.1493491085062688,0.629207246614844,-0.07792972272561188,1.3456341033381578,0.6307419264925,0.009190557398944593,1.252830095092626,0.5747614965510284,0.22474398786991767,1.1903263490011906,0.6788397559076538,0.44302423188797624,1.0876308953792826,0.6921996107622632,0.6668658942841911,1.0068153506588173,0.6297416920696315,0.733631543135348,0.9255955335663447,0.6045792525276571,0.7848400297263929,0.9400998989774643,0.5806409916912812,0.7743028843149758,0.9206566119752277,0.6390900679654365,0.008154639786390201,0.9924890069000712,0.6217322113058573,0.035036240343117545,0.7527397413201189,0.6148268632380698,-0.024921871240148618,0.5053717488367335,0.6175350617596294,-0.060987811082811115,0.4000673222927263,0.6220005577028467,-0.08716287689793534,0.35310630845946966,0.6194319786073362,-0.06120316377121006,0.3714199500086198,0.6199556183009296,1.4666666666666666
0.45114552668213087,0.7735773701690063,0.6800212407881916,0.4828411729925482,0.41924704062998797,0.5565895987739402,0.4504794630906204,-0.04034812331058257,0.6719576474031763,0.40094184254993703,0.03292533501718967,0.45602366912842646,0.45666664668945955,0.03220155147629397,0.4618235551293426,0.452394936867608,-0.08299125906240887,0.704551281312374,0.2798952055254696,0.7217755036489293,0.6417879559450997,0.2797435673795607,0.40960029293742556,0.5312226997798933,0.24844418003262664,-0.02109634813280717,0.689129665465372,0.2410632931464078,0.03998356167759574,0.46235251972130437,0.1826988924582601,-0.010109135074832708,0.5576657345148278,0.2569829087902704,-0.09809651340678842,0.7663407194758785,0.08082752658797407,1.1462416586968431,0.6295256238943283,-0.07842796859107064,1.340715981992144,0.6258544450308269,0.006943923353855996,1.2481550910263495,0.5772082319347104,0.2243276359841731,1.1902232235178933,0.6758713446820285,0.44369704279460676,1.088803615756746,0.6911446154435996,0.6702787564858849,1.010509676604389,0.6248552619845656,0.7389159415242611,0.9349367450984498,0.6091883877505211,0.7936003475064926,0.9496904324550746,0.5848814520324678,0.7795141741612316,0.932943098744193,0.6346772919251218,0.009886923966845994,0.991890767008166,0.6215865857405818,0.04967284378358233,0.7505154943466582,0.6190221086122285,-0.010720100097167798,0.5010308816603719,0.6260876476940717,-0.03981742911943859,0.396076565323635,0.6404367971846292,-0.06655704454385927,0.3444821553039403,0.6362940226994629,-0.04174234272404298,0.3635502784226049,0.6330297336982069,1.4833333333333334
0.4514652306684313,0.7724611643576123,0.6782375295787076,0.48243179158363125,0.41766940248399353,0.5566890306047015,0.4501717323867581,-0.040229529196942955,0.6713635302355125,0.40072680452525516,0.03093106740337371,0.4600302235297435,0.45852056981804046,0.03165327082337711,0.4638585294761105,0.45195610920713464,-0.08296241574679258,0.7042778922204846,0.28003112274117936,0.7203222359414239,0.6398961876742706,0.27991548469754757,0.40950378238643054,0.53076357339544,0.2480582104172273,-0.022236964729697675,0.6909492613487251,0.2411624415648827,0.039742334866287095,0.4623605161844079,0.18274214935674693,-0.010263758996987823,0.5576973124274295,0.25705959850951104,-0.09855382159536694,0.7672299581931676,0.08088997690367403,1.1446447525396217,0.629696933793118,-0.07867237319554551,1.3383446850511047,0.6221782232181741,0.00586229663240211,1.2456743065536229,0.5780423648619766,0.22485811311978393,1.1903168434150526,0.6734541524036116,0.4444492228315348,1.0896489657516704,0.6901755591609231,0.6721527048827438,1.0128163562272097,0.6236923436812912,0.7438910964063519,0.9427057219656527,0.6148505173722046,0.7994208692853926,0.9586686917256497,0.5903863967169602,0.7825127888193006,0.9461523720373743,0.6272405618788472,0.01126459950018133,0.9927856491061774,0.6224426348439029,0.06280727981377218,0.7493955903609246,0.6239679716348301,0.005346026920597777,0.4995970763206851,0.6337453213933515,-0.018379368858514634,0.3933482033924939,0.6588429312119365,-0.044943945836696295,0.34074504623169966,0.6510778440039183,-0.02157058267014271,0.35815950820128795,0.6471850621046475,1.5
0.45148648492987054,0.772000819176246,0.6766303158707135,0.48207465039371317,0.4164610810178068,0.5566088143116809,0.44987058520096523,-0.03998227479698924,0.6710007770563288,0.40054020357548714,0.02740389105913249,0.4667604123346455,0.46029900461699613,0.03040193372532659,0.46750016570606856,0.45140361640418364,-0.08279211338625508,0.7039512060282981,0.27970487167658004,0.7195181414054308,0.6383703511978562,0.27953736423027775,0.40955552309411375,0.530369250992318,0.24763238871067597,-0.022991529436211938,0.6922177423357404,0.24108853298217903,0.039598309364115986,0.46229713998428373,0.18280856442810478,-0.010591024951585447,0.5576065616188719,0.257124510002151,-0.09900470571858122,0.7680768317945857,0.08107839341965975,1.1447526848352187,0.6297566900946877,-0.07855587778011788,1.3387618010587212,0.6198399699250713,0.006150462799793113,1.2456831177113659,0.5769224433843009,0.226167213173309,1.190285107753112,0.6720823075808259,0.44485777554066475,1.0900997501787428,0.6900281415174688,0.6727832422741165,1.0139852329393877,0.6261825157233776,0.7480122562200279,0.9494530609204194,0.6205666071594595,0.8022040357359123,0.967854461360148,0.5956361614926516,0.7831741175486588,0.9598210033091102,0.6189783975915265,0.011957967517793681,0.995005537754124,0.6237397440713063,0.07308833838572923,0.7500608205437599,0.6289924740435814,0.022880217793319904,0.5011958341432515,0.6406483691580065,0.002636785572052514,0.39283026726166964,0.6737446445131167,-0.022318698183918476,0.34300300903613024,0.6616652274691481,-0.0015249949056313668,0.35650893251619664,0.6605252699056953,1.5166666666666666
0.45122072683413167,0.7720891338614478,0.6753522181401226,0.4817974069827387,0.41616731998952794,0.5560443835283023,0.4495587733585211,-0.03964663471193919,0.6709136228062167,0.40018431459566994,0.023368261651807547,0.474350102153447,0.4617064546657042,0.02836757403361133,0.472414814269599,0.4508204725486775,-0.0825457695031597,0.7036429357777682,0.27899801961277426,0.7193242944966337,0.6373463851203554,0.27874518570013945,0.40972662344173433,0.5302911732370243,0.24720893445550654,-0.023299975412740162,0.6928632746166032,0.24098530379815086,0.03954085968272302,0.46223617579871934,0.1828835292023522,-0.010949858769643064,0.5574466803723456,0.25719168008481263,-0.0993981202049265,0.7688842558453811,0.08139385619544805,1.1463855278937014,0.6297742499365558,-0.07774325639717788,1.3420881212692084,0.6184404857741218,0.00824498211313183,1.248674077942301,0.5733891654701803,0.2281591397544622,1.1900012617132238,0.6717905969480688,0.4448710162359251,1.09036929136073,0.690506965464142,0.6727985460203232,1.014271002542161,0.6307588132909085,0.7511802129849594,0.9556903604362161,0.6248274657221187,0.8024248364359272,0.9769275061983553,0.598995812781369,0.7815698794408616,0.9718811749135439,0.6128602293156066,0.011987361627209333,0.9982144684318087,0.6250377745439987,0.08025583166907828,0.75269708397926,0.6329998756945958,0.04125238029773942,0.5052307659612267,0.6467186953257528,0.02291256037387253,0.39452283024474055,0.6833848671263832,0.0008487521730972503,0.3502008709310132,0.6669734177595998,0.018021053976391727,0.35899371605268393,0.6713156002201726,1.5333333333333334
0.4506964424052911,0.772563209281303,0.6744464270836583,0.48160625024028125,0.4170822532181707,0.5548377495763726,0.44924243082629,-0.03925152367032203,0.6711623758054346,0.39969555289717773,0.019296214663855484,0.48184662529599953,0.46255951576951426,0.025783495001384035,0.47782218940851084,0.45028142539326005,-0.08229475697312354,0.703400127672765,0.2780468965071028,0.719726889854873,0.6368875396927356,0.27768531009246317,0.41005384365312403,0.5305000856351663,0.24676328969801553,-0.02316650455562616,0.6928691463240813,0.2409275288158957,0.03954538720632595,0.462235402878295,0.18288417660039225,-0.010904396920689827,0.5568567514403984,0.2572544828919543,-0.09951700234080112,0.7694748475984767,0.0818112720482004,1.1492431196829236,0.6298116151216242,-0.07577131642027554,1.348061901458288,0.6176351895082273,0.012418214141471796,1.2548737184278724,0.5673119343794677,0.23082633350868753,1.1895774548702898,0.6720238304583169,0.4448382972842029,1.090601514437869,0.6910368303872663,0.6728560832805223,1.0139424361737817,0.6356716541363274,0.7539949269103163,0.9612146952271574,0.6267228746960626,0.8011578218459702,0.9844574760983889,0.6001983857349081,0.7779770020684564,0.9797323246838411,0.6112895539549387,0.011829213936737092,1.0020620268363492,0.6263062175392123,0.08516502879573104,0.7568774345357734,0.635324040653746,0.05980576898470999,0.5106776136084135,0.651512028727592,0.04290035075617768,0.397235375635125,0.6878935134458922,0.02363287764999582,0.3590436370177966,0.6686689583311004,0.0373371010458876,0.3644177362241095,0.6787731078613631,1.55
0.44992295395492343,0.773266155661287,0.6739070924542913,0.4815117682226447,0.4190768401731768,0.5530385932305067,0.4489313662787053,-0.038785745456672266,0.6717350227711611,0.3992908701103118,0.015252537388782586,0.48896288705581076,0.46278143320542275,0.02315579786889719,0.48271100535996697,0.4498168591386973,-0.08207532715479986,0.7032375652512429,0.2769802457696661,0.7207475094759803,0.6369039198639614,0.27648933446566265,0.4105284604344995,0.5307772478094694,0.24622621524956653,-0.022659181811917395,0.692319902838227,0.24090962676099054,0.03959644503960534,0.46229841232724844,0.1827448724975702,-0.010158426826979768,0.5555269668503527,0.2573009287492057,-0.09919153316987732,0.7696370095664136,0.0822776530958286,1.1530114749602163,0.629909872147514,-0.07218095170027186,1.356013424927253,0.6173613101907582,0.0184415105407871,1.2637617473717104,0.5592732617107018,0.23412887162933527,1.1892678862784825,0.6720391051344177,0.4451230439547301,1.0905314009725429,0.6915459393744093,0.6732406085350306,1.0130057551518032,0.6400138610303141,0.757006927885367,0.9648133128155321,0.6267811793939455,0.7996289530326892,0.9886387738726505,0.6006925288426401,0.7728349869242652,0.9817247925355594,0.6147560417298018,0.012016998060709244,1.0061939453922102,0.6276875911653027,0.0892232053512545,0.7620626905339418,0.6364921549337116,0.07764038611012886,0.5166636156258929,0.6546827660665525,0.06349068304908534,0.4000605900793835,0.6874896504498285,0.04568179997709443,0.36645944247437806,0.6696720341818947,0.05673893163891939,0.3706273731282484,0.6826431254108758,1.5666666666666669
0.44888666337150607,0.774112967369855,0.6737051637231379,0.4815220403481797,0.4217386970319216,0.5508731437125649,0.44861927231866844,-0.038213003263460915,0.6724428455823067,0.3991919564450694,0.011297729685508615,0.4953941454693979,0.46246576585126487,0.02104546237328673,0.4862794237519433,0.44943235025887734,-0.0819128839374059,0.703156214405308,0.2758692465424912,0.722462430149402,0.6371113328967876,0.2752374720388143,0.41107830115016025,0.5309698582185142,0.24555450981363477,-0.021892816417122304,0.6913942782687647,0.24090208006015212,0.03968822416028836,0.46239803306662564,0.18246348396991205,-0.008725982995090344,0.5534671054675449,0.2573059828465792,-0.09840260612015035,0.769256606860151,0.0828273889900724,1.1574529017390578,0.6300531621041088,-0.0668019863419968,1.3651187119675654,0.6176294247915028,0.02560989546524932,1.2743021063970992,0.5503929410739937,0.23797572293924968,1.1893948922116455,0.6713717780390168,0.44586024688175196,1.0898033283012574,0.6922602468531583,0.6737049466673137,1.0111909829336272,0.6438388104593268,0.760110755868477,0.9650464995710171,0.6263444679698632,0.7986205029599618,0.98823892250475,0.6020053056859889,0.7667929447557233,0.9776983729374491,0.6220911474027457,0.012775048802605594,1.010240399605494,0.6293133530289006,0.09353320548263094,0.7682229793321668,0.6376523973892462,0.09387642480824518,0.52325659944455,0.6560553731962084,0.08522959250951309,0.40393482539552383,0.6819701067124686,0.06755702797753207,0.3721968248500718,0.67065883766587,0.07588544627241259,0.37619146021475974,0.6829888971178003,1.5833333333333333
0.44761460303216194,0.7750377416709053,0.6737413426167579,0.48159865808630237,0.42465721831154857,0.5486400542254087,0.4482932698167974,-0.03749804038445357,0.6729978843387882,0.3995497553141454,0.007562799189816338,0.5008519531448684,0.4619200980521915,0.019812483551645485,0.4883512257211161,0.44912841081626914,-0.08185591819460065,0.7031908067692844,0.27469161726816094,0.7248665793882556,0.637163331248735,0.27390780081974353,0.4117019331884262,0.5310567888230382,0.2447903559105597,-0.020958362741311937,0.6902578473420335,0.2408875484103301,0.03981544023504782,0.46250512540777927,0.18208669877663766,-0.006789806285959085,0.5509042789642115,0.25723689698989205,-0.09725257444699889,0.7683921784884878,0.08362958692323844,1.1625931278676451,0.6300736576407562,-0.0598297784274621,1.3745803607588036,0.6180742759487015,0.03299226169030022,1.2854550807204246,0.5418582414782154,0.24235297128850591,1.1903383828313308,0.6698427513997844,0.4471686238191831,1.0884344366695795,0.6929130590642221,0.6737815938953954,1.0083490764326368,0.6477596705429639,0.7629052349616734,0.9615255089982924,0.6261652674243241,0.79832746973229,0.9832139926606217,0.6043125963548294,0.7608098033254272,0.9685125661295773,0.6318630831772476,0.013994304369021084,1.0139730279271966,0.6313159648320266,0.09834799993441888,0.7757736866597946,0.6397658194187374,0.10835508304107698,0.5317359127332452,0.6557738848780607,0.10782972215454988,0.41101658688303444,0.6724645195811757,0.08957857020951845,0.3787336606362942,0.6696771919647463,0.09406620637059865,0.38230286477331127,0.680475693101638,1.6
0.446222458963001,0.7759472365218951,0.6738379842961897,0.48165001513519645,0.4275132816875899,0.546599922401272,0.4479558035625768,-0.036641974084748216,0.6732027660617667,0.4004244174241361,0.004103888396216074,0.5054767063896569,0.4615218099154013,0.01957324518636802,0.4892715830341512,0.4489076964717415,-0.08194941249763849,0.7034073998555433,0.27337051186216715,0.7277387777313339,0.6368733738176721,0.2724115879798386,0.41248353741195354,0.5310205197771554,0.24404170721382223,-0.01986706867462605,0.6889625041253036,0.24086336556251547,0.03997003892579659,0.4626030548309769,0.18168138151527674,-0.00457726940643792,0.5481571738250447,0.25708938565210376,-0.09592414898204699,0.7672894727945129,0.08483605240182171,1.1686344720848487,0.6296824074194588,-0.05159904851007599,1.3836561919310377,0.6179670988783368,0.03967669283739739,1.2963225757131818,0.534633717036376,0.24733384010697168,1.1923955235733603,0.6673582390866631,0.4493421842424673,1.0867365176659898,0.6926267856316897,0.6731535443420085,1.004790814606126,0.6523343168812986,0.7652768340447029,0.9552313639758625,0.626042061176178,0.7986207631941222,0.9746386188249724,0.6067678428208851,0.7560802514285081,0.9555655542510433,0.6431728502809604,0.01534121342419785,1.0174332374372064,0.6336996600932652,0.10322755300529755,0.7848932444842216,0.643756220298637,0.12173403737212793,0.5437427128385487,0.6545542763109042,0.13006886944971713,0.4224860322780607,0.662571972876669,0.11075988045806621,0.3887158422488616,0.6658514306313147,0.11114065106866099,0.3930052931193276,0.6766449612934573,1.6166666666666667
0.4448439945476403,0.7768326024477883,0.6738668515105156,0.481574014440722,0.4300558616784061,0.5448633141260665,0.4476384963099185,-0.035708936367556225,0.6730136818286783,0.40168645730318353,0.0008806659659033877,0.5097650687041989,0.4614331102385739,0.020226600615661214,0.4894825285741139,0.4487856676948441,-0.0821789482915728,0.7038082430985789,0.27186339286853944,0.7307642490553976,0.6363051003524824,0.27069230818556544,0.4134440703077981,0.5307988526819715,0.24339039280445982,-0.018596944368189677,0.6874885607145267,0.24083410946110229,0.040140618047648104,0.4626860805009151,0.18131083364943712,-0.0023698791134686287,0.5455870422125858,0.2568888520139054,-0.0946015258617108,0.7662444191265172,0.08644626418210447,1.1756228880650055,0.6287245568220508,-0.042521431661483124,1.3917134935535818,0.6169330921518392,0.04500072421233584,1.3061516936092317,0.5292746315891842,0.25293252653711495,1.1955640915526025,0.6639659417385108,0.45265193422875094,1.0849779622537976,0.6905012252028061,0.6717092374409878,1.0010442910598514,0.6574053097933316,0.7673037380553809,0.9475972938543048,0.6258707446082878,0.799286755114962,0.9641535974316198,0.6085369858572204,0.7537335389842725,0.9407339958227255,0.6552955173582489,0.016428388466392593,1.0208783001923072,0.6362237679778704,0.10759058707431307,0.7952183055529013,0.6504825973756492,0.13479469748399667,0.5600276508363531,0.6531776862760408,0.15023064126243096,0.43757081590330793,0.6560177956436435,0.1295607791379403,0.4030092621392759,0.6610958909451503,0.12778217137658476,0.41264908670519335,0.6734158131507656,1.6333333333333333
0.443531544024167,0.7778322617348766,0.6738710272771384,0.48129220678770535,0.4321716331104639,0.5434084533217026,0.4473932012112092,-0.03475164982603001,0.6724755408424903,0.40300001875228686,-0.0018474923711848251,0.5136568198879152,0.46153269542048103,0.021434597573392673,0.48935932500166657,0.44879599714130325,-0.08246662745828966,0.7042732134635734,0.27020710965331135,0.7337666993305533,0.6356202346223939,0.2687727033599668,0.41452127459972105,0.5303544216233881,0.2428475067647207,-0.01717599040906584,0.6858349611594268,0.24080644094499737,0.040310861971109946,0.46274976403008966,0.1810139625638276,-0.0005374935011254467,0.5435516117465532,0.2566503966819387,-0.09335397279238675,0.7654141337139037,0.08839151848455709,1.183331185858342,0.6273689615293286,-0.03322584911142658,1.3983843998004344,0.6153744419198169,0.04877978868095306,1.3144686952882918,0.5258677778332468,0.25902791523255486,1.1995345060246736,0.6600064312368346,0.4570493156273291,1.0832765804617368,0.6861192523473596,0.6695729607487613,0.9971261367064657,0.6620117808230637,0.7687881183083347,0.9394538060495013,0.6264262000367298,0.8001419275510034,0.9532139309341208,0.6094606165631177,0.7543672804978142,0.9261337428323516,0.6670216389999565,0.01701487524756728,1.0246686722822955,0.6385469825813045,0.11115406089201518,0.8063283349851815,0.6599014764099768,0.14769307713540678,0.5798877748951069,0.6520501927327959,0.16697158157052588,0.4548358918657011,0.6533444195070248,0.14533105709011435,0.4211154301151583,0.6573808596111559,0.14459313998926784,0.4427765920759954,0.671695727451071,1.65
0.44225649914307213,0.7791211897142836,0.6739842204365649,0.4807756086370849,0.43393868224254983,0.542227423292909,0.44725308656431895,-0.033733469753727346,0.6716656911191293,0.40395242524674624,-0.0032490051575299397,0.5159400045032203,0.46163980960810647,0.02273534391351866,0.48921847090654186,0.4489635844840918,-0.08272320485170591,0.7046278667062207,0.26851264120165225,0.7367753189740577,0.6349355930700668,0.2667244592767777,0.41568198493372427,0.529736176839102,0.2423897788325425,-0.015698486200416847,0.6840349733828913,0.2407871543855828,0.04046184994334115,0.46279004996048306,0.18079458255273528,0.0005378017911416705,0.5423493545204505,0.25636732717600313,-0.09210675027941759,0.7647699529084763,0.0906647509509732,1.1913577583481074,0.6259802750806448,-0.02444409627350292,1.4037396255166152,0.6139278818993178,0.05143482378102279,1.3211866368022114,0.524228230229538,0.2653695053271762,1.2038705272545185,0.6560327163821406,0.46210456531150734,1.081606779265297,0.6796776671896831,0.6671814128666085,0.9921690062950105,0.6649323366825309,0.7691485732341945,0.9306660174261894,0.6286855120436352,0.8010042260245573,0.9423244840532902,0.6102661538900231,0.7576093556639175,0.9132314379511688,0.6766667872744674,0.017099620396672864,1.0292484687876196,0.6403241989466422,0.1140013358689134,0.818097339334704,0.6707322246256466,0.15978299441721183,0.6015610460695495,0.6515057739748591,0.17980353079759018,0.4736611984705631,0.6522153409085114,0.15842853796103565,0.44212293675939823,0.654632778708055,0.1611879186933563,0.4813562154409157,0.6708052447698043,1.6666666666666667
0.4409737628072484,0.7808211942515648,0.6742438116241107,0.48007560506802666,0.4355866595967956,0.5413724507167577,0.44717595542628397,-0.03256976624748671,0.670664161886096,0.4042036450711418,-0.0025876742762033778,0.5153631125906497,0.46169419001216505,0.02375511818760697,0.4892609129196384,0.4492640551471185,-0.08287342065853287,0.7047260127030542,0.26693816119040875,0.7399405431872327,0.6343610854350987,0.26461345602075453,0.416959852544253,0.5290589090001709,0.24200468221455596,-0.014260062488661088,0.6821347647735787,0.24078237117766785,0.0405795783500732,0.4628060203039148,0.18065565120955365,0.0007102042895893446,0.5421081720413351,0.25604002725909825,-0.09073796160694372,0.7642053630014685,0.09327605944278847,1.1992258345066267,0.6248143419395947,-0.016743860992796553,1.4082744498593123,0.6127608470265162,0.05381412307734433,1.3265371441515486,0.5241658558721798,0.27158226211706393,1.2081589650648201,0.65259532335736,0.4671902882725245,1.0797840850196019,0.6719079185878533,0.6650600922943017,0.984939336411335,0.6653279823948566,0.7677586931883076,0.9204979543162795,0.6325455501169699,0.8015168962695514,0.9308037282498007,0.6121544189311194,0.7621161984765414,0.9019988215471951,0.6827603051631027,0.01700000461422217,1.0350292147474043,0.6412002082273998,0.11635879502617588,0.8301144455328453,0.6811543314301444,0.17012473732610287,0.6229000116715989,0.6520090761843574,0.1887988595397186,0.4938989896267098,0.650478895822656,0.16922603220993138,0.46441910554053256,0.6518667112447459,0.1763123492577951,0.523831781824437,0.6696074158850085,1.6833333333333331
0.43966721691206617,0.7829987098123689,0.6745336763253392,0.4793080049553706,0.43737346663592536,0.5408827083110173,0.44703593341570724,-0.031202487031854992,0.6695225181626376,0.4036408850365013,-2.8238383525461264e-05,0.5120840683361475,0.4617043919530378,0.024325312036411015,0.4895036012906211,0.4496309521498283,-0.08285322193386203,0.704497272901878,0.26561393854447235,0.7434172883636776,0.6340446480718802,0.262482053365594,0.4184510048525207,0.5283715247424254,0.24171362626215961,-0.01288085662531066,0.6801773243200392,0.24079841173055827,0.04066041148024729,0.462793151844244,0.18067590918686752,0.00030138656153519405,0.5426024156397472,0.2556896889572943,-0.08918348675520038,0.7636607813362113,0.09612437873765912,1.2065252053379583,0.6238551041807956,-0.010376151006905511,1.4126822909185979,0.6115058703988662,0.056742204986517206,1.330841866290286,0.525465355682724,0.2772788283440438,1.2120531736070619,0.6501596539126827,0.4717302220783641,1.0775517419890652,0.6639144170999028,0.6634250172787917,0.9746668962429006,0.663388238281496,0.764456259100951,0.9083441479642488,0.6364655244397419,0.8010701936694473,0.9174403140940907,0.615982445821643,0.7661164146230692,0.891183154270018,0.6846498592580379,0.017373970997805965,1.041997299286663,0.6410430388488795,0.11841713047521965,0.841120878402775,0.6896312489015601,0.17795546368089232,0.6415715844373726,0.6543032546648475,0.1941730956295762,0.5146943704936449,0.6480462644041554,0.17755409927089888,0.48532478205535373,0.648860564582952,0.1885416910614841,0.5640558293690228,0.6678808908146429,1.7
0.4383546134165079,0.7856541950677057,0.6746762329785609,0.4785604928686116,0.4394035675642701,0.5407301225367729,0.44671128542493543,-0.029643677747414117,0.668256745096255,0.4024412915904584,0.003731337653906569,0.5071840082997843,0.4615952832516521,0.02457333295928496,0.4895987661588545,0.4499974800087361,-0.08263041361414922,0.7039937436517719,0.26455229314994444,0.7472616665457759,0.6340898290896878,0.260377611432608,0.4202737396120713,0.5276181883242373,0.24156534389574158,-0.011519554857579994,0.6781837319424671,0.24084064850978196,0.04070946176812708,0.4627400067965042,0.18099979234735353,-1.6635382930493825e-05,0.5432212174447882,0.25532228504924426,-0.08745145645093347,0.7630979383961138,0.0990922675725642,1.2130065034514315,0.6228509097624773,-0.005101628753028518,1.417690529102637,0.6095653345411989,0.06077748948615882,1.3343615892390566,0.5273621208001699,0.282255831007991,1.2152798687967448,0.6491585527029669,0.4753062667477687,1.0747077258233548,0.6569683467941235,0.6620627773999415,0.9614141981384806,0.6604699756718821,0.7596394090172038,0.894145708417238,0.6384775439221418,0.7988828947840501,0.9013935781268224,0.6218091164522915,0.7679907139816233,0.8794000181462273,0.6825602013351237,0.018952360408148225,1.0495376638848823,0.6401112818204152,0.12033064250669213,0.8497247920303412,0.6954014557316727,0.18264557526105496,0.6552595911488829,0.6596010582944699,0.1964399330558964,0.5344715208149057,0.6463057989326388,0.1832325335974916,0.5019878681763212,0.646640551381848,0.1968283415064045,0.5955173792889724,0.6665090619239247,1.7166666666666666
0.43706771982218756,0.78872159068788,0.6745442050838509,0.4778063553312643,0.4415581093489429,0.5408459978479031,0.4461752307541745,-0.027959600023750864,0.6668836931689336,0.4009535778256077,0.008342131083990081,0.5011460659220152,0.46119146666727207,0.024991744529878214,0.48873049975545074,0.4503000571339434,-0.0822099893918248,0.7033375911123358,0.2636380227840226,0.7513797789102243,0.6344486360733859,0.25836596523061467,0.42240876781712156,0.5268627335374241,0.2415878998284071,-0.010157481219171843,0.6761511152119493,0.24090815193682125,0.04073334057351006,0.4626383997588777,0.181705666701069,0.0003569468643205981,0.5432930374747207,0.25489484112206884,-0.08558089318535526,0.7623857625656302,0.10240437808745093,1.2185381490466545,0.6213282867906927,-0.00014686319617543203,1.423972152191578,0.6064046132645744,0.06635041958673299,1.337477738951116,0.5281587606877425,0.28661246798814566,1.2177086261336094,0.649918980729834,0.47761581221483673,1.0711257096216564,0.6521123550960775,0.6605055822137909,0.9460415678796037,0.6580181179139253,0.7537908540339904,0.8782374932190148,0.6373234324630398,0.7941881248868025,0.8826108897940973,0.6286575409793479,0.7665444787532956,0.8658858891945349,0.6770713107405577,0.02216323047968953,1.0569326340351728,0.6387447337781478,0.12215408532779387,0.8555601034149521,0.69853040956035,0.18387516563324802,0.6627240947581758,0.6686283083476747,0.19678704459995128,0.5519629870054958,0.6464939936068247,0.1867553861961639,0.512989070812523,0.6466720972697586,0.20089471098191974,0.6139529793874714,0.6667014502318804,1.7333333333333334
0.43583701422935067,0.7921053865836076,0.6741455239075903,0.47692566325855457,0.4436224002943564,0.5412121768814364,0.44548280373100607,-0.02618821031228545,0.6654445598406813,0.3995264937253965,0.013865407693235146,0.4936263739483037,0.46037333550953274,0.026216910514179174,0.486116201035518,0.4504704418573642,-0.08160343721365149,0.7025726466016164,0.26270315041239883,0.7556036928999457,0.6349264630806023,0.25650391453495125,0.42462519870803644,0.5264117308748014,0.24174070304774523,-0.00883387344907291,0.674096697365851,0.2409917384296521,0.04073523977782065,0.46249185986196395,0.18273641531505808,0.0016608263803938594,0.5424856898530748,0.254348961588767,-0.08360722029238878,0.7613476927201184,0.10674271114369072,1.2231944937330241,0.6185924211375585,0.005529754917580518,1.4319208036168385,0.6017191353814872,0.07379362448262314,1.3409192443757467,0.5259984443313852,0.2907600812289713,1.219472983844879,0.6524265283662907,0.47856619840765735,1.0667897006480873,0.6495462057649481,0.6582108389697261,0.9299349892924813,0.6562021171298047,0.7472320263654751,0.861138643775405,0.6325586418248013,0.7865969630700976,0.861818148433335,0.6343591723933928,0.7611636377952562,0.8505205057999641,0.6685030961530798,0.027021969636021607,1.0639558413140415,0.6370971449216314,0.1236058831524554,0.8593507452184979,0.6993858277610246,0.1822153730380861,0.6649631637368798,0.6802549788340039,0.1967121426191465,0.5665920388094705,0.6487772807549342,0.18905101945241454,0.5193081446563099,0.649150504430618,0.2013713176789575,0.6196093933639331,0.6691072185591036,1.75
0.4347037051558213,0.7957373259968565,0.6736287069256821,0.47581321105238483,0.4454439703786104,0.5418648929662038,0.4446986947594184,-0.024331637941137914,0.663978295862674,0.39839272035375106,0.020183242646131153,0.48447216445590546,0.4591796779661247,0.0285485393772485,0.4817981454826294,0.4504675528611769,-0.08081199121356922,0.7016201081940244,0.2616036585792058,0.7598840690014976,0.6352694698433756,0.2548249716710774,0.4266559354984635,0.5265536041193339,0.241915117248969,-0.007627700800012863,0.6721347073516527,0.24107834195224584,0.04071748144527664,0.46231631204861495,0.18395578827266584,0.003809370493471284,0.5408765231102046,0.25366786713713274,-0.08153424094709341,0.759922625861978,0.11281138799067202,1.227417059819436,0.6139877374898669,0.012913098285561348,1.4414532369268864,0.5955189590973922,0.08308013713377249,1.3455474349895142,0.5203342774962504,0.2952687483976108,1.220967557798249,0.6561069489290868,0.47853280263652376,1.0618846621780695,0.6483863803413814,0.6546464980770689,0.9144380863724637,0.6537946637509785,0.7402403085315914,0.8433781854819722,0.6241624311492877,0.7763087957476842,0.8401791016010927,0.6363085741846158,0.7519561203997776,0.8333209253591605,0.6571809287544411,0.03323750338171035,1.0708730484787377,0.6352423461777688,0.12408290163744207,0.8620886602740381,0.6982385303834289,0.17908192777581494,0.6646923020873403,0.6919665535635373,0.19701117490507397,0.5777847657718601,0.6525743501256106,0.19058550354654058,0.5235015626156585,0.652687929184695,0.19935303708098775,0.616249108188969,0.6734448090624267,1.7666666666666666
0.4337324293847447,0.7996419052228885,0.6731366682512947,0.4744776999974956,0.44696432566471306,0.5427642537506049,0.4438612514816313,-0.02246345994348943,0.6625004657128586,0.39761198029894657,0.026652933013369844,0.4744313405807838,0.4577795270237023,0.03170273758230542,0.47670743295050577,0.45029679201979517,-0.07984158049898438,0.7003934497809351,0.2602886717929331,0.7643608254577051,0.6352614732805987,0.2533572476353088,0.42839069739202024,0.5272765874780923,0.24198020210506826,-0.006640241900764093,0.6704916068330152,0.24115477150136783,0.040684162829134445,0.4621394724624856,0.18520562217414202,0.006488640616841776,0.5387483341063058,0.2528827805443316,-0.07934713832002556,0.7581908683316206,0.12082581413138649,1.2317403837350869,0.6074614437186102,0.022544380210645275,1.4520540320922213,0.5884765516029538,0.09365962950935353,1.351853887888123,0.5124836301365007,0.3005817164819798,1.222606520773973,0.6597904436025179,0.4782800290702282,1.056730131362687,0.64734078186077,0.6493143059985224,0.9003292846640016,0.6492742445490253,0.7327631000335288,0.8251945418076623,0.6127573839972942,0.7638240828295038,0.8187751775980234,0.6329421086382975,0.7398852673179062,0.814088802626921,0.6443575414480652,0.04030108646078527,1.0780668693025823,0.6333034516695821,0.12314496633521471,0.8643964755339113,0.6954279026157215,0.1758658784441117,0.6642415966085408,0.7012485252613948,0.19745889339118824,0.5844090022553559,0.6571433256617463,0.19099008556220107,0.5274212313713789,0.6561744489851868,0.19569712354403063,0.6079764407655254,0.6792073470966123,1.7833333333333334
0.43297197665575776,0.8039056610359661,0.6726503222816651,0.47303529261494415,0.44813888536340274,0.5437741158095577,0.44299255475356847,-0.020742187691986977,0.6610160544676619,0.39707517856040053,0.032434797457657594,0.46480588526287797,0.4564119249620028,0.03505829983708334,0.4719243728951752,0.44999444915076436,-0.07873821862619708,0.6989422027180873,0.2588492310350992,0.7691827722628999,0.6347834673618107,0.25211662578358496,0.42989562275983767,0.5283009615070893,0.2418511586529006,-0.00596017136761684,0.6693748766411531,0.2412093785637989,0.04063675519235936,0.4619962465008136,0.1863157484416829,0.009111857223798647,0.5364025659879479,0.25204003562807176,-0.0770862559422296,0.7562890212532375,0.1304209294176902,1.2362607839481503,0.600034843101895,0.034111032278971415,1.4629307016134827,0.5822338613381537,0.1046177420635418,1.3597485609538689,0.5047425268826022,0.30686863469606085,1.224588321048883,0.6620589855842858,0.4784627986575498,1.0516840902848235,0.6456127356808187,0.6418510408434813,0.8876005334403209,0.6421618163723916,0.7238226527388884,0.8064391238652752,0.6001776183973434,0.7494429914330829,0.798251476332786,0.6245895293496345,0.7266943063326534,0.7928981139283875,0.6321637384836544,0.04759826420641401,1.0857063975793957,0.6315044237270135,0.12091525931663477,0.8664988756228845,0.691322032050119,0.17313953539498267,0.6642076642334743,0.7059854418078617,0.1974956219975473,0.5851552126112778,0.661617574540844,0.1896485306459184,0.5307141108501303,0.6595912801048602,0.19078071714638295,0.5972036302406205,0.6864195052979633,1.8
0.4324046104366226,0.8085321744900508,0.6720310724080488,0.4715712223193731,0.448822500429523,0.5448877328062084,0.44211667728512233,-0.01925698925276255,0.6595237945506411,0.3966179065783731,0.037103518593512436,0.45658992694363565,0.4552845774348156,0.03801239165864591,0.46812196192732025,0.4496144620866419,-0.07759880840579977,0.6974581759574662,0.25745573731940063,0.7743685578231629,0.63372833747983,0.2510628404840689,0.4312950419076885,0.5293364132917333,0.24152824818425309,-0.005608573230776237,0.6688211233788621,0.24123569324695468,0.04057064844721761,0.46191711755203396,0.18711467810562568,0.010893034894803838,0.5341171679196752,0.2511756667504444,-0.0748626199999554,0.7543667853380607,0.1408433219274295,1.2406211822982467,0.5936677627503227,0.04655885815406606,1.4731822889851698,0.5788286921201076,0.11506419598130628,1.3687579864165744,0.4992202847929471,0.31409380716465657,1.2269537476432526,0.6617518337363033,0.4792817015802384,1.0471698766159692,0.6430472502814878,0.6323544143946472,0.8755376133639443,0.6334129092271801,0.7117194621977312,0.7868876570364474,0.5888332238870442,0.7330267167792942,0.7785779294519123,0.6130166080717563,0.7140404748905552,0.7705900390396272,0.6223463819653523,0.05461432445954291,1.0936800667139928,0.6301402515331124,0.11799136032117913,0.8685876964261892,0.6860024359879469,0.17040472401693735,0.6639704513964351,0.7047972754525422,0.19668520343330625,0.5796991973844497,0.6648049448640365,0.18614657341216267,0.5317557083527469,0.6625442131508468,0.1845527433591259,0.5844951204814453,0.6948234794724683,1.8166666666666669
0.4319643983803858,0.8133914817395773,0.6711990415055092,0.4700368325115421,0.4486950602954775,0.5464457482054018,0.44126353989027456,-0.017940329054656284,0.658004545264753,0.3961871671273277,0.04060656755144723,0.4503902222276433,0.4545250358734646,0.04006910728474059,0.46572148681449343,0.4492052015614658,-0.07650943835754155,0.6961138282759729,0.256240454810658,0.7798827901130697,0.6319051189987739,0.25009322067526363,0.4326304067536991,0.5303004569388086,0.24106810268970744,-0.0055101431147959595,0.668688594878636,0.24123660398782443,0.04048120467499947,0.46191703377099996,0.18748584569925322,0.011238890907835197,0.5321792421464174,0.2503158201717198,-0.07278973082629994,0.7525580664275058,0.15115233135535866,1.2445374952781871,0.5903851944225276,0.058703204968218695,1.4820117526009244,0.5795646532639038,0.1244350746196403,1.378251410593536,0.49735966840632295,0.32203718064399706,1.2297544046505249,0.6582312624397616,0.48055143502503905,1.043592356803888,0.6397284252169977,0.621572454995041,0.8632557287674592,0.6244539461382962,0.6950639515976442,0.7668332493033307,0.5797869465017894,0.7142671390678534,0.7591659209780937,0.6001017401097083,0.7022607996541078,0.7483054728276206,0.6155887300758938,0.061089169898850604,1.1018165924467176,0.6293899961715118,0.11504049627103115,0.8710076135116352,0.6794143785552733,0.1664429592821811,0.6628625492308633,0.6977516216767966,0.19447584595873807,0.5696137275623178,0.6650251821238505,0.18000188442889517,0.5295904172680307,0.6635812370756278,0.1764947216107478,0.5695960418794754,0.702713374038334,1.8333333333333333
0.4315856564078234,0.8183194600965342,0.6702479371320853,0.46833196774876296,0.44737768285813456,0.5489566676436997,0.44046283036238604,-0.016686894237357072,0.6564516668077467,0.3958686364396038,0.04268551515924809,0.44705030598135137,0.4543005653162162,0.04083313865056201,0.46524619062728184,0.44877594686253675,-0.07548587017040606,0.694934491220362,0.25521947138954476,0.7856556338023762,0.6292628893976018,0.24910058718673347,0.43382837796632834,0.531314361493848,0.24053544585434697,-0.005530848295298554,0.6687515198251769,0.24122491027966433,0.040371471012544,0.4619890051645801,0.18746684491656013,0.01014813108298808,0.5308524074153939,0.24948354872690176,-0.07095872525570206,0.7509003358927688,0.16042802552652188,1.2482032066671658,0.591253521884221,0.06963182863439132,1.4889881670070324,0.5843629353254014,0.13246805883747015,1.3875721408590225,0.49976151367221544,0.3302350929536912,1.23303164548148,0.651568442247723,0.48194528669946224,1.0412020231781585,0.6358428769108615,0.6104883047840474,0.8504638444843401,0.6161951037121003,0.6734370641636925,0.7474089592323591,0.5719764433143087,0.6931384515826778,0.7397411369312011,0.5868226993393388,0.6902978112015541,0.7269336109680613,0.6120043767249673,0.0669502722191981,1.1099121436000756,0.6292652937938433,0.11238964130861251,0.8739531013033908,0.6717961031276645,0.16011667892354514,0.6607151194183383,0.686344285157431,0.19012103684824852,0.557990082163573,0.6604595288497637,0.17072437204169716,0.5244366346780175,0.6615944427103438,0.16590442008182749,0.5526194539698595,0.707503008639822,1.85
0.4312034000833723,0.8231909423214432,0.6694245755486161,0.46644016979250197,0.444794036665126,0.5525684313190322,0.4397468200237076,-0.015490968758334764,0.654968502939519,0.39575031742647987,0.04289657324230756,0.44742325843225317,0.45482888251723363,0.04017003272055337,0.4670880285898271,0.4482959704522226,-0.0744951334494237,0.6938572570208615,0.2542566164526378,0.7914756338090784,0.6261983687055876,0.24803327626015922,0.4347682092176321,0.5325919854120555,0.23998213134993596,-0.00556750376558543,0.6688202705207545,0.24121807433066955,0.04025366694252459,0.4621014537863246,0.1872709561867809,0.008227979012317727,0.5302283593142219,0.24869235083285024,-0.0694494609466974,0.749305966675869,0.16798716725156385,1.2522270561378497,0.5961070143689375,0.07881869394068647,1.494301038900784,0.5917970648193005,0.13910919710855565,1.396181224349582,0.5058976628610973,0.3381039014604108,1.236668782741465,0.6426823038878808,0.4831849894037717,1.0400682023284202,0.6319719075320513,0.599643412835724,0.8378282577831413,0.6089168483521051,0.6474316063619948,0.730165297614364,0.5639258763169205,0.669945600107785,0.7210903955618638,0.5733692105181931,0.6769415412526735,0.7074339089348618,0.6112796254756163,0.07211287734716801,1.1174389806950322,0.6298237502917077,0.10996428968435207,0.8772716319405935,0.6638170699933152,0.150943406900455,0.6576904805479452,0.6729464057435394,0.1831895676800564,0.5482346757155524,0.6503193515133202,0.15849205984464265,0.5169171461708858,0.6569743781236143,0.15263276261142208,0.5345510671552528,0.7074350473026774,1.8666666666666667
0.43074237739113086,0.8279215971877416,0.6689636289572518,0.46445922544044427,0.44143053130902515,0.5568028969864632,0.43915413661258434,-0.014416679708892932,0.653799723736036,0.3958219269015423,0.04122909646932314,0.45146181260222107,0.45612084716814205,0.038416160171703156,0.47083312567067964,0.44773864982922607,-0.07351019904632852,0.6928998511816691,0.2531645243254303,0.7970558771547329,0.6233811646403551,0.24692038915154738,0.43535671756526195,0.534374126377908,0.23945023406665178,-0.005576522945845874,0.6688067514859847,0.2412276047474007,0.040144496184713004,0.4622055220581962,0.18711388202187312,0.006315972319526381,0.5301306813670886,0.2479532586473222,-0.06830280879227421,0.7476650612577017,0.17359309821378055,1.2572884954848678,0.603902804547666,0.08635663145006457,1.4987360030206285,0.5995323512980972,0.14467635139834117,1.4037628483180475,0.5138505368900942,0.34522093208017046,1.240360783862087,0.6329907365060576,0.48412590426785973,1.0400452687276205,0.6290909850741294,0.5889198552711479,0.8266787636841024,0.6025017067222297,0.6184681342748125,0.7164241474315203,0.55557262819833,0.6450688563747993,0.704679267173839,0.5598374381020773,0.6617654526842955,0.6913198773011576,0.6118514402682775,0.0764431209964811,1.1237169649047813,0.6310878469344441,0.10759778197127824,0.8808591702779189,0.6564239928173828,0.13918995269616347,0.6541652581986901,0.660116134895036,0.1740463732093097,0.5428734196205434,0.6356582501736616,0.14445468763587857,0.5077891853697546,0.6509563761082017,0.13758206018829602,0.5176065652630875,0.7023291688792175,1.8833333333333333
0.43017394343807125,0.8324544583734346,0.6688818220102211,0.46254910887967804,0.4381133392185899,0.5609101932095419,0.43871878071554665,-0.013492344008938534,0.6531778031556743,0.39604437699277906,0.03835975127634579,0.4579938540091569,0.45785195750757246,0.03628561618241912,0.4752305259274572,0.44712680072339445,-0.07254327419939774,0.6922294170629743,0.2518927380636228,0.8022437971128993,0.6212701328391032,0.2458651432225038,0.4355591293967254,0.5368408679995351,0.23896323114836412,-0.005528439151395212,0.6686716961802982,0.2412505027787753,0.04005463636155496,0.46225127537623295,0.1870300149938271,0.005033301427393694,0.5302877637171461,0.24729742185165077,-0.06748145805832922,0.7459452950001143,0.1775725519926511,1.2638471684556036,0.6129150353415918,0.09306015957102526,1.5032578764569322,0.6050662855358798,0.15002117227313735,1.4103289691887988,0.5206060380129125,0.35146371972247314,1.2437984419814205,0.6236754975969707,0.4847954951363913,1.040771330365348,0.6279019940329944,0.5778144606027721,0.818354400217457,0.596697826057637,0.5884634532635995,0.7069913649991318,0.5476577637646309,0.618973381231272,0.6917833126353825,0.5463461750123381,0.6448683653340193,0.680220502086371,0.6106974861968087,0.0799047720650379,1.1285786593942289,0.6325999647663901,0.10525676798903003,0.8849068262523839,0.6504859068512601,0.1259203158289683,0.6508988312491132,0.6496193981052841,0.16361623208714093,0.5424572173379777,0.6190049741448291,0.13027508865394916,0.49856528241494696,0.6441420055793069,0.12242518385967943,0.5053184418885388,0.6929364478913829,1.9
0.4295842107949783,0.8367361470989999,0.6689783741673667,0.46085726850036257,0.43548215432891746,0.5644182975053148,0.43845670800281833,-0.012705320641420006,0.6531707489710862,0.3964482549342493,0.03526684129529088,0.4652048969602165,0.45954951535728084,0.03442759505131821,0.47909616807433675,0.44651347460602286,-0.07165711176907406,0.6920435425653716,0.2505312133008192,0.8070625656385219,0.6199592986096892,0.24498854572078627,0.43533913193289825,0.540053910687497,0.2384754969269243,-0.005411858956119384,0.6683894467928138,0.241271248916339,0.03997690027519043,0.4622119794458687,0.18695367716807457,0.0046271435740391775,0.5305258111549301,0.24675354034736757,-0.06685884724886315,0.7441518558591375,0.18059472823810957,1.2719790611841246,0.6210609311238394,0.10009633878118643,1.5085986221335854,0.6065740108345252,0.15622320449065888,1.4162681892805657,0.523448937845258,0.35689248647641436,1.2468510532868462,0.6154115293099538,0.48542382158026925,1.0417990913430626,0.6282917469248537,0.565783730127825,0.8135550145439507,0.5912420018666014,0.5594221863677357,0.7020414197159643,0.5400834028248007,0.592394569069568,0.683045034370526,0.5326838718627828,0.6262476560629109,0.6745704839655896,0.6052572219733579,0.08264307553841663,1.1325198656616509,0.6334628241885012,0.1029941873125258,0.8895396013417685,0.6463198580742835,0.1128961225038273,0.6488275531922159,0.641952437675127,0.15257719231251116,0.545349822792965,0.6033595662949478,0.1173014916214922,0.4917981519825597,0.635731216822496,0.10873577704264413,0.5008273629615363,0.6802849066590252,1.9166666666666667
0.42913099496522744,0.840703865231455,0.6690588920225307,0.45948028031658955,0.4336937364135781,0.5672891178306387,0.43835784603960126,-0.012064878583572136,0.6537178809984631,0.3970918293188234,0.03265703444290171,0.4713168479440188,0.4608090770033467,0.03310616471580692,0.4820435908860248,0.44592391168952855,-0.07096428707248194,0.6924431461239381,0.2491480551393959,0.8115928118126217,0.6194242606105265,0.24432897716681132,0.43459131144923013,0.5440678205001359,0.23787249031582808,-0.005259536624386593,0.6679894813032691,0.2412726419721052,0.03987935481784008,0.4621387329086459,0.18694465657283782,0.0051112922838012775,0.5306114399760049,0.24629260520867924,-0.06625958969785219,0.7422212086794511,0.18330877942265977,1.281288841215959,0.6267035634369428,0.10845828575219219,1.5151394057543581,0.6036465173080233,0.1640110659470041,1.4220583805519953,0.5215122521533624,0.3615668784984584,1.2495335669889416,0.6087593699749464,0.48640791782600645,1.0427680271492674,0.6295986924370427,0.5525349679438564,0.8119236920713298,0.5858857018120586,0.5329141831428071,0.7009611915970575,0.5318992079540303,0.5661546545558217,0.6782992341701184,0.518775500259395,0.6058485078013721,0.672691954499217,0.5959748466255264,0.08491994599110891,1.1363084807692057,0.6330057886329721,0.1009055280481409,0.8945963625520692,0.6434778532230748,0.10196736231311923,0.6484949829330211,0.6366529504486166,0.14103330943870768,0.5491758580515494,0.5910116840264877,0.1060126989140007,0.49000115591037596,0.6243137307481954,0.09720630583568554,0.5041477867463815,0.665706163200055,1.933333333333333
0.42892387455818054,0.8443197899321497,0.6691031844555361,0.4584900954499475,0.4325687750832365,0.5696946445230433,0.43838203322309893,-0.011584916713941837,0.6547163496416448,0.39796747572135505,0.03082279867019097,0.47519926800518264,0.46144487433691905,0.0323287867730019,0.48422803034067047,0.4453462067015841,-0.0705894184012095,0.6934322407650807,0.24773822325572797,0.8158883807178298,0.619716451456789,0.24381227488882068,0.4332180894406741,0.5490110989317181,0.23708273898415125,-0.005116722243699717,0.6675416158114139,0.24125467177138044,0.03973486785015188,0.4621919513591745,0.18722234326975457,0.0063615383899250505,0.5301123290575069,0.24584078930455536,-0.06557142801203805,0.7400468147043968,0.18624923304374702,1.291006747562251,0.6291318285108947,0.11853757365001288,1.5229008120698757,0.597675330500202,0.17343722905600875,1.427830982508819,0.515875370717955,0.36549742405889063,1.2519097429749542,0.6043904085551519,0.488138631423372,1.0434929485943503,0.6312489626578109,0.5382387828569997,0.8122294183948416,0.5806912567562134,0.5096006225598877,0.7024610779066259,0.5226326329052965,0.540866022040636,0.6766257666864471,0.5055928067760942,0.5842554255858281,0.671809488521704,0.5859373719899186,0.0869960926455216,1.1407440199850534,0.6312471039405265,0.09917173037786811,0.8998251072654534,0.6410879750684215,0.09429908592671196,0.6500005030269558,0.6323267709646454,0.12921790957704216,0.5525870759425003,0.582590911450284,0.09619287709411761,0.49399096129123765,0.6095181586110383,0.08762416031410009,0.5122389880728211,0.6507975592522292,1.95
0.42896492123536295,0.8476386349652101,0.6692100099583018,0.4579538266106413,0.43191290717049474,0.5717904333753964,0.4384800906718137,-0.01121056660154851,0.6560151246219823,0.39897926172531983,0.029972538970208545,0.47658128526176496,0.4615675135522381,0.03206597413277077,0.48579073153524377,0.44476844324539583,-0.07059120082781337,0.6949808801864884,0.2463094340092037,0.8199761187440948,0.6209172333559152,0.24334332780834894,0.43125757944325754,0.5549354008218975,0.23614111959464917,-0.005001510946099644,0.6670846963329887,0.24124322982000662,0.03961455435743369,0.4624813431567855,0.18798162305094107,0.008042667965322922,0.528666618914136,0.2453552983303891,-0.06484662493920587,0.7376264071238373,0.18988815757053384,1.3002754755563695,0.6284144621384553,0.12995829586466082,1.531505157055404,0.5912999096664704,0.1838905978486201,1.4333968203110807,0.508295706672634,0.36870994424519543,1.254096122946311,0.6028380161779106,0.49076879340229723,1.0439528685673858,0.6330439352792264,0.5235397873626246,0.8131626195115946,0.5761846138891353,0.48923726039099935,0.7051603871050633,0.5129116134519505,0.516952920144753,0.6767994870449016,0.4948571597453672,0.5628785772508363,0.6703802611113068,0.577475236970402,0.08901303912266476,1.146490555220632,0.6287307738054406,0.09796562203745543,0.9050446388927542,0.6384953032264712,0.08991432191293404,0.6535202098599527,0.6266012735020652,0.11817238706098013,0.5557600239758248,0.5768390402675704,0.08748123457286026,0.5026416174432996,0.5923351791935888,0.07952169206372979,0.5221506240645875,0.6366299577871821,1.9666666666666663
0.4291983871322668,0.8507808727338873,0.6694347703339389,0.45787075019935575,0.4316449171157151,0.5736364508338198,0.4386559410358218,-0.01083328439766286,0.6573967332972032,0.39999540240803505,0.030258300150888352,0.47596592208283955,0.46143380559460045,0.032150584955469116,0.48689641732223415,0.44421033731633075,-0.07092200366930664,0.6970668221428409,0.2449157795916937,0.8238570829723064,0.6230797817052718,0.24287381951484707,0.4288822575010126,0.5616145818433227,0.23512594914826615,-0.004895034264235695,0.6665932436722842,0.24127465458259087,0.039736650909744306,0.46279071294856494,0.1892500275033197,0.00970017687319305,0.5262690935337282,0.24485360517011753,-0.06425043231244726,0.7351149273349517,0.1945968492277237,1.3084341143229161,0.625145932434128,0.1418539121329027,1.5402582597654957,0.587041674901378,0.19437098363893063,1.438673749938574,0.5000393017654059,0.37138605079102055,1.2562714478929458,0.604185350976528,0.49411628380049316,1.0442297580893027,0.6349976078933551,0.5094203891405491,0.8140265594698536,0.5728778086841804,0.47117332321711647,0.7083058363081555,0.5036247671906605,0.4947744027836368,0.677741479105989,0.4876522042149442,0.542996371657889,0.6689898945588496,0.5699343359515554,0.0909433197780721,1.153883599095286,0.6260533544522969,0.0972882025823975,0.9101789951809912,0.6356015256302511,0.08777709880518875,0.659343333964304,0.6173236288269488,0.10936340885114139,0.5599026986466565,0.5709426572792334,0.07959590971962904,0.5144016217082872,0.5738394871388575,0.07258532475536267,0.5327759235149647,0.6228762196424925,1.9833333333333327
0.42959421462010927,0.8538055017267898,0.6697024487530592,0.45811328819270447,0.4316514544151505,0.5752548860475206,0.43900058177683693,-0.010402325826630698,0.6586825550931418,0.4009436482271742,0.03131255790644387,0.4745839240716563,0.4612343074616327,0.03216947618097418,0.48800537835278535,0.4437210048210572,-0.0714647580563027,0.6996542370536732,0.24359583872760182,0.827467100408446,0.6262248667961915,0.2423929600044901,0.42629507326701216,0.568529456077675,0.234106951819442,-0.004749129488845177,0.6659915010460511,0.24139057808900732,0.04033639637109122,0.46262214141206975,0.1908838939766676,0.011095425566128775,0.5232202896691315,0.24437381269852013,-0.06390640299715152,0.732737827152766,0.20056699963545693,1.3151862073960487,0.620117385523787,0.15330340654920338,1.548430968242497,0.5863181749231476,0.20393118929274415,1.4438628025149152,0.49183936441079507,0.3739965162794181,1.2586023934716168,0.6079257819747315,0.49778092143447683,1.0444282218943968,0.6370512337911486,0.49701340436010044,0.8148496728882276,0.5706735554037339,0.45480310473551727,0.7120900677806811,0.4949647147441829,0.47469286403710814,0.6788890613630117,0.4835303761002847,0.5249172276224442,0.6690908906990836,0.56119466508131,0.0927160993309191,1.1629187993486174,0.6235473586737029,0.09695742738747437,0.9152170668592898,0.6326411393193957,0.08652452548238918,0.6672711995014541,0.6041160467994497,0.10380167023868839,0.5663758413989287,0.5613820635738387,0.07231162553868477,0.5283748169798871,0.5547293365502016,0.0665146205710341,0.5439016936792302,0.6081086743732156,2.0
0.430153839101562,0.856727005432373,0.6698258272302763,0.4585155374410768,0.4317056760207377,0.5767164663262002,0.4396091760760574,-0.009981796171849591,0.6598920671852958,0.4018474426312991,0.032253771544260186,0.47394533526449617,0.46108999610687623,0.03177435547204342,0.4896502372744355,0.4433406821293537,-0.07208582991688946,0.7026249391492051,0.24233631323863267,0.8307142159841939,0.6302357350941464,0.24191452391247165,0.42363700039725827,0.5751442781411645,0.2331376908259538,-0.004523048961487211,0.6652154785472054,0.24163008022009916,0.04146885368470262,0.4616122905917086,0.19259244622683436,0.012316079393951351,0.5199185444932839,0.2439254641264623,-0.06382523933703976,0.7306690660884938,0.20781428742205652,1.320673725581797,0.6139158739943334,0.16361100627089364,1.5555950833789254,0.5892356402767895,0.2119665040579854,1.4492688312787645,0.48458324337045167,0.37725120410365953,1.261164783432722,0.6130818166458332,0.5013487174038374,1.0446146892411332,0.6390527602033813,0.4872549371747955,0.8161034822960539,0.5687251500488254,0.43964771916104206,0.7170662163485438,0.48687993960913545,0.45696414856789425,0.6803642370947698,0.48125770044411575,0.5083940903558117,0.67150665047806,0.5504699966980707,0.09436183034251565,1.1732407091898929,0.6213582574031853,0.09666265755005239,0.9201162724075092,0.6298089541883485,0.08528959226427615,0.6763826569011724,0.5884286067820872,0.10172040636725006,0.5757817438621432,0.5456300409851734,0.0657572776518032,0.5436885116502463,0.5361735374693016,0.0610067205151188,0.5550213282958121,0.5913562500761044,2.0166666666666666
0.4308451070708412,0.8596483027882321,0.6695626197727617,0.4590054501664987,0.4316928470729569,0.5781197942674865,0.4404591414078986,-0.009651411288211995,0.6612134838788437,0.4027441320075139,0.03238767112752088,0.47491270433585236,0.46115019764255344,0.03107250117574166,0.49186578917232043,0.4430720133071971,-0.07266071054120594,0.7057606390081075,0.24110167990824458,0.8336026380545385,0.6347245702465876,0.24143035438462157,0.42100011053818553,0.5812957268083893,0.23222397298276287,-0.004244492867833169,0.6643100090093633,0.24201097375349978,0.04297998884597783,0.45977831353329274,0.1939813294224357,0.013459335312961049,0.5167557012358034,0.2434755488480933,-0.06394317999297015,0.7289543124637605,0.21622381490979456,1.3253616075852488,0.6069670649877069,0.17245301167898253,1.561742810620453,0.5946877910387043,0.2182467829371751,1.4550210078750563,0.47971978634667567,0.38189321532917697,1.263954412890749,0.6184769061169351,0.5044943532710557,1.0447911440031419,0.6410013227195791,0.48046140203870513,0.8183183102377026,0.5657800043165404,0.42535326621707203,0.7231198584212517,0.4801947718549202,0.44152069917224096,0.6824207372090298,0.48030815948650213,0.4934419339975181,0.6760565667721372,0.5387035246527703,0.09603315975033047,1.1841150951408532,0.619640197876383,0.09607756924011637,0.9248792874656684,0.6271853516673356,0.08387058921222598,0.6854822638245457,0.5724097376183106,0.10286825374566519,0.5876702336444067,0.5238011700871791,0.06080637516652495,0.5588825798567097,0.5197429956239873,0.056039737161653475,0.565248343265553,0.5733678139008528,2.033333333333333
0.4315865533810145,0.8627094266408204,0.6686900003112197,0.45959243175268727,0.43180644399057877,0.5795363815752484,0.4414055683905681,-0.00938356417057161,0.6628036212512796,0.4036226613263631,0.03160244708404767,0.47750726819841716,0.4615839633957882,0.030530801318675152,0.49404903388784527,0.4428885935639606,-0.07310356957950084,0.7088491501331994,0.23985841837584063,0.8362690450463824,0.6391284326512591,0.24085101476394993,0.4185017798514742,0.5872297692308023,0.2313103014905203,-0.004008319233718055,0.6634385995165482,0.24254315798374393,0.04465836835240866,0.45736748506232056,0.1946742275866455,0.014347851217586707,0.5141338602042277,0.24297619023619516,-0.06416492313523404,0.7275133585690777,0.22548258170082353,1.3296989249026392,0.5998396028353838,0.17996971657019112,1.5670623925528901,0.6006794847958566,0.22297621717007454,1.4608459866726609,0.47889046789069706,0.3884649468578115,1.2669246852665481,0.6229014937075855,0.5069848286184848,1.044889713151997,0.6430917074952536,0.47621294204425324,0.8217330136666051,0.5609793991071707,0.41177401335990144,0.7293118705985147,0.4763575920579031,0.42808297978319326,0.6847577938022887,0.481042262091,0.4804193513965894,0.6820423429456332,0.5267510127130174,0.09804147084991352,1.194697496645932,0.6183454096129631,0.09512494453358664,0.9297506513028879,0.6248912550963772,0.08240026098653727,0.6937430543951199,0.5579029782045125,0.10674288397880513,0.6008791114755136,0.4987661446514601,0.05884748673156981,0.5727137862040537,0.5060401321852793,0.05194486089468464,0.5739267356793843,0.5561129789876286,2.05
0.4323142495989911,0.8659306936017142,0.6670933540433699,0.4602751483632525,0.43239385415775766,0.5809855588287587,0.4422719622964735,-0.009085474602831295,0.6646826356551271,0.40448307938129463,0.030257212525630586,0.4813004066184041,0.46244213183894867,0.03053899318877884,0.49546039635283,0.4427472469037918,-0.07338544314269929,0.7117966095809435,0.23858569454141762,0.8389005165428512,0.6430090939332475,0.24005927006117164,0.4162514291272629,0.5932176084112853,0.2303350402877764,-0.0038790613189680634,0.6627619909688588,0.24322774402716074,0.046343634704007666,0.45465827066112174,0.19451344820857663,0.014693593014640377,0.5123634782073707,0.24240090509729428,-0.06437688542609998,0.7261921926309354,0.23495967931166356,1.333866564673102,0.5931454581288731,0.18677242092147114,1.5717057532192495,0.6048895272387668,0.22689947820895734,1.4662321914294933,0.48289491485145536,0.39709445766409246,1.2699635755116205,0.6252291557426757,0.5087712844370784,1.044804502401925,0.6455290425233627,0.4736515665022769,0.8261342257684833,0.5545913505807869,0.39905876117707,0.7346615574093148,0.4758419223386953,0.41649327146496196,0.6867090180953785,0.4834822783824975,0.46953172096534346,0.6885627318716868,0.5146449224726087,0.10082453857289386,1.2043668226081914,0.6168910074311156,0.09410463071088937,0.9350913537537349,0.6231923923409671,0.08106237104614705,0.7009747458576736,0.5461064176587503,0.11244329178752806,0.613910948330273,0.4748037311293413,0.060905545360977725,0.5851406853408418,0.49395489356402666,0.049158382250288124,0.5809101789204411,0.5414040543152493,2.066666666666667
0.43303647817081936,0.8691897610966917,0.6648404767388612,0.4610089277476802,0.43361620360419173,0.5824773301276626,0.44291935859438447,-0.008718197185191193,0.666782061651453,0.4053846841100591,0.028955321697269817,0.48533045110233974,0.4635644646702964,0.03121026432820445,0.4956658875112543,0.44259451638426384,-0.07350119122440295,0.7145974944710316,0.23729320919873426,0.8416326014700172,0.6462053285370808,0.23903409691772115,0.4142574445235891,0.5992206843433608,0.22928765839674964,-0.0038340222361325504,0.6623496325553698,0.2440292090077617,0.04787873083325196,0.451949167899091,0.19377615302124307,0.014477033910085896,0.5113336169861538,0.24175791631861013,-0.06446767144999806,0.7248335749721696,0.24380648403592797,1.3377777467396972,0.5873737027490189,0.19372627040532664,1.5758372223692492,0.6054744464303552,0.23114711261923473,1.4708995712605197,0.49091678878007833,0.40734790583902497,1.2728721368581093,0.6248146161848638,0.5101013922158549,1.0444552411934793,0.6484084818767434,0.471964042883285,0.8309607010044979,0.5477921904893087,0.38773896497848115,0.7387749533388963,0.4773869330314982,0.4068410382840266,0.6879345395065142,0.48645858337493564,0.46067296686057035,0.6943993755470925,0.5029842137187847,0.10472222782191803,1.2127450730486895,0.614458846177339,0.09344826532902356,0.9410334359682712,0.6223725447949313,0.08012366482192915,0.70739770164088,0.5375552028919471,0.11854624739835296,0.6253592041512741,0.4557476242134072,0.06685166446304588,0.5970492778419237,0.48147370608791434,0.0479757032385355,0.5862670773533851,0.5303314784210288,2.083333333333333
0.4337999906543774,0.8722798610316491,0.6621580422177247,0.46171022248572985,0.435259961660721,0.5841082101999426,0.44328439348547943,-0.008310219382056935,0.6690124641558928,0.40635257438410244,0.02811213676349303,0.48840154360207616,0.4647178947439473,0.03253728389321389,0.4945525475713839,0.4423896097145045,-0.0734421187384432,0.7172359518916901,0.2360015478519264,0.8444866193768843,0.6487261559707664,0.2378715122451783,0.4124437787799849,0.6049573961460286,0.22820415020106205,-0.0038366785397609543,0.6622031510606088,0.2448808211233111,0.04906578382475863,0.44961641895887294,0.19313722315756715,0.014045495280712708,0.5103985741889024,0.24106958127969544,-0.06434212413697699,0.7233234839912537,0.2513540404167386,1.3412326998697617,0.5830203891485147,0.20154235696645637,1.5796843061850194,0.6019148611534261,0.23680830205571712,1.474907559274379,0.5009296383345645,0.4182755725903553,1.2754144311105287,0.6219524173707082,0.5113681612176643,1.043798759801168,0.6516142238770596,0.4707239296431493,0.8354432488555138,0.5418631052207276,0.3787258174036844,0.7417829810229255,0.4790051202947447,0.3994439483474026,0.6886712389491857,0.48809348292782206,0.4538750045332993,0.6983676731811578,0.4936898630190577,0.10986343424905592,1.2196839006782478,0.6106562309276127,0.09344279227598372,0.9474145659996956,0.6224277932165918,0.08018377401639402,0.7135143992171123,0.5318330685246633,0.12361587592910556,0.6346911636987723,0.4433229967046175,0.07551533820774779,0.6090765353248059,0.46729658757701,0.04849961731709243,0.5900871514858944,0.5233774762997955,2.1
0.43462134971529043,0.8750133436387422,0.6592574498204583,0.4622508428361405,0.43686889916107596,0.5860117606788839,0.44339556095742344,-0.007897849946921859,0.6712898266413067,0.4072856074038123,0.027756806310462893,0.4899916849455033,0.46587660344191306,0.034489086339910595,0.4922795534243328,0.44211912406127885,-0.0732037394385908,0.7196456906418605,0.23471071514738456,0.8473761946714835,0.6505911738039871,0.23668440102330401,0.41071827202464345,0.6102550324970472,0.22712211637175045,-0.003916155183704834,0.6622991369006028,0.2457103245554872,0.04976885352144488,0.4480380879824846,0.19324615052593602,0.013842849154695372,0.508862741621855,0.24034951119050812,-0.06391193814403348,0.7215974245999557,0.2574237589915691,1.344172353680527,0.5805624040217358,0.21045646623060932,1.583389015577,0.5952648831961006,0.2444710671371505,1.4783932935083908,0.5106504392625226,0.42874333355680483,1.2774350733674036,0.6176552814591325,0.5127950577811778,1.0427872104962492,0.6548136146774393,0.4698483869420307,0.8387626496875654,0.5376692797706873,0.3729879310535185,0.7438868891703277,0.4793303278432339,0.3948645098171728,0.6894525839492215,0.4868632501964949,0.4495377137854697,0.7001193769980377,0.4884212866378764,0.11625357385831887,1.2253647963543624,0.6057660805668083,0.094291326790237,0.9539463976097485,0.6228693708963877,0.08215750794597845,0.7202243663071577,0.5274259798289531,0.12704734002765408,0.642764704015071,0.43655664296602426,0.08550424402033235,0.6208378155096094,0.4518682793757753,0.050743697162790424,0.5926054559318371,0.5203068737335264,2.1166666666666667
0.4354611774084337,0.8773319091937753,0.6562390288220157,0.4624963638376332,0.43803234571769867,0.5882481711605972,0.4433327701064438,-0.007486675028380421,0.6735448343632477,0.40804496036272475,0.027818170158322227,0.4903782254048245,0.4672906944247689,0.03677405247523486,0.4894236532982546,0.44177906665359856,-0.07277935447269995,0.7217260595820961,0.2334427895629636,0.8501785643514855,0.6517179097973371,0.23553235350374374,0.40899212176797217,0.6152022875298572,0.2260501655365393,-0.0041323299015716825,0.66260982552891,0.24644914960720268,0.05005408155915312,0.4473383522409778,0.194344862105303,0.014117805455587218,0.5065434152023421,0.2396169454150785,-0.0631293228529586,0.7197114213816846,0.26221792280562534,1.34677049067428,0.5802263824319358,0.22018457415548376,1.5868732356529776,0.5875137438941909,0.25395332252944164,1.4814908282123793,0.5179722000189855,0.437827305970207,1.2789596244220245,0.612919985329907,0.5143072590318569,1.0413937612599737,0.657689769491225,0.46933303969172246,0.8403818862196629,0.5354102876089922,0.37095507114919707,0.7450549989676987,0.47792079713166086,0.3937259776644879,0.6906434333676829,0.48231532041763026,0.4479795314081092,0.7002005803402236,0.48680915278526693,0.12373226971512426,1.2301773936283087,0.6004612571668448,0.0963407989788638,0.9603540941274362,0.622777055960502,0.0867549510105175,0.7284081391695032,0.5227085755554353,0.12924256288018518,0.6511187330227546,0.4328111580462768,0.09569532350443208,0.6312799961420014,0.4369942903907158,0.05475535837155225,0.5943911579403428,0.520027311696837,2.1333333333333333
0.43624443606076935,0.8792735031546727,0.6532341216024662,0.46239593029469916,0.4385539216623407,0.59083444053876,0.44315614139355086,-0.007071021418642506,0.6757319940300579,0.40858769226436226,0.028139329620718127,0.49017943098154865,0.4691910667028816,0.038668098205049815,0.48707752969409657,0.4413656361261718,-0.07215840498600036,0.7233791623877482,0.23230836062336652,0.8528541647445953,0.6519185109195625,0.23445879734457994,0.4072096340953915,0.6198417202597954,0.22498264585545946,-0.004509848668023522,0.6631146989647337,0.24704087552644266,0.05015093320602654,0.4472373377073451,0.1962791433968949,0.01493658625870238,0.5037712532280498,0.23890137500336794,-0.062082395027949405,0.717937603867209,0.2660437814085399,1.3491819942256091,0.5818849927413354,0.23011008244166747,1.5898816876663162,0.5805480545934107,0.26445578742234677,1.4843945940361354,0.5211565441324193,0.44501812448421024,1.2801169426927221,0.6083741574707683,0.5156478511766345,1.0396485129747457,0.6601416681541491,0.46916181063503054,0.8402341021785877,0.53468121603087,0.3722180003341147,0.7451519753366612,0.4747517847427296,0.39622316268912533,0.6920906341652188,0.4752884659442842,0.4489999189085666,0.6993104531518726,0.4867570889794258,0.13187593657856,1.2344468856846074,0.5952648959425801,0.10001858194569592,0.9664214206761959,0.621173676387423,0.09395144449742115,0.7379760191605703,0.5175514820850622,0.1311148238390905,0.6604226889710221,0.4298604029490412,0.10517339242717642,0.639564930546787,0.42479756138155483,0.06068313319581083,0.5963533757808341,0.5210929366063819,2.15
0.4369384400212599,0.8809095247909158,0.6504693694840016,0.4620214022251468,0.43840708378438953,0.593783367899108,0.4428726045622586,-0.006715734076716107,0.6778226465596696,0.40895613795128793,0.028251776682257403,0.49017069930913965,0.4714731392230439,0.039401304586537726,0.48640961666136834,0.44088745632484694,-0.07137082166795433,0.7245598937404046,0.23148723452351694,0.8555119720719693,0.6510631295594446,0.23353593165748632,0.4054079013247874,0.6238853930663883,0.22392149091079375,-0.005044041844455005,0.6637921647942616,0.24747432373580958,0.05023563722892916,0.44732014465322706,0.19867493503686784,0.01637256034611076,0.5010428904151122,0.23820654136166902,-0.06101967897709172,0.7166084723906466,0.26920873866169703,1.351359225273925,0.5850777099443949,0.23952142451365568,1.592173217901488,0.5756116168680004,0.275033516521171,1.4873054540401656,0.519448939112346,0.4502513989411802,1.2809522256493275,0.6044071957542421,0.5165928826547885,1.0375659066172114,0.6621607846610393,0.4694057281886579,0.8385184060806795,0.5348653222575863,0.37591390152134113,0.7443303336137793,0.46972569993382574,0.4016988247245804,0.6932785097548755,0.4674575169868249,0.4519416167829332,0.6978426315412976,0.4862102832926285,0.1401282882756976,1.2383151202121825,0.5903137808686854,0.10538101625604432,0.9719488847718555,0.6177192692834899,0.10296985790414964,0.7476331463351277,0.5135519674214402,0.13371025620412796,0.6696989828818332,0.42748497592570994,0.11322832790764449,0.6454634080876135,0.4169438470921234,0.06871718416140171,0.5993036970919987,0.5225103959434572,2.1666666666666665
0.4376057320873934,0.8823552490873423,0.6481086771590011,0.4615029527970293,0.4375699294537673,0.597110766500216,0.442462290844528,-0.006570369742879875,0.6797792877226198,0.4091756065401233,0.027657235974763154,0.49096684478375385,0.47373637217692055,0.038755310683210475,0.4878570249538169,0.44036545179208203,-0.07052110798173128,0.7253236702747723,0.23113365776029607,0.8582733583545525,0.649233461112726,0.2328330552472978,0.40376072851923517,0.6269294247288038,0.2228599033284366,-0.005720947712328325,0.6646038936861818,0.24778808582996012,0.05029985338715497,0.4474253447089708,0.2010338129398871,0.01842140766719727,0.4987915880181686,0.23749880294296313,-0.06020298840884289,0.7158409241315008,0.2720653168950218,1.353202239536888,0.5892151278722975,0.24782054077770868,1.5937371948515464,0.5732948588613829,0.2848697314982471,1.4903392259855184,0.5136738186735591,0.453829460551155,1.2813857709685876,0.6013353158510294,0.5171149701844548,1.0350999433167292,0.6635846477068039,0.4702046181437642,0.8354616617022355,0.5354656662177054,0.3813147476851284,0.7431594973489398,0.46271502689181754,0.4086820915495987,0.69377686998713,0.4604599890792935,0.45590815112424654,0.6959509138105138,0.48447254057270794,0.14799996221411696,1.2417699783871232,0.5857222883121738,0.1119235403677078,0.9768402763157087,0.6129108281350474,0.11267035616502336,0.7557437129667991,0.5124167818357769,0.13810625768663454,0.6771653494772855,0.4270064856323089,0.11964804610334989,0.6492543069796245,0.41400353526434575,0.0787996367295384,0.6034323621292066,0.5239405524650032,2.183333333333333
0.43831788131454175,0.8836913807564255,0.6461567859401631,0.4608984579654628,0.435928367523422,0.600904596165182,0.4419288950636533,-0.006725397378635811,0.6815455480621925,0.4091995496252655,0.02628256810075673,0.4926279589686194,0.4756279413451817,0.03717088281316285,0.4908722469113653,0.43982872485499924,-0.0697494576901006,0.7258133931104715,0.23128796328516665,0.8610899338782213,0.6466449122514761,0.23236575669294757,0.4025749485928559,0.6288484241819126,0.22177526160529343,-0.006495363663738249,0.665506148262945,0.24803684964859163,0.05025340152131519,0.44763494805145687,0.20283293716867518,0.020718075094118715,0.49735229667224384,0.23674049706789452,-0.059739236500101434,0.7155950697602712,0.27501775094082703,1.3546743141268724,0.5939276101724817,0.25470812530146125,1.5948287187503363,0.5733882754165918,0.2932788403227575,1.4934158961309674,0.5059677968455157,0.4562607025384512,1.281340157722413,0.5993988757984834,0.5173689010002289,1.0321956824368386,0.6642111970587534,0.47168594348649673,0.83135021827769,0.5362921673531972,0.38793677648458824,0.7421642511839742,0.4542621541846149,0.41549673755558203,0.6934115508135471,0.4554186262766756,0.459948760151237,0.6936716226881418,0.48206197345214463,0.15514433921499632,1.2447336983559774,0.5819145602862278,0.11905454060346538,0.981295513423861,0.6073844866030171,0.12196676153403738,0.7612438098034314,0.5144772556844087,0.14524814103236344,0.6815800052535477,0.42940955535890446,0.12506097859147175,0.6516118728911683,0.41512789910424586,0.0903432600043011,0.6084127438315083,0.5252770662562886,2.2
0.4390677347026408,0.8848486557903452,0.6445434948502958,0.46012077159867787,0.4333542979393247,0.6053520190830337,0.44131787559727903,-0.00710260478207797,0.6830736971639133,0.4089745458775575,0.024448221107396348,0.49484779708731585,0.4770714656780217,0.03530913708535497,0.4944873975976377,0.43931426141674285,-0.0691415044338699,0.7261433673105556,0.23188236020456132,0.8637688751288249,0.6434225900094945,0.2320921983714204,0.4021475120770788,0.6298749024468342,0.2206736127338605,-0.007286993886158499,0.6664716076272629,0.24827538950171263,0.05009000919375101,0.44800702110093477,0.20370359130643673,0.0226363309464115,0.49696494580552375,0.2359145110376539,-0.059581427839461354,0.7158934283123691,0.2783804129838847,1.355706982077108,0.5990669549873284,0.26029144958610034,1.5957455641185436,0.574908215070729,0.29985450932938873,1.4961920643137425,0.49869582093527665,0.4580447687238421,1.2808426853451342,0.598652471624317,0.5175694822157899,1.0287852447717072,0.6642690303032035,0.47402735294918463,0.8266424860994251,0.5374696128392418,0.3952543599530633,0.7412484307111487,0.44607319432405224,0.4209661311377726,0.6921796178162996,0.4529106694318211,0.4633582388312795,0.690909771272595,0.4799299161962016,0.16132038694832124,1.2471243203613493,0.5793897635692749,0.1265172250346161,0.9856483057423474,0.6014980055367154,0.13008964116823699,0.7639022521153431,0.5187607585921197,0.15555582821669586,0.6826890908240596,0.43441361354875374,0.13085438126253948,0.653372460201772,0.41863572583645564,0.10235581780600636,0.6137855058099303,0.5263316579893991,2.216666666666667
0.4398064417156463,0.8856564315192788,0.643250540388261,0.4590582348596199,0.42987093709401836,0.6105954371005355,0.440687646052,-0.007552235831341916,0.6843691114754487,0.40857134913227733,0.02271675001512595,0.49713739753773456,0.47812506946944866,0.033628095789757395,0.49793347014432815,0.43885345116509655,-0.0686644333152001,0.7263019566875345,0.2328489687719429,0.8661056620175107,0.6395521433269932,0.23195209241152542,0.4025510658193574,0.6303352866392276,0.21962016864969475,-0.00802446715260123,0.6674856368216823,0.24853653984922036,0.04989358954915927,0.4484786141637673,0.2036412254598104,0.023792966849202568,0.49758777016305494,0.23502585259142703,-0.0596461194793304,0.7167709227610093,0.2822119546631041,1.3561863944328527,0.6044200990554754,0.2650796399582039,1.596629635704218,0.5766263012234187,0.30468108291107093,1.4982723269238916,0.49326218247044185,0.45949976185723784,1.2800015989424987,0.5990211357303343,0.5179350795660476,1.0248252732967822,0.6645441528803897,0.4774472332893863,0.8219410884740967,0.5391786287591249,0.4025869024909654,0.7397935734302634,0.4404076218246151,0.424724853733,0.6901750365534284,0.45294690283322414,0.4659759971512478,0.6873685260121011,0.47927200739296966,0.1663201875758567,1.2488655406541391,0.5783224737153007,0.1342233824452982,0.9899682380395265,0.5956499616919324,0.13672412584476673,0.7641431884734929,0.5239869587307817,0.16854563455504298,0.6810128407481264,0.4408502207749353,0.13846254225094462,0.6551204625997417,0.4230491401067602,0.11381874427821473,0.6190002193505106,0.5269278672604114,2.2333333333333334
0.44049443337840427,0.8859791481311368,0.642348551094704,0.4577573100411997,0.4257701547823564,0.6164563561591481,0.4400813750596878,-0.008023105774428649,0.6855145391374946,0.4082170152636756,0.02178798420513385,0.4986438316999128,0.47877968543435584,0.032344752606606464,0.5007611471025657,0.4384609246620672,-0.06820921792539617,0.7262152604640785,0.23417865793457662,0.8679595044939732,0.6350838380287874,0.231921610639455,0.40361242527645147,0.6303839752125754,0.21870700079596908,-0.008675068224601193,0.668532834818627,0.24881496438183337,0.049725734827350127,0.4489486192143428,0.20311988632582645,0.024392997301145553,0.4986102144158503,0.23410208984568592,-0.05988987175674391,0.7181293463833839,0.2863864106671879,1.3561014014735504,0.6096443330956602,0.2697707441349216,1.5975210140734766,0.5775369434028591,0.30823266768518676,1.499555190409674,0.48969666617829155,0.4607296228674075,1.2789607098955806,0.6004852307894547,0.5186680685824505,1.0204832504109256,0.6658044496442008,0.48200011811597204,0.8178614419461373,0.5413480242614166,0.40940729526136116,0.7373875406297071,0.43885783409274026,0.42729627078041854,0.6876766531548653,0.45493378245763805,0.4682028566674523,0.682789966915602,0.48149664673454984,0.17004645576919664,1.249954590222494,0.5785032218279451,0.14195519326779113,0.9940042557530531,0.5904410509729121,0.14212416289686686,0.7628356718981337,0.529187761699224,0.1828865226240815,0.6777082932046053,0.4471628257763226,0.14861439191498066,0.6570251015192163,0.4275740555820554,0.12395706030241987,0.6234473142316308,0.5271096098592716,2.25
0.441105678414623,0.8857895934952064,0.6419261109107862,0.45640076347948444,0.4215720728497152,0.6223306156731072,0.43952494364452777,-0.008589405558548827,0.6866342973809333,0.40814287291812545,0.022063379769892977,0.49858041884184834,0.4790164076313,0.0315730765180932,0.5027017842618117,0.438138408169934,-0.06771922191844704,0.7258817197835012,0.2358736678335747,0.8692957663174219,0.630309824189861,0.23205198740828628,0.4051123035204232,0.6300038389280319,0.2180059815128669,-0.009227979451634408,0.6695988539359002,0.24908464884352327,0.049588181410279826,0.4493420116958087,0.20285519538629737,0.025025958653765445,0.49902237852746917,0.2331887542431802,-0.060291013601366336,0.7197994285969648,0.29087744454839093,1.355628380613325,0.6144026463960286,0.27489943180727194,1.5984697143064168,0.576974713862743,0.31100282502343934,1.5002999457459187,0.48731261615416066,0.46173180816573955,1.277884281373752,0.6028998887806086,0.5198843812872898,1.0161693830062049,0.6681952923484681,0.4874827506283371,0.8148603372601155,0.5435683471170434,0.4156990836746586,0.7342055454922116,0.4416526536032588,0.4299120904956377,0.6853085224502632,0.4578277713546566,0.4706165518982277,0.6774902930272005,0.4875580027837283,0.17270298409540064,1.2505645480506686,0.579623417374975,0.14936053101925098,0.9974183210765312,0.5864570252660661,0.1471177893172411,0.7611759253723855,0.5334804955828696,0.19693810070527618,0.6744527684002559,0.45181264593455295,0.1611642463970847,0.6590317415636388,0.43184961138279504,0.13243906725026006,0.6266614251475386,0.5272324007155901,2.2666666666666666
0.441643307286445,0.8851861990123155,0.6419872097880328,0.45513212312458956,0.41776910796840516,0.6275266157313647,0.43902265426566395,-0.009318271985455748,0.6877870106910101,0.4084257272256181,0.023349241585357172,0.4969104900851307,0.4789484824722534,0.031336911975445456,0.5036252362879174,0.4378844363219847,-0.06729035369095751,0.7253939835817533,0.23791666547413642,0.8701769437574577,0.625686878715863,0.23244278158435674,0.4069495162021571,0.629146145841856,0.21754030340739014,-0.009665862107540349,0.6706758225503057,0.24931018468877156,0.04947630547747205,0.44961492538356507,0.20331873907005021,0.026129845666646306,0.49807639774421303,0.23233591878564658,-0.06081434481689023,0.7216828567188557,0.29579384271520465,1.3550579901567148,0.6185314306828616,0.2807108965100701,1.5995155253199216,0.5746465126946114,0.3132073579977418,1.5008941168915324,0.48547623098116555,0.46258441139938666,1.2769248393624053,0.6055735247476652,0.5215542921627736,1.0123519644965318,0.6712662178690862,0.49359567593237164,0.8130894737444473,0.545352112075069,0.42176108070029517,0.730624768125805,0.4479562700786391,0.433785439249337,0.683841562207355,0.4606333498036872,0.47350007081403167,0.6723543070824398,0.4973310593100788,0.17474563214351685,1.2509920605416904,0.5816130092865973,0.15614963359751655,1.0000315422447092,0.5839794977249779,0.15271530903646582,0.7603942362388939,0.5359685824453384,0.20939031206581543,0.6729467889395375,0.4539460868867512,0.17535513927260354,0.6610282962224666,0.43559461694142554,0.13948974356530824,0.6284162859692406,0.5277887244271021,2.283333333333333
0.44216795593486313,0.8843332145321087,0.6424194323410166,0.453969378541764,0.41455576477267925,0.6317320387316436,0.4385568523529733,-0.010164097513356049,0.6888869727875591,0.4090214008965968,0.025149073061026442,0.494153919223097,0.47878592478397064,0.031490110832025256,0.5036282757516697,0.43770044017341303,-0.0671236801775146,0.724845564547268,0.24027626546730352,0.8706693861581778,0.6215804775205277,0.23313932162940193,0.40907107109145713,0.6278618543848982,0.2172566651691879,-0.009964483861362144,0.6717513243078828,0.24945380081071247,0.0494053656821188,0.4497523952119939,0.20446933089697433,0.027655622822300316,0.4958098423737603,0.2315739228203021,-0.061421582727997096,0.7237555351324931,0.3010840782034303,1.354642096379601,0.6220034703342369,0.28727852406787496,1.6006043096277465,0.5708336226511133,0.3149040172194066,1.5015925472269998,0.48383375569272447,0.4635081767421648,1.276225758508883,0.6074049783871445,0.5235176567109636,1.009426412531798,0.6743794721891699,0.50011263090455,0.8123960675472289,0.546464410686518,0.4276789062294085,0.7268789828381208,0.4565007933563169,0.43935171132899004,0.6836189878533838,0.4629250988240543,0.4768708696941697,0.6681274733982563,0.5097585277008838,0.1765736968138926,1.251443262878025,0.5845673205283595,0.16225474854845592,1.0019872692503515,0.5827824354607058,0.15947474108566845,0.7611306623641513,0.536431814252163,0.21967447894511627,0.6738359154181034,0.4542769942193595,0.19007925099832254,0.6628397722449156,0.43865934853077754,0.14574149169740355,0.6288582733324128,0.5289369612825094,2.3
0.44277427222514876,0.8833253892810164,0.6430982425224979,0.4528619145933159,0.41184635687468746,0.6350776632135935,0.4381090662388761,-0.01101701798197191,0.6897722365621888,0.4098712245321825,0.0269936071301985,0.49092947205881177,0.4786779624194103,0.03177224144078035,0.5030938161980015,0.4375711332654638,-0.06735622219093672,0.7243023776665715,0.24289666119450917,0.8708001293756679,0.6181279061215358,0.23404873862090586,0.4113029979667735,0.6264027739869896,0.2170329556335151,-0.010123780707228011,0.6727877425080256,0.249499567712542,0.049392229971359454,0.4497725239546926,0.205827103842323,0.029151111524518013,0.493091207761211,0.23088845580455625,-0.06209171060515478,0.725989649020819,0.3064717094440038,1.3544733622385934,0.624632036976319,0.2945655712891103,1.6015726052398582,0.5665003323339404,0.3163936488061035,1.5023878658439311,0.4824233239214,0.4647110357990972,1.2759127126511576,0.6075866300493311,0.5255399157325938,1.007625735085157,0.6770215762414622,0.5068778203401657,0.8124644941196736,0.5469142979634094,0.4333213049899881,0.7233300930584612,0.4657932258210744,0.4462604503756481,0.6843726664753352,0.4646545078609565,0.480875523364525,0.6649817942225511,0.5234109560074729,0.1783542503936682,1.2518964638552628,0.5882579957093851,0.1676974011653199,1.0036099469386046,0.5824185653773527,0.1672995849408065,0.7631185159664858,0.535545776658467,0.22807260172633864,0.6759375259638286,0.4554585348702604,0.20412467307727628,0.6642201243938162,0.44130042801179453,0.1519620171053319,0.6286164671095523,0.5303228225021233,2.316666666666667
0.4435108182471499,0.8821159058458834,0.644019278523361,0.4517903345516451,0.40952095813303835,0.6377916967084604,0.43767746108293537,-0.011802785770503463,0.6903349545162777,0.4108984447709671,0.028474082748084224,0.48790353655496893,0.478647274426319,0.03199217105693075,0.5025114006615562,0.4374462237633129,-0.06797759626632387,0.723863503628405,0.24568614991581525,0.8706097328539208,0.6153594253868181,0.2349768687453412,0.41339526341940924,0.6251161894932454,0.21677762643024387,-0.010178716563605333,0.6737182199975814,0.2494750418241471,0.04944446865075447,0.4497234781717886,0.20680313681902873,0.030150621948514388,0.49107654604955586,0.23024534475196842,-0.06283010496364502,0.7283362465101155,0.3116850871356798,1.3544845400839638,0.6260745262876569,0.3024010617145727,1.6022619896354913,0.5628894428863271,0.3182667739971576,1.5030566692027543,0.4816769040450112,0.466263527845001,1.275968480203365,0.6061026437150081,0.5273894081406223,1.006924652419115,0.6789106705725052,0.5137320041926523,0.8129395013742254,0.5467649152773821,0.4387892702601964,0.7207728861079943,0.4740989504764733,0.4539107286143488,0.6857015399015352,0.46548446763788964,0.48580195473773397,0.6627919318822092,0.5368679881127412,0.1800753701561136,1.2521854374773793,0.5920019819503953,0.17224864981408916,1.0051156101779473,0.5828226012394611,0.17578979131059858,0.7657178299031172,0.5339293400061507,0.2354693339372659,0.6770655408479125,0.4610223320883328,0.21654464994284897,0.6649613673522334,0.4442035803562453,0.15872944746128306,0.6283740866003044,0.5315841161268428,2.333333333333333
0.444339047577371,0.880592536444989,0.6452635735801481,0.45081506489561024,0.4075684266133435,0.639902347209011,0.43728107497110813,-0.01249255533442882,0.6905562155623558,0.41194898836488625,0.029135261656997063,0.4858962455108454,0.47865419208513216,0.03209743013380145,0.5021745324611948,0.43727180473263677,-0.06888007746435593,0.7236512665305593,0.24852903236557966,0.8701577375778214,0.6133318468014656,0.23576076166574483,0.41522535528895144,0.6241350979625331,0.2165122528245311,-0.010159569100709726,0.6744603790334782,0.24943634166750903,0.04955670273445728,0.4496617007742276,0.20707227230537822,0.03044649924755509,0.49044682361455955,0.22965146526234861,-0.06368660113015881,0.730764424444851,0.31654155919997035,1.354557750214163,0.6262221116152165,0.31049750473480503,1.602657164145796,0.5608003560507921,0.32099217209235364,1.5033442795239285,0.4819897528770836,0.4681501942688741,1.2761632408643642,0.6037334678816264,0.5289495113789493,1.0070653757014432,0.6799275877037964,0.5204516899551512,0.8134922780259394,0.5461410177470856,0.44446668995903627,0.7200334337896016,0.4798560567083912,0.4618595373623432,0.6873614518977862,0.4649621170914543,0.491728839997418,0.6614948417288797,0.5487624992256472,0.18163004774490954,1.2521705607661904,0.5951829342947343,0.1754966141127696,1.006635603943545,0.5841485100573128,0.18453306328689412,0.7685854745753264,0.5314066939323707,0.24285343020266192,0.6758197562495931,0.4730886473704403,0.2269655600379454,0.6650331300298552,0.4481673214979667,0.16609571507085105,0.6283345539117308,0.532733683392656,2.35
0.4451790643918286,0.8787329894684993,0.6468268002042858,0.4500261168992334,0.4060182927196688,0.6412803583090765,0.43696029797803976,-0.013045423914373383,0.6904581403062034,0.41280954094989775,0.028392038401080795,0.4859382978637566,0.47866647269888657,0.032102812603610684,0.502117059236046,0.4370384480488335,-0.06992806815832975,0.7237546192317434,0.2513174832702795,0.8694910459317667,0.6120645872157997,0.23635629134899722,0.4168067557753593,0.6232665257798405,0.21630955322089873,-0.010058497034089411,0.6749342041734177,0.24941735908043278,0.049670710576523565,0.4496262216446595,0.206625412431233,0.02997614365634948,0.49125361032867004,0.22916102117228976,-0.06475550146205158,0.7332765699261828,0.3209319448403368,1.3546473164622235,0.6252836308129404,0.31848898568294604,1.602868269357742,0.5602844569232415,0.32467779820348,1.5031495840190654,0.4832435638374296,0.4703312533904001,1.2762172161315004,0.6016156490383034,0.5302810371518808,1.0076650144970618,0.6799930170576515,0.5267744175479243,0.8139222348375674,0.5453064743495049,0.45055568236593047,0.721197122179732,0.48254670821377815,0.46989815652540706,0.6889762046328567,0.4634420183864189,0.49841364008802436,0.6610151725828952,0.5578900067449142,0.18289937416265145,1.2518027845421473,0.5977793686954692,0.17731902852012085,1.0083613704036678,0.5859744018892658,0.1930930426317537,0.7717124399289097,0.5274008106124218,0.2508360131613131,0.6724548086924185,0.490817732866188,0.23564391528298492,0.6644582351671062,0.4538917886915089,0.1736684036652578,0.6283624907373174,0.5338893536047061,2.3666666666666667
0.4459676508850624,0.8766668182989646,0.648523245633621,0.4494460683214792,0.4048397745190728,0.6418680409022045,0.4367650953521857,-0.013393046655328977,0.6900634761558753,0.41332395018669643,0.025889792788804523,0.4887140931036717,0.4786716508633271,0.03203607304736708,0.502247085584511,0.4367860385572426,-0.07102262161873045,0.7242129414124426,0.2539570546292253,0.8686411264214517,0.6114343706783659,0.23680013897139493,0.41812445090927963,0.6222280123422621,0.2162143290651051,-0.009850067463764517,0.675093771940658,0.24939778220428518,0.04963244458810622,0.44963646423643844,0.20559401909098748,0.028727984700327773,0.4932533035935182,0.228816506599615,-0.06609431444523807,0.7358651025918617,0.3248621290095515,1.3548120818146037,0.6235026796108298,0.3259417579595491,1.602978768457959,0.5611854622242718,0.32920404982393003,1.5025589604149534,0.48488787635350866,0.47269437880348997,1.2760051631193392,0.6005820863933548,0.5315168833665177,1.0083548815531198,0.6791139615542783,0.5325590673559725,0.8142168568755769,0.5445526659746682,0.45678258621303136,0.7233774221832373,0.48313260358821764,0.4778809008641167,0.6898729513979642,0.4621892785950243,0.5055005080329045,0.660939662028426,0.563753514832221,0.18384424754883627,1.2510787790866895,0.6003050843711658,0.17798373012114754,1.0104126266051452,0.5873100584615569,0.20098166022000635,0.7751274570739325,0.5217985235858935,0.25929176810361154,0.6683338637205151,0.5111221257102742,0.24324275418517965,0.6630200558069501,0.4620182987112864,0.1810327435535084,0.6283850016653441,0.5349439792575925,2.3833333333333333
0.44666763965121703,0.8745882195746559,0.6500511346842258,0.4490267709935243,0.4039392854010428,0.6418312307670143,0.4367182739284966,-0.013488243247940124,0.6894345227912396,0.41348665757424524,0.02219115396949973,0.49352179030785914,0.47865911966095914,0.031938465102494915,0.5024191608305052,0.4365459239747396,-0.07210439559097863,0.7249952956291985,0.2563443811873802,0.8676121098370438,0.6111945278609401,0.2371246187652188,0.4191024083819101,0.620928956922047,0.21625258131620417,-0.009537445711368525,0.674966838027983,0.24933337545379675,0.04930745348409064,0.4497036509673628,0.20420566432947962,0.02689835354927439,0.4959996700572011,0.22859739451246167,-0.06760758754413934,0.7384392450264644,0.32837664546822254,1.3551388063948442,0.6211516279738987,0.33243489505030405,1.6029774428978998,0.5636112569685855,0.3343596341899177,1.5017778907083648,0.4864619179529134,0.47503348038177295,1.2755751347588002,0.6008794748897269,0.5327012772116306,1.0090251330764766,0.6774687443643412,0.537837727423339,0.8144555888054494,0.5441053475639716,0.4626293219502018,0.7252770041957627,0.48350868713389505,0.48558177272096625,0.6894661347126221,0.4624748072856071,0.512759557473975,0.6605160318442793,0.5669302681644575,0.1845472519425278,1.2500368655490015,0.6032078957532172,0.17786831862811006,1.0126740957071954,0.5873617348181042,0.20774488895660143,0.7787639545107977,0.5154315502173401,0.26736084534736854,0.6650106303747625,0.5304560865354068,0.2503937395986819,0.6604102250930096,0.4728730099777484,0.18794201508828756,0.6285153987667349,0.5354781517793767,2.4
0.4472531589829246,0.8726653857539886,0.6511360034136195,0.4487432262791365,0.403231239428764,0.6414751330820395,0.4367812804273757,-0.013339245419834958,0.688756945981331,0.4134171599979303,0.01869782961373191,0.4983571015866595,0.47861042505087326,0.031859861939437004,0.5024724181676745,0.4362872187437341,-0.07308486044894566,0.7259869257211727,0.2583826579603832,0.8664220556274635,0.6110543372957583,0.23730721589175333,0.4196837984415106,0.6196295222567488,0.2164213687676417,-0.009184410647243929,0.6746708961632321,0.24921276658236385,0.048816823995302044,0.4498235481093124,0.20283496625229042,0.024988507999360185,0.4987439571511099,0.22842281209352042,-0.06905220837623206,0.7407872661548787,0.331466483759101,1.3556704208237378,0.6185964218495512,0.33770441310952704,1.602841913984343,0.5674946134379619,0.3399032252004768,1.5010848684049671,0.48785713056432145,0.4771693879176674,1.2750387291040364,0.6023582589543103,0.5338230140604734,1.0098990553409435,0.6753071402176718,0.5426699593829556,0.8146722363522365,0.544166046242001,0.46775515815608715,0.7259973051836156,0.485438641491142,0.4928228467902728,0.6877650292289763,0.4648767560181465,0.5200901294104133,0.6592845037620494,0.5683538974861753,0.18518928793880468,1.248821265967968,0.60642199967595,0.17734211368867636,1.0148657759285127,0.5859356493217918,0.2130643351199647,0.7825227744182353,0.5096862142710857,0.2739573684698462,0.6636814426140689,0.5459535603739193,0.2572806485514514,0.6567557541424031,0.48591212209396845,0.1943228009688488,0.6290377158878472,0.5348349790820567,2.4166666666666665
0.44770828504755433,0.8710015486437411,0.6516606154985912,0.4486062412198359,0.40269239380666383,0.6409836497448216,0.43688149980378665,-0.013000455791663201,0.6882809376995703,0.413263910838753,0.016625725012817408,0.5013940856323407,0.47850974657863543,0.031834862880750436,0.5023151349058802,0.43594911336378644,-0.07384312869802327,0.7270381198405671,0.26001316272820435,0.8651777894191148,0.6107826891015904,0.23727407354822608,0.41981786478697214,0.6188842226478908,0.216656459247353,-0.008903241343479612,0.6743713165177067,0.24906710398631637,0.048492164990533854,0.4499542745437584,0.20190934046709222,0.023615530644927413,0.5006267507280426,0.22821433513562414,-0.07020688205530506,0.7426773912420741,0.3341918341467036,1.356431404561356,0.6160001184173552,0.34168722396390505,1.6026084305666555,0.5721576619161106,0.3456076149143001,1.500721721549733,0.4890979838098399,0.4790779761340681,1.2744674310965445,0.6046838591855683,0.5349724153738266,1.0111877894378516,0.6728664108483313,0.5470986659558927,0.814780599759324,0.5450139994211838,0.4721790068619716,0.7253133336036727,0.4897736350717977,0.4995771359001787,0.6854188266435058,0.46929762109092765,0.5272822058992932,0.6576954003305081,0.5681722025652576,0.18595419509163535,1.2476644270031405,0.6095951924677969,0.17673832681033536,1.0166974170874623,0.5834318530308935,0.21681213262382987,0.7863746641159632,0.5054206237859565,0.27838053729772305,0.6649335105087053,0.5558542514003276,0.2635140705992407,0.6527547357574349,0.4996618808987635,0.20029690896754648,0.6303114304507645,0.5324084583319026,2.433333333333333
0.44804320084981264,0.8695850568618229,0.6517298836973902,0.448581038202441,0.4023393487878422,0.640317846566129,0.4369810303119606,-0.01257214465883201,0.6881489649436224,0.4131231432812134,0.01631240792939878,0.5019894110492805,0.4783596677015346,0.031877530793675835,0.5019625632508128,0.435510022672736,-0.07430755485856172,0.7280540720549376,0.2612146119651419,0.86401371639486,0.6103189440801194,0.2369755650508086,0.41938945300308256,0.6191598130244006,0.2168802655243022,-0.008782945786890775,0.674174714064491,0.24892730055645212,0.0485146754767962,0.45002523043553794,0.20168432473026238,0.023166829079166326,0.5011285465493116,0.22797891967533201,-0.07103847066297275,0.7440627859109992,0.3367494892546463,1.3574511094363837,0.613255970312071,0.344472269744146,1.6023437943935446,0.5766601798608446,0.35121349929852347,1.5007295725598642,0.49014345192043535,0.48089601678306293,1.273861241743056,0.6074632613267489,0.5363121653540176,1.0127563510911195,0.6704161502982453,0.5512316929550419,0.8145491636219625,0.547153057201573,0.4760916264887527,0.72329819950782,0.4964549454444774,0.5057704696262552,0.6832179713422833,0.47524269087010823,0.5339972025194272,0.6568083089771205,0.5658061347288709,0.18690868199313526,1.246749836308082,0.6125307667309491,0.17624045209200923,1.0180227747068606,0.580662941069819,0.21905213888896996,0.7903641839309743,0.5024136167624487,0.28065225986635073,0.6686604935646777,0.5597875755875188,0.2683939067084606,0.6492992899061129,0.5122221231730263,0.2060497433107747,0.632612778031122,0.527880226931544,2.45
0.44830354806396056,0.8682839310661855,0.6516207990418045,0.4485951878117704,0.4021684490230167,0.6394336290737135,0.43709655162868394,-0.012178238286768742,0.6883580312185558,0.41304894886512245,0.017439068700843427,0.500438227648662,0.47818573450634644,0.03200087673458431,0.5014818822923796,0.43501494406774655,-0.07449516064944592,0.7290598492868123,0.26200727234650467,0.8629709184752751,0.6097410105080631,0.23647417229202244,0.4182681114674989,0.6204753057256606,0.217079516065941,-0.008835604163560024,0.6740908188485023,0.248792771776279,0.04880457761940528,0.449973328247432,0.2020818313680748,0.023567488745528692,0.5003905596745708,0.22782615324055983,-0.07168315848627496,0.7451266847420763,0.3393038662245156,1.3587028274586093,0.6103080112214918,0.3462798529808408,1.6020974397863352,0.5803620442848796,0.3564493870382729,1.500952178606808,0.49098637183336546,0.482797534764505,1.2732184872434642,0.6103806928288348,0.5378667281884284,1.014195009673977,0.6682945022741038,0.5551719296430994,0.8136764973009216,0.5511121054740971,0.47959134416995064,0.720017185506798,0.5049731679081647,0.5111328635098152,0.6816068499477943,0.48188189960548755,0.5400546372448867,0.6572539633753895,0.5612725922404805,0.1879656424304713,1.2461309360584851,0.615174654578494,0.17586499131249084,1.01891217165914,0.578347117215327,0.22002223547492195,0.7944670836086153,0.49995060235326566,0.28146645070104126,0.6740393553984645,0.5589100477658708,0.2713262973089548,0.647118744874672,0.5216736304382623,0.21161046269023576,0.6360406639575509,0.5211883160529259,2.466666666666667
0.44853764721061745,0.8669710139679743,0.6516167415205865,0.44863113683978023,0.4021225228093518,0.6385323756643848,0.4372604077197551,-0.011858289256084453,0.6888425360154001,0.41311309885286973,0.01940948523718787,0.4975521038068183,0.4780254250122199,0.03222341767934804,0.5009437688761395,0.43455270941427704,-0.074455859531994,0.7301486555743243,0.26246258538718753,0.8620295481094395,0.6091057806174581,0.23591845397918842,0.4164554726731816,0.6224863248793436,0.2173014357059139,-0.009035981950044389,0.6741340767182628,0.24864608488299805,0.0492415207218449,0.44976988519078875,0.20270980522962906,0.024307967663123473,0.49918078990636033,0.22789839537077064,-0.07228968928791449,0.746107126942533,0.3418636338328708,1.3600527613640192,0.6073002563815041,0.34746998365842124,1.6018982229446814,0.5830254648429568,0.36116416846915755,1.5011828630478565,0.49174396333770604,0.4848173859499528,1.2726032178660958,0.6132510861701721,0.5394263144710248,1.0151054757283746,0.6668881812407597,0.5588697024191873,0.811972647946115,0.5569115553064748,0.4827363040124867,0.7157032519777496,0.5145975951619414,0.5153956287945255,0.680663001440655,0.48795226500955013,0.5454548197467888,0.6585041041526277,0.5561183469376763,0.1889464225457862,1.2457958899776895,0.6173300991381055,0.1755703166050871,1.0195228149316946,0.5766285300248393,0.22012597814613544,0.7984824142233654,0.4974666732004118,0.28169030721322724,0.6796842987208892,0.5553706832515747,0.27209529665195575,0.6466206502140767,0.5264425958886482,0.21676247436818774,0.6404606871804304,0.5125434358889392,2.4833333333333334
0.4487424015385895,0.865680056236772,0.6518094864992106,0.4487302086992936,0.40213202441632784,0.6379928975889154,0.43748770609706233,-0.011504224139761834,0.6895273461434293,0.41335222369269237,0.02138053759734823,0.49462648080857313,0.4779225420671502,0.03251711192871529,0.5004819590764962,0.4341963220762894,-0.07419846516839497,0.7313678339852936,0.26267601310926797,0.8612256896010221,0.6083861813687678,0.23542137508598396,0.41412331673997305,0.6248467254373685,0.21759110598697412,-0.009376844830882913,0.674370351989519,0.2484841333550767,0.04972429362495106,0.4494501522704703,0.20310314700980192,0.024766311057444923,0.49842657274716273,0.22829610748046447,-0.07292513081041188,0.7471843795012212,0.34428676115806955,1.3612977278708576,0.6045156637298331,0.34846442419387824,1.6017802242187045,0.5844887076649612,0.36529549976920583,1.5012424054505231,0.49251227836187095,0.4868269191126643,1.272073307381521,0.6160135243797001,0.5407104185460412,1.0152801045823079,0.6664553335557795,0.5622021265326174,0.809503398520783,0.5639062235759367,0.4857253710718588,0.7109140773761651,0.5243532319442563,0.5185848637096402,0.6802583127132351,0.49212097276474703,0.5501338122908246,0.6592926221865032,0.5526146822216018,0.18966972398349816,1.245741729232325,0.6186791225188563,0.17533702663987671,1.0199916039748578,0.575164580232932,0.219814679108153,0.8021312884952817,0.4946451383311151,0.2817813814457958,0.6842661893589326,0.5511546714496058,0.27092487433379336,0.647844172353403,0.5259037789597126,0.22103596648930487,0.6454467899703804,0.5027063957072673,2.5
0.448862963496661,0.8645964159711124,0.6520474533941338,0.4489138904468158,0.4021937279464652,0.6380619622662534,0.4377741560193474,-0.010962549332712401,0.6903542734063455,0.4136543808029181,0.022194901523716594,0.49346809418244425,0.47794148043808,0.03272010873652438,0.5004137986214058,0.433949520835842,-0.07370610040871259,0.7327475305318082,0.2627436410181506,0.8606534621533324,0.6075092163141378,0.23500225351532383,0.4115140492501328,0.6273923314831124,0.21795626114917538,-0.009854546567425931,0.6748369367049394,0.24832408278360696,0.05006732743297998,0.44911009694526,0.20299774542350435,0.024570942307102897,0.4986698177777676,0.22904492108816274,-0.073604000390634,0.7485049546996555,0.3463783319217155,1.3622832805802862,0.6022124211564688,0.34954490567756913,1.6017861179068444,0.584516814491999,0.36875050258029807,1.5010182206913032,0.4931843315668947,0.48873408776106586,1.2715989536141274,0.6187479590688649,0.5416385526419643,1.0146586406831075,0.6667593043520671,0.5651445886569917,0.8065999705524756,0.5710940877579593,0.4887690923579776,0.706171646854196,0.5331944617781244,0.5210620358682675,0.6800495586010594,0.4940294907269524,0.5539582607450684,0.6587787218631209,0.5520412855047889,0.19002844717803352,1.2459630343395556,0.6191144332944795,0.17515646568903184,1.0204920382689002,0.5735837691148173,0.21936267998678916,0.805239431812669,0.4914843401617121,0.28168610735689725,0.6872077506868952,0.5472884621562015,0.2683381808264865,0.6505570220403127,0.5206806601021151,0.22384479924133055,0.6503341662066799,0.49313306311694166,2.5166666666666666
0.44883685396285367,0.8638559289692607,0.6521514054169969,0.4491554465115196,0.4023578020326189,0.6387262766928307,0.43810588149388374,-0.010173897844911475,0.691303298311112,0.4138408410510067,0.020744832383303116,0.4958208706927962,0.47815336589879104,0.032550782102381076,0.501164045891753,0.43375208368856255,-0.07300404814903091,0.7343908969331109,0.2627694189923998,0.8603770336125213,0.6063827387628229,0.23464053012560396,0.4088595123778938,0.6300100680619954,0.2183729330837276,-0.010424560461110746,0.6754638013158115,0.24817790668236378,0.05003425973010195,0.4488277911436752,0.2023684788200921,0.023659604057092165,0.49997545605831467,0.23006774868812732,-0.07434875601973602,0.7501463179188556,0.3481231500554624,1.3629890502118003,0.6004503694472489,0.3507399919961766,1.6019342695877117,0.5830871994232907,0.3714582317925578,1.5005318603490265,0.4935311110713605,0.49064518113246147,1.2711387184089324,0.6215346792165445,0.5424021784391779,1.0132473154243586,0.6669725519690093,0.567745739303345,0.8037279229070167,0.5774380541260689,0.49180834851466865,0.7015345426446039,0.5403966930723755,0.5232674061345877,0.6794832510750511,0.4947452265348563,0.5568975691176536,0.6569885379438114,0.5542655362250051,0.19007900574459885,1.2464343271403209,0.6189178693852834,0.17496897507432183,1.0212166525988318,0.5717763321606153,0.21878688811620178,0.8077903394910616,0.4883799590844693,0.2810883706345838,0.6887821277045376,0.5439849084653217,0.2649064940061115,0.6543559836821119,0.5122582139323271,0.22484986203260177,0.6544808370968223,0.48547775817430644,2.533333333333333
0.44863366233700774,0.8634158224026474,0.6521463150742168,0.44940915374044044,0.4026496053389914,0.6398810958740024,0.43846767225723515,-0.009222566588523912,0.6923848975901172,0.4138929640770153,0.01688457844378778,0.5019413354737441,0.47857202826794704,0.031761463986470215,0.5029318210045821,0.43353139155150683,-0.0721533889334802,0.7364051087839772,0.26283219770005595,0.8603914617917834,0.6049899406583668,0.23433532887796824,0.406354621152375,0.6324981691056016,0.21880342653160323,-0.011015936966156242,0.6760859135970185,0.24803419131756888,0.049480808962950214,0.44860131412628623,0.20131651130190217,0.022147429222566545,0.5021451298102875,0.2311863544389742,-0.07521097475251017,0.7520250789388174,0.34973869036481986,1.363478634803553,0.5991866844293396,0.3519609131174649,1.6021917856813566,0.5806194328402107,0.37344816083557386,1.4999239177601151,0.49348892735388106,0.4927417073690086,1.2707211523455855,0.6241819769242252,0.543244815699492,1.0112302511258313,0.6662083763213751,0.5700472063178178,0.8012690961235747,0.5821032728111734,0.49453893206734023,0.6967284853714842,0.5458510453371116,0.5254260725774592,0.6780711638713321,0.49573471005904063,0.5591202486601543,0.6543043957370978,0.5586792785125401,0.19009737628349704,1.2471330109646803,0.6185351410102771,0.1746691015414543,1.022262813866686,0.5699216798105757,0.21795857160657417,0.8098199609056851,0.4859159539579194,0.27955982044849786,0.6897020440833291,0.5410837843777787,0.26107204802762185,0.6587011491620598,0.5023172410276199,0.224180705582256,0.6575886724185405,0.4806715306251642,2.55
0.448302711615805,0.8631829083362941,0.6521808009334105,0.4496315590697614,0.4030442625371447,0.6415027777634291,0.43884902949406535,-0.008285773110396591,0.6936055840911087,0.4139561287080282,0.011773482321140075,0.5099732159776386,0.47912288657396745,0.0302880385038881,0.5054860546758743,0.4332413941761849,-0.07119736652692757,0.7387915623453272,0.262914591223645,0.8606486595172331,0.6035136022228298,0.23409944216205142,0.4041695206118476,0.6346625626185306,0.21921266239148607,-0.011593752476095925,0.6765872686609701,0.247888470780886,0.048470496329644404,0.44843529136354227,0.19999715940474277,0.02023821179776636,0.504867603594189,0.2322181320287835,-0.07621635487695158,0.7539080741957158,0.35138424509889027,1.3638140420355802,0.5984724720549854,0.35317956085726887,1.6024910822434901,0.5777773955812485,0.3748830526212596,1.4994151293331472,0.49321068127208295,0.4950513529110003,1.2703826470906883,0.626228115599333,0.5442666089747501,1.0090783817797553,0.6641219298440605,0.572087316323671,0.7993918641246123,0.584692097274545,0.4966738718073741,0.6916548088212409,0.5500446175103968,0.5275089591198652,0.6757942620867713,0.4976805067634735,0.5610400627790654,0.6511876871236113,0.5646027002312602,0.19043587461537403,1.248053706789177,0.6182379874273508,0.17419580084504688,1.0235979987488482,0.5683846271470908,0.2167545194638796,0.8113241720712735,0.48445382547225313,0.27669582744952836,0.6906929033599503,0.5380981458203362,0.25710732342718,0.6630738750225285,0.49217237956733995,0.2222859027196033,0.6597300330047344,0.4785366415057992,2.566666666666667
0.4479696178847497,0.8631450929609047,0.6522888495294649,0.4497940680943972,0.40347802929150445,0.6436176816418551,0.43924930106963145,-0.007493429065773355,0.6949435357075006,0.4141335336916139,0.006900571506643152,0.5174343771994988,0.4796926915643584,0.028295968354777143,0.5083092405346825,0.43286952484385577,-0.07013836887660838,0.741458772984027,0.2629037430887884,0.8610942074884967,0.6022523094108005,0.2339270956312634,0.40249809493858424,0.6364599161064015,0.21957137718126235,-0.01215318628593412,0.6770086984269551,0.2477870028950503,0.04723343071527912,0.4485099035721062,0.1985902996754288,0.018178979987234237,0.5077847037499997,0.2330828436280799,-0.0772943690773204,0.7555806003454016,0.35299443077698145,1.3640420723976894,0.5983352869932762,0.35443284919844475,1.6027652605739362,0.5751827344673298,0.37613623960341136,1.4992817840154007,0.4928036845418441,0.49743716341822136,1.2700841626506727,0.627320997259097,0.5454464160844739,1.0073167160723109,0.6610238501000841,0.573892321128216,0.7981144196021827,0.5853685904411576,0.49808273822357724,0.6866686279945611,0.5536362789307048,0.5294185960064235,0.6731886046224611,0.5003791542935573,0.5632095235549357,0.6483536889835564,0.5708887870100042,0.1912481789982397,1.2491964469604064,0.6180980823539431,0.17358117239634058,1.0250831562559852,0.5675340007346162,0.2151228525760882,0.8122696016578658,0.4839676639720173,0.272394367548113,0.6922372538007275,0.5342115492772013,0.2531735830792355,0.6671706884245654,0.482504698325389,0.2196592917387744,0.6610113002473548,0.47840064743218325,2.583333333333333
0.4477365242704496,0.8632875560284957,0.6523524094455575,0.44991155397402627,0.4038888305667818,0.6461427323140353,0.43967571965478736,-0.006825900312994904,0.6963575168979307,0.4144290674918847,0.003069354000354782,0.5229374607093286,0.48018296230671387,0.026116990660763104,0.5108654202184272,0.4324289653434098,-0.06893460692747874,0.744284365282759,0.2627088005838449,0.8616815605377003,0.6013463530875285,0.23378860872970003,0.40152732846601685,0.6379528918105373,0.2198629162210051,-0.0126633169197342,0.6774639595783782,0.24780372025925732,0.04592326802619793,0.4491430047595092,0.1972854493613717,0.016237776872190246,0.510514377056404,0.23379061598630066,-0.078333721138614,0.757026581058386,0.35446202000854643,1.3642062638892736,0.5985500368792758,0.3557319762692424,1.6029573917536517,0.5734238716032576,0.37770528902860556,1.4996597454066145,0.4922302572107597,0.49976721211358577,1.2697168197838704,0.627638104824915,0.5466567208197495,1.0061324903110176,0.6577251128034095,0.5754558357142882,0.7974029517910389,0.5848016807853509,0.49878716724516947,0.6823342390010181,0.5569241633295923,0.5310985891241509,0.6709414813387498,0.5032680925164226,0.5659740722033407,0.646649943476998,0.5759415460606964,0.1924089337185319,1.250532892033292,0.6181598436901397,0.17291462531700583,1.0265036222078343,0.5676028037432921,0.2130461728417192,0.8126637969013463,0.48431235426726404,0.26702114030842694,0.6945295270526783,0.5286239461963603,0.24944187613499424,0.6708850631752713,0.473565758453769,0.21659160644989056,0.6613968122324355,0.47988294109899793,2.6
0.4476111033174839,0.8634853384492295,0.6522772545056384,0.450054721930221,0.4043095663782503,0.6488354969132568,0.440126678291063,-0.00618770807442523,0.6978037658608899,0.4148320147158011,0.0004700688031124556,0.5262043790092518,0.4804926610943455,0.024081004893831304,0.5128139185173983,0.4319462718610464,-0.06753496453278274,0.7471497634334149,0.26238150379918873,0.8623594800361735,0.6006402430660408,0.23365220183302252,0.4012794231898603,0.6391734421137852,0.22010723647499505,-0.01308226764484062,0.6780243684766497,0.24796728275345348,0.04448662048406789,0.450516484095264,0.19626667007862653,0.014684508599237117,0.5126727496684249,0.2343613846103141,-0.0792949272348719,0.7583982320153966,0.35580480022888084,1.364308079338105,0.5987595422887505,0.35701871515808226,1.6030210887619085,0.5730497066493104,0.3798935702635863,1.5003365661464667,0.4915299620757042,0.5020159746180082,1.269162028272605,0.6278809311017641,0.5476316254494099,1.0053111425040353,0.6552442250244047,0.5767367559156227,0.7971551172033116,0.5839241381580031,0.4989337789255517,0.6790327941839714,0.5595989580684528,0.5324551850648833,0.6694438821289166,0.5058081715231967,0.5691156925054878,0.646527401054789,0.5785098813834103,0.1936980650569784,1.251981502698876,0.6184193576327139,0.17228978673377793,1.0276383120747228,0.5686240938307551,0.21054034264041094,0.812618633892011,0.4855106981981395,0.26123396549415845,0.6975871740945534,0.5209720863672405,0.24614962416099112,0.6741370687774776,0.4655673392940154,0.21306288580117783,0.6610581384534279,0.4828979231784484,2.6166666666666667
0.4475480378001037,0.8635715343683429,0.6520845113988396,0.45030501525229183,0.40487759736157247,0.6514298435515791,0.44057212489577596,-0.005540490778118731,0.6992339663158287,0.41533979708346125,-0.0008583967671552672,0.5273111820228162,0.480505212833657,0.022324433075182115,0.5141668248417737,0.43145473096305625,-0.06596029804246716,0.7499544252300442,0.26209055772082246,0.8630785721905176,0.5998541978022529,0.23350927806321434,0.4015547618845535,0.6400804991252996,0.2203523893028939,-0.013404431286105314,0.6787031079526705,0.24823586618353255,0.04287409610216365,0.45252479285852265,0.19565731255491442,0.013711018960321925,0.5139907717427562,0.23479563545735055,-0.08020856991697001,0.7598482506559054,0.35709991555202,1.3642709168501714,0.5987855546336109,0.35821066083970565,1.6029434643866405,0.574246779392297,0.3826120767195912,1.500878611148013,0.49103161673539186,0.5041972214987658,1.2683685493530914,0.6287258284103289,0.5480791590045175,1.0045447889814747,0.6543550076452584,0.5776604452283851,0.7971794616377847,0.5834791525169725,0.4987576416598416,0.6769317348394245,0.5609258536706765,0.5332889653027488,0.6687308014621198,0.5075882608946575,0.571808024059815,0.6476457271055053,0.5785077168562789,0.19500635525758458,1.2534578066445023,0.6186441450960678,0.17177546501675311,1.028366752658743,0.5703292785021787,0.20768880240958382,0.8122463693893894,0.4877639592565033,0.2556648976508592,0.7012401599133016,0.5115563673196502,0.24346126002950458,0.6767706418132292,0.45885920503887884,0.20896153532080042,0.660631442928272,0.48710834360790684,2.6333333333333333
0.4475316144527271,0.8634888186622889,0.6517837096447504,0.45068878775882015,0.40568354378897525,0.6537594733980926,0.44096127936514945,-0.004919967816689949,0.7005860058445249,0.41591537811072093,-0.0010214801826338854,0.5265660284710928,0.48019997605052117,0.020759135470023685,0.5152649707173348,0.4309935553210742,-0.06434623653849497,0.7526117840916939,0.2619732602121628,0.8638214594447173,0.5988625766830651,0.23338520721225997,0.40212822511540347,0.6406184003253657,0.22063158494645063,-0.013648604078767182,0.6794873477987402,0.24853910637364685,0.041219222945093684,0.45489113526499564,0.19542275624136718,0.01329040887001641,0.5145233691883476,0.23509675982983666,-0.0811116144609607,0.7614241611836235,0.3583495614590583,1.3640091835620247,0.5986823792504924,0.3592602860720207,1.6027620290275044,0.5766184468187423,0.38549022941415556,1.5009466169573558,0.49125435226352454,0.5062488903200073,1.26738678226556,0.6303948252520859,0.547853509273559,1.0037090114836502,0.6552938377375496,0.5781600772115678,0.7973068311781241,0.5836288720531051,0.49852688299445536,0.676159361562976,0.5603827518129578,0.5333701926193967,0.6685861542712432,0.5083800802694276,0.5730329866006287,0.6490325040618226,0.5769114425995852,0.19634350691340507,1.2549233887084479,0.618442361962741,0.17141273561848108,1.0287547881961037,0.5721117711850761,0.20459358405907596,0.8114907697572804,0.4912275671203377,0.2507337661532302,0.7050000844045299,0.5012969466238432,0.2413126898025197,0.6786097315696511,0.4539032187311241,0.20432016949577486,0.6607690472144966,0.4918325789243735,2.65
0.447601626514426,0.8633283922625516,0.6512694818489929,0.45115075028591767,0.4066726919751618,0.6557539679382056,0.44126500073656844,-0.004371519108369984,0.7017998056879536,0.4164303907877266,-0.000503043221921684,0.5248056066359248,0.4797630736101176,0.019195588987363413,0.5165725867592907,0.43059584585939475,-0.06289468671374851,0.7550421172603622,0.26201715414356125,0.8645803236695812,0.5978120536090035,0.23331984282140994,0.40291261198302286,0.6407963602876122,0.22095460863156974,-0.013826558757706608,0.6803667908544169,0.24882081449805554,0.03970985849209463,0.4573338246388174,0.19536505125911263,0.013163675623687227,0.5146664602191944,0.2352778522040237,-0.08204442438283292,0.7630435779102569,0.3594544408093545,1.363514960694145,0.5985744165623987,0.3601139506755085,1.6025408321124062,0.5794591487898166,0.38812154246651676,1.500440268179933,0.49256092256386935,0.5080676819084595,1.2663147446776724,0.6328553417908611,0.5470328704255484,1.0028560093002075,0.6577391150422154,0.578262608822832,0.7975417163534029,0.5839561873593948,0.49842574116631,0.6766848669680754,0.5582483871791915,0.532548412597605,0.6685512204895524,0.5082690479900562,0.5722366187886138,0.6498062035024708,0.5746735967282457,0.19768233758806933,1.2563198582339588,0.6176195248925314,0.1712250724334405,1.029006921939274,0.5733184606317898,0.20128876552678865,0.8102146194990918,0.4957790499891012,0.2466026285058192,0.7082383665732763,0.4913819759728238,0.23948108831657114,0.6795967265793572,0.45107274082526605,0.1992144633624276,0.6616278345212753,0.49662539634785,2.6666666666666665
0.44780687577735034,0.8632179088981309,0.6504104746005195,0.45158511897758896,0.4077272385416421,0.6573927841198007,0.44151175610236026,-0.0039020627988156364,0.7028537364722186,0.4166861396731147,-9.950172881204034e-05,0.5233151962007219,0.47949249495863927,0.017451296620504125,0.5185117228210223,0.43026678364905724,-0.061768324804273654,0.7572056689741653,0.262082901392318,0.8653039459934468,0.5969798408122645,0.23331343912597952,0.4038381787787857,0.6407372553518583,0.2213200633461398,-0.013944363383647282,0.681333485313361,0.24904585202237167,0.038472139142159315,0.4595867970792097,0.19532836610684456,0.013121674769481187,0.5147369869379176,0.2353480337754416,-0.08305536267309217,0.7645583424634087,0.36032337590807906,1.3628501878901154,0.5985655400163277,0.36067566403308116,1.6023288600608057,0.5822023199862394,0.3902681491732788,1.499440644268562,0.4948859071781898,0.509660021682913,1.265245894462665,0.6360916012422735,0.5458976463338886,1.0020580781369446,0.6609245286312789,0.5781067964946016,0.7980533016070817,0.5838150906353547,0.4984258086485672,0.6780867846478675,0.5552849861265916,0.5308020751263738,0.6681131042076168,0.5076885057473675,0.5696454153416717,0.6498682964367585,0.5719009876346193,0.19890635430534426,1.25752906695422,0.6162855737293832,0.17120535717497848,1.0292493607269022,0.5736984782761348,0.19774837803412249,0.8084082071289684,0.5011221129233951,0.2432425517882122,0.7106259776673798,0.48288317050283724,0.23776446379350147,0.679845779517351,0.4504001332260492,0.1936683608854702,0.6630287828277738,0.5015612374027693,2.683333333333333
0.4481609518200318,0.8631850326043331,0.649160715704577,0.4519052294420615,0.4087628352925801,0.6586834889662201,0.44177530684195804,-0.0034798388983280637,0.7037627172571234,0.4166043481875188,-0.00035324580294203434,0.5230356773567275,0.47958587186283475,0.015533008198060638,0.5212146219612616,0.4299713861940837,-0.06098639834401596,0.7591676281607199,0.2620543865921792,0.8659124146251458,0.596503717255794,0.23329692776132419,0.4047073270515458,0.6406389387382349,0.22169508675854205,-0.014019378883415923,0.6823523286804625,0.24919614833662573,0.03758206609303074,0.46132439232688893,0.19540822921323903,0.013297622217548696,0.5145426046778708,0.23531048670899643,-0.0841165099567483,0.7658550785962911,0.3609917410137189,1.3621033746596483,0.5987399028332812,0.36095457065101744,1.6021459282804202,0.5845514819664885,0.39193297956418166,1.4981239073704369,0.49768974134230104,0.511161832513304,1.264280126505922,0.6399506003020385,0.544792409979896,1.0013451842378747,0.6639628717175338,0.5778014165076674,0.7989583949677922,0.5827796887089106,0.4982931635779704,0.6797840249219258,0.5517906647722958,0.5282611246606992,0.6670806051574432,0.5071414679328562,0.5659717337371967,0.649781014960038,0.5681986527562063,0.19997350244079223,1.2584821892574571,0.6145337289754144,0.17128787187443106,1.029375029107575,0.5734989557981007,0.19401751071157614,0.8062051221005632,0.5070252754617325,0.24053667762189782,0.7122126170408137,0.47659407650691427,0.23605732599430657,0.6795455793317494,0.4514982975214994,0.18778943487680674,0.6648290192868006,0.5067154368954905,2.7
0.44864632379168456,0.8631357774193921,0.6475583747724875,0.4520865726283116,0.4097343745442339,0.6596510917811065,0.44211414364033763,-0.0030826624853607654,0.7045324609318511,0.41640589152024776,-0.0009382069137232746,0.5236447764302231,0.4800229463970078,0.013857778354922537,0.5241887647747924,0.42964774412205325,-0.06042934488631016,0.7610904022855857,0.26194673342646385,0.8663562220968641,0.5962991515210455,0.23319006111575186,0.4052979881832923,0.6406343601249869,0.2220024482648352,-0.014084588826547326,0.6833516942129509,0.2492815843426682,0.03700241748424416,0.4622063639010596,0.19590122828827267,0.014094010600304088,0.5134861805698099,0.23517580018314294,-0.08507701004313656,0.7668777620892906,0.361590900112017,1.361381709000443,0.5990947538823085,0.36121242606506354,1.6020002729403902,0.586337499896191,0.39327087073851086,1.4967240923510396,0.5001564881628819,0.5126717096030414,1.2635101084281444,0.6439637218460188,0.5439579867939105,1.0007605652840494,0.6662377279183911,0.5772664659016403,0.8001270626339436,0.5808908071587517,0.497690834259079,0.6814683630824843,0.5474508607727273,0.525201456179386,0.665664608274507,0.5068580529770432,0.561947592565321,0.6500493407458786,0.5634277653377506,0.2010485798199502,1.2592373243452633,0.6122110335211544,0.1713755694166274,1.0291884193129714,0.5731246882315243,0.19029436486276766,0.803797621661853,0.5131913008661633,0.23831484519192267,0.713110904430949,0.4728255260742505,0.23433113123665464,0.6788553700117869,0.45366056116160997,0.18183749576108632,0.6668893871683017,0.5116190632093874,2.716666666666667
0.44923927812471326,0.8629463691680425,0.6456816280117277,0.4521554078293866,0.41063484865926625,0.6603203310237944,0.4425082979116885,-0.002727604249190746,0.7051340920206303,0.416479303601736,-0.0008575535025172887,0.5237514343772259,0.48062942440053635,0.013095203541576256,0.526466043136558,0.4292501168628107,-0.05998475297226247,0.7630962238512795,0.26185621439173257,0.8666252294260322,0.596202710404826,0.23297612919288577,0.4055346593599709,0.6406948943090665,0.22216209316241098,-0.014166239614321133,0.6842613756461826,0.24934778886061787,0.03656182590573253,0.46217395364682134,0.19707507506345595,0.015856249790472496,0.5110393189652302,0.23496616993784503,-0.08578956471689317,0.7675809468658142,0.36223994343151444,1.3608228645007794,0.5993983421147864,0.3618202418084788,1.6019082434089362,0.5874273279548342,0.394453436956526,1.4955217069791997,0.5015662724105627,0.5141146902056849,1.2629595605277912,0.6475136633240459,0.5434878208904891,1.0003703867361895,0.6675101446357332,0.5762793502403971,0.8012625514302987,0.5785561413314958,0.49629726107108674,0.6831533671663644,0.5421267814035332,0.5219978791177434,0.6642539620101626,0.5067322695574841,0.5580617180363832,0.6506984348565842,0.5579704291174219,0.20239537407056163,1.2599231565639508,0.6090753941964222,0.17142415216109566,1.0286173025014804,0.5727849739518387,0.18682038097386722,0.8014273280475881,0.5189382005890715,0.23642043026988738,0.7132996897324156,0.4712074241571672,0.23264364701078033,0.6778599027835223,0.4560740658947422,0.17614845584677746,0.6688429490070851,0.515429065345866,2.7333333333333334
0.4499245774207263,0.8625600917379298,0.6436198102441436,0.45216756786261614,0.4115024601553363,0.6607013674166967,0.44286729911972633,-0.002418921944041988,0.7055182041838333,0.41706377855080423,0.0006749072499899755,0.5221403403589739,0.48123667640328677,0.013697053125912809,0.5272503356205241,0.42878554076120967,-0.05964797135015733,0.7651559263917626,0.26186406822914826,0.8667161295898812,0.5960612768870376,0.23269888820045248,0.40547752205350684,0.6407003614189086,0.2221417354851037,-0.014259858107389806,0.6850473905013158,0.24945519671268504,0.036060150394755165,0.4617341857796672,0.19897721018387216,0.018615184498311774,0.5071277583075648,0.23469336812331598,-0.08623526331707382,0.7678930015371379,0.36299922504515053,1.3605590245603116,0.5992332357920721,0.362976067057159,1.6018890069415401,0.587821427457237,0.3955911042586536,1.4947962214021109,0.5015673957523213,0.5153082069569569,1.2625677907036919,0.650229020134458,0.5433589936315494,1.0001587850116436,0.6678742893787872,0.5746777983348739,0.8021411421342832,0.5762313219234598,0.4940030985873717,0.6849866764003585,0.536100999711581,0.5190604301341236,0.6632589896063351,0.506401926471135,0.5544649122280352,0.6514039154298754,0.5525431646654781,0.20417216549287123,1.2606614470369482,0.6051005658540307,0.17149466584540002,1.0276925522769071,0.5724643083630427,0.18370016044951754,0.7993522628070447,0.5233318236476381,0.23483203959531707,0.7126741330755562,0.47100235869859197,0.23115766822251338,0.676585638656822,0.45803201722836784,0.1710414247441283,0.6701377289213211,0.5175714404875877,2.75
0.45069084118598335,0.862039371253581,0.6414419972853954,0.4521792722854959,0.4123690662696859,0.660791561685909,0.44311336244436345,-0.0021063307420524785,0.7056460533878515,0.41810555079696227,0.003695723500075493,0.5186333089640054,0.48174059272940656,0.01569238485462733,0.5263241890242488,0.42830418030014705,-0.05947014143359218,0.7671440601252753,0.26200407105335416,0.8666514274014281,0.5957155982941369,0.2324200141119519,0.4052193186326162,0.6405564256067334,0.22196896691230125,-0.014344313876810594,0.6857100902450544,0.24963896341107367,0.03534264104348176,0.4617067669639735,0.20140575880362743,0.022066667154210032,0.5021763963166757,0.23434721512530757,-0.08647002332103117,0.7677656398971221,0.3638633336179352,1.3606202169273989,0.5982933209847674,0.36462705738458806,1.6019400820808716,0.5877943994533381,0.3967159984161177,1.4946764656753526,0.5002306822792268,0.5161445581980677,1.2622340756159378,0.6522808652336577,0.5434537391103499,0.999959701400289,0.6677336622731771,0.5724897483734097,0.8027128277199022,0.574137851028391,0.4910479011923646,0.687127508754008,0.5294860064702943,0.5167381310011826,0.6630144953814372,0.5053939417701176,0.5510603347779379,0.6518721367915384,0.5477873836759954,0.20637243195754024,1.2615042043866973,0.6006108958407184,0.17170695559282634,1.0264627488253135,0.5721215583383277,0.18087767871571525,0.7977486447762399,0.5257417746839834,0.23364161212980405,0.711243357754176,0.4715438108239568,0.2300527439981181,0.6751637735945192,0.459008206595946,0.16670413867453215,0.6704163311961783,0.5181272876146696,2.7666666666666666
0.45157939124226437,0.861534347661481,0.6388196688059677,0.452309038400579,0.41300299500879195,0.6599620491560433,0.44327993122920767,-0.0016662939783149422,0.705428764918313,0.41931060383698315,0.007504950716201081,0.5141073666643716,0.4820332870666799,0.018761005327606176,0.5240041594703105,0.42781346194870173,-0.05951584646339041,0.7686808100630549,0.26205356759216897,0.8666495937469895,0.5952558397861047,0.23219195045358942,0.40497512592338675,0.6401010028864677,0.22187341472804822,-0.014491965311203642,0.6864059298447169,0.24988532914487221,0.03435146655486671,0.4625915168091302,0.20402129209078246,0.025733419306730662,0.4968736704314596,0.23376375866706142,-0.08678081997698349,0.767244015779435,0.36479240969175464,1.3609050794977384,0.5965927462190115,0.3665912369069558,1.6020313239696091,0.5877867106968335,0.3978027259621674,1.495005910298349,0.49800844780052306,0.5166759701340562,1.2618754974110955,0.6541681176285409,0.5436364224410591,0.9995805951878614,0.667560440968291,0.5699067494860849,0.80301984390418,0.5722304580005771,0.4878768335906909,0.6896344126047187,0.521981706557875,0.5151608883362928,0.6636412949302103,0.5034466884558728,0.5477542816382609,0.6521111445488946,0.5438992302293505,0.20895032242865655,1.2624124024533347,0.5960868203502483,0.1721243954752929,1.025005103563061,0.5718301842071449,0.17830915518568916,0.7966645065971826,0.5261548158399239,0.23287936614742216,0.709379302881298,0.472166524854877,0.22938485981900997,0.6739233280965581,0.45871774683387967,0.16315267424259092,0.6698541557256882,0.5176225975390311,2.783333333333333
0.45249270389742574,0.8611571142758405,0.6361392355292187,0.4524472118298386,0.41366233233612726,0.6589521839187172,0.4434309693299554,-0.0012351893366867872,0.7051435863331059,0.42028437904953153,0.010951263695712227,0.5100443497801679,0.4820055651250853,0.02225097434822411,0.5209524765624116,0.42736237744422845,-0.05962996805566063,0.7700329660423887,0.26216720101682717,0.8666928742741219,0.5946932485268118,0.2319980338873563,0.40467047123294897,0.6396568045894945,0.22172258497085515,-0.014623775832717012,0.6870174348035608,0.2501481169287471,0.033167413427916285,0.4643417669152526,0.20647264782911792,0.029131792684481114,0.4919227267727857,0.23318634486861797,-0.08698805696647785,0.7666874489525302,0.36577205995475026,1.3613059806943668,0.5944136836943624,0.3686738835840617,1.6021298861343503,0.5880485386840226,0.3987814622210738,1.49544967591653,0.49561890237390593,0.5170479723234462,1.261473286068851,0.6561798015239209,0.5438443787050848,0.9989699719592112,0.6675667663036522,0.5671855883778424,0.8031078770897161,0.5703130905680489,0.48488320370949767,0.6923496118086164,0.5134605114639701,0.5140961741941156,0.6649835081349622,0.5007686005830383,0.544603430713315,0.6523511662661846,0.5407244317102864,0.21192247281916016,1.2633267687593528,0.5918796739748724,0.1726914207827408,1.0234471968181693,0.5717523782249159,0.17610279968283943,0.7960196421211616,0.5250604302954068,0.23244982044528523,0.707769678616635,0.47217025591266815,0.22904806020430954,0.673184665214708,0.4572743399600987,0.16039291101545022,0.6690061877965808,0.5165649780850363,2.8
0.45341024033383476,0.8609522927929572,0.6334572727718163,0.4525944190740064,0.41436586313766,0.6578272466880108,0.4435700650919081,-0.0008147439362064524,0.7048244015795143,0.42074367387706035,0.013038926249327301,0.5077098352797553,0.4816775308954788,0.025320018005484127,0.5178880600590025,0.42696440348503467,-0.05978946806180078,0.7711923532683794,0.2623576120210847,0.8668091305397053,0.5940070272260609,0.2318481832293711,0.4043170182039957,0.6392598796246407,0.22151550271040876,-0.014734142189651092,0.6875300691374562,0.25038081093591663,0.03197297975902445,0.4666350301680111,0.2084667531674403,0.03186759930187429,0.48790878518924496,0.23264648268522528,-0.08708961935829547,0.7661668200678095,0.36679051420350206,1.3618264145395707,0.5921365552148605,0.3707493892306361,1.6022229386565758,0.5884488909349274,0.39955627598109006,1.4957499062467947,0.4937826977424713,0.5173982106687635,1.2610562801412968,0.6582915122698398,0.5440297674932968,0.9981995984376352,0.6677548182549771,0.5645550787704818,0.8030574814863365,0.5680340536185331,0.48230582270434597,0.6948806878377443,0.5046531045748099,0.5129773984044425,0.6666373588676257,0.4979039786975664,0.5416677735190848,0.6527010962028653,0.5383058761479775,0.21524741769286354,1.2642354529017377,0.5882004200112249,0.1733122869945652,1.0219962752091394,0.5719756136646053,0.17446990343416405,0.7957094508256976,0.5230919102081649,0.23221615049740774,0.7070001751860252,0.47119254998070004,0.22885785288123736,0.6730628249100367,0.4551385681658991,0.15850798354755288,0.6682895643010247,0.5152960428850951,2.816666666666667
0.45431146173385784,0.8609645049091305,0.630830355850428,0.4527512866338131,0.41513237229936,0.6566525181780021,0.44370080686036656,-0.0004066848959097258,0.7045050946048207,0.4206747652184808,0.013463564746986262,0.5074846591317085,0.48123768226496866,0.027289144664866316,0.5153643430512258,0.4266330167694272,-0.059971308333205506,0.7721507969461294,0.2626374412986973,0.867026224100621,0.5931763785936531,0.23175231729575196,0.4039264304792235,0.6389462769007326,0.22125119301639543,-0.014817461130303702,0.6879292968622726,0.2505488995207628,0.03097457322996705,0.4691189696024245,0.20978118019391795,0.03365503078793367,0.4852765248352408,0.23217568107213096,-0.08708339222121474,0.7657530097766736,0.3677547050864379,1.3625278206036375,0.5900788825331045,0.3728127156575718,1.6023078026399669,0.5887054305700785,0.4000795123535894,1.4958379005452165,0.4929105017681229,0.5178033802477962,1.2606400145244296,0.6604777425447146,0.5440621709666973,0.9973576674410547,0.6681505674210699,0.5621656759750266,0.8030947125232797,0.5648412321784899,0.4802153420771853,0.696766625571569,0.49694748571031244,0.5111570848669375,0.6680927705803374,0.4952845623621948,0.5388151475464797,0.6529131419835519,0.5372460136119779,0.2186616258745112,1.265147086655367,0.5852684454435917,0.17399317875315912,1.0209714973876622,0.5723123771798613,0.17359696650777828,0.7957926982512963,0.5206321870558687,0.23201737346979584,0.7073151406683156,0.4693288303696884,0.2286514102924389,0.6735370387101003,0.4527562696593368,0.1575012416674432,0.6677805382595052,0.5141956852127669,2.833333333333333
0.4551758292798614,0.8612383723206589,0.628315060081721,0.4529184410099894,0.4159806447071979,0.6554932791027697,0.44382678298063144,-1.2739334831715632e-05,0.7042195493563077,0.42029057101907386,0.012545030717394781,0.5089453000568226,0.4809074394180555,0.027867906226780093,0.5138579322100476,0.42638169399571274,-0.060152450721269735,0.7729001222807409,0.26301932954342055,0.8673720165137502,0.5921805053393902,0.23172035490261703,0.40351037170132886,0.6387520453265962,0.2209286809585016,-0.014868129402971594,0.6882005819938798,0.2506313219632221,0.03031465357552042,0.4714549652496187,0.21024206996656858,0.034271058699354436,0.48437832283089255,0.2318054489845827,-0.0869672606240141,0.7655168987305235,0.36848763189530354,1.3634056170025612,0.5884142006447668,0.37494992214956346,1.6023779368898798,0.5886504583991108,0.4004280501263479,1.4957987063196072,0.49294371061463915,0.5182690781253696,1.2602221608779187,0.6627629516419069,0.5438581013783781,0.9965565065489875,0.6686942685522631,0.5600994326968918,0.803543675881597,0.560248530802182,0.47850477089680776,0.6978459862968938,0.49122060849462623,0.5082616849432262,0.6690376629234591,0.4929207533235532,0.5357926149496981,0.6526167767336262,0.5383132891848385,0.2217657414382177,1.266043030869404,0.583285201301101,0.17484914247352462,1.0206802556127377,0.5723255785982874,0.17358849175464422,0.7964742561264399,0.5177701487632396,0.23168470186303652,0.7087468889946619,0.4668408584475495,0.22834002005167653,0.6745841334773292,0.45031773079664505,0.1572718381653219,0.6674448158748897,0.5137319969324535,2.85
0.45598280415421183,0.8618185167238424,0.6259679607823625,0.4530965087032661,0.41692946524714414,0.6544148101763917,0.4439515817980034,0.00036536562799173444,0.7040016497812579,0.4198794475807601,0.010897167240142433,0.5112940338040067,0.48080881673677694,0.027221847179255756,0.5137236597142602,0.42622391186219816,-0.06030985707738787,0.7734321544773157,0.2635159174490102,0.867874369335974,0.5909986101730738,0.23176221486608445,0.4030805055130078,0.6387132338110582,0.2205469916064136,-0.014880543755952574,0.6883293885481475,0.25063205986192366,0.02997323335541898,0.4733029568154794,0.20979165150369886,0.033633943454230916,0.48533696775639384,0.23156729537782808,-0.08673910963547214,0.7655293675807598,0.36883797286028674,1.3643351081473913,0.5872286000409161,0.37729786670751414,1.6024350670343288,0.5881911031604589,0.40077809337838466,1.4958030764651877,0.49343437698114034,0.518737877656042,1.2598275873693714,0.6649959401676206,0.5435305551940369,0.9959496614469087,0.6691193955226422,0.5583835664139619,0.804547412209494,0.5543227161784359,0.47695421981163266,0.6984369616913457,0.4871418507666292,0.5043873675651285,0.6695478796149208,0.4905380886362447,0.5324055543704486,0.6517848164319511,0.541620080332158,0.224249947015158,1.2669004240637836,0.5821919728009464,0.175949699753702,1.0211926234186022,0.571636863150668,0.17450286575632123,0.7978804851730003,0.5145662902663513,0.23117241020826268,0.7111315332874206,0.46402364831204934,0.2279359339236579,0.6761330678064219,0.44790113247092667,0.1577579969019197,0.6672634109429976,0.514193435724402,2.8666666666666667
0.4567118475392756,0.8627495598149792,0.62384563326902,0.45328611621437404,0.4179976188051689,0.653482392112947,0.4440787916577833,0.0007259028735252665,0.7038852798269544,0.4197110071633623,0.009308591843489825,0.5135440310919293,0.48092501044933256,0.02591959612527278,0.5148270501949687,0.4261731470671901,-0.06042048925295484,0.7737387187409559,0.26413984570922183,0.8685611441241736,0.5896098958045051,0.23188781600227237,0.40264849555695675,0.638865891262944,0.22010515002981784,-0.014849100937543588,0.6883011805409455,0.2505866974402068,0.02977995462648675,0.47438570045199013,0.20870077761027825,0.03210592178499405,0.4876038096780695,0.2314927292071148,-0.0863968243243671,0.7658612969787839,0.3688302946796646,1.365109870403644,0.5866811994185467,0.3799377952630092,1.6024819747163854,0.5873906827490296,0.40127650852065444,1.4959602996478922,0.4938798105028297,0.5191183494991785,1.2595149961632894,0.6668232244986743,0.543193000886872,0.9955857559120116,0.6693863400916708,0.5569690782883151,0.8059117719093738,0.5478316374711497,0.4752801263032518,0.6989267151653323,0.484080645926095,0.4999691684038618,0.6699494007469303,0.48782932041546534,0.5285630209272365,0.6507461331774954,0.5462855341232015,0.22598600091610635,1.2677341628820356,0.5815351967589639,0.17721981293100825,1.0223212848817014,0.5701740504288166,0.17630549062667775,0.7998310436904565,0.5113247362923843,0.230618222367919,0.7139043886455262,0.4613953865091001,0.22755939226223543,0.6778265835874504,0.44585771914747874,0.15888804223241051,0.6671086935242606,0.5154580634993662,2.8833333333333333
0.45734242061741903,0.8640761232903692,0.6220046528583607,0.4534878900440438,0.4192038902672423,0.6527613056265137,0.4442120009052717,0.0010671452827335087,0.7039043234406794,0.4199351201715329,0.008316102409067355,0.5150826342173122,0.48109982056791856,0.024494167469802056,0.5162751514004443,0.4262428763089955,-0.06046130909936527,0.773811640276764,0.26490375501781105,0.8694602024352307,0.587993564943486,0.2321070771272989,0.40222600547587184,0.6392460665910804,0.21960218129840073,-0.01476819769604204,0.6881014219881433,0.250539808761571,0.029591188473872175,0.4744974730167051,0.20760000508219034,0.030563366313157182,0.4898891797928235,0.2316132594276905,-0.0859382897594774,0.7665835675759964,0.3686109774438038,1.3657165188152691,0.5870388184247799,0.3829195595908114,1.6024959167299258,0.5864925534762853,0.4019607493831211,1.4961725759136688,0.4940282287974931,0.5193181622842992,1.2593535418475823,0.6678330488418761,0.5425750137898364,0.995303395752129,0.6701288830699171,0.555687509726942,0.8074144529354286,0.5414720253708124,0.4732099881216588,0.6989979873333512,0.48249491765169217,0.4950502313779992,0.6702511327776638,0.48501773050833097,0.524186111404438,0.6497165144770801,0.5514527719324116,0.2270223526405301,1.2686425953622358,0.5807836232140553,0.1784900088187431,1.0238698002552657,0.5680677797450997,0.1788242220762771,0.8019196796661092,0.5089580207215578,0.23016904832643006,0.7165246318770017,0.4594883645384843,0.22737843353598186,0.6789638174372759,0.44485759879038717,0.1604883935584649,0.6667682348322697,0.5171140653404186,2.9
0.45785398457100873,0.8658428288463111,0.6205015948670519,0.45370245669300613,0.42056706451933523,0.65231683143117,0.4443547978857693,0.001387365736581131,0.704092664569716,0.4204587474478244,0.008206463328502084,0.5154420569605668,0.48138094270343934,0.023102124886971206,0.5183577309865468,0.42644657628592103,-0.06040927846801383,0.7736427442898416,0.26582028606853364,0.870599405826026,0.5861288202998179,0.2324299170572822,0.4018246989124496,0.6398898087042935,0.21903711048184862,-0.01463223077974532,0.6877155769056109,0.25048977751526974,0.02950130118591221,0.4742781419847676,0.20672936987746066,0.029323832294793295,0.4916975285381534,0.23196039499480284,-0.08536139100958166,0.7677670600237982,0.36854324760849533,1.3658173566435459,0.5882672678825779,0.385619501021266,1.6024663302463027,0.5860980137459129,0.40267181897743176,1.4963604919784967,0.4941450967792276,0.5194072641405781,1.259281265340815,0.6683414500785756,0.5418685964894049,0.9949233842425169,0.6714957670989032,0.5546374823100222,0.8086136095271729,0.5361458775043522,0.47083178910772594,0.6991581516224465,0.4818332377064598,0.4906483842225417,0.6711845640809372,0.4810352963468894,0.5194841198232846,0.6489242661561534,0.5555144930304649,0.22751622910886674,1.2695020189073098,0.5796505287009462,0.17973097557115447,1.0254880241952815,0.5657936757764016,0.18156279306267123,0.8036065068365913,0.5068849857689678,0.23000177019054058,0.7181961435405447,0.45898065859017756,0.22742414791320592,0.6794169318663807,0.4451262581234532,0.16235956207587796,0.6662126868161666,0.5187771078923326,2.9166666666666665
0.458226000582411,0.8680942981791043,0.6193930346117609,0.4539304426619919,0.42210592644741773,0.6522142502409947,0.44451077094457697,0.0016848371160322895,0.7044841871613466,0.4213126222477153,0.009342404944337454,0.5141272482585167,0.4817667502877632,0.022001555822354177,0.5210241798080308,0.4267977236962735,-0.06024135921029521,0.773223855985291,0.2669020795551451,0.8720066158534413,0.5839948645833024,0.23286625460834037,0.40145623950938614,0.6408331665114092,0.2184089626498479,-0.014435596936950831,0.6871291093092178,0.2504491546704493,0.02950676199541532,0.4739164134856769,0.20639107157986414,0.028798801205663443,0.4924087168978054,0.23256564486369943,-0.08466401314345828,0.7694826549735901,0.36882731510301625,1.3652096332992754,0.5904737812851302,0.3877541338662935,1.6023810998705974,0.5865647530438103,0.40336684724214394,1.4964792007368706,0.49422441753639157,0.5193871273360382,1.2592921225867106,0.668359926030252,0.5411125647790496,0.9943344283987745,0.6737088443134118,0.5538310226584634,0.8092318393449993,0.5325381848939026,0.46807816603668867,0.6996153554575694,0.48190375326273666,0.48730287735167555,0.673125871735817,0.47538358823351895,0.5145280752647305,0.648569502950528,0.557368528762043,0.2275065290778818,1.2702741037313745,0.5778261788251813,0.18087637941146936,1.0269460398445205,0.5635853929896979,0.1842361338923177,0.8045013048206141,0.5051351384432059,0.2302426405183768,0.7183390871324814,0.46041888580329693,0.22776228477181562,0.6789012867143339,0.4470109489499544,0.16434657652611454,0.665368498954111,0.5201845583251465,2.933333333333333
0.45843792983399223,0.870875152985048,0.618735547409155,0.4541724744517318,0.42383926093746005,0.652518842770066,0.4446835084269953,0.001957832302051876,0.7051127751628541,0.42252747782668537,0.012086657599113579,0.5106431570479864,0.4822556167527599,0.021450547721521634,0.5242238887196524,0.42730979523835966,-0.059934513177604266,0.7725468005682141,0.26816177617140124,0.8737096940743573,0.581570900503741,0.23342600859659157,0.40113229090937785,0.642112188921254,0.217716762872085,-0.014172692915955687,0.6863274832148336,0.2504304911962568,0.02960404013518564,0.4736009936489331,0.20688730977317618,0.029399754521524407,0.4914026058555262,0.23346051798962794,-0.08384404122988573,0.7718012330767733,0.36966338985664454,1.3636905981932574,0.5937655921256271,0.38903997243781535,1.6022281102078908,0.5882504608558768,0.40400296411581593,1.496483855083284,0.494260194157344,0.5192592241387037,1.2593800695289912,0.6678999745183856,0.5403457344522435,0.9934252352364984,0.6769899668482267,0.5532801573931747,0.808991740049298,0.5313339385615977,0.4648817556837834,0.7005777462636691,0.48251461149286196,0.485552961179588,0.6764512328213671,0.46756417647059845,0.5093890068097313,0.6488523395960148,0.5559127104718281,0.22703215130434146,1.2709205200485465,0.5750008391923059,0.1818598865629152,1.0280139303457534,0.5616765858519652,0.18655917487167456,0.8042138532368874,0.5037379857528649,0.23101791186806575,0.7163736261491357,0.46434966331696015,0.22845859348971964,0.6771322418207016,0.4508589230731687,0.16629446565063982,0.6641621207242593,0.5210737838088997,2.95
0.45846923350811897,0.8742300149604412,0.6185857085759016,0.45442917856295656,0.4257858528754328,0.6532958897324623,0.444876598678325,0.0022046241756042834,0.7060123125215212,0.4241340474402142,0.016801951635370016,0.5044947322658,0.48284591553029893,0.02170718803004347,0.5279062485761673,0.4279962676104863,-0.059465702221335445,0.7716034032437133,0.2696120166110576,0.8757365020456558,0.5788361307709355,0.23411909783815396,0.4008645167551209,0.643762924842654,0.21695953621824626,-0.013837915465057124,0.6852961626383284,0.250446338061839,0.029789604838027256,0.4735205886040363,0.20852028404117218,0.031538173718132945,0.4880590563950624,0.234676523327836,-0.08289936033764259,0.7747936749847482,0.37125168179865803,1.3610575007362928,0.5982499338972592,0.38919353104775317,1.6019952458632634,0.5915128266680114,0.4045372995370062,1.49632960791223,0.4942464297304442,0.5190250268165987,1.2595390621113793,0.6669730933644568,0.53960692130246,0.9920845117712863,0.6815609868381309,0.5529969131350652,0.8076159093004585,0.5332181295295716,0.46117519482424657,0.7022534714656941,0.4834739595691748,0.48593788612046657,0.681536824416651,0.45707863136050664,0.5041379435392426,0.6499728908284244,0.5500448695045028,0.22613199454501173,1.271402938072942,0.5708647754078658,0.18261516324871951,1.0284617788417505,0.5603009088301807,0.18824684630719984,0.8023539317041203,0.5027230347065371,0.23245383679773443,0.7117199240868323,0.4713196082702852,0.22957882344482666,0.6738251570250497,0.45701743229637426,0.16804825819091904,0.6625200016047685,0.5211821515136317,2.966666666666667
