RHip_x,RHip_y,RHip_z,RKnee_x,RKnee_y,RKnee_z,RAnkle_x,RAnkle_y,RAnkle_z,RBigToe_x,RBigToe_y,RBigToe_z,RSmallToe_x,RSmallToe_y,RSmallToe_z,RHeel_x,RHeel_y,RHeel_z,LHip_x,LHip_y,LHip_z,LKnee_x,LKnee_y,LKnee_z,LAnkle_x,LAnkle_y,LAnkle_z,LBigToe_x,LBigToe_y,LBigToe_z,LSmallToe_x,LSmallToe_y,LSmallToe_z,LHeel_x,LHeel_y,LHeel_z,Neck_x,Neck_y,Neck_z,Head_x,Head_y,Head_z,Nose_x,Nose_y,Nose_z,RShoulder_x,RShoulder_y,RShoulder_z,RElbow_x,RElbow_y,RElbow_z,RWrist_x,RWrist_y,RWrist_z,RThumb_x,RThumb_y,RThumb_z,RIndex_x,RIndex_y,RIndex_z,RPinky_x,RPinky_y,RPinky_z,LShoulder_x,LShoulder_y,LShoulder_z,LElbow_x,LElbow_y,LElbow_z,LWrist_x,LWrist_y,LWrist_z,LThumb_x,LThumb_y,LThumb_z,LIndex_x,LIndex_y,LIndex_z,LPinky_x,LPinky_y,LPinky_z,Time
0.43338986782879935,0.8377593317669354,0.7289590652984335,0.4265199939307805,0.3704323763450691,0.7157965380670985,0.3852055407528755,-0.04770325641477349,0.7539832255628126,0.40039451285945954,-0.01803547015575968,0.5492034204838366,0.45252373553081493,-0.021223430376190594,0.5749870348010232,0.37220346160314083,-0.1053361127948292,0.8011059886490085,0.23472388093572966,0.8345664121817388,0.6974277354545719,0.2165428788374097,0.38638740814878764,0.6889141686846004,0.21512285419410052,-0.003949301118786386,0.6718881460816685,0.2529980398376262,0.0002905744760069301,0.5175658789712158,0.19656865012286343,-0.0019202774499338243,0.5304974276715805,0.22809111300865087,-0.08379970934135679,0.7392051499846982,0.34190683252840437,1.3307727591265113,0.6986976752534778,0.35001836814138754,1.5771782943980042,0.6614442996039454,0.3567622482148326,1.4602163818929739,0.6078425475186937,0.49443299853223577,1.246629349474854,0.7244299536031567,0.5265209203416961,0.9782013096084426,0.728086959267008,0.45597661756079716,0.8301586139054027,0.5655522295727667,0.34301229040934567,0.7785240615074723,0.5084543863509778,0.3450744845878969,0.7469534434456294,0.5280296388146949,0.36938268211616043,0.7224683025933655,0.5969453975123846,0.1931612111707907,1.2448903230101542,0.7019568471498489,0.1680395286924695,1.0318212913436746,0.6129648850813247,0.27388616424559226,0.8385925998347579,0.5917974641394238,0.33961622227027144,0.8327459113298061,0.5180456006631893,0.3547379414814681,0.7576932627548117,0.5416160021156255,0.35091717632171004,0.740879574348322,0.5563806579950527,0.0
0.4341615511145072,0.8382571727483185,0.7260915441062264,0.42720551690267455,0.37127734913171967,0.7165015658852544,0.38652263222634836,-0.04637600872122562,0.7504313642581346,0.3994899289614389,-0.019645366737871497,0.5511486145559434,0.45206346646012724,-0.020005813144844994,0.573300794448099,0.3723163664778587,-0.10566725395260365,0.801706851136646,0.2360677230547355,0.8355221356225156,0.6947933819050741,0.2169596093925502,0.3866753435048539,0.6887761674127755,0.21511506877581923,-0.004039035563296128,0.6719146988487248,0.25269607105850866,0.002182041869767684,0.5149403714722713,0.19699692896651874,-0.0036361027871495977,0.5293977182608105,0.2279830195344815,-0.08521333574913478,0.7401989393055943,0.3420196049314485,1.3308301029590537,0.6985150743542435,0.3498897164829821,1.5773135096421882,0.6605910149392094,0.35715533955219003,1.4609676906317641,0.6105106168891232,0.4963809770352609,1.244698371390577,0.7331496222587451,0.5265723147722182,0.9788200767384354,0.7281937826582773,0.455981644494977,0.8300210124013155,0.5654888088235009,0.3402466672798152,0.778830255354602,0.5086135411431779,0.3470927499006747,0.7494533114405804,0.5223793568338864,0.3696246050426265,0.7234983418023995,0.5939053946548688,0.1931480599157133,1.2443054973679502,0.7019901722324564,0.16822541471294222,1.0303738070066983,0.6123942844603041,0.27408184333207086,0.8397790735365428,0.592141564483398,0.33946926271880595,0.8315249329205104,0.5178796020214589,0.35422232389988767,0.7598558892268925,0.5363009456317624,0.3494798823133077,0.7434384746089276,0.5498003223900159,0.0166666666666666
0.43475413253867123,0.8386774623266255,0.7236433666686385,0.4277809534032496,0.37201242370311793,0.7170977072688578,0.3875964806268181,-0.0454693842895815,0.7478325821700484,0.39940368518336683,-0.019764849072155602,0.5512196340112482,0.45199814794693305,-0.019960956950777486,0.5732999234491358,0.372414005334452,-0.10595597311084037,0.8022295535068449,0.2371763071343174,0.8363017881172834,0.6926473376053226,0.21725140762567163,0.3868133609638466,0.6886663203602494,0.215109331361655,-0.004108231307336993,0.671935093900975,0.2523737955750322,0.004202593849762196,0.5121041825686862,0.1972633831101243,-0.0047261221377108975,0.5286971079905237,0.22791006582124992,-0.0863009262457672,0.7410136931253718,0.342065891402805,1.330788758110625,0.6984881901865938,0.3498261194137387,1.5773916844435802,0.660128960217931,0.3572615218765048,1.461683226174242,0.6115521346009676,0.4974342344790988,1.2436736290266805,0.7377678378839937,0.5265819225992427,0.9789987954330271,0.7282687246307518,0.4559983509333984,0.8299615226929935,0.5654523136752374,0.3390843354097139,0.7788632501009721,0.5086528103765,0.3487255473773447,0.7510135507628852,0.5188719601283082,0.37022083184825755,0.7240511163148837,0.5914374014931456,0.19314051833050516,1.2440793435917772,0.7019651375235725,0.1683668961221175,1.0293513886404397,0.6120402961203392,0.2745949284412651,0.8402363219692959,0.5925756777380267,0.33985474271587174,0.8305904785638021,0.5179668801455337,0.3543206253770607,0.761113482065979,0.5332375287479109,0.34879553808189245,0.7446599840411977,0.5468753040762493,0.0333333333333333
0.43518350233378267,0.8390262572663094,0.7215846291438638,0.4282546900591669,0.372644783928206,0.7175930369826808,0.38844605207494165,-0.044944422710205545,0.7461002929004562,0.39994723848591707,-0.01873759933776732,0.549849930980408,0.4522370529422596,-0.020818755170198086,0.5745964233017131,0.3724974109791444,-0.10620493719913812,0.8026790991433174,0.23806902353238893,0.8369185183920809,0.6909465604939855,0.21743039899016123,0.3868153202082981,0.6885817132039642,0.21510546697468486,-0.004158583802479715,0.6719497739538517,0.25206118850682885,0.006168820955077023,0.509324611191587,0.19739948196370696,-0.005312602630776583,0.5283197177976205,0.22786818405611434,-0.0870836416392756,0.7416554182072036,0.3420663368901927,1.3306447822958436,0.6985788997641452,0.3498313550129582,1.5774122833663773,0.6600771638540148,0.3571532820279012,1.462339991544307,0.6113607075015675,0.4977747811974796,1.2433692282271167,0.7391228670265231,0.5265580607559929,0.978817627017204,0.7283122791775319,0.4560238013298902,0.8299589669148254,0.5654401679106645,0.33918521510570165,0.7786746200842569,0.5085956243517709,0.3500240948340663,0.7518151501777143,0.5170920189326254,0.37105733688267006,0.7242379368431741,0.5894758367790007,0.1931375412679606,1.2441252130121654,0.701899131988662,0.16846978045712083,1.0286856889520866,0.6118607530702593,0.27531169162073343,0.8401040615345383,0.593039707855703,0.34061625408759494,0.8298786707387077,0.5182374606886622,0.3548782545840127,0.7616497413687701,0.5319646241809679,0.3487050339402379,0.7448309242534357,0.5467779186506879,0.05
0.4354655507323327,0.8393096143318226,0.7198854276900963,0.4286351134970875,0.3731816136759254,0.7179956297914953,0.3890903126913759,-0.04476216357346202,0.7451479100512596,0.4009320458297638,-0.016907299713862206,0.5474729575940793,0.4526894543971342,-0.02230910117931717,0.5768022955034102,0.37256761621815965,-0.10641681314709439,0.8030604914297749,0.23876526260686382,0.8373854751729475,0.6896480085097315,0.21750870893940624,0.3866950809207399,0.688519431620862,0.21510330063798577,-0.00419178850029496,0.6719591817227875,0.2517882249735307,0.007897313724799224,0.5068689562721014,0.19743669493729357,-0.005517811395505223,0.5281896686190017,0.2278533064262328,-0.08758264273768121,0.742130121314263,0.34204158634133025,1.3303942332293273,0.6987490801005143,0.34990920135994136,1.5773747709747772,0.6604546542613656,0.35690310684650367,1.4629149897658598,0.6103299424382639,0.49758462752413335,1.2435992748358382,0.7380529762339536,0.526509046175692,0.9783567328159517,0.7283249402917183,0.4560550601382809,0.8299921672012005,0.5654497953124704,0.34020922667443837,0.7783159396421312,0.508465413369817,0.3510396100869989,0.7520390984502385,0.5166241034815036,0.37202009449548046,0.724170114099626,0.5879551192642192,0.1931380835808739,1.2443564569596461,0.7018095445931904,0.16853987525507777,1.0283083606488261,0.6118134883188941,0.2761184049180346,0.839522008633792,0.59347355878882,0.34159738866010175,0.829325631924254,0.5186213693040925,0.355740620191769,0.7616483672319649,0.5320211046478305,0.34904926020111743,0.7442381168539458,0.5486804817102668,0.0666666666666666
0.43561616796681246,0.8395335902876181,0.71851585846553,0.42893061034367264,0.37363009681521875,0.7183135604600733,0.3895482285967779,-0.04488364646971532,0.7448888472243601,0.40216956417558186,-0.014617632379599496,0.5445221659829197,0.45326462526258526,-0.024161888354348515,0.5795295415518074,0.3726256538577214,-0.10659426788430777,0.8033787337499295,0.23928441471565565,0.8377158071859222,0.6887086395912286,0.21749846292679392,0.3864665027837041,0.6884765612878851,0.21510265737463477,-0.004209540852353644,0.671963759923215,0.2515848800947703,0.009204662698011207,0.5050045167413566,0.19740649144091144,-0.005464015561060062,0.5282310813915686,0.22786136511876354,-0.0878190903490056,0.742443809209723,0.3420122847039372,1.3300331686256928,0.6989606082093189,0.3500634365339896,1.5772786118329771,0.6612804598538888,0.35658348317243743,1.4633852238627996,0.6088534462583981,0.49704578379279124,1.2441778746967957,0.7353964320539068,0.5264431957915645,0.9776962741542542,0.7283072019664126,0.45608919181240043,0.8300399456865057,0.5654786196633439,0.34181629042258466,0.7778387831122668,0.5082856077314656,0.3518233109523025,0.751866384345626,0.5170527840096084,0.3729950790363061,0.7239589587965922,0.5868096677005876,0.19314110012203972,1.2446864267647495,0.7017137643026239,0.16858298805311428,1.0281510564378444,0.6118563348750738,0.27690134038072767,0.838629879668576,0.5938171344897715,0.34264173825951905,0.828867484599465,0.5190486316450733,0.35675313087135596,0.7612930597522604,0.532945842865396,0.34966910717730537,0.74316838345103,0.5517553088519216,0.0833333333333333
0.4356512442697133,0.8397042418981481,0.7174460176283592,0.4291495672255835,0.37399741721502755,0.718554903753187,0.3898387659118045,-0.04526991098932992,0.7452365180216598,0.4032896960646811,-0.012548317283700261,0.5418662825116378,0.45378974694680074,-0.02585768680990637,0.5820345036636404,0.3726725567040534,-0.10673996834037656,0.8036388294874933,0.23964587021667808,0.837922663157044,0.6880854116771457,0.21741178640571152,0.3861434454797225,0.6884501878819754,0.2151033622077089,-0.004213536310226029,0.6719639512705665,0.25150305993326416,0.009764069583178922,0.5042109689072496,0.19735413339579544,-0.005320061010418542,0.5283460967649413,0.22788829232086458,-0.08781414528127024,0.7426024886567566,0.34190977870226524,1.3294937739004995,0.6994067822172109,0.35034841383634424,1.5770911184899103,0.6628755915545544,0.35628534488842867,1.4637186542121385,0.6074086440525033,0.49637788017040807,1.2448795765642107,0.7321602132177589,0.5263740579836274,0.9769433326603107,0.7282406139686245,0.45614974047114687,0.830161369441037,0.5656318372077566,0.34346757168583353,0.777262212068099,0.5080817292470059,0.3523773613497435,0.7515365441504874,0.5178003951522671,0.3736680456633784,0.7237902102504167,0.5859873491296759,0.19314306806722015,1.2449874538543795,0.7016423921363368,0.16860937194388803,1.0281004550120407,0.6119164665264538,0.2773249999693055,0.8375061992022812,0.5941837062576489,0.34340394396234064,0.8283659831101079,0.5193047254438701,0.3576792602880535,0.7609084142781399,0.5341011184285878,0.35026799478165327,0.7421643395275487,0.554588496624991,0.1
0.4355866698735263,0.8398276259278656,0.7166460013367777,0.4293003707694813,0.37429075874429407,0.7187277344356083,0.3899808907571127,-0.04588199672266982,0.7461043360450605,0.40434395230585973,-0.010589594602531574,0.5393435551495057,0.4542773719978578,-0.027448571716085765,0.5843985953988003,0.3727093575633793,-0.10685658144489826,0.8038457820261777,0.23986901946784472,0.8380191918123523,0.6877352827061507,0.21726080482954624,0.3857397686913274,0.6884373970800751,0.21510524016028512,-0.004205470325483032,0.6719601984802749,0.2516060473152423,0.009200196379753708,0.5050232272094929,0.19730869659685424,-0.005225317398208182,0.5284484328711456,0.22793002021969413,-0.08758896834249646,0.742612166418537,0.34184898127589175,1.3287499499470325,0.6998554150517782,0.35071270419938394,1.5768510323675673,0.664939009204635,0.3561371746735151,1.4638340784140875,0.6067224082855585,0.49579673190738016,1.2454863569209136,0.729345219682278,0.526304436617311,0.9761422908347369,0.7281401446133118,0.45622782006575363,0.8302394427760107,0.565888048753943,0.34500857418376496,0.7766571192773276,0.5078566904849813,0.3529178976036029,0.7512436326279143,0.5184559212988578,0.37423474563297787,0.7237646756134036,0.5853430387151612,0.19314554317230298,1.2451557926809529,0.7016117949596105,0.16861580223752554,1.028162208067853,0.6119884698560367,0.2773803694262189,0.8364401109459972,0.594317700550361,0.34387975484545735,0.8278386396178943,0.5194965844137789,0.3583367550288569,0.7606283484863635,0.5349908177829262,0.3507031022389602,0.7413559632343347,0.556730809715143,0.1166666666666666
0.43543833501074264,0.8399097991412232,0.7160859057489797,0.4293914076020272,0.37451730527196003,0.7188401272721092,0.38999356925335943,-0.04668094326009947,0.7474057148964639,0.4052234422552166,-0.008942415347089394,0.5372018477382069,0.4546562562490499,-0.028713906249883986,0.5862905402965181,0.3727370892419228,-0.10694677412747146,0.804004594749695,0.23997325282706927,0.8380185418778858,0.6876152106169123,0.21705764365168537,0.3852693321010502,0.6884352745591263,0.2151081162554405,-0.004187038349695332,0.6719529442677722,0.2518746235699211,0.007646079842310208,0.5072528494723454,0.19728795347813405,-0.005228742088432187,0.5284895427891377,0.2279824810024103,-0.08716472034070549,0.7424788492582373,0.3420133961160542,1.3279660375443592,0.699813698903739,0.3511091572949124,1.5765822852292033,0.667172873517913,0.35613219517096506,1.4637865735312021,0.6067640967069124,0.49549163516547645,1.2458043978161606,0.7278258391179193,0.5262408250088206,0.9753991079328254,0.7280327915628597,0.4562681255425768,0.8301053372476375,0.5660502389383844,0.346156465556651,0.7761867716409863,0.5076772112502614,0.3534205024719752,0.7511038838985649,0.5187832085080037,0.3746100451221082,0.723890440516088,0.5848585556301732,0.19314942528811188,1.2451686687002121,0.7016192129537113,0.16861166359784327,1.0282444310940249,0.6120316166904235,0.277313886211358,0.8356260858843021,0.5938016357836773,0.3440509235454561,0.8272327665516634,0.5196488648947355,0.35873598890423875,0.7604264513213504,0.5353741770079428,0.35111041563024914,0.7406975931711407,0.557886629485397,0.1333333333333333
0.4352221299138536,0.8399568183026735,0.715735827023159,0.4294310643498823,0.3746842406669676,0.718900157027462,0.38989576752120164,-0.04762779019198306,0.7490540681777718,0.4058262818738441,-0.007807405098161566,0.5357046151991811,0.45487323053788853,-0.02946902805227987,0.587424256518337,0.37275678454590766,-0.10701321331769437,0.8041202710417568,0.23997796065226534,0.8379338620796839,0.6876821533480988,0.21681442832551617,0.384745995391423,0.6884409059960713,0.21511181551625203,-0.004159935834433873,0.6719426313484914,0.2522321886130985,0.005569038666529233,0.5102321933086901,0.19728696575460322,-0.005277186072559087,0.5284816088612305,0.22804160685617123,-0.08656256208391888,0.7422085439390304,0.3425258014275745,1.3274218536664653,0.6988568711848558,0.35149557758598204,1.5763030161908222,0.6692894184789269,0.35617752410475567,1.4637228282987187,0.6070536721252306,0.49550751547665156,1.2457857321527548,0.7278142947997561,0.526188363833647,0.9748165017113729,0.7279513580112706,0.45618941097527976,0.8296696525310587,0.5657928609718875,0.34677012975866617,0.7759961868939234,0.5076058141404128,0.3537428822075062,0.751100387400172,0.5188445958412566,0.3746680340809966,0.7240636052420887,0.5845656743984387,0.1931560164756769,1.2451246779235072,0.7016367377199693,0.16860229040859254,1.0282929911890735,0.6120345056222469,0.2774938934427853,0.8350654734717133,0.5923821707426081,0.34406283806119764,0.8265170060946797,0.5198181949737678,0.35898349009306463,0.7601549183273362,0.5353752564096538,0.35168775774110084,0.7400026513112233,0.5583455049662414,0.15
0.4349539448153504,0.8399747401766692,0.7155658613175098,0.42942772763970793,0.37479874879825875,0.7189158984664383,0.38970645168129625,-0.04868357710868483,0.7509628094908858,0.4060474693093751,-0.007390551349938171,0.535132923339053,0.45492401140626104,-0.02967800437036648,0.5877369962526772,0.3727694762815575,-0.1070585659451649,0.8041978142860752,0.2399025333013466,0.8377783011437857,0.6878930688383784,0.21654328430442585,0.38418361824497793,0.6884513770678522,0.21511616296579672,-0.004125858231268903,0.6719297024378648,0.2525830893584276,0.003534279748252392,0.5131482795517075,0.1972945363075837,-0.005314373471381875,0.5284502590986659,0.228103329968135,-0.08580365438015788,0.7418072572240896,0.3433686501229422,1.3273764620690303,0.6969307933579245,0.35182336852306406,1.5760503799847714,0.6709968426592019,0.3562082436363371,1.4637472633606587,0.6072538604928148,0.4958111665333113,1.2454646577510784,0.7291663959364506,0.526151204809824,0.9744758785982182,0.7279193087374587,0.45594028664035924,0.8289729060604683,0.5648952905643246,0.3468414863123574,0.7761405801643952,0.5076632370263936,0.3538096133880204,0.7511850650120545,0.5187595299742025,0.37443051104149894,0.7241952569544624,0.5843951981241011,0.19316780746630063,1.2451395917160983,0.7016348829324193,0.16858896124843853,1.0283070742054883,0.6120174638080841,0.27812567042742437,0.8346798127620048,0.5901566099247602,0.34415835004819173,0.825687186577047,0.5201393171153212,0.3591251888658806,0.7597229144879436,0.5352076904887426,0.35245087642743733,0.7391861644022817,0.5585833918474907,0.1666666666666666
0.4346496699477242,0.8399696215276629,0.7155461047902261,0.4293897840981652,0.37486801353477534,0.7188954263538105,0.3894445878543002,-0.04980934360056946,0.753045352437708,0.40583003825124536,-0.007801516073178888,0.5356417478578394,0.45486820152868196,-0.029528910853055437,0.5875026145404485,0.3727761972550961,-0.10708549893948127,0.8042422278663618,0.2397663611322266,0.8375650077962301,0.6882049150264198,0.21625633704180164,0.38359606034424676,0.6884637734514111,0.2151209836271516,-0.004086500991771297,0.6719146002513249,0.2528384019370046,0.0020743461111425165,0.5152275083193952,0.1973006410559409,-0.005320904599781046,0.5284112342207358,0.22816358252545982,-0.08490915803744406,0.7412809958765879,0.34442843324957284,1.327936860241328,0.6943210856453415,0.3520196320696188,1.5758921894515254,0.671925034075141,0.35622406507045057,1.4638167553985706,0.6073143941557759,0.49631747502270646,1.2449322568516945,0.7314961934645265,0.5261304591817486,0.974385886554664,0.7279427795696456,0.45552689721505024,0.8281224816561488,0.5633586966175066,0.3465205801295287,0.7765666078668089,0.5078367419964134,0.35369278304938406,0.7513206891204871,0.5186077355794678,0.3741006351490149,0.7242603571800683,0.5842388303472703,0.19318826675110584,1.2452392011724576,0.7016075309730234,0.1685755433457446,1.028302482959325,0.6120069914541618,0.2791733784434851,0.8344506682002599,0.587452798306642,0.3444910759497017,0.8247642937802119,0.520734605486972,0.3591876707964298,0.7591189152886495,0.5350613732210113,0.35328776078095453,0.7383052074782617,0.5588184198016413,0.1833333333333333
0.4343251955434655,0.8399475191201088,0.7156466535995012,0.4293256203519145,0.3748992187454623,0.7188468154543503,0.38912914216086963,-0.05096612925799765,0.7552151106201394,0.4052049940532785,-0.008981781934121233,0.5371604718057065,0.4547902760589522,-0.029306758441011424,0.5871420215981397,0.3727779802727464,-0.10709667923023851,0.804258515166328,0.2395888345028188,0.8373071307630581,0.6885746498508905,0.21596571199103043,0.3829971813717637,0.6884751808236892,0.2151261025233932,-0.004043559567509208,0.6718977675043036,0.25293701215300823,0.001569844356247324,0.515914537028293,0.19729814615447172,-0.005305063299769319,0.5283712285819798,0.2282182967153034,-0.08390023386379548,0.7406357666596972,0.34555794368269843,1.3289929899982051,0.6914597601482475,0.35201636227461847,1.575889481133677,0.6717517367902426,0.35624905086597225,1.4637907973131168,0.6072874414056375,0.4968831365155738,1.244340302751888,0.7341352182718155,0.5261224896784839,0.9744513086639794,0.7280079181738377,0.45500742606279276,0.8272482726185937,0.5613310332919914,0.34615550598969025,0.7771370733090462,0.5081008401808533,0.353535597212454,0.7514772157118539,0.5184350954451682,0.3738724210438693,0.7242546947089903,0.5840959034533562,0.19321884264019315,1.245331033780994,0.7015803257836524,0.16856862159673022,1.0282895504249014,0.6120139486484534,0.2804679094927076,0.8344213411076294,0.5846592584544781,0.3450450899792066,0.8238334719856619,0.5215503137042847,0.3592324631612355,0.75839915752553,0.5350259507547311,0.35406282155037455,0.7375263924648562,0.5588190058399373,0.2
0.4339308910115402,0.8399241694132733,0.7158418583119045,0.42917665609268696,0.3749805460306298,0.7187663865780383,0.3886450069151975,-0.05268898213751261,0.7576499250462269,0.40424118938149367,-0.010799465724269833,0.53952182605815,0.4547392904128448,-0.02917170112059765,0.5868970514552426,0.3728069737516338,-0.1072106595113933,0.8044394593305897,0.23926277020727518,0.8369119154857976,0.6894192072830752,0.21550312089442172,0.3822491456161339,0.6884483669413423,0.21512944399841463,-0.004009077973890385,0.6718806875832758,0.2528607156290221,0.002143096919015819,0.5150356823324646,0.1972851055701259,-0.005281923312201647,0.5283327454944606,0.22819031179300434,-0.0826813737177931,0.7395427638327827,0.34660264860531953,1.3302848929534905,0.688790782799223,0.35181384164076773,1.5760437060214554,0.6705173558094056,0.35629527139423056,1.4635595772258625,0.6072052481565868,0.49734851037103645,1.2438561577378469,0.7363190924180256,0.5261211946030007,0.9745375046230071,0.7280899114393256,0.45448746458259714,0.8265007587014439,0.5590767876776827,0.3461839231763838,0.7777003761732066,0.5084157463505892,0.35342901739480115,0.7516247133712272,0.5182675734064185,0.37378365992177653,0.7241838712539588,0.5840323006453888,0.19325691113149263,1.245259601093746,0.7015985888749093,0.1685721285420569,1.0282737573339324,0.6120316752728093,0.28181583665147675,0.8345891469607001,0.5821522870709893,0.3457195316543653,0.8230612903536195,0.522288280890263,0.3593077554313514,0.7577251034625179,0.5349637146579265,0.35464497833904285,0.737054834381137,0.5582095250609227,0.2166666666666666
0.43361482719236366,0.8398177571285826,0.7160289973408838,0.4290980406009397,0.3749667161953424,0.7187123024964404,0.3881641527080062,-0.0540519853282003,0.7596907669126848,0.40303554015862764,-0.013067299892648626,0.5424880044476741,0.4547171378074413,-0.029118733623676646,0.5867725848278907,0.37279572878979583,-0.10717552590191173,0.8043707885423389,0.2390849275171468,0.8365275786572373,0.6898078869862714,0.21523434261880395,0.381501008063324,0.6884096547412547,0.21513336071538958,-0.003974485200024511,0.6718618840486368,0.2526382169698008,0.0036184028269793805,0.5128555827808887,0.19726520470890252,-0.005258698565506384,0.5282969711695569,0.22814321949532232,-0.0813524559194009,0.7382831076461723,0.34741261021327113,1.3315549340062436,0.686714578835613,0.35148199864991897,1.5763015429061609,0.6686294086840927,0.3563582712306001,1.4631119868230706,0.6070755775728252,0.4976159320341225,1.2435823359367593,0.7375580401310027,0.5261231156705767,0.9745731289251982,0.7281676854644576,0.454098916837821,0.8260198341651265,0.5570573800798524,0.34681989568336213,0.7781657010006309,0.5086632353253676,0.3533857312814083,0.7517302497516911,0.5181323757154361,0.3737666949921152,0.7240767631181293,0.5840572522667967,0.19329712480170785,1.24492013809087,0.7016961035088508,0.16858499638430308,1.0282583712664615,0.6120485395502695,0.2830114744831813,0.8348422510330116,0.5802673844859338,0.346376027390192,0.8225910250546287,0.522498486465049,0.3594187946634243,0.7573382035312035,0.5345567365811275,0.35492398127392255,0.7370390276327936,0.5568414243559041,0.2333333333333333
0.43339875864804145,0.8397001760302052,0.7161992052527819,0.42908285747920083,0.3748883837357579,0.7186756467365026,0.3877829795893981,-0.05487580889556802,0.7611682901305495,0.4018041302846618,-0.0153729333277587,0.5455207584363283,0.45470920370515533,-0.029093863595688108,0.5867038539683429,0.37276870609124485,-0.10707855026336821,0.8041995319865459,0.23901805424354075,0.8362192581585155,0.6896896056165566,0.2151543543620459,0.3809148748324046,0.6883586243809553,0.21513770689097872,-0.0039396195421667335,0.6718419636179761,0.2523389679281432,0.005551693523837498,0.5100239637680093,0.19724376249471137,-0.005235487649608864,0.5282672344499337,0.22810586834846033,-0.08007461957952683,0.7370896115703561,0.3478730533949296,1.3326266323482376,0.6855223693045539,0.351096961998554,1.5766051157871515,0.6665207456696645,0.3564260635456744,1.4625116758563248,0.6069039576081631,0.4976863915496943,1.2435171578751945,0.7378375027180604,0.5261285986070068,0.974566449742488,0.7282244814123504,0.453947220438611,0.8258678835462355,0.5558675696750399,0.34788044726323064,0.7785084660264424,0.5086006496377109,0.3533944592012812,0.7517566384848248,0.5180884719594165,0.373771713331311,0.7239720696797751,0.5841121534351745,0.19333410523489364,1.244320743312726,0.7018733807532949,0.16860369081961668,1.0282449680832777,0.6120583412736205,0.28383328785587636,0.8350300467106272,0.5792268545697556,0.34683530704017856,0.8224337908811619,0.521829446725318,0.3595510800040502,0.7574242160671295,0.5335715543580009,0.3548413114498101,0.7375143185152533,0.5548370326123094,0.25
0.43329843698733167,0.8396517921406271,0.716328052145863,0.42909682581263053,0.3748039393338862,0.7186463719248463,0.3875480077559778,-0.0552244671081302,0.7621280574411705,0.4008910164546477,-0.01706528240395211,0.5477569974589952,0.45470657052617974,-0.029068186933302,0.5866566532204094,0.37275095290808474,-0.10701108042955815,0.804082180512752,0.23899485522263902,0.8359904933436397,0.6892105041812326,0.215195548503853,0.3806114814140623,0.6882915223001244,0.21514214573198084,-0.003904959695514937,0.6718223097531826,0.25204658574601807,0.007407962504694873,0.5073137752695525,0.19722406813317225,-0.005210910695903792,0.5282493407839044,0.22809747662117608,-0.07896502167750942,0.7361342585352519,0.3479730497064658,1.3334142146699863,0.6852485501817827,0.3507079668799493,1.576914277392285,0.6644674217736508,0.35648645847368177,1.461849718707367,0.6067071132051978,0.49763007191321956,1.2435781249935935,0.7375387121046804,0.5261378242107063,0.9745496024241156,0.7282461112470549,0.4540658989878583,0.8259805429879064,0.5559259201657578,0.34898871608844106,0.7787144624265184,0.5080536831975401,0.3534506979115719,0.7516722680367138,0.5182228859153786,0.3737904031730902,0.7238932984311812,0.5841475207791202,0.1933642604817264,1.243548738674904,0.7021033640925571,0.1686250972680704,1.0282342354321972,0.6120597117533888,0.2841523960489677,0.8350867281042502,0.578995608460154,0.34693691932113824,0.8225038886147988,0.5202506654351389,0.35969398313609646,0.7579957909698276,0.5320233110278381,0.35444287926475404,0.738368357665731,0.5524940312418396,0.2666666666666666
0.4333095324199838,0.8397108620584179,0.716387620076969,0.4291134867534669,0.37475758795128006,0.7186261924415472,0.38744747230317944,-0.05525506812725714,0.7626657271442456,0.40061731914453513,-0.017543181174073774,0.5483912795939235,0.45470789747713936,-0.029036726620963543,0.5866193300046403,0.37274646891468577,-0.10698681294007722,0.8040481734783597,0.23900677954377314,0.835828118162039,0.6885223424720731,0.21528117287848816,0.3805727338241953,0.6882108706229959,0.21514615250060332,-0.0038717392441178777,0.6718044061041016,0.2518249911222704,0.008797923589023218,0.505283499668294,0.19720752704891115,-0.005178812983744244,0.5282470880865063,0.22810864878846612,-0.07800910935080929,0.7353911634232165,0.34784752281775594,1.3339428613583895,0.685571655619114,0.3503527368659585,1.577192848274116,0.6626562795337374,0.35652957625557935,1.4612214824760963,0.6065116987691763,0.4975128127923196,1.2436726568526142,0.737142532096187,0.5261477888486765,0.9745401174643923,0.7282330556533204,0.4544026013762299,0.8261847455302443,0.5572005583070521,0.34989334569013975,0.77877476378752,0.5071623832753558,0.3535372770547127,0.7514944433747651,0.5185414467279281,0.37381556986115094,0.7238392890681018,0.5841546096453571,0.19338633773593553,1.2427189379679457,0.7023488764723824,0.16864676143779678,1.0282266880941573,0.6120518213275341,0.28408185301651656,0.835054536640239,0.5792280161502514,0.3466665459829778,0.8227205647346091,0.5180474811302871,0.3598477594105477,0.7588965214208467,0.5301016131004057,0.3539093120589595,0.7393479293411157,0.550238208618715,0.2833333333333333
0.4333749454344465,0.8398658354489875,0.7163897809097376,0.4291248415254437,0.37475304345894855,0.718616583352234,0.38745365431607537,-0.05509921009232094,0.7628400743099298,0.4010997140369581,-0.016597425396220736,0.5471385543793418,0.4547139638259021,-0.029001706137881486,0.586582343695744,0.37274938041774563,-0.10698156825197255,0.8040596640708986,0.23908968639689127,0.8357395838587847,0.6877115473140991,0.21536148352617113,0.38066217089733767,0.6881306074108576,0.2151491581086316,-0.0038416457974754514,0.6717890206218794,0.2517044132555376,0.009558031949319798,0.5041670889394541,0.19719512952394885,-0.005130027051309924,0.5282595052385132,0.22811613286769022,-0.07712592255940781,0.7347253993458076,0.3476904368433761,1.334311866735631,0.6860054738937525,0.3500710761312091,1.5774011938082564,0.6612489208043184,0.35654926228792394,1.4607198146959806,0.6063432089655835,0.49735690336442895,1.243759859819074,0.736944389263698,0.5261539907901567,0.9745391617336321,0.7282039197966479,0.4548386329648777,0.8263138600555632,0.559230961754017,0.35055181698792914,0.7787210880886528,0.5062624080953948,0.35359599968984484,0.751342585187678,0.5188069859002109,0.3738365249139223,0.7237962050757851,0.5841395776372431,0.19340075723359973,1.2419502463388719,0.7025737476537733,0.168665279027851,1.0282225070823303,0.6120335633812681,0.28390543506706445,0.8350036698254194,0.5794983932242435,0.3462691798112819,0.8230405142849239,0.5156414296873638,0.36001410009898605,0.7599007905095209,0.5280505216446905,0.35347501804695125,0.7401678743235158,0.5485550475907032,0.3
0.43341102185333236,0.840086907342136,0.71636788651065,0.42913216636580387,0.37476706333397486,0.7186155751617919,0.3875561848020551,-0.05481948801604761,0.7626564927754558,0.4021345857105443,-0.014620722637483444,0.5445217647888759,0.45472198881447673,-0.028968531001123496,0.5865455577965722,0.37275478376242666,-0.10697665885189031,0.8040805219828283,0.2392739201677713,0.8357621671714772,0.6868146774718761,0.21543074594082479,0.3807531472628813,0.6880672327693412,0.21515060105628767,-0.0038168332090710716,0.6717765837682415,0.25167796139281134,0.009734297405014164,0.5038999195983908,0.19719167837459717,-0.005075995043024334,0.5282707618925311,0.2281042965501459,-0.0762674412243767,0.7340368996710364,0.3476142341450975,1.3345662128372993,0.6862399071570262,0.34989403495426463,1.5775141239556887,0.6603572605334065,0.35654681995573445,1.4604193288793772,0.6062168418277006,0.4972049517517295,1.2438216937302795,0.7370500957644353,0.5261540845277307,0.9745423185599814,0.7281790740130701,0.4552450757914813,0.8263172580592435,0.5614235865319044,0.35096112448435174,0.7785621319468743,0.5055918111324618,0.3535455677054222,0.7514004880211165,0.5185951612762061,0.37384983114194115,0.7237571913155763,0.5841093764090811,0.19340901409919622,1.2413554056106628,0.7027449384391076,0.1686759366236995,1.0282215055122723,0.612004832413726,0.28381913747743637,0.8349690537139443,0.5796029206553099,0.3461672598088161,0.8234116947405928,0.513452769661281,0.3601848416978264,0.760809839092802,0.5261383228954171,0.35327688375663924,0.740657453221402,0.5477665859831342,0.3166666666666666
0.43338474565162616,0.840349693083848,0.716351751533935,0.4291378364243572,0.3747787153931458,0.7186210629094685,0.3877691638178718,-0.05442909284438699,0.7620582140855211,0.4032473094429457,-0.01250922996304811,0.5417347641490301,0.4547240747596595,-0.028948559731578602,0.5865290064618701,0.3727600625948845,-0.1069665899257404,0.8040927935301951,0.23956647601802364,0.8359347923932818,0.6858472085396345,0.21551078462995737,0.380809641839805,0.688029625893295,0.21515016629836559,-0.0038000716409603286,0.671767590076308,0.251703390912005,0.009566364389120466,0.5041413954105962,0.1972156895211133,-0.005057318953277434,0.5282243675460816,0.22806935467921718,-0.07544158703894882,0.7333044765985606,0.34762450570462555,1.3346498771893218,0.6862376937871013,0.3498183989212692,1.5775456527437228,0.6599531818930477,0.35653311833267126,1.460335380509913,0.6061344081753866,0.4971998492768637,1.2437999219683094,0.7374383025071025,0.5261494189814534,0.9745459704046133,0.728167372697877,0.45553649720401757,0.8262342302931018,0.5633428937912311,0.35105074706698525,0.7782141318637086,0.5052282775907024,0.3533397542833956,0.7517868462441563,0.5176076437607138,0.3738574030064009,0.7237278833653253,0.5840736985584966,0.193414132601133,1.2410173855050324,0.7028375588968748,0.1686758607995716,1.0282236131438898,0.6119668800758807,0.28383437213756213,0.8349515070480963,0.5795772420649933,0.34665052218524606,0.8237243404816833,0.5118591722195474,0.3603423382085881,0.7614759908168234,0.5246552682078212,0.35327409297556084,0.7408523913392746,0.5477110563809471,0.3333333333333333
0.43335694298230965,0.8406474445072211,0.7163588028661804,0.4291436950639736,0.3747808531500099,0.7186306710965775,0.38813735280756956,-0.05388138640427312,0.7609395716981129,0.40395775270263284,-0.011166673805635255,0.5399719164380121,0.45471345944591274,-0.028954994665787576,0.5865586547094133,0.3727643865870621,-0.10695286931151507,0.8040932383024173,0.23996310040632057,0.836263364774583,0.6848263172189697,0.2156217227501025,0.3808618608681976,0.6880182985993699,0.21514799136114662,-0.0037933659707258816,0.6717620411767627,0.25173036790949777,0.009349128274906193,0.5044712369254541,0.1973012104117699,-0.00508925522016121,0.5280279689125569,0.2280131236926527,-0.07468629702058407,0.7325584303167494,0.3476869329406884,1.3345017997877475,0.6860853794386952,0.3498081230578819,1.5775381595576152,0.6598697212555215,0.3565225216482899,1.4603937893724173,0.6060842184298176,0.4975670116423141,1.2436362413242246,0.7378436271244395,0.5261442171890034,0.9745481820034222,0.7281661755757541,0.4556815696987149,0.8261151598200173,0.5647486221772392,0.3508195295044071,0.7775917215341274,0.5051846161781028,0.3529948655873914,0.7524863220091412,0.5158645208950016,0.3738628908923982,0.7237173399230575,0.5840401563298818,0.19341974232766682,1.2409398507712674,0.7028505972720297,0.16866709470598762,1.0282288562719932,0.6119222856000105,0.28388721600145755,0.8349418627822022,0.5795178269453063,0.3476777058166024,0.8238660638401009,0.5110670392804837,0.3604660716451836,0.7618059496448891,0.5238351229946061,0.35329851570428883,0.7409811785649413,0.5477249896028351,0.35
0.43342270031916924,0.8409991265148695,0.716398918296201,0.42915110291315256,0.3747760822134436,0.7186411899540859,0.388725523417959,-0.05301187334434644,0.7592443523506892,0.4040241492891111,-0.011047318969454725,0.5398259020601925,0.454692103600307,-0.028994133611147305,0.5866454123926546,0.3727685974549315,-0.10693754672334913,0.8040845160755282,0.24046639305528253,0.8367188042563587,0.6837792226952426,0.215769490717566,0.3809580567323565,0.6880309995976692,0.2151446074673905,-0.003795474056799475,0.67175899970829,0.25173548478208946,0.009233543113541506,0.5046753523213141,0.19745190596107534,-0.0051381648362312515,0.5276739275752044,0.22793804037854104,-0.07404491543776401,0.7318412793262027,0.3477712879019369,1.3341175911050778,0.685860769228061,0.3498490942586713,1.5775100338593864,0.6600570866993082,0.35652316000089035,1.460478961574069,0.6060467795059783,0.4984664069473533,1.2433554930475363,0.737790392031363,0.5261430549542411,0.9745479647336546,0.7281693671364677,0.4556964408869698,0.8260055218984752,0.5655144814235982,0.35048057403674426,0.776727463936422,0.5054450152575629,0.35256753571077254,0.7533930315527662,0.5136118151946969,0.37386921896502345,0.7237292726006679,0.5840092737890104,0.19342738329418593,1.2410201983006572,0.7028149974554078,0.16865431937683728,1.0282368929896222,0.6118752857294594,0.2839335054009341,0.8349332875461987,0.5794735244522617,0.3490239392587288,0.8238687821935244,0.5108964948624636,0.3605442306317058,0.7618070923459189,0.5236949206230951,0.3531923459855011,0.7412929890008867,0.5471331600232263,0.3666666666666666
0.43361203863644543,0.8414402950311659,0.7164771195795983,0.4291606461809349,0.3747704335210669,0.7186499309893097,0.3895444812641784,-0.05162720970433582,0.7571316598159389,0.4034550405212428,-0.012130978907649234,0.5412677135543774,0.4546691131390127,-0.029061208684025397,0.5867804502937327,0.37277423781681307,-0.10692127996334336,0.8040679933803511,0.2410812483641901,0.8372518536091431,0.6827324178709974,0.2159450060079659,0.38112032283032277,0.6880682628026291,0.21514064460619722,-0.003801693693456898,0.6717571201091525,0.2517244612125139,0.009204987500315842,0.5047758256605277,0.1975633598825203,-0.005221578695989965,0.5274136348991592,0.2278457517933726,-0.07355214087664358,0.7311823764664066,0.3478579605601262,1.333524311045367,0.6856028122167764,0.3499742152328393,1.5774363594129936,0.6607051570585478,0.356534158618247,1.4605228873525753,0.6060079411247636,0.49979143909764623,1.2430396863613704,0.7369368615558651,0.5261476001602949,0.9745436974520312,0.7281765314781221,0.45563968433930724,0.8259493368630728,0.5656676597887786,0.35032202327327694,0.7757629010025986,0.5059183876370401,0.35212587195395395,0.7543725396407537,0.511168812064741,0.37387720222073706,0.7237597271411117,0.5839802058576085,0.19343591747744904,1.2411186141303225,0.7027720809406122,0.16863994558181664,1.0282471734534455,0.6118313234204722,0.28396395477069314,0.8349240172702732,0.5794414173387441,0.35050783597838003,0.8239237020942991,0.5107999906301441,0.36058551677002254,0.7616169307554529,0.5239546300654454,0.35291215945218907,0.7418716337509069,0.5457198016817885,0.3833333333333333
0.43387039721788173,0.8419862216823544,0.7165838604360646,0.42917205252744645,0.3747680654255199,0.7186563805731843,0.39047726661013854,-0.0497729091858474,0.7549906851946373,0.4024316746309097,-0.014071881534691355,0.5438440513708231,0.45465242619849766,-0.029142905929991594,0.5869408895435368,0.37278183121926534,-0.10690466895143838,0.8040437444628398,0.24178121879654269,0.8378033145710345,0.6816971880772564,0.21612662522954657,0.3813105463488893,0.6881372274043851,0.2151363531540487,-0.003807072748686663,0.6717556054715504,0.25170962407081626,0.00920194254496777,0.5048543994374376,0.19744352633621312,-0.005459925574272384,0.5276959418204518,0.22773757855179017,-0.07321414162732012,0.7305886513870223,0.3479340054052288,1.3327600744059975,0.6853326598243721,0.3501950859430306,1.5773013464326997,0.6618803427548486,0.35654979450699986,1.4605249739733053,0.6059670313831805,0.5011663769431864,1.242749353666548,0.7352970760529873,0.5261554420084605,0.9745331818948182,0.7281927437222773,0.45557941990807427,0.8259601936270338,0.5654513583824524,0.35041026807244474,0.7748625234538323,0.5063796140472412,0.35173484597498617,0.7552876906892256,0.5088685492811695,0.37388753866076985,0.7237977885542558,0.5839662631543538,0.193443591704977,1.2411638953341158,0.7027430079670922,0.1686237210080499,1.028259008636889,0.6117959760208286,0.2839853637806089,0.8349186785882183,0.5793999459923771,0.3519897444235607,0.8242047538768146,0.5102343023867619,0.36061283964831314,0.7614216561161398,0.5242218410357721,0.35250978003339284,0.7426377629874514,0.5436920640068665,0.4
0.4341244784707071,0.8425933289974114,0.716701246143272,0.4291843287105051,0.3747679541833427,0.7186622007893734,0.3913409489255128,-0.04781656984974125,0.7531915851041067,0.40126778682205677,-0.01627826546881285,0.5467739222968467,0.45464365667852513,-0.029223830309490467,0.5870988719943772,0.3727904707302295,-0.10688942822307275,0.804015513734243,0.24249660968816655,0.8383190792363739,0.6806719663346749,0.21629080899792866,0.3814489208171417,0.6882465794478676,0.21513138807523863,-0.0038102922167964764,0.6717549621918083,0.25169573086132485,0.009190335333405728,0.5049443800396216,0.19695676647514893,-0.005959779990066916,0.5288325174306852,0.2276178210225781,-0.0729824618677203,0.7300547685714877,0.34799076617095726,1.3319018409769872,0.6850766397159117,0.35045234331681585,1.5771378908035276,0.6632580313559926,0.35656468929654916,1.4605083425875525,0.6059331273043971,0.5021941182673884,1.2425092369423112,0.7331301511966645,0.5261615697453428,0.9745162306457175,0.7282210153116141,0.4555488731832399,0.826002447235572,0.5651855089857895,0.3505488236939768,0.7741321218553268,0.5065492804577938,0.3514469708851158,0.7560065692695946,0.50704564069186,0.3739059456129903,0.7238211573560889,0.584015804809923,0.19344953812800764,1.2411659240930668,0.7027252181884246,0.16860644389430474,1.0282709803320096,0.6117740691383677,0.28400169304654216,0.8349240717185571,0.5793471482232878,0.35323709787578617,0.8247484765397903,0.5090017276529542,0.360648820498753,0.7613275878027058,0.5242865637083192,0.35206050755771123,0.743456772059577,0.541401001028716,0.4166666666666667
0.4343388582267383,0.8431632217355503,0.7168204327999642,0.4291960088511549,0.3747652726730446,0.7186689231890775,0.3920255091508716,-0.0461601992442591,0.7518608971388443,0.40030910254465824,-0.018101011839047776,0.5491951283738253,0.45463969986176533,-0.02929237415447225,0.5872307703060266,0.3727990387842373,-0.1068773307353913,0.8039912696694154,0.24315401192974118,0.8387653444476287,0.6796587883738985,0.21642641763792386,0.38146573580112053,0.6883913555310869,0.21512529184945486,-0.0038139486374246245,0.671756900162627,0.25168167812217873,0.009165936296102295,0.5050341389904923,0.19611599588961276,-0.006709107889002114,0.5307920486163101,0.22750042251999955,-0.07277766704820425,0.729613668890231,0.34802644379935205,1.3311225994764295,0.684873032509132,0.3506638525077398,1.5769988726026034,0.6643847396348284,0.35657751499676127,1.4604889852485479,0.6059178043493001,0.5026460350221673,1.2423293581577273,0.7307596583212894,0.5261609523717821,0.9744967332765793,0.7282585373308585,0.4555447503546051,0.8260128734961628,0.5650475313315936,0.3505496745663167,0.773595805573289,0.5063625190611067,0.3512898235449269,0.7564286062981102,0.5059701221468502,0.37394463873972134,0.723793499409122,0.5842089809225754,0.19345380528078554,1.2411556241470545,0.7027089971234545,0.168591993901492,1.0282807288471694,0.6117695999593248,0.2840111106734723,0.8349361736138561,0.5793302239065409,0.3539496912290158,0.82548443177568,0.5072377429876956,0.3607123401911098,0.7613372726222822,0.5241798413452718,0.35163488823624783,0.7442018519643845,0.5392008234284139,0.4333333333333333
0.43451653479924446,0.8435773352499529,0.7169360038575188,0.42920548946897424,0.37475639076998224,0.7186748309366982,0.3925232807789278,-0.04494870137197693,0.7509328449127629,0.39977247542138816,-0.01913552162057025,0.5505671996208482,0.4546384608404759,-0.02934127362599341,0.5873186860017723,0.372806926908612,-0.10686824477609275,0.8039762612874604,0.2437136880412373,0.8391296665164523,0.6786734967786868,0.2165357958711469,0.3813288285684487,0.6885519702562058,0.2151180362712037,-0.0038208268097754128,0.671763134241911,0.25166742258945174,0.009136027275096853,0.5051018926284049,0.19504378860175414,-0.007601454406150718,0.5332955232826115,0.22741136216238408,-0.07258488077904401,0.7293730755735078,0.34804821022118765,1.3306781614266445,0.684761492255559,0.35078108094291316,1.5769189052891701,0.6649871962410887,0.3565905174528912,1.460472155421319,0.6059276552918655,0.5024597568613336,1.242208253132119,0.7285117197872039,0.5261513255645531,0.9744812995338005,0.7282981261807366,0.4555592543369305,0.8259290463143352,0.5650644871991568,0.35043074266314334,0.7732818386965044,0.5060607592811917,0.35124937443248394,0.7565468754725366,0.5056830545207446,0.37400350975578195,0.7237037050415119,0.5845525952730667,0.1934570647823478,1.2411502638908927,0.7026889742945787,0.1685858956899821,1.0282856054478422,0.6117853812699887,0.2840157001561617,0.8349286264136346,0.5794388376496131,0.35400071821299683,0.8263010929490581,0.5052054096503705,0.3607981476448188,0.7614219711356722,0.5240023261582049,0.35129960475306155,0.7447795356834827,0.5374322831653314,0.45
0.434674232759629,0.8437342487857743,0.7170365132639107,0.42921148276621685,0.3747415465293491,0.7186753625662927,0.3928516931892496,-0.04410845558058178,0.7503315191984179,0.3996609493106126,-0.019378753246555094,0.5508860426402056,0.45464186681059704,-0.029365335331368092,0.5873516116025704,0.37281364087587154,-0.10685989502243856,0.8039682689233595,0.2441659027199879,0.8394123362915281,0.6777423274851619,0.21662344252536367,0.38104417430581305,0.688713221139042,0.21510986048213623,-0.0038309494560011537,0.6717739758746535,0.2516560803610243,0.00910542705836738,0.5051430817035936,0.19390047186301193,-0.008508455887332053,0.535978035113683,0.2273729811074607,-0.07248086988884286,0.7293992075247645,0.34806999214023704,1.3307519865527284,0.684755432886385,0.3507898184773864,1.57691082216539,0.6649781100308048,0.3566024481914221,1.4604579704366492,0.6059555638563432,0.5017087658383268,1.2421381339678002,0.7267268320435559,0.5261341985678292,0.9744748709318137,0.7283328692655237,0.45559714541187,0.8257438473387579,0.565246168222442,0.35029429244854315,0.7732823042372461,0.5059099488220217,0.3512672575142348,0.7564834435130727,0.5058941065658035,0.3740383780004739,0.7236380364390674,0.5848146500460821,0.19346017423178324,1.2411542108631852,0.7026655825292897,0.16859160220610914,1.0282845629435782,0.6118192196237049,0.28402918802037413,0.834866144585066,0.5796948560513294,0.35360269373582437,0.8270973874799501,0.5031506795740893,0.36083726952012407,0.761565929549489,0.5237869415797113,0.3511072789438394,0.7451410651926584,0.5363746323930217,0.4666666666666667
0.43482139781419327,0.8436031881466494,0.7171170561408291,0.42921352016831715,0.3747227783680879,0.7186678512549731,0.39299837795897147,-0.04355109490502107,0.7500734754999796,0.3997995083874268,-0.01915727088579161,0.55059154800808,0.4546508465867774,-0.02936236398484242,0.5873341437976848,0.37281842893820233,-0.10684942038421273,0.8039614554852652,0.24451164756847943,0.8396190608412664,0.6768936798257006,0.2166899232967352,0.3806403945446883,0.688872108132518,0.21510106677722968,-0.003841829958031215,0.6717877923760511,0.2516497317742953,0.009073449872777084,0.5051761989389614,0.19284721036433022,-0.009330754084448292,0.5384593043203618,0.2273783371994142,-0.07251400490839668,0.7295583977414105,0.34810634270078344,1.3312914828033802,0.6848218785337906,0.3506907894768023,1.5769763902494243,0.664355198027246,0.35659827999061455,1.460447635061499,0.6059769407934785,0.5006148756496034,1.2421309812086951,0.7257097430182662,0.5261135675465909,0.9744774708424077,0.7283612486083503,0.45565689311647684,0.8256023335419492,0.5655655635726456,0.35011670932519157,0.7736228967195793,0.5059723224196921,0.35127915192000403,0.7564043405393618,0.5061786106387628,0.3739706699467082,0.723764985433496,0.5845758492498419,0.1934636412603879,1.2411621923815996,0.7026431783504589,0.16860735735073284,1.028280113808403,0.611859794058776,0.28406155820324563,0.8347561204961826,0.5798854694141716,0.3531461612106232,0.8277953121487457,0.5013313710076954,0.3607168678866083,0.7617516275499592,0.5235105965178315,0.3510719183015951,0.7452832213917204,0.5360957064251489,0.4833333333333333
0.43495205814953175,0.8432535578635807,0.7171816261525229,0.42921193755068043,0.374701140756528,0.7186537679853702,0.3929367616510539,-0.04324882786883681,0.7502300804878261,0.3999721578457488,-0.018869575273485026,0.5502174517608228,0.45465959712871257,-0.029335939382188023,0.5872855608277333,0.37282039588501875,-0.10683561305753705,0.8039526722659969,0.2447517140273684,0.8397569722911049,0.6761539686592978,0.2167340642248778,0.3801478388799903,0.6890290674024662,0.21509241406629173,-0.0038505101085994364,0.6718021285363327,0.2516449355326055,0.00904494137394167,0.5052200992502737,0.19202914569451246,-0.009997157798514122,0.5403715899628397,0.2273945039325938,-0.07262628638340426,0.7296183336664162,0.34816294605152387,1.332055781875421,0.6849061909389351,0.35049904827573664,1.5771079012373876,0.663202195935569,0.3565495434986839,1.4604451103015923,0.6059613343745079,0.4995191455208363,1.2422311982839374,0.7255313131627801,0.5260949899336296,0.9744852051513706,0.7283851980644515,0.4556958507182207,0.8257865208402535,0.5657815827072286,0.34977970639436007,0.7741481568030277,0.5061650558848929,0.3512631979060674,0.7563898968247742,0.5063029366350357,0.3737475551967494,0.7242058289988047,0.5835446080445291,0.1934674868471264,1.2411549394019676,0.7026305383537501,0.16862774039329378,1.0282768337420127,0.611890850690916,0.2840825145385489,0.8347022133294669,0.5796139992575642,0.35284938977135244,0.8283078163993393,0.5001244225069297,0.3603668942850482,0.7619459448845359,0.5231714189761341,0.3511351534850546,0.7452693161093072,0.5363353745546481,0.5
0.4350526635312743,0.8427901885068362,0.7172258032846115,0.4292069963726088,0.3746764296212061,0.7186366395026383,0.39268110995156263,-0.04318930827537973,0.7507991880853998,0.4000665941497745,-0.018718904917438522,0.5500273127594891,0.45465955843155664,-0.02929784654725702,0.5872286676629536,0.37281899023532167,-0.10682047028928882,0.8039423498692672,0.2448836718891948,0.8398284059261978,0.6755516048330182,0.2167549027107178,0.37959038763243036,0.6891833863898342,0.21508515228489458,-0.0038559836611305465,0.6718155338767651,0.2516324211720172,0.00905259808050965,0.5052557534744426,0.19153843071697274,-0.010429369079413303,0.5414532700392546,0.2273984040314726,-0.07273873206484721,0.7295027190528428,0.348229176082968,1.332823718833596,0.6849798861134655,0.35026485608112734,1.5772772971759363,0.6617994365721457,0.3564505759324182,1.4604536516726918,0.605903086296945,0.4987655261608754,1.2425018914772934,0.7258822899801174,0.526084763774853,0.9744937684799739,0.7284033934718275,0.45563337058111464,0.8265005251307308,0.5654507088003632,0.3492419161141208,0.7746324153242886,0.506376574954899,0.3512389897417632,0.7564223236904102,0.50627920596927,0.37337828749310054,0.7249507741788123,0.581752016237777,0.1934713975887915,1.2411005319255746,0.7026401320723739,0.16864812080351055,1.028276950928475,0.611903012881046,0.284017332564143,0.8348885395077542,0.5786167939027564,0.35256706960930473,0.8285445429282626,0.49988498360226374,0.35980423008890133,0.762116470877304,0.522809031774097,0.35115567800946057,0.7452255239553431,0.5366543398276461,0.5166666666666667
0.4351147477263229,0.8422618275186772,0.7172392123101778,0.4291980877606091,0.37464933437148606,0.7186206082801214,0.39230895547890815,-0.04336777186351584,0.7516551900728428,0.4000881028971549,-0.018691307001383786,0.549990135948176,0.45464909993374103,-0.029272144064982783,0.5871927073641429,0.3728145324087691,-0.106807836978726,0.8039307102185517,0.24490238894776017,0.8398184433989215,0.6751259386554518,0.21675141407291007,0.3789835564824135,0.6893340519604393,0.2150802275095394,-0.0038597813474056247,0.6718277316899641,0.25160160121429076,0.009160966782724808,0.5052102160070087,0.1913467055232249,-0.010587549765160256,0.5417404408540473,0.22739478895200133,-0.07284536287730428,0.7293309765657306,0.34828110237916043,1.3334880899244215,0.6850498273883394,0.35007697364316126,1.5774294316167945,0.660640053772134,0.3563763629118061,1.4604708053139912,0.6058463614816185,0.49851858582696196,1.2429899647077713,0.7262924263640383,0.5260871279730033,0.9745003690044292,0.7284117042193445,0.45541408183463994,0.8276829662152475,0.5642883304980899,0.34857894781182647,0.7749349218532597,0.5065161218922638,0.3512335189581399,0.7564629076888091,0.506192810492573,0.37291560910596877,0.7258941470922526,0.5794583981354438,0.1934744718489833,1.240991653087349,0.7026751575778553,0.16866621956974684,1.0282786112437947,0.6119001632628362,0.28380159170869657,0.8354746791985769,0.5769536604277131,0.35196176525060086,0.8284635919409097,0.50062326709655,0.3591025904342058,0.7622527117616045,0.5224615742033384,0.35097348818202057,0.7452620208123945,0.536742393176324,0.5333333333333333
0.4351388832307945,0.8416593506444807,0.7172243435449432,0.4291846901607097,0.3746260027365916,0.7186094126728733,0.39192245637599293,-0.04382557696533314,0.7526486055049596,0.40007856348241677,-0.018709686185981955,0.5499972546284132,0.4546389452609024,-0.02930014450966928,0.5872293554970037,0.3728081513196156,-0.10680082849392353,0.8039165168707413,0.24480321263929508,0.8396850238032214,0.6749277350681249,0.21672185711376946,0.3783294165096794,0.6894782379154414,0.21507805931570845,-0.003864042076340918,0.6718383746112421,0.25155450790755435,0.009393732795050652,0.5050040305591628,0.19131065978060385,-0.010575652092789545,0.5416506546523374,0.22739988695162128,-0.07298989924340188,0.729247490113835,0.3482934601587183,1.3339935433192098,0.6851322592507376,0.35000549208105913,1.5775059461011594,0.6601229348255633,0.35647343541023513,1.4604848523181968,0.6058640118222346,0.49864777398998184,1.2436734978302646,0.7265098320469834,0.5261019439820871,0.9745031126785946,0.7284091062194769,0.4550723557201896,0.829042723992346,0.5625017352236501,0.34790755287430597,0.7750176545714414,0.5065333281050857,0.3512631514485265,0.7564946802220412,0.5060936116540949,0.372425583150182,0.7268982506179478,0.5769957360363681,0.19347441543275645,1.2409049641465242,0.7027114930901711,0.16868020424445734,1.0282787514456935,0.6118926735976212,0.2834301518461675,0.8364903536685895,0.5748944730932123,0.3508612329333915,0.8280503909789179,0.5020263735533519,0.3583555460243013,0.7623644905581886,0.5221417489787823,0.35051200536755345,0.7454124031754915,0.5365359467191213,0.55
0.43513152182891535,0.8409738671310452,0.7171962129745991,0.42917007320032236,0.37462354442723017,0.7186049526969042,0.39160566355963483,-0.04461355726442559,0.7536817275310372,0.4000637538611771,-0.018731500349766797,0.5499958460312943,0.454648111863748,-0.02943373912871479,0.587409148223527,0.3728011751322829,-0.10680233663947641,0.8039010725474228,0.2445885687973882,0.839383359140986,0.6749873425477595,0.21666400854860637,0.37761224219031625,0.6896080164085776,0.21507919785899557,-0.0038700722012462857,0.671846375068749,0.2515245087366875,0.009599916452944765,0.5046962067963433,0.1913400234513527,-0.01056719757492637,0.5416501557281252,0.22742400539058963,-0.07319786056742085,0.729304969337684,0.34825175541093745,1.33429104916702,0.6852364864584819,0.3500372626868337,1.577484444684694,0.6601984932434527,0.356860159179088,1.4604736028852185,0.6060020352486952,0.4988676952831361,1.2444535049248802,0.7265621738433989,0.5261252600434536,0.9745004800073451,0.7283988339261477,0.45471994595705695,0.8302159664913817,0.5606797134777154,0.3473288083303518,0.774885359577085,0.5064220168302782,0.3513367615234463,0.7565147619989377,0.5060018615081121,0.37197373061904804,0.7278238570473031,0.5747017563057233,0.19346786963979273,1.2409855557279348,0.7027043829638057,0.1686874762469977,1.028276082926821,0.6118875811186109,0.2829489862387459,0.8378298023200631,0.572751268123284,0.34936274051489935,0.8272659816715314,0.503787483056369,0.35766113170574243,0.762458210905344,0.5218636258886098,0.3498205806507525,0.7456508484344742,0.5361163557084079,0.5666666666666667
0.4351009406099926,0.8402214257822856,0.7171669209957888,0.4291662919817737,0.37466472055440186,0.7186078472039783,0.39139094133457997,-0.04565476845822683,0.7546685257026344,0.40004532719182195,-0.01875945770318116,0.5499976074280549,0.45468254713167133,-0.029670993250623792,0.5877275057918014,0.3727944695100485,-0.10681603377773224,0.803890364369608,0.24427821660884314,0.8389351191792075,0.6752398641227054,0.21657833553874162,0.3768064948099751,0.6897089742536249,0.2150841112457805,-0.003878873468134786,0.6718504927562043,0.2515680965883641,0.009439653444317436,0.5046260588875751,0.19152314988181807,-0.010580321609964902,0.5417391060721889,0.22746898795617784,-0.07345514844664709,0.7294868071043427,0.34815958701187716,1.334373978894865,0.6853637632685361,0.3501008978497741,1.5773968761692072,0.6604891594308616,0.357532779286756,1.4604109670928487,0.6062467235144893,0.49899916684843204,1.2452025305720864,0.7265558016228895,0.5261508455498428,0.9744921580144342,0.728385614716325,0.4544670727646709,0.8308960427915755,0.5593811302784373,0.34692004425299483,0.7745544448174296,0.506212060537497,0.35146018416126923,0.7565215558847092,0.5059366177412631,0.37162044280132156,0.7285441526240967,0.5729027572956158,0.1934527022981457,1.2413374205775964,0.702620563270426,0.16868709498451,1.0282706461037767,0.6118880449532386,0.28242159763294766,0.8393215198329886,0.5708237062169433,0.34763320655576446,0.8261039633391012,0.5057172578959874,0.3571133387263971,0.7625184329081355,0.5216704677396925,0.3490489460146353,0.7459260372348656,0.5356010248278633,0.5833333333333334
0.43505237728611235,0.8394264962702468,0.7171378846111558,0.4291958091034806,0.37475707955094334,0.7186192551094697,0.39123014283254653,-0.0467029402932657,0.7555050493262883,0.40000760516940426,-0.01882587916983053,0.5500523116500853,0.45470626368541966,-0.02985002383107284,0.5879474112117878,0.3727879842228917,-0.1068402949667792,0.8038902669092309,0.24391763768525512,0.8384542965907137,0.675485823217228,0.21647409400104461,0.37592071109731023,0.6897675654502053,0.21509204407814575,-0.0038917311751640316,0.6718510321593739,0.2517204866450268,0.008611758110941933,0.5052374255520167,0.19200560530774885,-0.010445118854190333,0.541452892145425,0.2275340573719767,-0.07373496659149077,0.7297832394649386,0.34803745422850024,1.334318528925145,0.6855089514863708,0.3501435383757188,1.5773333427477922,0.6606895318954809,0.3583407302051953,1.4602989138522848,0.6065343950998299,0.49903236319430555,1.2458012652328723,0.7265481689653173,0.5261722358944004,0.9744802901815699,0.7283731753746381,0.4543704166091814,0.8309017224831026,0.5588957397097648,0.346738032663614,0.7740810464663974,0.5059621462823939,0.3516147855811249,0.7565148501294063,0.5059187580770642,0.3714097848724055,0.7289800904586909,0.5718450726091238,0.19342996468481732,1.2419535759709097,0.7024577263697664,0.1686830315046548,1.0282625945110733,0.6118986158552091,0.28191074893924317,0.8407820030804274,0.5693964177545654,0.345804915291824,0.8246541154813909,0.5076150643376819,0.35678181007128607,0.762520028887107,0.5216098727425468,0.34836956334373836,0.7461881712682625,0.5350847840573572,0.6
0.43498466640873185,0.8386106332364328,0.7171045188280658,0.42927926637607455,0.374887869076562,0.7186389902511442,0.3910450695997171,-0.047531052417795996,0.756109289423645,0.3999370867890598,-0.018957053625688697,0.5501988509693361,0.4546509466616899,-0.02967923127401917,0.5876457688663258,0.3727814183949495,-0.10685272147624073,0.8039001367216332,0.24357363453012984,0.8380617636157941,0.6754922885160801,0.21637337077270583,0.37505330165755524,0.6897860852453017,0.2151007259987481,-0.003907659853617129,0.671850685101768,0.25196236212790313,0.007170591033433274,0.5066116116979689,0.19281913952622995,-0.009997778347745442,0.5403768807862227,0.2276255524731635,-0.07405482189325628,0.7302576614551758,0.34791212928848136,1.3342384406682926,0.6856615020739878,0.350152865023528,1.5774170727941383,0.6606884487431178,0.35904696921670665,1.4602098775943526,0.6067877042220289,0.4990183095888431,1.2461588445021219,0.7265477049814897,0.5261854767270996,0.9744696384046594,0.7283627584429988,0.45444346680468106,0.8302081779880963,0.5593015332426352,0.3467875528402582,0.773591545453167,0.5057504564074791,0.35171640827684236,0.7564985070111079,0.5059539899207248,0.3713431334801898,0.7291606493571737,0.5715410303189921,0.19340357331341315,1.2427482605111975,0.7022381924539001,0.16868250970114113,1.0282533070102742,0.6119257886864781,0.2814786731378166,0.8420166196860225,0.5686792093112024,0.3440631640039583,0.82306179435115,0.5092070270883734,0.3566698423332326,0.7624591788434985,0.5216761937387839,0.34784466699827066,0.7464159451160248,0.5346019713641478,0.6166666666666667
0.43489270811464553,0.8377970592306812,0.7170639521073039,0.4294054714907888,0.37503389565940987,0.7186574714007467,0.39081549616130556,-0.04814217881556901,0.7564777143151659,0.39986966806969043,-0.019083530107160573,0.5503475113171782,0.4544688927461971,-0.028947608096304603,0.5865272012777484,0.3727757941794514,-0.10679705549293336,0.8039104627665841,0.24330230980436107,0.8377950948710928,0.6751632774123569,0.21630702790214165,0.37436389297983647,0.6897820570355403,0.215106459816361,-0.003915286710122118,0.6718523619695058,0.2522318543049001,0.00561484705292685,0.5083192687935683,0.19387146662965932,-0.009214462421581651,0.5384741699238668,0.2277579841078906,-0.07451261235201931,0.7310437661075526,0.34780572584855535,1.334196421262984,0.685804508094326,0.35012991297269913,1.5777314076572875,0.6604520553371416,0.3594460582028038,1.4602660514285213,0.6069508444975322,0.4989931576677051,1.246258302172823,0.7265490519178194,0.5261898515987353,0.9744655905978523,0.7283544440803339,0.45467287010139246,0.8289915326943073,0.5605426785536567,0.34695896221722866,0.7732473224380356,0.5056535230846374,0.3516305634974639,0.7564751902883939,0.506024080951132,0.37136756262964443,0.7292050464980078,0.571700100271173,0.19337825580862963,1.2436113164696518,0.7019959445103373,0.16869014411188993,1.0282457372787652,0.6119717614277544,0.28119279731333563,0.8428173926235565,0.5686514692807791,0.34267024782408484,0.8214811225889442,0.5102329604435536,0.3566963954619932,0.7623633358675117,0.5218004640945115,0.34738574030533753,0.7466198557485755,0.5341370645471506,0.6333333333333333
0.43476997996305927,0.8370197077349052,0.7170143205485557,0.4295187116546798,0.37514717791940094,0.7186526975100854,0.39056133082037364,-0.04873675470454797,0.75670058891442,0.39991431217647677,-0.018992496816714402,0.5502174670350971,0.45416336279081215,-0.027665858189783718,0.5846253613321264,0.3727731657906254,-0.10661391918228805,0.8039102548568097,0.2430942872132611,0.8376166341147345,0.674610132461861,0.21629630692808482,0.37395900491441475,0.6897668065926853,0.21510379576429592,-0.003884893102430828,0.6718552519472988,0.25245853731450274,0.004556278361685789,0.5097848263052102,0.19501542977631425,-0.008189812890156384,0.5360019296792189,0.22794023394052348,-0.07521102688438813,0.7322252432175314,0.34773205143386576,1.3341881245248843,0.6859174288064799,0.3500815721582463,1.5782603859674744,0.6600170926703142,0.3594362115411489,1.460550614034301,0.6069950036492278,0.49896909793454103,1.2461948559429301,0.7265567250742855,0.5261867472993358,0.9744704438100436,0.7283493837674331,0.4550025345609806,0.8276421855769323,0.562349167836308,0.34704166360067024,0.7731559113888058,0.5057206188553374,0.3512603092452661,0.7564392426672202,0.5061015061022531,0.3714216399562046,0.7291428917292196,0.5719562413541237,0.19335783425702127,1.244428842053726,0.7017679673858088,0.1687037113735251,1.0282412010632989,0.6120209653689008,0.2811215407243447,0.8430454013636549,0.5689742806907919,0.3418495981306345,0.8200496920741176,0.5106164659102743,0.3567661083302535,0.7622645974592426,0.5219220620964977,0.34689855388947677,0.7468205499699293,0.5336813070428277,0.65
0.4346082477844337,0.8363325069497565,0.7169486081439151,0.4295557184684478,0.37515903966515146,0.7186069333683694,0.39027726445076305,-0.049502885642736985,0.7568941198031535,0.4001534818687714,-0.018521194313192324,0.5495902999054113,0.4537730132456423,-0.026017480957386277,0.582213879918713,0.3727735907783807,-0.10632438620102272,0.803902274576797,0.2428575808337192,0.8374645733921544,0.6740723473011354,0.2163279897390523,0.37382029381680787,0.6897330846041692,0.2150891668051443,-0.0037835180850111505,0.6718509691583195,0.25258751667599805,0.004298239928802794,0.5106286985722412,0.19609065618636828,-0.007072923732736894,0.5333277336662422,0.2281710820570113,-0.07614167592426119,0.7337378927129983,0.34769543312888607,1.3341895320737625,0.685987247851811,0.35004243296061993,1.578895521511547,0.6596122664530405,0.3590166431271701,1.4610557631806027,0.6069128612082806,0.4989434860181507,1.24612331833887,0.7265833372679265,0.5261795526136339,0.9744776233482911,0.7283503313030587,0.455319252931097,0.8265864054295893,0.5641673740413773,0.3468699818449955,0.7732951511599472,0.5059623308707841,0.3506036136413867,0.7563889227487353,0.5061661294196166,0.3714926693875559,0.7288015724022552,0.5721798549895555,0.1933452943280703,1.2450879025783383,0.7015887695021561,0.16871323206865652,1.0282367419784828,0.612018357412811,0.28130452331910516,0.8427528361027115,0.5692005675158226,0.34164858107583396,0.8188570140185444,0.5105663407563741,0.35685981967465685,0.762171631977715,0.522051994222091,0.34638279498966273,0.7470316210517255,0.5332661625221772,0.6666666666666666
0.43440553779743535,0.835786249365123,0.7168560070657166,0.42949150093717237,0.37501322215450006,0.7185359396751073,0.389945818870319,-0.050474011449663125,0.7571130673496861,0.40052565923484734,-0.017789583977623313,0.548616918160341,0.45335092091882645,-0.02425608112880341,0.5796514170763807,0.3727735457507622,-0.10605542897507444,0.8039046000555149,0.2424739871481359,0.8372654565571725,0.6737785889484196,0.2163553152863,0.37382556158647223,0.6896589085854785,0.21507151219745288,-0.0036218808365561517,0.6718289473171367,0.2525894858271876,0.004812436976510959,0.510692907401573,0.1969413138909875,-0.006025932628260303,0.5308350365744366,0.22844347501800874,-0.07720384684075682,0.7354226269256648,0.34768901212797454,1.3341888940551914,0.6860174705258824,0.35007456775234835,1.5794952295674751,0.6596243123218164,0.3582881836219289,1.4617072537458757,0.6067353656717793,0.4989104025558379,1.2461491451062678,0.7266349719369188,0.5261736106353964,0.9744644589056377,0.7283633919164718,0.45549682961168186,0.8259906950343383,0.5653892497796082,0.3464443988537478,0.7735229110565167,0.5063590545991336,0.34975036800933557,0.7563615618093906,0.5061926810320418,0.3715938702406767,0.7280338898561098,0.5724676546939724,0.19334310783776376,1.2454989082183652,0.7014829842669158,0.16870350725684413,1.028226639017134,0.6118729012026805,0.28167727344943616,0.8421617865461593,0.569102374802358,0.3418924174132842,0.8179592416777568,0.5104231206795944,0.3570020431277311,0.762083923165628,0.5221979147459904,0.34583406126337435,0.7472495910114018,0.532939237952039,0.6833333333333333
0.4341839638011022,0.835367893415602,0.7167284842994697,0.42934660549331516,0.3746499244358638,0.7185077261315767,0.3895780477321665,-0.05152623342889563,0.7573272079157869,0.40088235362891006,-0.017089244329826517,0.547680043283732,0.4529565296041335,-0.022643357213253015,0.5773056708438057,0.37276888144218,-0.10594415783543873,0.8039348276326035,0.24187881616693827,0.8369234058879798,0.6738579921872598,0.21632623757913638,0.37382099758869386,0.6895210162677378,0.2150796211955955,-0.0034808153913352263,0.6718001643629808,0.25246586561392964,0.005952867129888434,0.5099513577287408,0.1974483367838239,-0.005201451799525206,0.5288885190490484,0.2287226374218795,-0.07829510746346151,0.7370641665597105,0.3476986108955037,1.3341874784613545,0.68602314132855,0.35022628326091904,1.579948134840613,0.6603481115279195,0.3574576938231777,1.462406181503723,0.606542176112227,0.4988698080235191,1.2462735549034873,0.7267013368750799,0.5261737188979149,0.9743966350395462,0.7283975653308685,0.4554965582614202,0.8257065127900188,0.5657601846388427,0.345914283566679,0.7736902021131349,0.5068228119838893,0.34887305265907803,0.7564433971193297,0.5061109162612577,0.3716812371994439,0.7270510419896856,0.5727728851770664,0.19335165265375173,1.2456474558491386,0.7014516684723003,0.16866686320744767,1.0282059442592446,0.6115728351048174,0.28199266880112295,0.8414795273937077,0.568726831701011,0.34228583504572047,0.8173857710564417,0.5103746776533026,0.35713416287546074,0.762033372964028,0.5222353271425382,0.3451613310923047,0.7474384519132888,0.5326790670230477,0.7
0.43398840286494156,0.8349734870292735,0.7165653178811399,0.4291636077861455,0.3740139439126333,0.7186140788923914,0.38921027430209615,-0.05247570017440126,0.757451180439663,0.40112096823388976,-0.0166141937315141,0.5470559346931689,0.45264759832987295,-0.021409515987443437,0.5755062128030061,0.372758382971077,-0.1060491765475072,0.8040012657773049,0.24109885260235045,0.8363573045443061,0.6743261983164153,0.216204302516993,0.37372269019702176,0.6893283444699425,0.21514636215750282,-0.0034705537987342744,0.6718064628612463,0.2522551361989278,0.00748811304894674,0.5085173834320897,0.1975959825407211,-0.00471403641221084,0.5277654851288721,0.22893353067997316,-0.07933595492851558,0.7383941847937608,0.3477112388347683,1.3341887916756259,0.6860199945348726,0.3505026785513966,1.5801903355488651,0.6618364922208584,0.3567666190060802,1.463051557694103,0.606423299701548,0.4988281246478014,1.2463958360180565,0.7267534890258498,0.5261794802816826,0.9742742698759813,0.7284426724468448,0.4554321090843761,0.8255044177113984,0.565505530646282,0.3455162710041464,0.7737456945620862,0.5071044210376959,0.3481757124273899,0.7566939097733316,0.5058086949145351,0.3716440151584153,0.7263547798606446,0.5726347649944421,0.19336749446029727,1.2456250282882309,0.7014650998560883,0.1686239271796094,1.028176003383535,0.6113644205361033,0.2819056195906148,0.8407575677709036,0.5682754325545666,0.3426118919729315,0.8170920926121311,0.5104066119004236,0.3570998798905103,0.7620887511527153,0.5219660619836928,0.34429530949573284,0.7475538856637343,0.5322852228911931,0.7166666666666667
0.43383360514904906,0.8344649133492267,0.7163820888110674,0.42896516670597307,0.37314845765015536,0.7188749483275324,0.3888808372596152,-0.05320477429050237,0.7574073939774668,0.4012146425430726,-0.01639717200217443,0.546831753938895,0.45246084428646083,-0.020688760107949067,0.5744463326552671,0.37274336372075606,-0.10636225143760016,0.8041058683589678,0.24020955384941467,0.8355515157273568,0.6751507468510617,0.215979605477915,0.3735721514676422,0.6891463020398375,0.21527138734695314,-0.0036558709051030536,0.6718798818108278,0.2520252134475825,0.009007240364253766,0.5067663415885502,0.19751188446563245,-0.0045800977400105025,0.5274968022103126,0.22900942988891324,-0.08027528209155803,0.7392457452515195,0.3477200733870995,1.3341913036615543,0.6860192040126472,0.3508759267321919,1.5802017249460252,0.6639630203787967,0.35637017391389963,1.4635491843280888,0.6064231578849832,0.49879334520647844,1.2463632711544061,0.726757302959614,0.5261791087365497,0.9742010049613399,0.7284250908680552,0.4554983301536403,0.8252338235343608,0.5651002032345964,0.34557523084490255,0.7737185674506395,0.5068392208694682,0.3477959406691236,0.7569982529308711,0.5053101551786505,0.37140182965935875,0.7262177339850479,0.5716002196509549,0.19338500261690572,1.2455646117624062,0.7014833010609262,0.16862574584577,1.0281550120707355,0.6116898950114855,0.28121761426470315,0.8399349883595233,0.5680324972341607,0.34285863004577916,0.8169903085031768,0.5104928502106838,0.3568077855550794,0.762317831800242,0.5212619303751607,0.3433202716001099,0.7476527545615405,0.5313982472659188,0.7333333333333333
0.4336563112398292,0.833781407774938,0.7162097768044687,0.4287181028331749,0.3721959856273659,0.7191740068766677,0.38860908850141435,-0.053702820623567224,0.7572094696591253,0.4011633067108111,-0.01643062532261806,0.5470081536463169,0.4523846642806831,-0.020421536576800084,0.5740344336946848,0.3727242640903033,-0.10686094433280686,0.8042473443147753,0.23927860295391112,0.8345471430771506,0.6763017166618017,0.21567808366816968,0.3734495104015056,0.6890658163932321,0.21540748706685917,-0.004007059603155574,0.6720003602943282,0.25182667665033553,0.00999901910887889,0.5053472399714297,0.197381111053781,-0.004678247412809464,0.5277700248961185,0.2289391884235973,-0.0811020941178574,0.739679170354068,0.34772406007364,1.3341910227474043,0.6860255325940917,0.35129384478217235,1.580037358565497,0.6664432001163032,0.35627350666236346,1.463828192944654,0.6065250228063264,0.49876787063367767,1.2460687978412879,0.7267092144726667,0.5261482930849029,0.974362406966221,0.7282079759733046,0.4558339924762621,0.8247514902618918,0.565071588673674,0.3465180736554252,0.7736241165670393,0.5057967915527392,0.34776621849961176,0.756966346946431,0.5050359884453839,0.370936254865301,0.7263106098678787,0.5699636665419147,0.19339999381398476,1.2455374013901512,0.7014869258322897,0.16872353188195216,1.028182222026488,0.6128391253941543,0.2799746893698436,0.8389857892485795,0.5682118926681429,0.34313650621862013,0.8170266496767176,0.5106894683669033,0.3563229631688721,0.7627440205472205,0.5200510486714905,0.34243496073316615,0.7479686329310506,0.5296708848262377,0.75
0.4333735986701668,0.8330094897284436,0.7160688261075153,0.42835230725231976,0.37128036850718144,0.7193380416806687,0.3883632684395912,-0.05404483588033675,0.7570336937939681,0.4009506834333432,-0.016793149483887077,0.5475759875330843,0.4523647549180045,-0.020377363884542463,0.5739300662399414,0.3726975321851794,-0.1075403163468854,0.8044234675521874,0.23839606521840345,0.8334328775230682,0.6776410857044328,0.21535723940510632,0.37334615654902553,0.6891454304920134,0.21549624161270436,-0.004421339392631715,0.6721131780540414,0.2516456204270724,0.010139756563399258,0.5048204263408204,0.19730432520438546,-0.004827710345048961,0.5281359485208323,0.2287511474529631,-0.081822389075515,0.7398578921082608,0.3477245403292586,1.334187820381768,0.6860383404096257,0.3516668190028694,1.5798380645277863,0.6687418882444568,0.3563547934538478,1.463883858638189,0.6066760604054164,0.4987374183848984,1.245503326883119,0.7266713362149549,0.5260760336174772,0.9748742019687283,0.7277275892455952,0.4565012808641722,0.8238519170728918,0.5658861289811976,0.34868304255165616,0.7734220496464815,0.5040289358183545,0.3480497711654521,0.7560293156190417,0.5056725802512383,0.37021020900215834,0.7258697246115385,0.5688319296729263,0.19341105415701065,1.2455383184744662,0.7014803283615156,0.16893117503500904,1.02828244632044,0.6147400201880487,0.27832566994333025,0.8379715516987171,0.5687870549858852,0.3434801341997523,0.8170506351117679,0.5110360698806499,0.3557338625385208,0.7633077180993969,0.5182894189088905,0.3417734467352468,0.7487386894945741,0.5269217026065353,0.7666666666666667
0.4329919257440794,0.8322925365580751,0.7159605754474883,0.4278191170855268,0.37045978011333514,0.7192703166776406,0.38803765661534345,-0.05438193394302292,0.7571595957780793,0.4005562151510317,-0.017617284944430656,0.5484988049237141,0.45237439019038744,-0.02042543289798472,0.5739484460407603,0.3726576698056892,-0.10840444268245208,0.8046315019684177,0.23768865552659915,0.8323275722889603,0.6788518956248206,0.215075009710263,0.3731507608309322,0.6893794303935272,0.2155053230755582,-0.004800141036118324,0.672174609913831,0.2514551092503297,0.009553648433369394,0.505162523281619,0.1972751035713068,-0.004920081518233102,0.5283407363804054,0.22847352556257255,-0.08242800911375583,0.7398776657837112,0.34772210032480266,1.3341862265094964,0.6860555529067809,0.35187976144898314,1.5797269887804242,0.6701647886151597,0.35645821257864513,1.4638064828385962,0.6068181002248512,0.4986701800443838,1.244725994036493,0.7267602630319492,0.5260088405393096,0.9756571210760653,0.7271883355739723,0.4575736113337283,0.8223563988671668,0.5676738249550911,0.3520837715528552,0.7731460847751076,0.5015488110149419,0.3487224603385718,0.753716016692692,0.507561622848079,0.36921546059513205,0.7240962712097492,0.5694251078386693,0.1934180674168683,1.2455421393278243,0.7014735785132769,0.1692103041259847,1.0284008954581694,0.6170734555205042,0.2763833540660112,0.836936494834652,0.5694882573945665,0.343723726559237,0.8165814688173991,0.5114414458787595,0.3549933360640598,0.763879270552628,0.5160343923291347,0.3411781611964836,0.7498191562600632,0.5232927219676957,0.7833333333333333
0.4326135864928245,0.8316511166282777,0.7158931499653318,0.4271192610656076,0.36976133928287713,0.7189856875382833,0.387508986041962,-0.054877211361040595,0.7577109164280597,0.4000217619342433,-0.018889169860791255,0.5496124116637772,0.45246513141225997,-0.020736995981566392,0.5743578717792382,0.372606320163389,-0.10942704536666585,0.8048650905533024,0.23723142294120628,0.8313046880070387,0.6796209171773345,0.2148491857071412,0.37272005677895964,0.6897134457819835,0.21542497572762412,-0.00509762942946311,0.672166473439552,0.2513448482431259,0.008806661870829874,0.5057206888947993,0.19725983103585754,-0.004946471201881644,0.5283811768446708,0.22811467738626928,-0.08289185627860246,0.7397425249557665,0.3477168151788392,1.334191154161708,0.6860739020568829,0.3518498528251026,1.5796964016644623,0.6702250360089169,0.3564932775533852,1.4637334130597133,0.6068916977025172,0.49856037681416043,1.2438419304211152,0.727018933487692,0.526043366903045,0.9764826170557162,0.7270351841245115,0.45918140314612427,0.8201988023408027,0.570197770176499,0.35657712850214063,0.7730032908493952,0.4979198199992168,0.3503420224034399,0.7498431668717757,0.5102906001551867,0.3683055704437693,0.7205500961235095,0.5720933449856863,0.1934211089854505,1.2455361117385595,0.701470957172868,0.1695030886982889,1.0284011502988522,0.6194838512029551,0.2742025587311441,0.8358463363997605,0.5697749319339744,0.3435424266101186,0.8149138605300412,0.511646623093994,0.3539135261450972,0.7642446599715487,0.5134692615649374,0.3401387280860001,0.7504552075784622,0.5194597517040116,0.8
0.43233513363896975,0.830968472321109,0.715885810515726,0.42628552679844384,0.3692099295245242,0.7185514884094045,0.386760795969295,-0.055580915540505135,0.7585045933611942,0.39948839298710365,-0.020333125403816335,0.5505715246300528,0.4527114399393274,-0.021593760924651553,0.575585015023078,0.37255770291097395,-0.11054292521290693,0.8051153091852353,0.2370147913556709,0.8303933720609183,0.6798237440222722,0.21466631131999775,0.3719678698546051,0.6901162104895705,0.21524530504480865,-0.005306283508516474,0.6720802900246694,0.25153236218627617,0.008570238935199162,0.5056735522452784,0.1972468282606557,-0.004938728618865865,0.5283379375240153,0.22766419863827342,-0.08318870790717224,0.7394284460138593,0.34771027368440893,1.3342044995417064,0.6860871004418772,0.3515780989556185,1.5796404226449796,0.6689411611639906,0.35644973123863943,1.46376500791575,0.6068264002059388,0.49849514419401564,1.24302546796951,0.7272224294380749,0.5262536491468877,0.9771208890033724,0.7276651833525588,0.46147318287907246,0.8173771715051524,0.5733622528310569,0.36216540817267157,0.7729799138012903,0.4928087617387481,0.3539746405579454,0.7444479095782311,0.5129363821392423,0.3685084470030431,0.7155178427048439,0.5755996553093518,0.19342103679595912,1.2455190520643729,0.7014693914174526,0.16980275988088134,1.0281545673237091,0.6217011754538001,0.27177442595664425,0.8346954482953683,0.5689057635688343,0.34267672544810146,0.8115072017721524,0.5112570580094206,0.352321788437707,0.7639346039641493,0.5108245321251581,0.33807354574026344,0.7494215596120322,0.516716159949227,0.8166666666666667
0.4321710234713866,0.8301419182167192,0.7159369282428942,0.4253514103759286,0.36883351470484826,0.718009922894634,0.3859206744574085,-0.056401443207689764,0.7592574337981315,0.399136932761887,-0.021550431350268157,0.5509820508655812,0.4531205753495401,-0.023051700321536542,0.5777098090861148,0.372531426335379,-0.11169354135245844,0.8053773434820001,0.23702890077645003,0.8296657127987442,0.6794936140259958,0.21452582925510044,0.3709271220200331,0.6906382621184814,0.21495577685342648,-0.0054297311993327935,0.6719104003435206,0.25219941272728486,0.00924222515455432,0.5045146031841582,0.19724039549632594,-0.004925721800630306,0.5282677832628183,0.22711579980308175,-0.08333690769437534,0.7389505677738876,0.34770550890257723,1.3342241709333686,0.6860890773614765,0.3511490916162929,1.57945996049224,0.6668099513678798,0.356360024498636,1.4639088295845888,0.6066127874603735,0.4986318911645326,1.242502953302296,0.726912678385863,0.5266426075090171,0.9774282542982452,0.7292072580633149,0.4645075641766936,0.8139086135893479,0.5774676953006164,0.36893828716480803,0.7722989303726008,0.4871176057237361,0.36053702159111567,0.7376545938011243,0.514684776453046,0.3713069132150213,0.7099919338363151,0.5775604346635713,0.19341851182267633,1.2454953438544751,0.7014646794558498,0.17016878677067132,1.0276189241507816,0.6235352019542952,0.26896578577282376,0.8335892745386595,0.5663795918598269,0.34111173499345565,0.8062116763457347,0.5099347119486191,0.35018334287702124,0.7621677347947455,0.508287277063825,0.33458496912258573,0.7453934586463636,0.5168066463662171,0.8333333333333334
0.43207606996962045,0.8291687415479654,0.7160110911930405,0.42432924337545963,0.36865996370351384,0.7173331552066313,0.3851483131614822,-0.05721208786059594,0.7598367179644097,0.3991042330397372,-0.022220065547269602,0.5505893126174837,0.45360293827231124,-0.02480655817574197,0.5802726136296262,0.3725405944980682,-0.11283681005115266,0.8056479562179885,0.23731236616889984,0.8292339615139275,0.6786894028364997,0.21443959048095348,0.3697625167674736,0.6913386487700228,0.21457348108456117,-0.005478491376434316,0.671671396611412,0.2533292028666485,0.010797098117689752,0.5022742839655835,0.19724445175095068,-0.0049198958488527594,0.5281938763931022,0.2265009880299119,-0.08341769803070748,0.7383685203380062,0.3477050458639874,1.3342457700222474,0.686077918343508,0.3506797835914157,1.5791231877234482,0.6644903938349029,0.35628525930020866,1.464044028100615,0.6064421836908483,0.49907070738071824,1.242447533377501,0.7257199361142185,0.5271588924259302,0.9773395073547195,0.731523986868318,0.4681186335284734,0.8099112329152937,0.5827628760967718,0.37683123584955036,0.7696911072254495,0.48284807879122627,0.37012626626785916,0.7297010486871228,0.5152610661106927,0.3779663497256641,0.7049472562132736,0.576253775990478,0.19341125711596546,1.2454694757107867,0.701462680786228,0.17065022226128318,1.026845642959284,0.6248389859669071,0.2654922405890189,0.832683025319473,0.5621472656740224,0.33890400809844334,0.7991651472043186,0.5078269796340429,0.34733993697429466,0.7582106191910145,0.5059373139514424,0.3293018539497481,0.7374519688155202,0.5212898991071545,0.85
0.4320055577115118,0.8281444560430228,0.7160731402605695,0.42322022986970753,0.3687252857193683,0.7164483088270049,0.38452954440998144,-0.05794005382811129,0.76026483318818,0.399458122000529,-0.02215676540351659,0.549330633634891,0.45401519099851684,-0.02633314155353486,0.5824894824011565,0.37258524730114545,-0.1138814693290651,0.8059106080955889,0.2378968002019715,0.82918092247257,0.6774103982901956,0.2144042628202656,0.3687514675629757,0.6921328870248329,0.21415413366589237,-0.005472629661574593,0.671405358861275,0.2546547792619418,0.012769056452620761,0.4995177671239293,0.19725563180742445,-0.004921770679998924,0.5281254602965284,0.2258852143644159,-0.08351655705356872,0.7377124633079184,0.34770971056300015,1.3342662067566993,0.6860546119911478,0.35026194529941235,1.5786745244821825,0.662471281747762,0.35629561918377833,1.4639629954988924,0.6066648922102076,0.4997782871592662,1.2428673935034407,0.7235837558408317,0.5277308655279473,0.9768543701099343,0.7343023627220048,0.47192592797640387,0.805653009021705,0.5890438712543475,0.3855127195694373,0.7643217606648544,0.48167973376644124,0.38199105922740206,0.7210456693786536,0.5147787128211816,0.3889507407264387,0.7005405675949198,0.5720893114117425,0.19339692425183735,1.2454413476038897,0.7014788652863868,0.17123283757434354,1.0259493939683995,0.6255906789622538,0.2610808103318216,0.8321172579649794,0.5562222924686315,0.3358802965652747,0.790549555824654,0.505865140747578,0.3430484007769234,0.751893992705826,0.5037541045650602,0.32172929000874345,0.7257444366043955,0.5301300590000487,0.8666666666666667
0.43193970491301903,0.8272463358234313,0.7161184615964598,0.42205391765946443,0.3690602317323018,0.715313392360459,0.38409339916525304,-0.058554459966891625,0.7605921293329841,0.4001952114058492,-0.02129710452302222,0.5473112054626096,0.45423722002169664,-0.02717348530926908,0.5836805853558475,0.3726543555324895,-0.11468257965079423,0.806136104731755,0.23874168957759206,0.8295373158802175,0.6756263871306526,0.21440727026220283,0.3681966050526906,0.6927818436644365,0.21375893014943273,-0.005432699726485829,0.6711558343707893,0.25575904698905705,0.014418357105995122,0.49709142161866926,0.19726481460361295,-0.00492905432025173,0.5280715848668415,0.2253245461741778,-0.08365662637121431,0.7369896249958736,0.3477189843514019,1.3342854960575155,0.6860211813364464,0.34994884482444566,1.578201475294718,0.6610122486958161,0.3564239263564335,1.4635153879472076,0.6075220370463026,0.5006461944915478,1.2435756948635233,0.7207633644904917,0.5282817541259626,0.9760785145232993,0.7371289926269504,0.4755515637592995,0.8013879373990795,0.5958739265400846,0.3944686440150199,0.7563101481973983,0.48404868425962433,0.39497739456716263,0.7123813769527548,0.5133281065701085,0.4037336540406762,0.6961624842938262,0.5671139954950699,0.19337936014208154,1.2454078419944652,0.7015214731050972,0.1718702752517805,1.0250682369184076,0.6259701601218762,0.2557518973055627,0.8319577305072523,0.5484989799868867,0.3316567766196781,0.7805852817630851,0.5053690811116099,0.336078282175756,0.7437725585904865,0.5017712224144939,0.3115393236112279,0.7119001053664561,0.5405894685234874,0.8833333333333333
0.4318779296524929,0.8266356765103535,0.7161536677594236,0.4209030920162802,0.36965858731231016,0.7139670641158717,0.3838915988463022,-0.059020581018856044,0.7607841588304091,0.4012134945996795,-0.019721045449188526,0.5447719387932276,0.45421203377435204,-0.027105926032749417,0.5835198309483628,0.37273386701238065,-0.11517180662394752,0.8063098241474231,0.23974383610858252,0.830275423629243,0.6733884005586724,0.21444783876050616,0.3682738529085823,0.6930656633789584,0.21342172644881674,-0.0053703566352581306,0.670943458425129,0.2562881771739163,0.01512846135319465,0.49569640480263266,0.19726346195939715,-0.004936720994860852,0.5280370388746947,0.22484917844277025,-0.0838214674950924,0.7363006112819276,0.3477319735990472,1.3343050478171228,0.6859825151065755,0.34976866136808593,1.577791743463632,0.6602381305866326,0.3566645380725143,1.4627106111396737,0.6089974814389063,0.5015914352286774,1.2442907500978264,0.7178451553855817,0.5287301070740276,0.9752699675007742,0.7395457617871604,0.47881706885819175,0.7972076481743149,0.6029239551144313,0.4032654242963317,0.7465722629857884,0.48926948999672115,0.40798434158514174,0.7044704613841096,0.5111162319650506,0.4209989490589354,0.6910959320734439,0.5635835083699073,0.19336727871886972,1.245369873015587,0.7015829191482377,0.17251953963327787,1.0243355883445437,0.6261865328502797,0.24988233137401358,0.8320803703086803,0.5391891087053231,0.3258762918538811,0.7697460232278752,0.5072001871972087,0.3255237831884759,0.7348171371871176,0.500124090800498,0.2988824225614989,0.6984647865098935,0.548480903090171,0.9
0.43182858390958945,0.826323582392309,0.7161724200406696,0.41984860851483846,0.37048344395634275,0.7125077534773255,0.38402083418612837,-0.05929152721422125,0.7606932746903228,0.40230099866721936,-0.017701255538499328,0.5420311357675824,0.45393751243458413,-0.02613348126294006,0.5820178541409973,0.372813149860985,-0.11543518263401506,0.8064449535388434,0.24078663693191155,0.8312855833530025,0.6708625069862098,0.21453383386213368,0.36894036493390026,0.6929265046856133,0.2131499937959986,-0.005289547477155515,0.6707695832282671,0.2560813471701266,0.014646651304481409,0.49565022015019733,0.1972494356667135,-0.004937529152632472,0.5280173999736036,0.22447732387370445,-0.08399987127317103,0.7358079516159011,0.3477477142593385,1.3343242635058832,0.6859487057987008,0.3497174647006227,1.5775077219483493,0.6601080535138211,0.35703488272592243,1.4616995099765755,0.6109291865014639,0.5025740914836228,1.244823915945822,0.7156225634564823,0.5290007985748382,0.9747495485589314,0.7411529299998744,0.4818238844251943,0.7931376588038929,0.6098997238406212,0.41175657421121165,0.7364249800454548,0.4960778506630562,0.42019303000339725,0.6977611654723062,0.5091063695127523,0.43895107571884684,0.6849511544089069,0.5632271691433349,0.19336829456384563,1.2453366579894827,0.7016503692420251,0.17313871087284255,1.0238565456879047,0.6263064351606753,0.24394313736300716,0.8321529099618993,0.5292141593080925,0.3183671770992296,0.7587110332750302,0.5113330462457458,0.3115324042128591,0.7259634862599693,0.4988177598427414,0.2843081758565575,0.6876032771122815,0.5510570512212961,0.9166666666666666
0.43179951336781414,0.8261836273428744,0.7161691068164834,0.41894630447807996,0.371494845525944,0.7110366562072507,0.38454581915616054,-0.05932928346044644,0.7601569728876885,0.403206835444898,-0.01570755531325016,0.539428578310364,0.4534687827255478,-0.02448375814622436,0.5795197545263788,0.3728865793234769,-0.11561220610689125,0.8065610407643357,0.24177981782743463,0.8323957135051427,0.6682292303326488,0.21466679975416267,0.37000174842297406,0.6924406511132658,0.21293996815964106,-0.005188881431120146,0.6706294722458453,0.2551651312334525,0.013030919874959163,0.49693586494668635,0.19722752878126107,-0.004936029917355714,0.5280166572387471,0.22421718133680887,-0.08418235883775398,0.7355760424330006,0.34776421443220684,1.3343374734167632,0.6859320512564946,0.3497466768714456,1.5773592675405261,0.6603533021873372,0.35758860839418044,1.4606868030703435,0.6131284116806707,0.5035280546644438,1.2451643546665279,0.7147303102839931,0.5290669105832634,0.9746600592406185,0.7417938605449728,0.4849954386023385,0.7892894578488777,0.6162604588213636,0.4199589181475545,0.7271798743159066,0.5032052433388614,0.43113218788701335,0.6920454613076062,0.5090898946411622,0.45565458394268543,0.6777191911680072,0.5671076154143512,0.1933859939416357,1.2453209975545503,0.7017155596829756,0.17368093658883726,1.0236124239830304,0.6264231365070236,0.23817655890693046,0.8316856541139345,0.520205825749031,0.30917709882847416,0.748017000037672,0.5170593006669364,0.2952966314860401,0.7178378054892798,0.49760319207543807,0.2685278637216788,0.6802797649632877,0.5483662712982296,0.9333333333333332
0.43179381785070786,0.8260878164591459,0.7161509240280242,0.41822869538992763,0.37265641108408504,0.7096245748607181,0.38543013876131804,-0.05910724057364336,0.759117766852511,0.40375664373943443,-0.01426196228245813,0.5372778632845981,0.452930008116289,-0.022623908988755242,0.5767237332351173,0.3729522824244926,-0.11577598010056561,0.80666381203639,0.2426883470646959,0.8334610586875367,0.6655921111733061,0.21484119600480828,0.3712674299683546,0.6917127992416398,0.21278623866014082,-0.0050565812725410775,0.6705172740223566,0.2537536808387162,0.010599086253410495,0.4992629437700838,0.1972032190625369,-0.0049745703051495005,0.5280898158922235,0.2240662772911023,-0.08435139783489037,0.735555474438732,0.34777791625006016,1.3343312583163724,0.6859381185215323,0.3497915348816074,1.5773024455649505,0.6606405780974516,0.35833979153644835,1.459859508469322,0.6153619689290368,0.5043361048141404,1.2453884264268646,0.7153514287576639,0.5289803715849124,0.9748631879216878,0.7416581291917337,0.48893626502468857,0.7859058081088989,0.621166971278847,0.4279059066137233,0.7197826733420926,0.5097137298618839,0.44079856969806464,0.6865854133132223,0.5128258708929592,0.4696644572658966,0.6697601954499189,0.5753613992284172,0.19341946640029078,1.2453295124172006,0.7017744939425758,0.174109165179329,1.0233696223972453,0.6267935381473749,0.23243367909674062,0.83006569083168,0.5141970942103368,0.2984931626284562,0.7379789736122422,0.5232777594675119,0.27848469379742075,0.7108224111314122,0.49622936955307684,0.2522509020717016,0.6763369636714432,0.542440995500993,0.95
0.4318133566472043,0.8259822437830217,0.7161238577896891,0.4177143534056056,0.3739246263822351,0.7083108340343731,0.38656274688220194,-0.05859647744037165,0.7576335130968601,0.40393655859012945,-0.013661649042799637,0.5358053682387299,0.45247316060624254,-0.021098762063062382,0.5744403480958455,0.37300990428435055,-0.11592374452083509,0.8067481628448733,0.2435300586200619,0.8344279105406149,0.6629896877545461,0.21504989496834656,0.3726335008734141,0.6908203562989993,0.21268412352035013,-0.004863911796168088,0.6704246611961499,0.25223514317719964,0.007926807929685711,0.5020793106479744,0.1971692008944438,-0.005146524795488633,0.528367151371468,0.22402000647246392,-0.08448628760412288,0.7356854415250182,0.34778608662130944,1.3342865656588703,0.6859599873806481,0.34981866728859634,1.5773181253914437,0.6608165337593379,0.35921431200907805,1.4594129673179406,0.6173280912597114,0.5049294458862292,1.2455594267659316,0.7172324953843544,0.5288367668861254,0.9751400348229096,0.7411667878028705,0.49411009039758724,0.7832062409413627,0.6241288168910091,0.4358318472102728,0.7144150853175424,0.5153125943013203,0.4497126234367449,0.680647307097954,0.5210432161736556,0.4806685310103237,0.6619312533900811,0.5867829938802338,0.1934654352949186,1.2453593842362258,0.7018238720823339,0.17444763133886385,1.0227917100112753,0.6276227837954304,0.22631425545014933,0.8268216286824187,0.512860484427716,0.28668643364614366,0.7290593320527623,0.5285509981864724,0.2626585960973589,0.7051942320847742,0.4948766634160455,0.2361280655945131,0.6749648389485602,0.5360271570247354,0.9666666666666668
0.43186401531225704,0.8258556687688076,0.7160833526187905,0.417406921481751,0.3752451637499695,0.7071088676747351,0.38779752377067156,-0.05779933680057102,0.7558446575742588,0.40388899102674825,-0.01384637076067255,0.5351170004949483,0.4521962247163159,-0.02025091951754404,0.5731775577197679,0.373059148728951,-0.11601867264290436,0.8068093947358013,0.24434196854381043,0.8352899211974479,0.6604397028253168,0.21528479507390755,0.3740628273619938,0.6898156667987744,0.21262983472619468,-0.004580170877419562,0.6703441849030375,0.25101400924950157,0.005709317993212004,0.5047282667108468,0.19709146034658187,-0.005520474714440907,0.5289392376644846,0.22407572287502608,-0.08456982223087378,0.7359424537419657,0.34779092926781097,1.334204479690496,0.6859856572982982,0.34983171467966856,1.5774698383929182,0.6609005833868395,0.36009614561099135,1.459578626805772,0.6187659988817529,0.5053950638269102,1.2457063201623568,0.7199182012093589,0.5287202981166889,0.9753969967385729,0.7408148037107548,0.5007037146618967,0.7811060497635581,0.6258728316629864,0.4442098887482304,0.7101485103602262,0.5209251367245589,0.45852295089989165,0.6739694960729896,0.5330661143503103,0.4894676494042964,0.655466484574696,0.5991007632622636,0.1935208867565593,1.2454041769691397,0.7018589649031008,0.1748296833764731,1.0216715196733908,0.6288828836986412,0.21953933265722447,0.8219771329316818,0.51683584081892,0.2745146086495812,0.7219993596297253,0.5313288449207566,0.24895698502805802,0.7008969828332503,0.49434732937932624,0.2207910325876284,0.6750644621872048,0.5316886545518128,0.9833333333333332
0.43195791645744464,0.8256941643805256,0.7160231983145062,0.4172928117537493,0.3765698185647897,0.7060214156487112,0.3889675236064032,-0.056823750792499655,0.7539600245042604,0.4037627979946801,-0.014569237668589807,0.5352044757409654,0.4520987761180164,-0.020075184716696212,0.5729225265283312,0.37309969242154395,-0.11601739613395562,0.8068478956266742,0.24514906487262508,0.8360170892540141,0.657957503486919,0.21554071312338097,0.3755447426502361,0.6887327236269448,0.21262312252918134,-0.004213831365822679,0.6702808198294304,0.2503289547259441,0.004564539220166877,0.5066078493785917,0.1969419081427872,-0.005942837768459094,0.5295643410137539,0.22423105838460627,-0.08460061245120275,0.7363274423487723,0.34780068016320176,1.334147100021679,0.6860125814157321,0.34984314918035175,1.5778279995075268,0.6609251526793525,0.3609030182269169,1.4604828374061112,0.6196531432071082,0.5059054282065243,1.2458210796036737,0.7230006734471726,0.5286823981370048,0.9756659421409684,0.7410532269779235,0.5087201147630536,0.7792902585789847,0.6279419145309761,0.4533175286772293,0.7052832696582115,0.5285373087468699,0.4674898303334706,0.6668670601569615,0.5472061018309505,0.49731648184998245,0.6511207468011961,0.6105258385064551,0.19358038525958732,1.2454583194310245,0.7018786524407113,0.17540717555494362,1.0200390346991053,0.6304548168023808,0.21213171780513168,0.8160056794512596,0.5258022655974478,0.2628772128179023,0.7172788088655669,0.5308240142879986,0.23785333057651076,0.6972500970983718,0.4958242639956864,0.20672355224365901,0.6754369822527837,0.5314174497935196,1.0
0.43210586269946244,0.8254915301011548,0.7159429687029781,0.41734130179111684,0.3778693676815261,0.7050645810178261,0.3899492126879403,-0.05586056243706,0.7521722528956741,0.4035787695577577,-0.015547358414402801,0.5358751143755943,0.4521026977667565,-0.020278580146721945,0.5732290660660204,0.37313180763370135,-0.1158844890815003,0.8068651368422616,0.24593696131158793,0.8365610790279148,0.655585893901798,0.2158191269580773,0.377077052371946,0.6875838979438642,0.21266888967033143,-0.003823931310648815,0.6702542088481536,0.2502364061860063,0.004895450879634333,0.5071743818936851,0.19679339323691514,-0.005943612038208243,0.529543711760258,0.2244831196945774,-0.0846132739006544,0.7368509407017098,0.347824819379823,1.3342241059081639,0.6860494530482018,0.3498580402103726,1.5783792403932302,0.6608859547842723,0.36159999137879606,1.4619817064425022,0.620208129768735,0.5065328550963483,1.2458636065671276,0.7261757642340206,0.5287542239526208,0.9760244793064594,0.7421137363033901,0.5179549619804287,0.7776017016891001,0.6313875433889679,0.4629692939002086,0.6985159291337311,0.5396162845290544,0.4765103068219152,0.6600389457682487,0.5614061820658729,0.5052859762474909,0.6482771840456065,0.6212963245465786,0.1936328447156353,1.2455139913471616,0.7018928776493996,0.17612938440176457,1.0181038535214977,0.6323651204441417,0.2042424253713223,0.8095794650163405,0.5385616552243772,0.2521408858432292,0.7145144148192764,0.5280098119058773,0.22888443620287363,0.6932503066752778,0.5003766796366698,0.1939903768143041,0.6751519387348289,0.5362384831584636,1.0166666666666666
0.43229521862833453,0.825279547982505,0.7158387454244526,0.417502150762942,0.37910464819746387,0.7042685550446757,0.3907271588903731,-0.055042833755347895,0.750554905950712,0.40332286590790034,-0.016401877240353913,0.5366641591930441,0.4521223750151918,-0.02050560807339903,0.5735567394102028,0.37315640059202737,-0.11561592770013467,0.8068612494684675,0.24661614383354066,0.8368968962674961,0.6534512456961376,0.21611596899378663,0.3786541685193542,0.6863631808109573,0.21277388368360028,-0.003474692099362714,0.6702830896202537,0.2506695533897245,0.006677235196171263,0.5061702914423798,0.19683838498429534,-0.00497608815612148,0.5281163397058976,0.22482874816750018,-0.08468297061445437,0.7375314619864515,0.3478668362050512,1.3345130051243876,0.6861029469824478,0.3498759554872265,1.5790398809028274,0.6607762535585764,0.36213394149002154,1.4637513880366568,0.6205281029757034,0.5072024994095907,1.24578949807798,0.7291667127887693,0.5289961119706952,0.9765184353526711,0.7439274724119072,0.5278614486406045,0.7760743996768938,0.6364327823755423,0.47281618094612926,0.6899246461081944,0.5534960701232823,0.485548869878054,0.6543607646281169,0.5735384696900012,0.5139536196110512,0.6453329701407879,0.6332040312466347,0.19366726841353532,1.2455592134011035,0.7019154044202844,0.17663713973546066,1.0161403184507067,0.6347279463969825,0.19596330115019972,0.8034667788667079,0.5528139548379863,0.24196103730689208,0.7125913966082125,0.525454954566282,0.22073824286003374,0.6883620174020625,0.5083940990714144,0.18236454458212759,0.6740742119934848,0.5452138351252228,1.0333333333333334
0.43248009835433904,0.8251119584830368,0.715691643919879,0.41771472872517545,0.38020069056191386,0.7036571599804144,0.39135637807938556,-0.05437854344215509,0.7490954516820659,0.4030734614183429,-0.01667574097924686,0.5369996867087388,0.45213420774960483,-0.020576510715072452,0.573635666365774,0.3731731969211657,-0.1152779958437467,0.8068449726929824,0.24702118022831349,0.8370167181728134,0.6517705851269069,0.21640060123188973,0.3802435035615995,0.6850592738266289,0.21294446776921766,-0.0032052883316848746,0.670373734389864,0.2514847589157453,0.009372209275289034,0.5039181672227402,0.1972538303484156,-0.002756237615895607,0.5250097176758254,0.22526337229700155,-0.08488703529827617,0.7383833894061963,0.34792181693721963,1.3350090039099292,0.6861702269437218,0.34989544071130707,1.5797099972045487,0.6606042834052461,0.3623999742660978,1.4655143442478653,0.6203351741622619,0.5078134758505187,1.245571131323505,0.7317836182025763,0.5295050210765064,0.977125870498856,0.7462368101872473,0.5376171610474113,0.774647425487418,0.6429944883374359,0.48267864463571386,0.6808789137607342,0.5674711566391217,0.49489255801546417,0.6508136359018142,0.5815722821337365,0.5233061070036249,0.6411077030104777,0.6475087982938201,0.19367949226362408,1.2455839182947714,0.7019476012530235,0.17641517169586857,1.0144009865676913,0.63741113767084,0.18735587469635429,0.7983217302052358,0.5656857468812942,0.2317699676585133,0.7104464811686056,0.5257438974947977,0.21189775731766777,0.6829408051031871,0.5193086911817212,0.1717246699146463,0.672813511063038,0.5553419165493648,1.05
0.4326091979843922,0.8250076091828175,0.7154756605234219,0.41794019314228215,0.38109091980720367,0.7032467865044111,0.3918819456616251,-0.05382016266604378,0.7477872324785334,0.40291253999290866,-0.01602193352844425,0.5365203118671621,0.45217616003102223,-0.020505999084271115,0.573497939666545,0.37317867592837567,-0.11500775112295783,0.8068417677938646,0.24700415191097147,0.8368926480681116,0.650750772034459,0.2166159885663584,0.38177078285826394,0.6836707235853354,0.2131897410309414,-0.0030592362142996543,0.6705262923606287,0.25253286383193896,0.012260046973066804,0.5010619641078972,0.19807829983439945,0.0006339169479836065,0.5205480385549897,0.2257703846544197,-0.08525429833409821,0.7393693690738948,0.3479808823134376,1.33564492529611,0.6862446181944188,0.3499146657649669,1.580296839749755,0.6603920326035128,0.3623259274627517,1.4671100532648027,0.6192840657149832,0.5083384340615599,1.2452199781243738,0.734047418170548,0.5303233796561229,0.977796819727514,0.7487176733241026,0.5464075208374232,0.7731685185985346,0.6506986820611396,0.49253031047267626,0.6732062546580906,0.578265568224211,0.5049748253960438,0.65020060012679,0.5842314240342008,0.532850439045546,0.6356006229763941,0.6637407450931385,0.19366989477755697,1.2455864265633658,0.7019785834809767,0.17509222357517001,1.0130906646476512,0.6399513518994743,0.1785557505632301,0.7943864138530629,0.5750777405828831,0.2212540344612832,0.7076230006214557,0.5299530857543435,0.20148479890005258,0.6778523298903563,0.5317766789539609,0.16205134324678744,0.6718699920718925,0.5637741118226114,1.0666666666666669
0.43265525543443956,0.8249056080621647,0.7151745065446374,0.4181797607254842,0.38175487011600506,0.7030619059916794,0.39231023198333964,-0.0533368930688769,0.7466454872174213,0.4028153120640044,-0.014349992977973305,0.5351781406663061,0.4522730139448977,-0.020360485465879916,0.5732513429120639,0.37316714062077744,-0.11491969729257955,0.8068790321666399,0.24654755168456588,0.8364685126624524,0.6504730997719912,0.21670946548925635,0.38314868808526104,0.6822257609566267,0.21352170683568023,-0.003111272026723483,0.6707490081825256,0.2536957841643839,0.01478720452187493,0.498144908161638,0.19922086834628522,0.004832889386621686,0.5153683228129871,0.22629912760209203,-0.08574240252020238,0.7403328455901705,0.3480367118908806,1.3363279952567184,0.6863215674487446,0.34993090240522884,1.5807174122959278,0.6601712864229339,0.3619582012596375,1.4684482988768173,0.6173993544268707,0.508795852303794,1.244810470876751,0.7360503775906081,0.5313722421586472,0.9784721481486789,0.7510301274372693,0.5537162767218992,0.7716150271948846,0.6585811665980679,0.5023809985314558,0.6682967041354749,0.5837226493663028,0.5160074911717425,0.6523449161862511,0.5820644634414983,0.5418504626354924,0.629539423034883,0.6802471991890346,0.19364076916650697,1.2455730745790126,0.7019995179269476,0.17266731384678002,1.012371000039011,0.6419217434936483,0.16978622696382523,0.7915500499372277,0.5805002326647026,0.2105227588374806,0.7041001204834307,0.5375479772759058,0.18976938030307122,0.6737933690280675,0.5439726987496953,0.15312656091434107,0.6710041315212041,0.5700727509525603,1.0833333333333333
0.4326035746222263,0.8246809050407798,0.7147880687119832,0.4184490855302173,0.3821985968801682,0.7031198277932662,0.39262300485696267,-0.052926416998931525,0.7456891148769006,0.4027298572866784,-0.011849097580477919,0.5331136037403165,0.4523671692873217,-0.02018349272828468,0.572956266094802,0.37313338714341954,-0.11502168065516047,0.8069655374054526,0.24576554027156933,0.8357005813055957,0.6508809177179279,0.21666406204484048,0.38433928096372827,0.680806764049847,0.21394171589314326,-0.0034280432379147213,0.6710607908995172,0.25487116636102647,0.016678062494279874,0.4955889111161058,0.20053450471635403,0.009326387884870446,0.5101507079052162,0.22676885680996914,-0.08623981068219323,0.7410230588012588,0.3480844284611182,1.336960585658565,0.6863970327387441,0.3499420816367167,1.580916204997455,0.6599790001416415,0.3614247030217541,1.4694825388735393,0.615148910408206,0.5091679062925873,1.2444251736723067,0.7376819011409924,0.5324924927069019,0.9790509552552731,0.7528621444637117,0.559405469871222,0.7700893894719992,0.6654366177775319,0.5122432021554322,0.6663950516073531,0.5841508474681801,0.527778237160355,0.6555871208686938,0.5778812047285082,0.549590536916229,0.6237172787064486,0.695187271804488,0.1935982335201,1.2455472732712958,0.7020092599464423,0.16946656456183262,1.012281941154722,0.6433130023917788,0.16129508849751,0.7895614009896801,0.5827914844700053,0.1999629617247741,0.6999079863664871,0.5472838305611729,0.1779161969277555,0.670955837485229,0.5539939503224935,0.14452149433559552,0.6695489064631832,0.5758585056261488,1.1
0.43241761219163755,0.8242258074629127,0.7143357606359173,0.4187373275765804,0.38247914326231014,0.7033720850924788,0.3927950267034371,-0.05260491038201752,0.7449439642013069,0.40268682264364075,-0.008892202668887142,0.5305361884473182,0.45235035129519463,-0.0200227129702477,0.572674962860147,0.37307391273321105,-0.11527809327902276,0.8070892054060714,0.24481009455452052,0.8346185673903244,0.6518377357806242,0.21651191434688785,0.38538098843596325,0.6795417421028721,0.21441806278486228,-0.0040015437785237,0.6714631135599031,0.25597216747365736,0.01801289951350883,0.4937395363082939,0.20187409648177201,0.01355910961648027,0.5055255787099141,0.2271264888913735,-0.08662030849187888,0.7413010878690345,0.3481193006103015,1.3374517274392774,0.6864630113921512,0.34994891654801696,1.580909376570946,0.659849920414033,0.36086951888088414,1.470217905332898,0.6131598228167473,0.5093931949892159,1.2440650011377568,0.7386633034153935,0.5335204316783675,0.9794577145939346,0.7539864676709559,0.5635071099052981,0.7687240030108322,0.6705844603089441,0.5221184321593213,0.6664798751203324,0.5823791892309812,0.5396882615304983,0.6576450612688098,0.5755417777769972,0.5557249509137828,0.618854852822866,0.7070964385781405,0.19355260322795378,1.245490226859273,0.7020096700542349,0.16590889873050124,1.0126111951141257,0.6444589904630713,0.15330944929582513,0.7880829254744808,0.5833461009732603,0.18996164926644066,0.6952030153054763,0.5578119319469652,0.1671535262311755,0.669210020570077,0.5606755217219539,0.13592763411145942,0.6670428693358723,0.5829690604537785,1.1166666666666667
0.43204007618047635,0.8235367404977095,0.7138598071288341,0.4189887024397623,0.3827236740299074,0.7036713568816437,0.3928038442013198,-0.05240099986102824,0.7444471517197938,0.40278973025301745,-0.005853132113016357,0.5277402620760547,0.45214690624860066,-0.019952859596779962,0.5725189316126477,0.37298995619454806,-0.11571236758825824,0.8072253033436746,0.2437985689491939,0.8333320483330243,0.6531722200869005,0.2163378159416805,0.38632640740944374,0.6785355410011655,0.21488294054608306,-0.004735231271665641,0.6719089049300663,0.2569265614830951,0.019149139235332735,0.49266229914940457,0.20310863101740917,0.016980894202545782,0.5020999607631517,0.227390902469394,-0.08683206318993181,0.7413053382866481,0.3481371121643485,1.3377364584348275,0.686508325501004,0.3499542528238827,1.5808037604676908,0.6597996242804843,0.36046096748450573,1.470767443468125,0.6117236383623907,0.5094421536486615,1.243661179293794,0.7388796520004464,0.5343378944221177,0.9797523066683075,0.7543578054053853,0.566085922846978,0.7676925344806669,0.6741900031611145,0.5319839429402363,0.6669629996538855,0.582115782318705,0.5509356799931804,0.6571940225833963,0.5777610718830848,0.560415925543492,0.6157186774799412,0.7151607984543371,0.19351633418163436,1.2453588570362781,0.7020019874417743,0.1623884413522368,1.0129723281154133,0.6455893359177464,0.1460350863184462,0.7867890588159192,0.5835912641415046,0.1809201661028937,0.6905902333480112,0.5676656909300651,0.15814209058958756,0.668428467034613,0.5643157059510397,0.12743001564665313,0.6635362615248754,0.5921626203682315,1.1333333333333333
0.4314677409986809,0.8227339197647843,0.7134050559681353,0.4191278965112342,0.38302788266103815,0.7038520418421762,0.392641678691157,-0.052341929320994435,0.7442198924967459,0.403102551619962,-0.003042881221740776,0.5252177780948752,0.4517193909196241,-0.020004215130334235,0.5725412129241018,0.3728914359652046,-0.1163626558741234,0.8073496386345602,0.2428411950240556,0.8319919788047221,0.654642416695214,0.21624928032187873,0.38715565570713834,0.6777974575494192,0.21526915389266937,-0.005495643048454096,0.6723251381866547,0.2576363289866989,0.0204367407103742,0.49200528613955186,0.20408008340763037,0.019093600316525017,0.50041056093453,0.22761661694926844,-0.08691234648083149,0.7413092672511157,0.3481386122462032,1.3378136070662925,0.6865265646007603,0.3499597990272102,1.580726575396735,0.6598058724595453,0.3603801329118035,1.4713488674288138,0.6106015576427638,0.5093686346131301,1.243145804649803,0.738580980720704,0.5348926308732919,0.9800597815336606,0.7542036742889386,0.5674436214377694,0.7671975272912731,0.6768330327618013,0.5417575714528382,0.6666911653823262,0.5858833308722671,0.560776311033483,0.6545429311512042,0.5849429405553275,0.5639978767751922,0.6148811686427941,0.7193598076147248,0.19349847628570335,1.2451523772970834,0.701987001945072,0.1592848589442949,1.0130782651103551,0.6466650053426111,0.13960003938901253,0.7854329268517761,0.5849337614762598,0.17335976592412627,0.6869272265862657,0.575420545705586,0.15093952241307865,0.6684522743559849,0.5663563394616838,0.11941133410322051,0.6594934874525898,0.6027952269111678,1.15
0.4308230433603077,0.8219806533880694,0.7129914548821309,0.4191150708723043,0.3833901390138844,0.7038629540389969,0.39233490659158593,-0.052413046987658196,0.7442106403381025,0.4035242227608859,-0.0007858304161771218,0.5235922891780418,0.4510327995034486,-0.02003534053746857,0.5725387569996323,0.37279503385906204,-0.11717521247557085,0.8074525406516289,0.24208327067976718,0.8307709824906079,0.6559168893607452,0.216300130848636,0.3877724142026637,0.6772402397076027,0.21554990885518227,-0.006189113911379371,0.6726673687357916,0.2579516511151536,0.02211940305285183,0.4911935120225221,0.20458308238880968,0.01965564563879807,0.500615817537344,0.22783462263290982,-0.08693085370358922,0.74148165800859,0.34813288771826123,1.3377650256285167,0.6865221557887686,0.3499643783897451,1.5807289826293232,0.6598227758436119,0.3607327039704423,1.47212237037841,0.6094296921572951,0.5092680673341015,1.2424981512755957,0.7381880202321506,0.535179098618339,0.9804672352836395,0.7538966912181908,0.5682601232902345,0.7674239780281767,0.6788175284339093,0.5511675634430837,0.66548019827813,0.594136686898679,0.5687790497069409,0.6510063785951636,0.5958485275703548,0.5666528615330398,0.6161825447194127,0.7205220646928749,0.19349565846027966,1.2450195587006498,0.701967739724597,0.15681516488925226,1.0128412485691376,0.64785339700596,0.13393681459713452,0.7837872215404109,0.5886789343686754,0.16765753620971394,0.6846520185422922,0.5803537001088231,0.14525482307854942,0.6688180295017416,0.5683392957669892,0.11217602895633563,0.6554587271618252,0.6134452029913038,1.1666666666666667
0.4302947756008815,0.8213478700829187,0.7126268187678837,0.4189685546198855,0.3837799432449744,0.7037837241782575,0.39195005826047474,-0.05252274769462641,0.7442686676708294,0.4038617553063529,0.0007079694698702288,0.5231860035718249,0.4500750633644863,-0.0197585945573453,0.5720878255950342,0.37272000747950074,-0.11801276278617898,0.8075368118185179,0.24161535504161236,0.8298058910281623,0.6567797619258035,0.21644234782035826,0.3880673237711241,0.6767677006294999,0.21573197216974763,-0.006799321059599614,0.672933403638838,0.25774754644343445,0.024338958867901342,0.4898286294015226,0.20447323587104155,0.018868124943800635,0.5022696838797737,0.22803927687804756,-0.08693718637224662,0.7418366036029709,0.3481338454945456,1.3377001599035367,0.6865046653493314,0.3499658156669446,1.580782709135056,0.6598217719874048,0.3614825191818185,1.4730741063887485,0.6080431250127869,0.5091994969217696,1.2417709990323855,0.737950593728063,0.5352242557746723,0.981059091243198,0.753695542993834,0.5693226599203988,0.7684532547205087,0.6800882056314169,0.5597175172037874,0.6638971579666954,0.6057727131767178,0.57497105204216,0.6479536738701456,0.6087800071573715,0.5684867081816081,0.6187142199873646,0.7201514106741962,0.19349167313032578,1.245227616817373,0.701950917031826,0.15481870299155182,1.0122758652030674,0.6499241685001101,0.1287742532008101,0.7817255943030607,0.5954071771405557,0.1637199391524759,0.6834910771399212,0.5828281246495108,0.14067766379249672,0.6688075327874418,0.571264021577282,0.10580360095616541,0.6518327412494462,0.6228621600240023,1.1833333333333331
0.4299891618733377,0.8207865626798091,0.7123245572143518,0.4187313700271376,0.3841867778411951,0.7037191220523215,0.39155900481798966,-0.05255304798554837,0.7442269807823527,0.4040479884091153,0.0015905717304666167,0.5236541872509264,0.4489108451213618,-0.018966993018205924,0.5708844485233243,0.3726856756954785,-0.11873718918586322,0.8076058336309028,0.24138490707391722,0.829136096998365,0.657314304314386,0.21657118053834276,0.38799247087527444,0.6764173402749042,0.21582430301993102,-0.007352569946631693,0.6731347728508672,0.2570303361896572,0.0268446273738929,0.48805845428011163,0.20378594527202007,0.017214620044872134,0.5046573991947058,0.22820158704131602,-0.08691221877440572,0.742268963125927,0.3481496623476928,1.3376732185292746,0.6864823535641399,0.34996293862272215,1.5808437849447292,0.6598040515589074,0.3624707114922335,1.4740902433192007,0.6063308971808459,0.5091688623546544,1.2410784985657846,0.7378776950483923,0.5351149350329085,0.9819106574245962,0.7536822227735746,0.5711921051826967,0.7701177216773887,0.6807296253656261,0.5668952175836183,0.6626873424285363,0.6189527971710324,0.5797698587790406,0.6463753373713061,0.6220009034907079,0.5696793143995075,0.6214667013680149,0.7197261158265778,0.19347037992472127,1.245960677267537,0.7019444369486907,0.15283389211154974,1.0114963339961092,0.6537393498282618,0.12377218102997917,0.7793456790149245,0.604538986506796,0.16104022986598893,0.6828608511238711,0.583893359706559,0.13679662775428947,0.6679181252755019,0.5755570433764262,0.10040091312316407,0.6488153765060203,0.630382411433371,1.2
0.42985783919786363,0.8202617192288651,0.7120783979778705,0.4184282013476254,0.3846078428598202,0.7037046026017048,0.3911936634957528,-0.05247052655357941,0.7440572911800434,0.40415009829141185,0.0023168309165358114,0.5241449422486919,0.44769239823297324,-0.017686072487220497,0.5689725927333226,0.3727045101453347,-0.11926374445374865,0.8076600243757406,0.24129808997982632,0.8287546570671275,0.6577189098535955,0.21660518351331506,0.3876283871295755,0.6764134259865777,0.21583237571440314,-0.007868812385036006,0.6732793179520439,0.25592189288910905,0.02886348966609234,0.4865167333376954,0.20268424532818724,0.015149860382015379,0.5072901491408474,0.22828944604032744,-0.08676296105704696,0.7425972201251482,0.3481707719563142,1.337671041412638,0.6864759772347226,0.3499548904678985,1.580888435385329,0.6597797025495844,0.3634967841361711,1.4750475865207544,0.6041838817576684,0.5091648740132012,1.2405475126130654,0.7378952613626982,0.5349743911645212,0.9829986547657421,0.7538475741068945,0.5741042177334628,0.7719672309443022,0.6812352311602948,0.5723020467886739,0.6622876845978819,0.6317678653851602,0.5836390525417094,0.6468202108453251,0.6337335719084187,0.5704403025309729,0.6238132041913389,0.7200455023578695,0.19342594028343535,1.247194251497868,0.7019549674519099,0.1503872803195629,1.0107343186788407,0.6593984946142013,0.11867836388420822,0.7768249375863892,0.6149256767501994,0.1590019892818532,0.682410905853445,0.5845972410424983,0.13316701550258597,0.6661646621506013,0.5813329485066062,0.09621222253742703,0.6463830654217194,0.6359058807415686,1.2166666666666666
0.42975964083569357,0.8198297152973808,0.7118566143763352,0.4180537557428033,0.3850397036811609,0.7036887284335862,0.39084970817161563,-0.05234961724249858,0.7439071688641133,0.4042005651784234,0.0033561663866607944,0.523782889355091,0.44660269465786684,-0.016102119188288605,0.5666321576804929,0.37277444913380553,-0.11956176273845949,0.8076970402744001,0.2413354308474516,0.8286502321599818,0.6580663652278105,0.2165102498589069,0.38715788886342806,0.6769732115344589,0.21577945105059423,-0.00835406794314314,0.673382634586002,0.25457428275047156,0.02959319730444153,0.48580262639122496,0.20134485807230076,0.012994564450357862,0.5099398594051187,0.22830052157330552,-0.08640396180422859,0.742680406854295,0.3481636444159773,1.3376554914495244,0.6865449155936438,0.3499402560853073,1.5809092036507872,0.6597531327686583,0.36439436384431395,1.4758206846191668,0.6017326605657636,0.5091818167768526,1.2402627621901086,0.7379505205560858,0.5348733722254099,0.9841826991573005,0.7541366571176042,0.5779090811542662,0.773426058922321,0.6823005758636083,0.5756709182662945,0.6626540961646826,0.6427414918976372,0.5867702964920967,0.6492143360829432,0.6425888529460146,0.5709293014792539,0.6254621701425899,0.7214230549589536,0.19336135452355305,1.2487540520462053,0.7019877273907462,0.14724112456112287,1.0102142486853476,0.6660912447846667,0.11345381106748502,0.7742677970422627,0.6256479764358,0.15715500425205864,0.6821859645872119,0.5855464414013098,0.12937543963083006,0.6638954144352449,0.5885135833570354,0.09335534445703783,0.6444187418481025,0.6397596547396921,1.2333333333333334
0.42957072412402486,0.8195661410002436,0.711649108988614,0.4175968825892452,0.3854818860119265,0.7035877821442964,0.3905168528311844,-0.052284143373546324,0.7439554859586107,0.4041416803982799,0.004858543924608272,0.5222143675158477,0.44576478271335074,-0.014425333298288656,0.5641661569438526,0.3728805130701626,-0.11960303615819423,0.8077067095533675,0.24148430590327633,0.8287434331942504,0.6583619261886787,0.21628213316342676,0.3867409837735237,0.6780177508340323,0.21571584796782994,-0.008812836135049601,0.6734767667632776,0.2531415932575118,0.02870929171861425,0.4861540187839332,0.1999295574987457,0.010996924349627568,0.5123878066912984,0.22827657353483657,-0.08582811406009155,0.7425028050081917,0.34808248143486087,1.337597334081287,0.6867797256720585,0.3499186349836111,1.5809047134814782,0.6597244149461685,0.36503981179171185,1.476307657601571,0.5994392698324841,0.5092125941139857,1.2402098882573735,0.7380165124088003,0.534805599440882,0.9852719252837369,0.7544753760266385,0.5820399362306539,0.7739793375186286,0.684531695387225,0.577027368080689,0.6633510507924926,0.6511996668582367,0.5891522003330179,0.6526366751784901,0.6483823331993444,0.5712630668348271,0.6262374814785248,0.724157149187357,0.1932842846139363,1.250417710099482,0.7020453471714909,0.14357976040651196,1.0100449560893163,0.6726055256802668,0.10833610914416492,0.7718860320529558,0.6359890943600341,0.15531699718321296,0.6823860750452233,0.586867431503959,0.12531664739991533,0.6614681806449653,0.5965888727876478,0.0916122080275435,0.6428883669437824,0.6424776610256547,1.25
0.4292429650137347,0.8195125831028329,0.7114897065868654,0.41707812352769474,0.3859346470228162,0.7033685196824724,0.39018696837416383,-0.05231502605315802,0.744276751065075,0.4038707301133394,0.006368192191520031,0.5199957219047802,0.44519325235767493,-0.012823566485989618,0.561806613320444,0.3730031906332632,-0.11933958545321882,0.8076723000403908,0.24162733246275298,0.8288722300730471,0.6587045474792989,0.21594031564206387,0.38644056229270296,0.6791634634866803,0.2156882477473159,-0.009246899252399202,0.673589300319731,0.2517928941352999,0.026444259068219886,0.487517166408291,0.19860358618788573,0.009406727803734444,0.5143032071571405,0.22826700900739225,-0.085083666975181,0.7421205694627522,0.34792397711631207,1.3375043883086994,0.6871869431674205,0.34989286585025015,1.5808766927571567,0.6596943516384952,0.36534382710447577,1.4764960292429898,0.5978518744901501,0.5092325700187419,1.2402609050662439,0.7380724676565209,0.534741698687414,0.9861136908762891,0.754805639408187,0.5856947312158689,0.7732960907670081,0.688360415586803,0.5767479130652234,0.6636485225631887,0.6577119161905209,0.5907405435840483,0.6556335239347725,0.6522757168975106,0.5715397966340799,0.6260455547932104,0.7284681454480739,0.19320564025103976,1.2519609300156846,0.7021241019953872,0.1400279702454189,1.0101946991005706,0.6778951426837982,0.10379438859919198,0.7700998410789124,0.6450331435531003,0.15342942310283084,0.6830046782006447,0.5885144160661443,0.12120726110157966,0.6590764446170945,0.6046887327901832,0.09055051761979231,0.6417723254316129,0.6446154193969316,1.2666666666666666
0.4287879425887802,0.8196664293657432,0.7114223984033554,0.41655797938646555,0.38637514277281404,0.7030799848194484,0.38985560784309703,-0.05243139706758687,0.7448413267797122,0.4032929265373183,0.007014361097943733,0.5183130114742303,0.4448452832086073,-0.011421012405411615,0.5597311002152577,0.37312719951645634,-0.11878728834746954,0.8075899382530325,0.24157191331154143,0.8288770566360198,0.6593123977023023,0.2155173404620132,0.38624163957319113,0.6800406231748971,0.21570362882119212,-0.009646223191123196,0.673718510855941,0.2507098076633912,0.0234685172614255,0.48956493784126687,0.19754100595283924,0.00846000929948576,0.5153566178870144,0.22828409281762316,-0.08421700842169445,0.7415756673409232,0.3477994961598645,1.3374429755229074,0.6875188132857595,0.34986800494696757,1.58082991045351,0.659666048969912,0.36531521535402844,1.4764825306330134,0.5971517024058585,0.5092028909003199,1.2402797863846475,0.7380976180869215,0.5346697238462774,0.9866589468792193,0.7550920607983692,0.588141327145193,0.771382217712621,0.6939671742230425,0.5753611934200678,0.662827510783418,0.6637054668763618,0.5914430440530057,0.6571183537825209,0.6556602303998161,0.571832169809235,0.6250923293196495,0.7341852074093815,0.1931390333440245,1.2531691025045093,0.7022080893611895,0.13736283499295662,1.0104963305679142,0.6813000422650599,0.10032228312744543,0.7691890847632196,0.6518036679985637,0.15140782035438147,0.683741536319125,0.5904978273368433,0.11723910025462908,0.6567403192976826,0.6122187703113544,0.08980589992138077,0.6409401426361911,0.646617772260001,1.2833333333333334
0.4282339660665879,0.8199440144846691,0.7114665601263007,0.4160958303248612,0.38675592616936827,0.7028062817704092,0.3895226539181254,-0.05260379801680701,0.7455807309021818,0.4024016568896837,0.006186437347955445,0.5181354396471025,0.44468434636162557,-0.010356656795702898,0.5581574055362364,0.37324615416042667,-0.11809272564824556,0.8074815649822545,0.2411763861124804,0.8286550678688691,0.6604124874161226,0.21503022463886762,0.3860886083199465,0.6805385032708268,0.2157368265748527,-0.009990233436591986,0.6738400329747654,0.25004480819870745,0.02062317960385103,0.4916349259640163,0.19689667350445417,0.008196515740255983,0.5155251320259583,0.2283075624659405,-0.08325280770494234,0.7408854546050666,0.3479048184298804,1.3375098825513956,0.6873299605462,0.3498471114777356,1.5807722076457063,0.6596430199239043,0.3651017717668885,1.4764282025984612,0.596857982497646,0.5091167394915636,1.2402714192365123,0.7380883548611168,0.5345964863780979,0.9869744343044806,0.7553184145897237,0.5889476280401146,0.7686914899046271,0.7009773479126505,0.5734044163744355,0.6607381442965999,0.6699611501969803,0.5912122676343707,0.6569885577757488,0.6589941808388182,0.5720937050966006,0.6239939872867201,0.7406515008863529,0.1931017564395394,1.2538765296252627,0.7022656974770294,0.13612395959113793,1.0107583133437923,0.6824756073089253,0.09811240840145655,0.7689851315404252,0.6559445735801636,0.14923784457429518,0.68430442559377,0.5927824715723737,0.11345324901903765,0.6544577421341066,0.6190899783294559,0.08925863345829667,0.6402620451027644,0.6486489357849208,1.3
0.4276040219684354,0.8202016187612977,0.7116146207913401,0.4157090249288385,0.3870390951705285,0.702602881882312,0.3891737370350883,-0.052812941637871175,0.7464425059218608,0.40132021857029043,0.003928102677129897,0.5197376338694873,0.4446657431424992,-0.00988591240280963,0.5574787766374334,0.3733605062164795,-0.11743115233576017,0.8073754989317047,0.24043519290524412,0.8281616514496746,0.6620586823024397,0.2144670632286205,0.3859190220311874,0.6807300902232576,0.21576107607001757,-0.010256035036530387,0.6739287621069839,0.24983145905514928,0.01854944566203222,0.49300158742318284,0.19673201020018333,0.00830862252366911,0.515279562838533,0.22831802729943326,-0.08220072513846702,0.7400713477752446,0.3483756753976871,1.3377646600083155,0.6863043059717586,0.34982904003675963,1.5807145130743478,0.6596275777973201,0.36485058429240774,1.47647790339302,0.596180196357563,0.5090571862543927,1.2403733129555212,0.7380814050142968,0.5345362256154478,0.987220000874971,0.7554982186120585,0.5879966031005768,0.7659115770030669,0.7083587556803023,0.5714057445116736,0.658004976977956,0.675797429101865,0.5902593274324119,0.6559042208699112,0.6618848979358897,0.5720701530586216,0.6234143490898132,0.7468652111314635,0.1931127444103506,1.254064892519197,0.7022596044395414,0.13638426545051544,1.0108543006132147,0.6816265562910155,0.09691792602164906,0.7690450523326424,0.6580532705800151,0.14717671944141816,0.6847000776351719,0.5951171367241128,0.11004108673517493,0.6524336171943839,0.6250647219812405,0.08897925092434739,0.6397305848202886,0.6505482023551056,1.3166666666666669
0.42691767996851204,0.8203316343585932,0.711841630126764,0.4153844218820677,0.38720502172016147,0.7024864678273006,0.3887687800251164,-0.053056927815143026,0.7474143956175793,0.40023974421969544,0.0007109573624725779,0.522897221882315,0.44471608689315567,-0.010332751472795929,0.5581730002838237,0.3734728615667826,-0.11686385494233908,0.8072819826673271,0.2394691891744972,0.8274266829528278,0.664060127600453,0.21380635102774534,0.38569895784819874,0.6807006770308566,0.21576298603102873,-0.010423343484031039,0.6739692064399426,0.2499222293292751,0.01749162764807792,0.49339798383722616,0.19694597164882538,0.008343626733896436,0.5152485724248624,0.22831179333126955,-0.08105777257947855,0.7391602991416311,0.3492019260607113,1.3381955418094673,0.6844602000540587,0.3498108625603926,1.5806680202379624,0.6596210291199677,0.36454095010223486,1.4766868931777937,0.5946991280723286,0.5091718685679326,1.2407017601084827,0.7381420986150078,0.5345011147845145,0.9875810566357145,0.7556611502482165,0.5853341735475799,0.7634917441018686,0.7149968273697735,0.5697361814308695,0.6555745800904346,0.6800639880792507,0.5889348444175806,0.6546193962052363,0.663971886438188,0.5714956461302836,0.6235606826649598,0.7518699966313279,0.19318167083906446,1.253924768435469,0.7021699102045562,0.1377206222310254,1.0106491521666978,0.6798318254299608,0.0963035802361083,0.7690221755209015,0.6591261560544462,0.1458257881531298,0.685216920715938,0.5969805433790333,0.10759543884005726,0.6511375423059339,0.6292083336112246,0.08901621547618609,0.6393646162399369,0.6520426875726275,1.3333333333333333
0.4261955224473194,0.8203177925818324,0.7120991669046773,0.4151104769513805,0.3872387225617345,0.7024625142453771,0.38827296385200183,-0.053343600548077755,0.7485081531836615,0.399319278290928,-0.0029287312720099323,0.5271745051848469,0.4447893861427613,-0.011803095669407584,0.5603877150619538,0.3735843791983357,-0.11635038873481358,0.8071947242966399,0.23843897460085098,0.8265535099768094,0.6661404405027207,0.21304743169687446,0.38542585765764864,0.6805380634812432,0.21574737395299942,-0.010480236494652045,0.6739647759745125,0.2500810014514292,0.017307146431715076,0.4931646526834331,0.19731381001578746,0.008019700358082416,0.5157645847064338,0.2282901211132957,-0.07981951240328777,0.7381568986243563,0.35026902887356953,1.3387399044644104,0.6820626456414052,0.3497911344004837,1.5806393703738735,0.6596239234969877,0.36404248005161566,1.4770238260076956,0.5925240556599088,0.5095615127490873,1.2412608964945648,0.7383160997218708,0.5344923290561092,0.98816216281301,0.7558344842056225,0.581152300654359,0.7614607960515102,0.7203116597870101,0.5683670946961574,0.6539866342957256,0.6826655382310054,0.58735957387965,0.6534840233111714,0.6653971416567346,0.5703539011719715,0.6241450796314457,0.7551648554990694,0.19330218910022806,1.2537368815544707,0.7020069357118632,0.1394688231838404,1.010052379159992,0.6785451338082661,0.0960724709302341,0.7688668446416255,0.6597592454607556,0.14589094686166,0.6862156053809955,0.5977617396091529,0.10691193313060507,0.6510836305784425,0.6303016000657973,0.0893185136729486,0.6391632945194243,0.6529940549110738,1.35
0.4254574692182228,0.8202236736360122,0.7123035951057195,0.4148851994288388,0.38713731649225075,0.7025323173960584,0.3876942444775718,-0.053686483494845616,0.7497252036180695,0.398631726394734,-0.006472271836568372,0.5318914250624079,0.4449578256325346,-0.01402295825670083,0.5637267365813756,0.3736930441526597,-0.11584576468364624,0.8071062551901405,0.2374532580949551,0.8256512266155834,0.6681080229407526,0.21221660050600372,0.385102063819815,0.6803885480797857,0.21574120255251303,-0.010437206483958156,0.6739509485604692,0.25016345775264215,0.01758140441088464,0.492828073865787,0.19758583364796084,0.007242192394323471,0.5168925021726252,0.22824031916082768,-0.07851537673156939,0.7370208664617002,0.35142410937461976,1.3393157953373886,0.6794680494555356,0.3497702234895891,1.5806286963428846,0.6596350820266668,0.3632889576535621,1.4774300826662645,0.5899726126983941,0.5102150813663288,1.2419742108746505,0.738599849746294,0.5344982274633638,0.9889406810531175,0.756045715597721,0.5759602135090758,0.7596854972789495,0.7241945063264147,0.5668873827349117,0.6530692569863806,0.6846911005664905,0.5853258163019242,0.6523938280381498,0.6665304653830351,0.5687466860400181,0.6247498241515717,0.7566271566303364,0.1934590060490842,1.2536722800999907,0.7018022747368935,0.1411470688621468,1.009195928354009,0.6787033617557133,0.09650204240293882,0.7688603178633627,0.6598596361529736,0.14768753258403639,0.6879037842660212,0.5971777413683418,0.10848998800372708,0.652561168377565,0.6276953896827195,0.08990275599957132,0.6392716389761981,0.6534214196876702,1.3666666666666667
0.4247193997210667,0.8201405355532267,0.7123706121702509,0.414711448250722,0.3869304133791243,0.7026866975973309,0.3870719616396892,-0.05409518469066624,0.7510459876048546,0.39817951113790256,-0.009350036606761883,0.5360541308186354,0.4453891351128998,-0.016534897546548077,0.5675330086396738,0.37379473868048896,-0.11534161913649599,0.8070178073124721,0.23655091651487709,0.8247658136406973,0.6698490356367139,0.21134970220794963,0.3847233912096788,0.6804000996282157,0.2157782013151516,-0.010340878472394635,0.673978266466504,0.25016883066169016,0.01788677972841582,0.49264618617552436,0.1975396712964485,0.006011590902927702,0.5185999592070459,0.22813745315808628,-0.07722526096081317,0.7357042464610565,0.35250357729547227,1.339838023571599,0.6770524201082269,0.34974885674824346,1.5806309160327074,0.6596510081546769,0.36234656898754264,1.477841617804073,0.5874157146853674,0.5110425804812304,1.2427391652894113,0.7389539045374616,0.5345063063792614,0.9898058265699241,0.7562953490630882,0.5705362034145959,0.7580928440384196,0.7267904292395994,0.5647885341041631,0.6522721426136963,0.6872803468805716,0.5825235063774151,0.6509838948204963,0.6677738998943671,0.566676751606406,0.6251536207639653,0.7562253743940187,0.19363299220857488,1.2537298817533582,0.7015929549010244,0.14262633633014307,1.0082965278417586,0.6805605344073067,0.09813131176000488,0.7694943820925959,0.6588945426204971,0.15090852766219565,0.6902632289154558,0.5954824194982087,0.11216211283037147,0.6555211280320126,0.6217642529335178,0.09092601428767595,0.6400398289267789,0.6533434680420742,1.3833333333333333
0.42399119117868644,0.8200971512301204,0.7123082023986786,0.41459634218268515,0.38667533777461166,0.7029188164194272,0.3864425573868828,-0.054568784442205184,0.7524380122921074,0.39794659238053787,-0.011054601065103142,0.5386758134044135,0.44619066311234645,-0.018935486491945763,0.5712126754232795,0.3738856540902459,-0.11485319481759046,0.8069370881814633,0.23574251579254954,0.823896558779834,0.6712876756340094,0.21048598578444613,0.38429249469970794,0.6806336505876495,0.21586095852277157,-0.010259466951140536,0.6740637814539396,0.25015079060645257,0.018032343278750182,0.4925908441540769,0.1970360502501638,0.004433302706946876,0.5207335519456895,0.2279757184833967,-0.07604350169988458,0.7342514032080741,0.3533463833958075,1.3402276348106692,0.6751786697954578,0.3497278480752205,1.580638297081176,0.659667777963103,0.3613752437754897,1.4781675312313451,0.585377655845033,0.5119268408042459,1.2434494816736634,0.7393270462516528,0.5345145164972972,0.9906198354850693,0.7565269319460413,0.56553468914473,0.7566850915342213,0.7284797494674433,0.5617426096723694,0.6511264943170426,0.6907983222108415,0.5788495325392583,0.6487522328978993,0.6698617340138769,0.5642006235215103,0.6254015286606505,0.7541398444396633,0.19379673983822443,1.2537904576834804,0.7014094072459144,0.14402792194929542,1.0073377074588992,0.6840684121392704,0.10129965527048815,0.7712050705128931,0.656330531566371,0.15493373671632016,0.6931613483824095,0.593188496684179,0.11725026211725526,0.6596402296669253,0.6136639006350403,0.09250032193097532,0.6417413985758944,0.6526980883146158,1.4
0.42327383707482674,0.8200281146664716,0.7122492333489145,0.41454687510652327,0.38641831071979404,0.7032294950852555,0.3858298646919069,-0.05510926177466374,0.7538571025783928,0.39790805400306967,-0.011476433943300404,0.5394399525061216,0.44731351808732567,-0.020909089437985653,0.5742825392172988,0.37396410614657705,-0.11439768867767813,0.8068687668705327,0.23504250927298728,0.8230646070077928,0.6724555603575684,0.20967209390540834,0.3838344246561056,0.6810641695899042,0.215947675716311,-0.01023429967418539,0.674173846950868,0.25014183821636293,0.018048414565794674,0.492574476633726,0.19607852287544397,0.0027091081797977756,0.523012936901931,0.22778666500477887,-0.0750313622009454,0.7328294504284627,0.35383246707936633,1.3404334439303605,0.6741135910749047,0.3497089976823794,1.580643989141,0.6596834435965995,0.36053872256687747,1.4783067602205606,0.5844431588543262,0.5127445990514259,1.244002242566545,0.7396657994659767,0.5345258780688755,0.9912576986120505,0.7566594412999174,0.5611965544685485,0.7555069407107855,0.729715205254282,0.5577376568464447,0.649493107756894,0.6948080845230785,0.5745592674653645,0.6452158169894153,0.6738677830076093,0.5616138433213841,0.6256399197835166,0.7509163812105734,0.19391585943341783,1.2536972519248266,0.7012685057014918,0.14562798523239245,1.006083137930235,0.6890224897310624,0.10596321049908089,0.7741860388338071,0.651887765270062,0.1592087237947098,0.6963600746707718,0.5907780524195153,0.12311503472365087,0.6644584862624062,0.6047288130896809,0.0945332305375308,0.6442365850173376,0.6514284432499805,1.4166666666666667
0.4225658427856138,0.8198684268300243,0.7123477756453018,0.4145547283641103,0.3861687317711667,0.703602577199014,0.385251025777356,-0.05572416514510303,0.7552527455222957,0.397990800746871,-0.01107744240859622,0.5389692825491493,0.44859732788049844,-0.022183031767287906,0.5763197411127444,0.37403166369056323,-0.1139775997001277,0.806811887135936,0.2344608473254784,0.8223321237289613,0.6735401187232681,0.20894642712140477,0.38338239042408184,0.6816257739109437,0.2159874188126094,-0.01025156818296924,0.674259575502278,0.2501434542333085,0.018014991799551322,0.4925628268389574,0.19479236816067913,0.001080759699439715,0.5251119644108232,0.22761298691709497,-0.07421479916547694,0.7316196404424063,0.35395501592097567,1.3404650873851989,0.6738680402074327,0.3496951470673381,1.580644951527168,0.6596978150709393,0.35992175846000135,1.478223182502925,0.5848351464693995,0.5133749334638542,1.2443201142257452,0.7399169581104612,0.5345363615589642,0.9916149434736309,0.7566433825237474,0.557459359342712,0.7546122394675139,0.7307756316764698,0.5529346380049927,0.6476892365726241,0.6982621451215272,0.5699721988152093,0.6402915916401685,0.6803452417884899,0.5592732027173601,0.6259763959281796,0.7471349425732452,0.19396249903424492,1.2533541611072272,0.7011722855113477,0.14775802210497177,1.0043832054752002,0.6949233295283981,0.11181755608112506,0.7782697872656877,0.6456377858564905,0.16327106428301144,0.6992879461112561,0.5888296338778176,0.12935912519782516,0.6694017448944295,0.5961667641950577,0.09676346576829066,0.6470107081190438,0.6495913775011768,1.4333333333333331
0.4218884775211509,0.8196195918602243,0.7126710664739108,0.4145903244337741,0.3859205897407674,0.7039923132520803,0.3847195459961002,-0.05641112947146354,0.7565811097091205,0.39808726417416185,-0.01054860240131085,0.5382530689725974,0.44985399607866267,-0.022563637111691237,0.5770251588735403,0.3740931598382185,-0.11357342645497022,0.8067656721208941,0.23397493163483252,0.8217530896025593,0.6747555845960957,0.20831401184419504,0.38296074547446446,0.6822483922004455,0.21595393325786552,-0.010271263862747987,0.6742921872872503,0.25014387722955506,0.017973687651811426,0.4925583120452616,0.19335856567921883,-0.00023750626817456433,0.5267597013549916,0.22747296036538214,-0.0736295792724184,0.7307147362377164,0.35385420471076523,1.3403986913764476,0.6741199693142926,0.3496888068335526,1.580641892418446,0.6597107974714402,0.3595621435246136,1.4779822782202827,0.5862093485369484,0.5137279475160651,1.2443975435414119,0.7400421129952308,0.5345400672588839,0.9916303841277468,0.7564863344401489,0.5542445549293562,0.7540607054703583,0.7316542627183815,0.5473906331035839,0.6464665905161984,0.6995886774007575,0.565049197660808,0.6346248828323974,0.6882797050140373,0.5573050015423757,0.6264950806628466,0.7431065806886756,0.1939296916266089,1.2527738691769166,0.70110804888008,0.15058024482266355,1.0023466632764013,0.7009520712029267,0.11836706783471561,0.7827644492013819,0.6381157247505996,0.16665276195247666,0.7009993276662158,0.5881091271533601,0.13553233885643529,0.673748291532204,0.5890589681304325,0.09887259811667663,0.6495055693149656,0.647414949913012,1.45
0.42129475139407857,0.8193090507013527,0.7132007750423098,0.4146274619589021,0.38568057378339116,0.7043506912668569,0.38424680184580295,-0.057153465961756744,0.7578085224301526,0.398121429422433,-0.010300211376407839,0.5378851304205985,0.4509228325639957,-0.022097504464363288,0.576459717132514,0.3741526022190282,-0.11316281868327616,0.806731848328388,0.23353568213980164,0.821348238285847,0.6761407087186367,0.20775204727712865,0.38261614479851075,0.6828853213133756,0.21584034357950432,-0.010265314417050059,0.6742627927209633,0.25013424465194073,0.017934601959439037,0.49256875591498334,0.1919740371588126,-0.0011405117646703378,0.5278496625053937,0.22735847650847307,-0.07333842914607684,0.7301263742883664,0.35372070488488505,1.3403243681153367,0.6744314640328021,0.3496905298162981,1.5806368111321027,0.659721772855905,0.35954535309573343,1.4776841701200072,0.5880525693240557,0.5138007616791738,1.2443244719924724,0.7400443403143362,0.5345476316026635,0.9913792488868797,0.7562524509602853,0.5515797918070314,0.7538892352379907,0.7321729101845139,0.5411013379052321,0.6466803888813013,0.6970583680822634,0.5595792836468066,0.6294618331638654,0.6951365238025449,0.5555630135634925,0.6272222002877555,0.7390761011171672,0.19383737503161144,1.252042644730337,0.7010508366392783,0.15388337848615333,1.000207925307669,0.7063210822327101,0.12492935609044471,0.7866432036956331,0.6302548093271263,0.16900826619085801,0.7007047715150045,0.5891466459032927,0.1410090874066221,0.6768113908070131,0.5842078345500181,0.1005749446321105,0.6513391479375547,0.64530534957282,1.4666666666666666
0.4208399406594598,0.818976632854616,0.7138935158910248,0.41466731127898265,0.38546343915630854,0.7046562453145434,0.3838439939140164,-0.0579272689984129,0.7589057620515434,0.39806440722996295,-0.01038158655850481,0.5379512246454384,0.4516928511773661,-0.02121150966885489,0.5752411449607447,0.37420455964957194,-0.11276952690307923,0.8067116757893973,0.2331276672484408,0.821139807146794,0.6775157389588612,0.20724960022274963,0.3824502433143681,0.6835198324892839,0.21563768991937832,-0.010221011869295069,0.6741634730063687,0.25011314669471396,0.017898202014691014,0.49259569341170717,0.19082066545351856,-0.0016516399882044452,0.5284450635761956,0.22726059366882995,-0.07337311327364407,0.7298377025232505,0.35365420441376294,1.3402852777528775,0.6745717572837061,0.3496987472826758,1.5806313888256,0.659729994117406,0.35996768121903466,1.4773774827402457,0.5901968154421249,0.5137020835080535,1.24422625915433,0.7399749724856933,0.534587859017616,0.9911300921377472,0.7560336395924547,0.549497825086477,0.7540071923565299,0.7322976592073599,0.534286496540328,0.6488217807427409,0.6896475709867304,0.5536970157558164,0.6261009275544072,0.698197221910773,0.5538773239077383,0.6280239285562541,0.7354078377757127,0.1937251802595717,1.2512646618250263,0.7009774922743094,0.15713183550234913,0.9981153560603697,0.7107679662449553,0.13073917507890936,0.7891185386283006,0.6231041527579365,0.17039068185198705,0.6984352608031626,0.5917045827464025,0.14528887864615866,0.6782944030736218,0.5818174300219685,0.1016818454073975,0.6522975746945179,0.6437332962695994,1.4833333333333334
0.42055410657236186,0.8186934576134952,0.7147212732857056,0.414726023442528,0.38527631661224027,0.7049094987828213,0.3835232387335574,-0.058707938515519045,0.7598421396127495,0.3979335714084671,-0.010667233111247884,0.5382911987517851,0.4521068047199257,-0.02050808138775302,0.5742395158545748,0.3742311587074162,-0.11248803162078465,0.8067053165870665,0.2327998759155064,0.8211634637297212,0.6786387487667018,0.2068343209569032,0.38257045371064236,0.6841467691278132,0.21533550233333396,-0.010131960332799408,0.6739832977572104,0.250083797570027,0.017866337073975544,0.4926325946539228,0.19001538837740578,-0.0018426151686647685,0.5286401084824006,0.22718641697778288,-0.07369114692726554,0.7298359348477779,0.35364580765973463,1.340275776571641,0.6745608074855488,0.3497114995972037,1.5806263857981182,0.6597352215116278,0.36081173404537636,1.4770606570211453,0.5927733357141565,0.5135774306065235,1.2441738354453935,0.7398958073164869,0.5346674416376913,0.9911784625065775,0.7558870932011664,0.5479120517006638,0.7541556332709524,0.7323111432533342,0.527390257190193,0.6527318110721054,0.6778678352307671,0.547770020017065,0.6253217320850979,0.6958791397636106,0.5523256559859802,0.6286487067605053,0.7323286766576182,0.19363098637886555,1.2505295713056894,0.7008857042532008,0.1597278618708784,0.9961744920971911,0.7144422200590227,0.1351662457356092,0.7899229804665866,0.6175460165321197,0.1712952560636232,0.6950739033444586,0.5948117344267364,0.148292054215066,0.6784394618157182,0.5813690272754073,0.10214873077777747,0.6522997940434404,0.6429523045285412,1.5
0.420442589000643,0.818531956456992,0.7156703235493961,0.4148126721394533,0.3851182272244521,0.7051145581700555,0.38329823057482804,-0.059472779171121884,0.7605813305310778,0.39783908178972754,-0.010888955749257523,0.5385474892260123,0.4521894109510055,-0.02027832995230737,0.5738799277407657,0.3742130359762603,-0.1124370636593883,0.806715425176037,0.2326061945555646,0.8214401015209863,0.679368780253158,0.20655462352716603,0.3829999908162869,0.684748391022403,0.21495014681690153,-0.010002851697589035,0.6737296985570389,0.25005174360096205,0.017845063520292068,0.4926679814009911,0.18959685702013646,-0.0018064485678301323,0.5285353757163482,0.22714992521127583,-0.07422862226660484,0.7301229870846319,0.35365533475071753,1.3402771855176685,0.6744949647761859,0.34972839090590635,1.580620581573711,0.6597375737998799,0.36194261621042256,1.4767237226894152,0.5957705031228049,0.5135073279729949,1.2441705748939718,0.7398356175106733,0.5347059506565991,0.9916175300950346,0.755804839594982,0.5466219046605968,0.7540728261945291,0.7325193151330407,0.5207669150613884,0.6576079364864853,0.6638287553393488,0.54180658662839,0.6272013005697892,0.6880489894676225,0.5511512127578042,0.6288912878919839,0.7297088247996355,0.19357167015950805,1.2499072318387492,0.7007979324164935,0.16130129280344818,0.9946543737261827,0.717211527879071,0.13805256138303357,0.7892229376325297,0.6139799282393976,0.17229217370173527,0.6917344957808313,0.5973900985491785,0.1503090331195453,0.6777941584054789,0.5818852293744109,0.10215896026210343,0.6515283136659072,0.6427035566364501,1.5166666666666666
0.42049848643108517,0.8185195687108113,0.7167228293706682,0.4149269810017844,0.3849868523070118,0.705274399216218,0.3831856927945366,-0.060197519020119133,0.7610807408344517,0.3979670399351751,-0.010676097685255875,0.5382251817691507,0.45207972531443974,-0.020358028746806256,0.5739438515335694,0.37414705826200756,-0.11266148492569755,0.8067480007305863,0.23254564371762954,0.8219635589822475,0.6797007936180879,0.20643854595016112,0.3836770420314109,0.6852902043400411,0.21453568502987813,-0.009855796118224458,0.6734433649398788,0.25002344471224447,0.017841563293321566,0.4926920289042467,0.18958398253239697,-0.0016751411283594947,0.5283182135311749,0.22715691296296736,-0.0749725797661831,0.7307161378027347,0.35365866609437435,1.3402773332930904,0.6744386393708968,0.34975066919695963,1.5806110446701216,0.659736136407338,0.3632011039307065,1.4763343119926042,0.5988626456734483,0.513504737062429,1.244187534708071,0.7397926213962093,0.5345469796417339,0.9923575492154586,0.7557514743658109,0.5454151898719585,0.7537260690010577,0.7327856635715871,0.5145415232349722,0.6623604882264319,0.6502661215032328,0.5354156720455718,0.6313135292572241,0.6757165547847894,0.550427915689973,0.6286625155283754,0.7273601588447933,0.19354293775462847,1.2494659689907393,0.7007485490506136,0.16186581332161426,0.9939252882407528,0.7185016423716795,0.13990314931595332,0.7875566619724953,0.6120307109135076,0.1736077009267301,0.689181699455795,0.598790332957809,0.1516733126765043,0.6768340340625651,0.5824082863940996,0.10216982305167881,0.6505464470355764,0.6422866267333741,1.5333333333333334
0.4207148877334978,0.8186224382033177,0.7178470548865841,0.41506506071190147,0.38488115727249894,0.7053970897294773,0.38320242389560816,-0.060850079149106104,0.7613041141413742,0.3984479581512317,-0.009781213496794033,0.537000357986501,0.4519595446286552,-0.02047758005166915,0.5740603492600483,0.3740557284377939,-0.11305627363059535,0.8068047706347212,0.23257110581714616,0.8227118112913857,0.6796999229067416,0.20646122961789246,0.3845186208170321,0.6857454490522364,0.21415066874776711,-0.009722441534525658,0.673182633668132,0.2500045033466267,0.017855697865301695,0.49270328194131846,0.19001442845315542,-0.0015362758443207142,0.5281616743534836,0.22720452184428666,-0.07595200530676541,0.7316361494981777,0.3536496758109596,1.3402701158149362,0.6744170869383312,0.3497793283119859,1.580596192822232,0.659728749659624,0.36445920632950457,1.47581823639959,0.6016771224239492,0.5135712002959578,1.2441627093730523,0.7397614814584355,0.5340807194419407,0.993282807908322,0.7556937364711143,0.5441809839470408,0.7533016143817561,0.7325863266707839,0.5087575388714335,0.6660453190040151,0.6394209948189387,0.5284115599723394,0.6368654991635662,0.6608448619407437,0.5500072656127668,0.6279571730525447,0.7254628621347229,0.1935293746428406,1.2492822457775028,0.7007686956948123,0.16172882067995287,0.9941693769047723,0.7178434413146096,0.1415001920534674,0.7856871109615391,0.6107832989288839,0.1751088748312714,0.6877537031135159,0.5988019055815743,0.15250031657387852,0.6757827514756267,0.5824244379388275,0.10268793696948256,0.6500294291074874,0.6410970342301835,1.55
0.421093098018825,0.8187657005552649,0.7190078921762966,0.41522144414788975,0.38480098948619224,0.7055012707736017,0.3833481701526115,-0.06139469572837651,0.7612576159086267,0.3992696304298825,-0.008228885236479105,0.5349141431087849,0.4519219104509523,-0.020528221083843792,0.574075061227955,0.3739739745799325,-0.1134358343808175,0.8068757406086358,0.23263223624491827,0.8236466083208083,0.6794162654486264,0.2065490676411301,0.38542689251313883,0.6861291345624184,0.21382572163469188,-0.009632521908825395,0.673001012903024,0.2500041094580689,0.01787449613517131,0.4927121250957501,0.19090288353391177,-0.0013842760998865056,0.5281043613672082,0.22728652551773562,-0.07717343422392857,0.7328713396045954,0.35363575529352875,1.3402548488572537,0.6744218304721052,0.3498134652769941,1.5805790345263726,0.6597142652336061,0.36562377820043845,1.4751139197906007,0.6040792564879844,0.5136895511002743,1.2440155728297055,0.7397413269864938,0.5333322032509681,0.9942860992404021,0.755590196138357,0.5429366703674765,0.7529772777587402,0.7315598359252043,0.5034936595565264,0.6680301028109429,0.632649801851568,0.5211839161893365,0.64268911979716,0.646113133515235,0.5497659033175886,0.6268885966950692,0.7244340331161417,0.19351153166223356,1.2493987501949553,0.7008735859579874,0.1612245429950504,0.995255237312861,0.7152382068581884,0.14327682525068475,0.7842683695716465,0.6094775091413891,0.1765746971305311,0.687515659429928,0.597509388994542,0.1528043914796071,0.6747101477074909,0.5819981087675462,0.10391215776035924,0.6502595528479908,0.6390730632748415,1.5666666666666669
0.42163888251333304,0.8188817899562063,0.72018785736934,0.4153898778321174,0.38474522084675106,0.7056144406495001,0.3835793299548904,-0.06182257252391449,0.7610327077876172,0.40031521917153423,-0.006239977474187544,0.5322608124021448,0.45195131894726687,-0.020517017363895454,0.5739942855681284,0.37392088327521766,-0.1137138892033448,0.8069436372265295,0.23271371234387453,0.8246944417440784,0.6788650044470355,0.20663180521538488,0.38629263506034595,0.6865290475467068,0.21356579167186743,-0.009600709363224574,0.6729234620765471,0.25003953900534787,0.017881338230213983,0.49273238040584,0.19219041312988078,-0.0011915184101248394,0.5281095492954041,0.2273905748675141,-0.07857080697888391,0.7343242668619334,0.35364143535239545,1.340241778294786,0.674398543761437,0.34984998466144446,1.580565898024171,0.6596944842396433,0.36660399335373023,1.4742496687646347,0.6060757884700917,0.513763837015937,1.2437588715416457,0.7397310356557059,0.5324220379158195,0.9952023900688743,0.7553986956684218,0.541722353288996,0.7527874493643137,0.7298100400124315,0.4988527263136747,0.6681659994914817,0.6301994366485575,0.5144582315540366,0.6475299736055659,0.6341103938693309,0.5496655863595843,0.6257604192014803,0.7243292655873879,0.19347370503398448,1.2497851445071124,0.7010536219853913,0.16050319233336535,0.9968694929037298,0.7110766528246215,0.1451855853858116,0.7836130784662396,0.607817025318696,0.17785449128917175,0.6882358342548239,0.5953541702938514,0.15280686611652844,0.6736643009074641,0.5815146567775686,0.10566012950646744,0.6509753334716828,0.6366156352581416,1.5833333333333333
0.4223384569234682,0.818972898341152,0.721384167677947,0.415562444554403,0.38471094183423504,0.7057575813456698,0.3838108922247727,-0.06218260135437276,0.7607895845338581,0.40143286730674876,-0.004100319868789129,0.5294130376433089,0.45200146434623667,-0.020468533270493666,0.5738573046471477,0.3738898730218526,-0.11395733154805127,0.8069918738247048,0.2328318067568673,0.8257695002880583,0.678044673656473,0.20668506338791776,0.3870558731508561,0.6870981173429075,0.21336680491979942,-0.00960719478895096,0.6729148545108996,0.25012042475423635,0.017876424042298597,0.4927676884955741,0.19374398419646077,-0.0009541308176479746,0.5281383316955203,0.2274955676020587,-0.08000771837615961,0.7358057893217216,0.3537056692408521,1.3402528457600473,0.6742530065805002,0.34988430912437474,1.5805614202325338,0.6596738699531159,0.3672882620651733,1.4733544202902213,0.6075338121377489,0.5136366266142849,1.2435623614417075,0.7397289404594698,0.5314879822452971,0.9958026311045097,0.7551127834649731,0.5405153933448854,0.7527023043970246,0.727665687258402,0.4948858087046175,0.6669900132638895,0.6309064459101658,0.5088162478820575,0.6506271962076928,0.6262504152559617,0.5495984215634312,0.6250117836814156,0.7245327732779973,0.19341225564790804,1.2503734606712855,0.701278212462075,0.1595507500527147,0.9987095143038554,0.7059231333153659,0.14698995199819948,0.7836733880286415,0.6058156915582289,0.1788678756420028,0.6892985140865319,0.5931566499966078,0.15289298446984656,0.6726561955595927,0.5813071484729029,0.1076006269798189,0.6517292730347078,0.6342322677521346,1.6
0.4231288912094174,0.819132599363954,0.7225860073698981,0.41572726692800777,0.3846892861305705,0.7059224302759157,0.3839717646985375,-0.06254464697168824,0.7606493590130878,0.4024681655142094,-0.002101330088821754,0.5267544010247728,0.4520447611395083,-0.020397499322605858,0.5736973712943553,0.3738659079067305,-0.11427822093414093,0.8070040489094013,0.2330109974098078,0.8268239191227106,0.676945436578937,0.206715552619344,0.3877012592972387,0.6879388185026577,0.21322556526830114,-0.009604854810413108,0.6728956337217249,0.25022747406897095,0.01788675641322507,0.49281122011537565,0.1953820516230967,-0.0006837095075809679,0.5281586789730123,0.22758283827300776,-0.08135204466538784,0.7371387952708272,0.353835382577911,1.340297093088144,0.6739599253299786,0.3499122260014501,1.5805660944706785,0.6596581212708759,0.3676076702087625,1.4725726180480674,0.608221978573054,0.5132089211059524,1.2436216598638117,0.7397306709435514,0.5306569172834217,0.9958967191942435,0.7547796056837311,0.5392861670432432,0.7527789808949094,0.7252791882808255,0.4915679317606319,0.6654943701474965,0.6326421414767521,0.5044693645697484,0.6520095929491174,0.6222327506805242,0.5493657154087814,0.6250529636926218,0.7241066664630109,0.1933356862467343,1.2511071964662905,0.701511971503387,0.158343990100039,1.000526780901878,0.7004052261187894,0.14844353442256636,0.7841267576945827,0.6037043904229744,0.17959862474482038,0.6899246476978614,0.5917507571274382,0.1532658006082858,0.6716240248263194,0.5815102781011464,0.10948260829870335,0.652279246509435,0.6322650786369031,1.6166666666666667
0.4239104585124789,0.8194600147441489,0.7237765619210685,0.41587136453741713,0.3846556358121056,0.7060721158467076,0.38405423282744994,-0.06292562651958587,0.7606106578217131,0.40327516384939666,-0.0005312300089634903,0.5246734631689075,0.4520748854231966,-0.020318080702036265,0.5735459546024366,0.3738397134277928,-0.1147450309688937,0.8069648484670129,0.23327167936318338,0.8278315655583426,0.6756128521849627,0.20674271259115948,0.38818345371643803,0.688956812092417,0.21314142539952652,-0.009559900558682458,0.672811132313395,0.2503121242353474,0.017944734799792583,0.49285355056753866,0.19689355771910455,-0.0004045447894223675,0.5281465897418632,0.22764943049998934,-0.08255426789637897,0.7382683510684029,0.3539313893031715,1.340330788285193,0.6737344707684305,0.3499311656141676,1.5805788040007214,0.6596516559756581,0.3676313870019796,1.4719415029917602,0.6081553761837571,0.5125200279626242,1.244009634011127,0.7397245350020942,0.5300466578130633,0.9954401305793538,0.754491564076385,0.5380837996702161,0.7531698482570875,0.7225780135389702,0.4889546107539361,0.6646318196428422,0.6333867281159172,0.5014508930108819,0.6522396430222951,0.620638272324171,0.548806559502798,0.6260992399174461,0.7223927931986649,0.19325815324783158,1.2519379405231097,0.7017286177074755,0.15693910793301602,1.0020658369230673,0.6952078764087735,0.1492735010268122,0.784581126875623,0.6018767105062919,0.18012329819367284,0.6896713141386788,0.5914374596657772,0.15387728677185106,0.6705431806684776,0.5820719035026392,0.11116379550742254,0.6526496222147097,0.6307944367485021,1.6333333333333333
0.42460991676041304,0.8199586652457431,0.7249462580753486,0.4159862689578056,0.3845828283885325,0.7061717515220114,0.38409342949943953,-0.06328460732621861,0.7605951657855939,0.4037477196558886,0.00036138257892051606,0.5235082308009674,0.45209910317439594,-0.020264877657048097,0.5734567655683194,0.37380388734251596,-0.11537069575746799,0.8068727808248899,0.23358816739568913,0.8287509292345477,0.6742086368620468,0.20680274147157865,0.3884518201354878,0.6898880792193305,0.21311459305393415,-0.009471661737651904,0.6726610314205074,0.2503415247894335,0.018054186371529987,0.4928854006178874,0.19806095629522547,-0.00016124323831984144,0.5280914195788209,0.2277042466910917,-0.08363472636698824,0.7392359059650409,0.3538086620076985,1.3402651006898996,0.6739877619778871,0.3499395112874645,1.5805999721188853,0.6596549260692756,0.3675435351132258,1.4713643485284655,0.6077562238147391,0.5117087897709068,1.2446757597614433,0.7396958663211681,0.5297423517111632,0.9945468346420403,0.7543587713443233,0.5370353695924576,0.753960791843028,0.7195880168545065,0.487274713847147,0.6649977737391939,0.6320247384124744,0.4997922056864401,0.6519100198803134,0.620168326137246,0.5478850042334985,0.628048889695708,0.7193199658374353,0.19319462444967783,1.2527774852657088,0.701904983838396,0.15549611017340068,1.0031268465105805,0.6909976113649214,0.14922338255330328,0.7848075366008807,0.6007276924504581,0.18062108744832495,0.6886903456537086,0.5918607172717126,0.15467548146901092,0.6695807594253819,0.5827043844168641,0.11256478741687598,0.6530315425328003,0.6295648730548745,1.65
0.4252187600541659,0.8205516327756733,0.7260771643182169,0.41606979002059075,0.384475852288955,0.7062062061245397,0.38411935349918924,-0.06357378724384162,0.7605368021046721,0.4038871426589211,0.0004952763969467977,0.5233679118820525,0.45213255512754136,-0.0203010048026403,0.5735193026552781,0.37374938590446166,-0.11612362480386144,0.8067493394372788,0.23387814317226624,0.8295585826578585,0.6729205462924455,0.20692575439611263,0.3885552652715177,0.6904977287863229,0.21314455797340254,-0.009355679373666437,0.6724689156498557,0.25039348695220287,0.018192706033104702,0.4929012251765438,0.198721048469008,-1.8514297278351965e-05,0.5280063124631131,0.22775586930929564,-0.08462251785732913,0.7400916251644027,0.35333544062868194,1.3400343026947805,0.6750131174027718,0.34993679731103,1.580629723967959,0.6596658436453696,0.3675054467521457,1.4707199700123783,0.6075706930343712,0.5109049496589004,1.2455015604871758,0.7396399529143255,0.5297385574546052,0.9934289764186833,0.7544374164457878,0.53625134501962,0.7550458494916596,0.7165963567455732,0.48668423730347216,0.6666668539891232,0.6285797028404151,0.4993123353425909,0.6513759856621578,0.6202215861674801,0.5466963276706202,0.630486626554437,0.7153157821354461,0.19315813321726258,1.2534455829883029,0.7020023031192472,0.15429898743599252,1.003741838228095,0.6882222743562331,0.1482977453818411,0.784790615571837,0.600377723071464,0.18126266651200956,0.6874437627176364,0.5924626910869648,0.15570735265600189,0.6690430626622116,0.5829294708030905,0.11379136337398815,0.6537610855338807,0.6278349586484584,1.6666666666666667
0.42576057949446877,0.8211537439823731,0.7271286020070182,0.416127227604693,0.38437365882029617,0.7061701463910697,0.384141587751528,-0.06376772957941543,0.7604139293814631,0.403827204170846,0.00010670250514448198,0.5239293549461798,0.4521809583622465,-0.020449471810629533,0.573760849242215,0.37367467049009195,-0.11693305667563166,0.8066253319981989,0.23409354601443885,0.8302984306240612,0.6718053887547841,0.20710204608320668,0.388656318787247,0.6907123385517601,0.21322949051591053,-0.009225051605708648,0.6722543589389323,0.2506628227975318,0.01834279060034888,0.4929048179736046,0.19885963678044538,-3.3900246600895856e-05,0.5279512087360079,0.22780904886397926,-0.08553276551898792,0.740874612341565,0.35252263472720025,1.3396411490153872,0.6767859039376956,0.3499282267382764,1.5806633989040695,0.6596849299847636,0.3675590489209031,1.469978589345553,0.6078119377880591,0.5101281788188926,1.2463280064824855,0.7395729499870675,0.5299049644111739,0.9923475866159002,0.7546729586671475,0.535715866202021,0.7561916852341589,0.713904542594257,0.4869861838850241,0.6691908568818947,0.6239523168407549,0.49943191158733513,0.6508622910987713,0.6205647367063548,0.5454315463268278,0.6328600728135187,0.7110700621982176,0.19315510407829964,1.2537129980533563,0.7019750410070901,0.15368746190103483,1.0041474557348027,0.686914043530763,0.1470216275202197,0.784658269701678,0.6004247851738616,0.18204795464554635,0.6862527575185258,0.5929502292726732,0.15697322237192857,0.6691355173926535,0.5823550869554253,0.11528318077198645,0.6552633995007999,0.6245288517523084,1.6833333333333331
0.42624710912542346,0.821719400222571,0.7280530520075573,0.41616976199296823,0.3843187295038852,0.706062823952318,0.38415866486311373,-0.06386718645537197,0.7602455636976241,0.40372124223495814,-0.0002987942197955895,0.5244961195899566,0.45220979794512906,-0.020567593711059054,0.5739601475122279,0.3735917790964274,-0.11770289944029981,0.8065189880194684,0.23429272565466375,0.8310641195138243,0.6707365393929079,0.20729367617699324,0.3889203566359239,0.6905691089798254,0.21336722566105892,-0.009086415809373236,0.6720289488364658,0.25130146599977354,0.018498807099446013,0.4929068174524945,0.19864201627258934,-0.00018334991490892572,0.5280398590846047,0.22786822714837804,-0.0863759328912351,0.7416331260370289,0.3514849500998972,1.3391397310730069,0.6790519085370796,0.3499316791044992,1.5806923924691103,0.659719219966444,0.3676365916083346,1.469231314844304,0.6081890196574821,0.5093253847287669,1.2469990475693622,0.7395282968821015,0.5300592445359309,0.9915922090883359,0.7549542106894334,0.5352980145543021,0.7572183960526138,0.7115632389591519,0.4877461817658084,0.6718591647304536,0.6192796482129097,0.4994767089972738,0.650593489153497,0.6209525437685954,0.5443019466848915,0.6347222698407321,0.7072920125392945,0.1931816238542715,1.2534614520856788,0.7018096782517583,0.15388227842896401,1.0044945756552583,0.6866941661033881,0.14627431578787978,0.7846131651022791,0.6001756584157985,0.18283626214220222,0.6852098832589517,0.5932475403212991,0.15833786599534833,0.6698021841083737,0.5808913604010655,0.11760892986928509,0.6578062544572979,0.6189482910202441,1.7
0.426672558929952,0.8222652790798527,0.7288074496961983,0.41620641136413067,0.38434011754919817,0.7058992397621834,0.38416770221341723,-0.06389498832342343,0.760081909542541,0.40360814578306475,-0.0002464316767521735,0.5244009108273406,0.452148602961533,-0.020371061732939497,0.5736833267215047,0.3735172189815713,-0.11834846236512248,0.8064343337277682,0.2346091992833449,0.8319448230858063,0.6694694881250609,0.20747307392208064,0.3893870878002511,0.6901275280506951,0.21355795455749302,-0.008945487143283054,0.6718039497907273,0.25229619136874565,0.01864994540645236,0.49291613203908224,0.1983134838341535,-0.00029552047901640344,0.528330012245387,0.22793441733908973,-0.08714041980567672,0.7423828124492545,0.3503712073528227,1.3386025614520216,0.6814832075518502,0.349975635292656,1.5807108714546132,0.6597799176230162,0.3676352665676173,1.4686456487964819,0.6081884243666902,0.5085138191545295,1.2474367537885909,0.739544111332758,0.5300961302059572,0.9914280319613904,0.7552145853088575,0.534892472622324,0.758073651511763,0.7094922697799378,0.4886314962892488,0.6740426288794888,0.6153519318876574,0.4991274854242092,0.6507286033363158,0.6210663982123266,0.5434436160479603,0.6359100194614149,0.7044309135913375,0.19322572226289597,1.252788109911988,0.7015399161902194,0.154854999538641,1.0046865458551106,0.6869952379591061,0.1467144432325986,0.7848311071006019,0.5992367050599935,0.1835460201386457,0.6844380826889527,0.5931637095514269,0.15965660231318804,0.6707739712206712,0.5787322182142981,0.12097759504404412,0.6612593903376351,0.6113841577453911,1.7166666666666666
0.42702282664598046,0.8228465718043076,0.7293425661100262,0.4162400206495337,0.38444340524891274,0.7057123727441609,0.3841678072490133,-0.0638801737475504,0.7599759396313835,0.40343686678075075,0.00045027225099003587,0.5233677798752584,0.45194654814045415,-0.01965247588083205,0.5726129738065879,0.37346029391035507,-0.11882053279241332,0.8063739580038345,0.23515356689563163,0.8329787266821006,0.6678040835656585,0.2076413616677436,0.38996711224320596,0.6894814298714417,0.21380689646443357,-0.008811523767610005,0.6715981455469684,0.25351623428639997,0.018775341138589183,0.4929326093357637,0.19809748524958304,-0.0001336563658469042,0.5286142263318971,0.2279898659598887,-0.08774143803111889,0.7429983168505156,0.34933331254536637,1.3381054718488086,0.6837468125970082,0.35006445817621856,1.5807205790171455,0.6598609458477809,0.3675064679025202,1.468376793812879,0.6075096714913615,0.5077315980359957,1.2476830906055572,0.7396695116608698,0.5300203942685571,0.9919884799359467,0.7554465996036386,0.5345194068647898,0.7587340531768815,0.7077826338711783,0.489504617915493,0.6754164235296565,0.6124550075090618,0.49846352920688686,0.6512912786442244,0.6206073070669671,0.542856074671458,0.636591817936692,0.7024470113719896,0.19327351648868196,1.2519268345739047,0.7012204453704699,0.15635862636055686,1.0045047907905835,0.6873408163780734,0.14844093291154783,0.78536621691915,0.5977016308510849,0.18423263501364356,0.684246010009565,0.5923649655972395,0.16095168429592716,0.6717122540638095,0.5762440292994578,0.12502884317268745,0.665148048924668,0.6028754794907525,1.7333333333333334
0.42727979896739604,0.8235074010011716,0.7296065033751779,0.416270575607131,0.38458739518903756,0.7055281870937055,0.384160114110912,-0.06384325874262567,0.7599435035385098,0.40317114055501957,0.0016989730794677999,0.5215161936410806,0.4516097216795163,-0.018420561275239986,0.5707622616814805,0.37342076873706687,-0.11910128873433294,0.8063436516657495,0.23591601579026172,0.8341167344535633,0.665760693260834,0.20781733039105532,0.3905648326170347,0.6887880372570784,0.21412265759528518,-0.008692699131999562,0.6714346759998774,0.25480782477618386,0.01885821516440131,0.49294686522939146,0.1981763993697902,0.0004221428300151958,0.5284347207300008,0.22799453796220495,-0.08804861756817672,0.7432253509622787,0.34851670938829293,1.337722670113747,0.6855231004438235,0.3501248441021788,1.580726937669701,0.659906013012924,0.36728756167272325,1.46852304579145,0.6061516542884623,0.5068695398252054,1.2478846728279445,0.7399591431763106,0.5298823676011741,0.9931876836774607,0.7556472490266524,0.5342774750663415,0.7591410336678717,0.7066901979042216,0.4902614279861097,0.6759989688992241,0.6105366286576352,0.49769973407367124,0.6522016085468881,0.6194454732952075,0.5424044442775136,0.6371548548905333,0.7007912564061581,0.19331526248546035,1.2511028218647615,0.7008967360182725,0.1580858241958164,1.0037971427664363,0.687478976126755,0.15116322363678944,0.786138393531938,0.5958598565254978,0.18500166956099606,0.6849450273984642,0.5906922548700579,0.1624252549001889,0.6722901823938745,0.5738665594677383,0.12917689101020416,0.6689276075615039,0.5944757647371388,1.75
0.4274284400638877,0.8242566877987866,0.7295855471901946,0.4162965258312975,0.3846927592147138,0.705345398041316,0.38414747822550543,-0.06379483845084302,0.7599569923082771,0.40282566625005745,0.0032816295333053386,0.5191578149661508,0.45118477993521927,-0.016841368019252276,0.5683899310084398,0.3733932094035889,-0.11920472252630634,0.8063458810835833,0.23677359744332352,0.8352421551481196,0.6635694310645813,0.20801191526011173,0.3911676196993259,0.6881852323686632,0.2145044618305019,-0.008584589107215213,0.6713176853578362,0.2560338279368736,0.018903045444550834,0.4929505744327204,0.19866656551645656,0.0013219229291403234,0.5274288010434017,0.2279173658974153,-0.08802354675308872,0.7429104150920772,0.3480309490809642,1.3375119599586824,0.686566097336206,0.3500215931138123,1.5807270664630086,0.6598197744722011,0.36702806990024045,1.4691650356377675,0.6041302240871792,0.5058025490856741,1.2482204707697264,0.7403720697397469,0.5297249844069225,0.9947680769308651,0.7558017934985541,0.5342243366260149,0.759278122708919,0.7063185506118146,0.49076680767652653,0.6759745331749216,0.6094304342833005,0.49701572024502527,0.6533239489333436,0.6176703031300896,0.5418919603605832,0.6379836877049936,0.6986852438656193,0.193347804664107,1.2504596543051023,0.7005975520270242,0.15978476750283044,1.002589982850204,0.6872257502204652,0.15449384452919057,0.7869804615095609,0.5939726301170639,0.18597747031387518,0.6865440785394988,0.588347115730552,0.1642718953592016,0.6722333040427325,0.5720608082510781,0.13307251258631955,0.6722012919466913,0.5868788116505095,1.7666666666666666
0.42746885039980786,0.8250552063779443,0.7293543824659604,0.41631510324761273,0.3847111928354833,0.7051527610756987,0.38413373329108175,-0.06373644988135888,0.7599780090928887,0.4024458783618684,0.004963668752570136,0.5166434094481644,0.450730911188736,-0.015137008043386219,0.5658401971830311,0.3733736722898274,-0.11917232813320092,0.8063700003884202,0.23759869062652128,0.8362490443682115,0.6614975254468184,0.2082199008115189,0.3918186063864416,0.6876931639985397,0.2149204349970558,-0.008465497461808871,0.671207983541052,0.2570795556558014,0.018936852402519883,0.4929443259198826,0.19958456398368066,0.0024329584463565895,0.5255796761455221,0.2277741301605639,-0.08776791777798555,0.7421843139516103,0.347883249450821,1.3374805832444046,0.6868516478779501,0.34965938035672167,1.5807040794293556,0.6595347181405706,0.3666790054153851,1.4703490675360142,0.6013579513707139,0.5046730046981918,1.2487941586928373,0.7406932891686426,0.5295749046676691,0.996443081221381,0.7559112269350403,0.5343099033544196,0.7592389827026739,0.7064334207196082,0.49097545146998206,0.6755163719601673,0.608937082407492,0.49654717035108825,0.6545066627662081,0.6154709698649607,0.5411684734076821,0.6392815556470286,0.6955768157582745,0.19336999192210352,1.2500168382285313,0.7003479288778048,0.16123620085377588,1.0010976833181662,0.6863315388406502,0.1580291544978739,0.7877178895644654,0.5922870683287915,0.1873168309220838,0.6886624759687984,0.5857698250329088,0.1664900575518511,0.6713872401803408,0.5712329269199224,0.13669459686216406,0.6747663531971425,0.580531003977391,1.7833333333333334
0.42742626355453867,0.8258133257138426,0.7290683953995762,0.41632781093114496,0.38466929216285956,0.7049497850342944,0.38412406969867635,-0.06366908020650879,0.7599797147224446,0.40208554707977895,0.006524243583581613,0.514311030523336,0.450309263568365,-0.013539860153003958,0.563462932735578,0.37336525507108387,-0.11904286275950622,0.8063918206742674,0.23833387584055002,0.8370872425959411,0.6597695249784784,0.20844031575362704,0.3925255501773693,0.6872570634053143,0.21530626965890554,-0.008315160155430115,0.6710507900958749,0.25783141448860875,0.018983975729670075,0.49293178033901885,0.20083224065231275,0.0035885865292212688,0.5231417099150169,0.2276240226869435,-0.08741053564287667,0.7413660298960492,0.34794340848518274,1.3375642934345935,0.6866682954381987,0.34904719195889544,1.5806552151782771,0.6590581932346891,0.36610625375187766,1.4719724446651776,0.59788838455587,0.503865140057512,1.2495867074246616,0.740677241323216,0.5294500177233562,0.9979704588631758,0.7560076533590863,0.5344173530129076,0.7591514219265243,0.706684296623293,0.4910043311642527,0.6748451449203523,0.6087576106999226,0.4963867368352887,0.6556112801617353,0.6130490122798824,0.5402023990263192,0.6410239780967153,0.6914401699675898,0.19337504913348602,1.249641906694222,0.7001839214356138,0.16223036375652441,0.9996497594196753,0.6846847935626011,0.16128073628684098,0.7882096568470467,0.591092960808736,0.18913449998191975,0.6907409374213015,0.583438741610939,0.16895269574944624,0.669758584043911,0.5715046862564424,0.1401180307886986,0.6765372332266073,0.5757544898816603,1.8
0.4273487435564106,0.8264556421118701,0.7288634614489076,0.4163435444795191,0.38462697788055844,0.704741100673434,0.38412289260313076,-0.06360376031064612,0.759952579597318,0.40179340314966017,0.007760476784403295,0.5124658701663242,0.4499785767942981,-0.012278537328043654,0.5615932156353524,0.37337687485068793,-0.11882870745494309,0.8063891662815765,0.23897062566985738,0.8377449932449625,0.6585976770113661,0.20868216539080525,0.39320932411727116,0.6868405194760173,0.21560483109775205,-0.008140632526070973,0.6708382893731473,0.25815195452674355,0.019037781432126075,0.49291272429372535,0.20216125507179505,0.004574816338375587,0.5204715437019471,0.2275233596863638,-0.08702788000021511,0.7407275262018759,0.3480386770710565,1.3376686021829043,0.686427188788627,0.348269339590727,1.5806411159116458,0.6584608193613306,0.3652389835942218,1.4737635748595688,0.594122852723373,0.5036984066409508,1.250500463173935,0.7401892454001531,0.5293631949063929,0.9991520720822673,0.7561327072931014,0.5344526343929795,0.759054208431949,0.7069438968149252,0.49102089357705847,0.6742637305506185,0.6085724623565915,0.4965256940138469,0.6564949814972917,0.6106511430663555,0.5390874174095717,0.6430058647120739,0.6867661244819254,0.19335215260482608,1.249117442453814,0.7001355691768346,0.162660415300884,0.9986090605086876,0.682507812984849,0.16371891558669138,0.7883230753851834,0.5906508915934164,0.19146541683923074,0.6923400144421376,0.5817172371301063,0.17163053375025572,0.6674681704304967,0.572556185605573,0.14333398312863183,0.6774583692937681,0.572615893213976,1.8166666666666669
0.42729037584508023,0.8269933865787279,0.7287657017129623,0.4163717395548236,0.38462000263123675,0.7045289578658764,0.3841228982313638,-0.06355513604896917,0.7599262398270814,0.40160342841479973,0.008523308642335706,0.5113227818546137,0.44978120373554165,-0.011534476019718076,0.5604929611033219,0.373415941570792,-0.11852333356952781,0.8063565638203499,0.23949210373332497,0.8382192616668652,0.6581271862436091,0.2089382381146447,0.39375696591406595,0.6864367276337899,0.21580143295635962,-0.007972122760293354,0.6706149018025693,0.257945247027688,0.01906620163601616,0.4928858990231941,0.20319338867425923,0.005172997719845876,0.5179476240031065,0.22748773282069917,-0.08668614596817574,0.7403784403530771,0.3480956949618841,1.3377376276862156,0.6863502398144923,0.34743537290942395,1.5807741923152285,0.6578401424303031,0.36414506974850924,1.475407644514486,0.5906552677452978,0.5041623158724239,1.2514175760066122,0.7391474600185888,0.529319544094071,0.9998655847895239,0.7562859857079263,0.5344064693588053,0.7589278916959217,0.7072479207289039,0.49109139505099003,0.6739779116464749,0.6082704310725972,0.4968124961615369,0.6569887370465542,0.6085900275357088,0.5379949037087428,0.6449361975707756,0.6823181207848964,0.19329870837995594,1.2482677500904331,0.7001915758795624,0.16260318102391197,0.9982637274838964,0.6801822374200674,0.165083120622115,0.7880358235344429,0.5909457819593024,0.19434576216556332,0.6932634895251528,0.5807266503371984,0.17455149703866707,0.6646685335397507,0.5739075950590089,0.1463278371366136,0.6775013532897357,0.5708072638353322,1.8333333333333333
0.42728740485458083,0.8274807183561089,0.7287224584684953,0.4164149274073271,0.3846479344679987,0.7043156029392649,0.3840951995061342,-0.0635446759698327,0.7599869687054086,0.4015281841914903,0.00878529474137621,0.5109165395207658,0.4497151962022472,-0.011325172311688392,0.5601784438719447,0.37348236951169717,-0.11812571987794308,0.8063029835468349,0.23985883614855696,0.8385096685250228,0.6583104565532374,0.20917494042863072,0.39411139273767926,0.6860527154835651,0.21590885173323537,-0.007836140627847765,0.670424594072738,0.25723957985989443,0.01903939760828041,0.49285260303493456,0.20356616521297022,0.005273218513543149,0.5159457036411134,0.22749798242400787,-0.08647217616833605,0.7403054048288888,0.3481356222692082,1.337770675409625,0.6864008841050259,0.34665856854911486,1.581131471417972,0.6572922465876596,0.36294227834762016,1.476677109118138,0.5878338628370652,0.5049039913762765,1.252230768122055,0.7375234839874358,0.5293125536096874,1.0001169503025578,0.7564083122330212,0.534381600574249,0.7588451891728691,0.7074285529014539,0.4911752275800618,0.6739735722382272,0.6079528235104328,0.49702987580043334,0.6569473809397011,0.6071545232538174,0.5370987794369306,0.6465295046302529,0.6787962119703378,0.19322585868476472,1.2470480340484054,0.7003176245466655,0.16222672021747778,0.9986664260392458,0.6779053765583354,0.16570960054907102,0.787626941149175,0.5914904861284634,0.1978684657436265,0.6934800931257012,0.5802705351128172,0.1775606461805474,0.6615702206616729,0.5752764617408144,0.14916621189001214,0.6767090935389692,0.5698663888651075,1.85
0.4273425065981459,0.8279480345675697,0.7286890818148692,0.4164692732546482,0.38469165729565924,0.7041033857560761,0.3840051379480113,-0.06361478811294707,0.7602225963118829,0.40155900366517144,0.008682898760868502,0.5110499294758576,0.44971611284436563,-0.011417453927482252,0.5602925092033594,0.3735657665060542,-0.11766751774216823,0.8062414581272781,0.240050855358822,0.838635321291532,0.6589160590004285,0.20936189289506066,0.3942897177455865,0.6857161159000705,0.21593613086871036,-0.007742499715017698,0.6702809116568393,0.25614638475954776,0.01894467037272432,0.49281650230197505,0.20309568510019116,0.004956289431942637,0.5147688348595972,0.22752515430574988,-0.08641647210559308,0.7404075156117026,0.3481535590251148,1.3377955209959325,0.6864122328251719,0.3460489824209708,1.581700124115998,0.6568986701039938,0.3616938958999589,1.4775074978273803,0.5854420767095777,0.5055118055608507,1.2528935995175636,0.735426349913367,0.5293236097038286,1.0000450957082159,0.7564500009132996,0.5345459654845319,0.7589938624500676,0.707050238411145,0.4912239751989307,0.6740866337544109,0.607723048378142,0.49705932644856865,0.6563722321440393,0.6064333681466245,0.5365055542598192,0.647570491456062,0.6765297930252592,0.19315111014682212,1.245560644912554,0.700522581011435,0.16166273675041237,0.9995698185962989,0.6755680041949709,0.1663412534074168,0.7875552834673303,0.5915717046106417,0.20214257808996106,0.6930900846217268,0.5798070630404322,0.18040222973978637,0.6585614072402991,0.5763937344839558,0.15184681440965653,0.675196453925135,0.5695314517865997,1.8666666666666667
0.42743468575286564,0.8284213001338039,0.7286643578842542,0.4165292217392322,0.3847399534582494,0.7038967195142335,0.3838558888825736,-0.0637978093155724,0.7606013364937754,0.40166933342556677,0.008453339463251094,0.5113826714051372,0.44969409439264085,-0.011462796470942782,0.5603121872189971,0.37364656460026346,-0.11721786392932979,0.8061834789200324,0.24009977076922964,0.8386282162521116,0.6597147939108605,0.20950074685428016,0.39431703516907957,0.6854644535085682,0.2158873236735604,-0.007691149996284896,0.6701825282319394,0.25479208069816794,0.018788102748817023,0.4927825412284538,0.20186126488436562,0.004466500376786364,0.5144746198350975,0.22754466714924665,-0.08643080729066846,0.7405141801417031,0.34808150874051713,1.3378458064726222,0.6862022781786541,0.345690679658717,1.5824031430733219,0.6567116063797167,0.3604397696945312,1.4779529111252665,0.5830251103730535,0.5058100422001877,1.2534603651080234,0.7330895344916533,0.5293254936959351,0.9998842667158913,0.7564498680685463,0.5350110953430914,0.759525141995692,0.705762186361598,0.49123476125302723,0.6741642413124287,0.60758501220224,0.49698626511810584,0.6555220632973573,0.6062255206918864,0.5362147067153339,0.6479898747586258,0.675338083179956,0.19309030356287343,1.2440005371959146,0.7008717420673601,0.16105672350295566,1.0005968687457212,0.6729056601858127,0.16750658507525834,0.7880808448251884,0.5907724691875593,0.20716752158868856,0.6923966983559134,0.5785717092666411,0.18308387493841935,0.6562071662659162,0.5766016113053434,0.15412741935268023,0.6731354009726624,0.5697718636683287,1.8833333333333333
0.42754173578358134,0.8289244217769745,0.7286674425428509,0.41659091910375545,0.3848079744403027,0.703707796459826,0.383705654192448,-0.06405207551848757,0.7609476622960119,0.401809680915602,0.008190878302989604,0.511769604544395,0.4496119723946801,-0.011298665606001512,0.560003234372134,0.373706665408983,-0.11683962153806884,0.8061381311782144,0.24004300677034474,0.8384935819520735,0.6606439120855131,0.20961361361527525,0.39415338037350595,0.685315126750658,0.21578371903297588,-0.007681763942581896,0.6701439353615845,0.25332033844651985,0.01859127967430474,0.49275314670009623,0.20018575025875182,0.004053051294371612,0.5147543787454545,0.22754129605961154,-0.08638640006952544,0.7404741290445822,0.3478378815252043,1.3379325408442932,0.6857215507818553,0.3455915218013412,1.5831443429999674,0.6567220511703653,0.359305766143456,1.478040120766926,0.5805855310999732,0.5057724790914323,1.254002790909429,0.7308210734142132,0.5292964520024346,0.9998792195418124,0.7565037118854251,0.5357688308188607,0.7604411788336611,0.7035633148144851,0.491227495839085,0.6742029552925581,0.6075149960505155,0.4970454851200433,0.6548499853804116,0.6062220806213723,0.53615211410675,0.6478804194282906,0.6747607476724268,0.19304781850459252,1.2425992002494999,0.7013643539994623,0.16065706164794313,1.0014794937730862,0.669725184640966,0.16924783105062477,0.789125457032436,0.5891492225039816,0.2126679850048339,0.6918399839367172,0.576031389799684,0.18596350535759817,0.6550559241607764,0.5749639742862354,0.15566349097215532,0.6707889109801942,0.5704821170734984,1.9
0.42764898768108733,0.8294372111932531,0.728704824598541,0.4166525182709448,0.3849150194994668,0.7035503469180844,0.3836245058181924,-0.06426311810131882,0.761083678348639,0.40192250893989245,0.0076296002781172795,0.5125700462677705,0.44952532481793767,-0.011108289923020223,0.5596573251739166,0.37374375927183123,-0.1165391871490207,0.8061109336339989,0.2398593445181179,0.8382019048526944,0.661792101362994,0.20971092399515295,0.3937085107497525,0.6852565894501318,0.21567215155080652,-0.007714568492529855,0.6702093503969551,0.2519076232955574,0.018381856170969227,0.49272809467034356,0.19848370956666883,0.0038187762059160996,0.5151363579649659,0.22751031915199188,-0.08621772878091474,0.7402325623355446,0.34732463943595704,1.3380074620991698,0.6852224245169135,0.34565518303635057,1.5838305432747246,0.6568445706639157,0.3584928565251915,1.4777601285373236,0.5786110611290373,0.5052815554069978,1.254494084850901,0.7289277446259199,0.5292424638243995,1.0001668336206433,0.7566514748084016,0.5367295011400957,0.7616220487163947,0.7007411408160147,0.49121198065571997,0.6743287135701003,0.6075349668673566,0.4974640966758963,0.6547551683796334,0.6062765179287566,0.5362620729696186,0.6473800275122409,0.6745153719864265,0.19300313703859323,1.241606146161298,0.7017525719011021,0.16074249405205082,1.002121507732196,0.6660212136428345,0.17137054608431312,0.7904304325273015,0.587013731690496,0.21808414162155726,0.691740434079986,0.5723119530838214,0.18941355430576307,0.6554120265398079,0.5709012161209189,0.15637170024920516,0.6685211447121973,0.5713129512231001,1.9166666666666667
0.4277473838791006,0.8298932640365998,0.728765802067682,0.4167126589732228,0.3850548991505833,0.7034273098455879,0.38364998052837346,-0.06432198591790511,0.7609397945191744,0.4020202300178375,0.006343059827881678,0.5143886244096837,0.4495409315722494,-0.0112620832388977,0.5598456414855879,0.3737757013457653,-0.11627305984284309,0.8060974907045334,0.2394920018619339,0.8377229923844021,0.6632750961669492,0.2097860419956381,0.39292983003633203,0.685265936272201,0.2155957098011204,-0.007789286818633584,0.6704273450745774,0.25075288059805767,0.018186040075928805,0.492710941714887,0.19708218993732413,0.0037482929768104106,0.5153502349814981,0.2274548910438432,-0.08592873851181447,0.7398114092805584,0.34642854497355363,1.3379766026413449,0.6851784035763927,0.3457459808040337,1.5843753672330554,0.6569680233621978,0.35811305756482664,1.477205257930762,0.5774368449915201,0.5042204550052519,1.2548448018021494,0.7275695692379903,0.5291977320601158,1.0007465006994727,0.7568401258323461,0.5377695481264666,0.7628949465850088,0.6977092784529948,0.4911867110796607,0.6746498367933565,0.6076868564544436,0.4983458924821817,0.6553907596943881,0.6064158576501416,0.5365514724858746,0.6465642435533042,0.6746901264816798,0.19291737837616063,1.2412101030010567,0.7015913340312699,0.1614734074773732,1.0025414907304495,0.6618990002686468,0.17365626085658903,0.7917260487175591,0.5847185369436687,0.22283383087299058,0.6921191461969607,0.5680405394444996,0.19345580595103734,0.6572419460856544,0.5646828469255643,0.156567924231105,0.6666808783979847,0.5719171345220495,1.933333333333333
0.42783304633347446,0.8302188784255495,0.7288393842167729,0.4167689409026985,0.3852222435763637,0.7033349952637669,0.3837936607020524,-0.06416953586008203,0.7605120248271817,0.4021885159104944,0.004171564830725366,0.5174790216335655,0.44973330704444653,-0.012005391467689766,0.5609411367708405,0.37383009592799377,-0.1159980593715,0.8060778269208768,0.23892513599593515,0.8370606043736489,0.6650994396616118,0.20983970812289512,0.391877538870369,0.6853294320213924,0.21556268788158323,-0.007916067546694966,0.670805669873773,0.2500287891813789,0.01802881106844148,0.4927073779200018,0.196161220423718,0.0038071471245627875,0.5153997639471926,0.22738117404286554,-0.08554777198400627,0.7392534426213578,0.345119277796062,1.3377724882729494,0.6859353049475707,0.345790658339446,1.5847099211445614,0.6570319323867297,0.35807990931825756,1.4765732253983606,0.5769951480096653,0.5027156213341235,1.255009139371965,0.7267212194891645,0.5291959830707158,1.0015508571104288,0.7569921463789828,0.53875072308802,0.7640730898065657,0.6949109509266973,0.49115230293354234,0.6751711761079761,0.6079774599757214,0.49965091200674355,0.6566539600248859,0.6066690392414085,0.5370456835581905,0.6454580544890846,0.6755183505129362,0.19276243626437897,1.2413938292567375,0.7005708767577665,0.16282375413088684,1.0028423686118202,0.6575522020734715,0.17583294157374352,0.7928099154855687,0.5825944890927108,0.22659654037349897,0.6927894434824773,0.5638095269946402,0.19773241860616667,0.6601853687400174,0.5572486898566784,0.15673534780545867,0.6654215246211698,0.5722424588560422,1.95
0.4279081316447355,0.8303792201998149,0.7289276297238803,0.41681695161045107,0.3854473558245144,0.703276111073548,0.38407036918939247,-0.06376697968168556,0.7597743001355766,0.4024139179518359,0.0013312718824080166,0.5215486287148864,0.4500996707490311,-0.013314261934129976,0.5629037101065445,0.37392186983192216,-0.11572171472248845,0.8060263980718047,0.23823562196360765,0.8362684350704455,0.6670713781525945,0.20988917294155213,0.39074080847609005,0.6854515407491224,0.21555701207045924,-0.008117640144802984,0.671295593837623,0.24978534768551913,0.017932230427372492,0.4927138391592658,0.19575285862732483,0.003946725162266504,0.5153769630271545,0.2272946535004564,-0.08509743210833287,0.7385911550463286,0.34351850422091357,1.3373979932027247,0.6875043986475563,0.34579338397282366,1.5848232255017878,0.6570418539026867,0.3582112965905202,1.476018176853342,0.5771601777693236,0.50108486454173,1.2549983299494076,0.7263161353402336,0.5292462743004634,1.002473987507683,0.7570657662270466,0.5395340843356882,0.7649824382125829,0.6927462427565898,0.49111472729750244,0.6758190335838119,0.6083716142994252,0.5012280315883303,0.6582694106476394,0.6069940370835732,0.5377331459548298,0.6440811830796588,0.6770639856427284,0.19253618079952967,1.2419254250951908,0.6987336545179862,0.16462140243388418,1.0031988767859523,0.6534071372718671,0.17755592074603088,0.7935330710619588,0.5809506398099626,0.22933173468736073,0.6935789159493384,0.5599135379766568,0.20178180692512399,0.6635515256350113,0.5496554013752227,0.1572348148040564,0.6646220666396828,0.5724808424194192,1.9666666666666663
0.42797951843488846,0.8304085321674857,0.7290397270476289,0.41685319036188034,0.3857732001035184,0.7032567759901853,0.38449636319232633,-0.06308670719025274,0.7586837267722764,0.40251224608558944,-0.0017817890883494308,0.5260052362423056,0.4505800559975297,-0.014987606339563128,0.5654274566340333,0.37404019614092715,-0.11551093090289387,0.8059281598309819,0.23757733756615398,0.8354426218352126,0.6688718869426873,0.2099452393733197,0.389748486999853,0.6856462912740324,0.21556477888740136,-0.008398893392769294,0.6718084800788734,0.24988318760969247,0.017904053088948685,0.49271382175085704,0.19572666123240795,0.004082811109144838,0.5153416048239462,0.22719964856837446,-0.0845908665012467,0.7378448424524783,0.3418509759741354,1.336905281591527,0.6896604098295662,0.345780866309109,1.5847930233641268,0.6570303704087241,0.3584062039928193,1.4755697446440332,0.577982882941265,0.49956878573834407,1.2548558990045529,0.7262848043500807,0.5293323234546171,1.0033296200536275,0.7570527825230856,0.5400161085872529,0.7655154169216358,0.6914360677221729,0.4910804614341226,0.6764917547830827,0.6088160083441417,0.5028598038922254,0.6599046649870134,0.607324080075464,0.5385565419746028,0.6424735448993467,0.6791336352556634,0.19225577617520184,1.2425455566002597,0.6963732898316249,0.16659006589558717,1.003779194859126,0.6500620304459073,0.17853914123388656,0.7937828931332707,0.5800137227034917,0.2311624826036539,0.6944477941459638,0.5564641446731904,0.205272462845619,0.6664359585138533,0.5428152737867757,0.15817907603392942,0.6639683101440662,0.5728561617313652,1.9833333333333327
0.4280547766308626,0.8304019667022405,0.7291727980997076,0.4168853032919644,0.38619543746154644,0.7032677819724151,0.3850474404580375,-0.062173509509255334,0.7572916543227857,0.402305712882268,-0.004767005151764883,0.5302352161578209,0.45110132262362146,-0.01677762045209777,0.5681388548943381,0.3741652790807991,-0.1154315244383097,0.805778489109683,0.23708493955488222,0.8347061970966874,0.6702350303369751,0.21000454283291814,0.38901322539380556,0.6859197821285204,0.215581562022903,-0.00872843798491238,0.6722489866354915,0.2500813417350003,0.01792726431064766,0.4926908348762252,0.19585919098745416,0.004147322865426906,0.5153177981571985,0.22709997780008578,-0.08404205623209517,0.73703558041767,0.340352456508323,1.3363627088665107,0.6920925564577818,0.3457684487294179,1.584735776727318,0.6570226234154362,0.358654611133741,1.475193622969075,0.5794644589240765,0.4982089755976472,1.2546557652021235,0.7264698350034174,0.5294272081055064,1.0038688541867593,0.7569551402529451,0.5401956927461626,0.7657036183403373,0.6908616019880438,0.4910531023337989,0.6770875527834892,0.6092560912290378,0.5043040185467345,0.6612740601952825,0.6076115199029019,0.5394298728598372,0.6407090028489681,0.6813957879108037,0.19195179952019964,1.2431187938703405,0.6938477461605337,0.16834092933940867,1.0046011489839015,0.6479812166523051,0.17875736171588053,0.7936057753013772,0.5797886914596398,0.23235032818468612,0.6954434696454892,0.553488193622325,0.20797128430457812,0.6681019928700986,0.5375434930042012,0.1594790595761837,0.6631358698960601,0.5735159306085602,2.0
0.428138778726031,0.8304502490480329,0.7293123991799928,0.41694090567290176,0.38663545849485087,0.703279905963708,0.3856430342169265,-0.06116913237767055,0.7557908069913597,0.40177459826466355,-0.007314546961059681,0.5337797191192664,0.45160323206093667,-0.01844155204419512,0.5706722619456679,0.374288329943982,-0.11549363278285726,0.8055776528015101,0.23680992376122573,0.8341649743869965,0.6710354001461497,0.21007447728095457,0.38846522526523686,0.6862575661584724,0.21560725623691362,-0.009073003989566841,0.6725698534967701,0.25021288040421846,0.017963587963684302,0.49265477231970933,0.1959812066149872,0.00414090295275904,0.5153126397759353,0.22699925036969198,-0.08347390459187724,0.736195447394442,0.3391901151624324,1.3358442967946207,0.6944454060169988,0.34576004157791573,1.5847174665005033,0.6570263203077457,0.35891146629100074,1.4749173016898498,0.5811545407251479,0.49695455266374344,1.254474433890617,0.7266945395879763,0.5295076468154808,1.0039056317449448,0.7567825518176272,0.5401817302204246,0.7657146756368529,0.6906447166072447,0.4910340199945532,0.6775164650419784,0.6096397786168745,0.5053452986765584,0.6621831630026986,0.6078333378596673,0.5402493435698983,0.6388904793057233,0.6835062404939284,0.19166513462285228,1.2436062660604563,0.6915020851439402,0.16945875015962386,1.0054932654166804,0.6473486438989892,0.17851581226148971,0.7932744138852514,0.5800018415674325,0.23326996784382126,0.696588457543551,0.550912630088975,0.2096798163218287,0.6683312723763328,0.5344180843526312,0.16095535364332803,0.6619805118422065,0.5744794559154972,2.0166666666666666
0.42823391023505364,0.830547767207824,0.7294531167126079,0.41705159272871695,0.3870020594647647,0.7032677213039866,0.38619598031125457,-0.060226778840094974,0.754395604228965,0.40101348507908785,-0.009240852673437466,0.5363881442516353,0.4520278087316124,-0.01975100760817422,0.5726789381076558,0.37440185350486765,-0.11567554159812272,0.805342207546955,0.23673249898522322,0.8338295989623239,0.6713078637627107,0.21017834865140264,0.3879455419698377,0.6866209369496687,0.2156418418316032,-0.009430861640148183,0.6727946553386522,0.25023483090397597,0.01795944061844436,0.4926676088374998,0.19604269312277536,0.004101064619194447,0.5153242188211181,0.22690068562922341,-0.08291392415673776,0.7353606373545666,0.3384236764137868,1.335428444857335,0.6963265520347144,0.3457551673693493,1.5847348282011058,0.6570380392493672,0.3590517236328976,1.4748895153515083,0.5821595811892741,0.49582080685216723,1.2543611854422128,0.7268597432104625,0.5295550033705223,1.0034282813253002,0.7565704410505296,0.540055208488328,0.7657067842601551,0.6905869199216494,0.4910240113507274,0.6777179885357516,0.6099215756835225,0.5058787372961973,0.662562229845288,0.6079857889536706,0.5409005466451655,0.6371813426569353,0.6851606845616175,0.19143879276569375,1.2439783427305282,0.68966267537171,0.16971865147276688,1.0062128053437014,0.648113986823443,0.17822190490295908,0.7930629659805836,0.580290971290932,0.23422953103264438,0.6978213094530492,0.5486035997669889,0.21038737455702725,0.667441199778313,0.5334005669466342,0.16238468388630867,0.6606126015426759,0.5755932354198252,2.033333333333333
0.42833978795230726,0.830589008093437,0.7295980544529577,0.41721384219081853,0.38727117284036916,0.7032266614107785,0.38666118333692645,-0.05942712953540884,0.7532201655384365,0.40011210685289034,-0.010469471605172656,0.5379682139210205,0.45229579481184135,-0.02053874445037128,0.573887471484804,0.37448494602357735,-0.11595904064972701,0.8051165572853916,0.23676492344019578,0.8336087816415068,0.6712205742950321,0.21032759981875745,0.38734436336855077,0.6869639258999083,0.21568426341869387,-0.009814799769345198,0.6729673777770806,0.2501487358246099,0.017850955596739992,0.49283058828075776,0.19605723829808058,0.004050106155025129,0.515347328744349,0.2268051158981235,-0.08237653721831045,0.7345470973182313,0.3380368928330716,1.3351806900317391,0.6974114677906043,0.3457526871582369,1.5847597348761677,0.6570503832743964,0.35897009267806446,1.4752716533873782,0.5817881769156481,0.4949342302795095,1.2543377471557697,0.7269210912833292,0.5295521135281304,1.0025917062207539,0.7563832027397288,0.5397580536957636,0.7656942255315977,0.6909324648283932,0.4910218231545107,0.6776987951278179,0.6100814513745351,0.5059811720884388,0.6625214075332342,0.6080716774792714,0.5412864004208215,0.6358371458662415,0.6861498020097301,0.1913043459945411,1.2441941088786186,0.6885825195903725,0.16919734797644054,1.0065637174567204,0.6499649536864472,0.1780804164146299,0.793032519101124,0.5804689738624962,0.23522786170200466,0.6989541456257988,0.5465062005091714,0.21040333897741612,0.6660102306313022,0.5337217028985471,0.1635027394959388,0.6593076850631743,0.576565233461906,2.05
0.4284484490800695,0.8304859984439261,0.7297394188337335,0.41738051518713704,0.38746773544413515,0.7031548083037296,0.3870319524080787,-0.0587833567114443,0.7522832611617983,0.39913888573236855,-0.011058515799322849,0.5386135713371359,0.4523270799037368,-0.020816899964844024,0.5742847554228485,0.37451893803258873,-0.11632717795369256,0.804945522823232,0.23679742324064829,0.8333978684627509,0.6709477524523556,0.2105081454853044,0.3866494851750521,0.6872604935970162,0.2157328958332547,-0.010224785162963643,0.6731045440673178,0.24997906158628375,0.01763095328225217,0.4931639522811105,0.19602129891660092,0.003989335029481192,0.5153784583764319,0.22670815651022933,-0.081845716318625,0.7337295099811812,0.3379670495138591,1.335114053005663,0.6976489669977359,0.3457517902517385,1.5847718186935285,0.6570539118855163,0.3586795098030638,1.4760815641631608,0.5801249734242389,0.4944115039523843,1.254393512879137,0.7268881279948848,0.5294945838735575,1.0016083622586018,0.7562756123050991,0.5391888409782815,0.7655960012774384,0.6920437734158347,0.4910221357908252,0.6775538231258479,0.6101431924447256,0.505874662358998,0.6623335077243184,0.6080681705987049,0.5413847898039958,0.6350880521453908,0.6864824652084294,0.191263647499412,1.2442456734260305,0.6882884926879775,0.16814065113942955,1.0064538882605143,0.6523582154645073,0.17806815817476854,0.7931003730188076,0.5805406298284848,0.2359384322780002,0.699662598638179,0.544786325679101,0.21019073812401903,0.6645256369077864,0.5343236379698271,0.16408223657599239,0.6583395756172304,0.5771136432284615,2.066666666666667
0.42854350684814263,0.8302611298146612,0.729861061187601,0.41750079356909287,0.38759699667303016,0.7030395864056919,0.3873148450310604,-0.0582830080918548,0.7515676064824156,0.39826620501447824,-0.011161336049794288,0.5385685578182094,0.4520932935857729,-0.020800506440162056,0.5741781877521579,0.374511371893829,-0.11674499458880068,0.8048339204137053,0.2367890785329907,0.8331548038610227,0.6705621419818416,0.2106903836801275,0.3859190374082846,0.6875036846153553,0.21578617093347127,-0.010647336828989593,0.6732002140967474,0.2498463341460636,0.017471896203511805,0.4934309977527157,0.19589694132380447,0.003922621400286264,0.5154126116523874,0.2266031988937242,-0.08129038813444667,0.7328664889961596,0.33807996517463956,1.3351667886483594,0.6973534569731437,0.34575224329631526,1.5847640389154964,0.6570399068688115,0.35828079758537046,1.4771728280017533,0.5778067606380443,0.4942261401924436,1.2544814021912898,0.7268590749486056,0.5294052028887699,1.0006644535372875,0.7562528786488778,0.5383426239643196,0.7653562099899539,0.6940037107429448,0.49102001031308873,0.6774088196637778,0.6101568798306256,0.5057950508603271,0.662287050369855,0.6079101401843421,0.5412797503974975,0.6349735501368394,0.6864573359214543,0.19128156813186917,1.2441935946180196,0.6884887987051206,0.16678435912490205,1.0059056599727043,0.6547727163391959,0.178110245769816,0.7931630227471734,0.5805326165721145,0.23599768893531153,0.6996620844380427,0.5437501228964196,0.2100637244487303,0.663250801123564,0.5345184057153158,0.16407184421230275,0.6578424007245003,0.5771523033093474,2.083333333333333
0.42861010867105537,0.8300112353998792,0.7299567836974921,0.41754640269363813,0.387625032498287,0.702891191581635,0.3875152206810732,-0.057914186472174584,0.7510569708880185,0.3978256077695327,-0.010812779615756204,0.5379446663940995,0.45162685719313267,-0.020663544544784335,0.5738517514591455,0.3744883376332362,-0.11713854424167243,0.8047617196716991,0.23676731106186366,0.8329088449671016,0.6700534053309608,0.21083494057187543,0.38522271196596714,0.6876863116980612,0.21584297160185634,-0.011065889886079705,0.6732442896014575,0.2499589998483938,0.01769578493719448,0.49319018090929095,0.1956970947007679,0.0038813009445956004,0.5154390012282721,0.22649067462682762,-0.08071144829369815,0.7319662633321065,0.33820901383698493,1.3352470659976432,0.6969723206826739,0.3457541975908317,1.5847387942046636,0.6570066560508829,0.3578687142217126,1.4783060235513739,0.5754211941675229,0.49425926709667267,1.2545412616695073,0.7269910998654759,0.5293256861909752,0.9999480344730963,0.7562883289791401,0.5373179428941721,0.7649788461623468,0.6966047201996104,0.49101551782963304,0.6773276954055669,0.6101627745485634,0.5058537225812949,0.6624848121207082,0.607590819186362,0.541099652592342,0.6353673281579542,0.6864730299592419,0.19131110242918406,1.244127617104006,0.6887705848379064,0.16530373789802572,1.0049993410981934,0.6569124239323207,0.1781907735486973,0.7931265605939424,0.5804075230129928,0.23529658464966602,0.6989477603123762,0.543518348980256,0.21005115611745057,0.6623089919774519,0.5342733958548408,0.1636095491879832,0.6577754085430582,0.5768049769882186,2.1
0.42864310661662103,0.829817226176953,0.7300286752524267,0.4175010334505548,0.3875012098185764,0.702780054462157,0.38763474890566896,-0.05767325903685443,0.7507462329434542,0.3980848517647536,-0.009891885247151358,0.5366325749824413,0.4509764710693767,-0.020319002973164482,0.5732216351725337,0.37446494394348395,-0.11742605181133635,0.8047286656050884,0.23675862300385184,0.8327131309565908,0.6694084617869402,0.21091116107698465,0.38460783140395327,0.687805245720953,0.21590229206072464,-0.011465915212327593,0.6732285437587519,0.25046606008263006,0.01853495544873636,0.49212565392327035,0.19558909695094706,0.003916901111982854,0.5154457428520131,0.22637778296849437,-0.08014181167757783,0.7310810109779036,0.3382663039671078,1.3353030797910699,0.6967499572449796,0.34575719629204105,1.5847037384406018,0.6569637919452032,0.3574959110635763,1.4792172426740493,0.5733014037125629,0.494411975707618,1.2545452237267825,0.7273385137050103,0.5292909996888293,0.9996602528950175,0.7563552384313972,0.5362554297416173,0.7645064531667437,0.6995011883311358,0.4910093570486108,0.6772923642640458,0.6101859115457318,0.5059522663288818,0.662720674687058,0.6073452550373966,0.540926621985834,0.6361096292646371,0.6867181371234988,0.19132733988445716,1.244095402533901,0.6889164388493478,0.16379171420894417,1.0038059040068832,0.658751168977401,0.1783165047065613,0.7929146783853939,0.5801665806448657,0.23403044327506484,0.6978086740603401,0.5438218340522033,0.20998407261291746,0.6616716029971147,0.5339627433588721,0.1628707180991651,0.6580062070282789,0.5761999442562707,2.1166666666666667
0.42864429259887404,0.8297057765726678,0.7300745859748515,0.41735538390084603,0.3872052982116627,0.7027946318342091,0.3876733936527314,-0.05756212545524335,0.750637613848937,0.3989832708933131,-0.008361826354801469,0.534582744445031,0.4501666499710049,-0.019561109716761504,0.5720108112455697,0.3744333954726805,-0.11758686486888985,0.8047559991180419,0.23674394887649114,0.8325944861259521,0.6686808543529305,0.21093630929247414,0.3841569039688325,0.6878733753625846,0.21596252826454468,-0.011834191943259395,0.6731459795934313,0.251357461441364,0.019973525057815036,0.49025857855017807,0.19583803683605927,0.004060823452311915,0.515426582430381,0.2262698999621487,-0.0796043868873143,0.7302437089012945,0.33826201075384343,1.3353333941692676,0.6966838835043213,0.34575946087706644,1.5846690115453028,0.6569271567149987,0.357195873865138,1.4796927485699531,0.5716754837684594,0.49454492527685445,1.254538759253637,0.7276411789835442,0.5293062390191696,0.9999000470394263,0.7564112716577953,0.5352946045018269,0.7640094705152602,0.702282505989277,0.49099978326594595,0.6772536902454971,0.6102473870021942,0.505850978952865,0.6625962238103709,0.6076090554657954,0.5407872667501581,0.6370279717054694,0.6871130849696259,0.1913295023308214,1.2440922652544233,0.6889492794463148,0.16224220776490617,1.0024071698255959,0.6604533578406946,0.1783822254276826,0.7924420531903679,0.5800210502410925,0.23253409039736034,0.6966146270724837,0.5442117600572336,0.20968583443876096,0.6610687087567142,0.5339409842995064,0.16195518445925872,0.6584220781639771,0.5753580617127969,2.1333333333333333
0.42861704877892604,0.8296752227735879,0.7300906814777757,0.4171142032112715,0.38675786718725347,0.7029224162682259,0.38763119463411144,-0.05758310682665592,0.7507341367370928,0.40020138545039685,-0.0063967870458102455,0.5319893424576188,0.449211734098684,-0.018319612135216684,0.5701142151556384,0.3743775677665903,-0.11767108187255076,0.8048568869260594,0.2366545099249147,0.8325471917144562,0.6680038445961013,0.21096098762389176,0.38399724394215207,0.687900836129272,0.21602178696461596,-0.0121579988805528,0.6729905507395778,0.25250590787114613,0.021812398041583997,0.4878573214327741,0.19660803423486678,0.004302634743897221,0.515380776811805,0.22617988947927203,-0.07915574433920322,0.7295363694319528,0.33823307436280037,1.3353507794728574,0.6966994118443517,0.34575902694173666,1.5846448426607558,0.6569086786674753,0.35700312540000373,1.479635319230826,0.5707298674193304,0.49441537994529844,1.2546288761916322,0.7273807722483545,0.5293409095141579,1.0005716063482633,0.756393437989628,0.5345548527589818,0.7635867442963513,0.7045043942039593,0.49098691030994157,0.6771796032939686,0.6103578365033414,0.5053713039028127,0.6618294807120229,0.6086889981194769,0.5406933860177643,0.6379003011982975,0.6875035623174629,0.19132293443917303,1.2440999218076134,0.6889568108024384,0.16061190860720959,1.0009406078569978,0.6621435279434851,0.17811925163875564,0.7916141526014541,0.5803362410469199,0.23110733163333844,0.6956251943694949,0.544387328303348,0.20911907525202056,0.6601336293370317,0.5342880505789844,0.1609185234715368,0.6589640968410649,0.5743100992746857,2.15
0.42856427758452587,0.8297232023642502,0.7300752368691243,0.41679170542008603,0.386160853038264,0.7030032978729092,0.38750884846080735,-0.05773664896219574,0.7510365418685611,0.4014159544208314,-0.0043046630101116895,0.5292366751403859,0.4481705301981558,-0.016711771000090123,0.5676955442795714,0.3742895702334291,-0.11775181996528962,0.8050200081993671,0.23642164755980116,0.8325445283838756,0.6675056103240791,0.21100613734177642,0.3841632596160259,0.6878720254343054,0.21607897282020705,-0.012430134241728855,0.6727640132214968,0.25374383004130174,0.02379120160995299,0.48527685740438964,0.19786000264918036,0.004605438475454499,0.5153112846161447,0.2261393028321563,-0.0789408834561571,0.7291747697895734,0.33819984373594814,1.3353616652377511,0.6967496502680188,0.34575540640267344,1.5846416548045383,0.6569125662684882,0.3569440265270888,1.4791044197097836,0.5704750331974486,0.4938254936080173,1.2549106494713422,0.7261424348379663,0.5293555987589943,1.001475350158882,0.7562702351828628,0.5341172363752584,0.7633427749311253,0.7058058052704195,0.4909730175675946,0.6770711670537363,0.6105075180864488,0.5045127043456066,0.6604229092408034,0.6105628779207581,0.5406566162653097,0.6384962716838234,0.6878364488546078,0.19131093140795358,1.2441099791026018,0.6889815209726711,0.15889513215142484,0.9995504744629443,0.6638341170298475,0.17726109718108554,0.7904190454393096,0.5813350759429441,0.22999639312286121,0.6949802946963208,0.5442117542811282,0.2083606954322393,0.6587175161779916,0.5348785594403096,0.15984449245871446,0.6595893878077957,0.5731830642512326,2.1666666666666665
0.4284885773615319,0.8298344209135149,0.7300188943146465,0.4164031137248627,0.3854160177440995,0.7028446753374877,0.38730690860098843,-0.05802176472221919,0.7515457687144331,0.4024100135753603,-0.002438461572540143,0.5267972348897726,0.44716023901457647,-0.014961466336868734,0.56508220422272,0.3741730741985963,-0.11787663465314122,0.8052162391250178,0.23603793673029752,0.8325484914269803,0.6672131715685473,0.21105815189993027,0.3845095342524092,0.6877659925893643,0.21613388728501115,-0.012658583243917693,0.6724909771167304,0.2548982534377727,0.025641459465925193,0.48288638725143135,0.19941822492021383,0.004919190635975165,0.5152361652842138,0.22617355494524874,-0.07907685387771282,0.7293362479068585,0.3381669761322694,1.3353677104500068,0.6968108266571534,0.3457495852907659,1.5846742651652304,0.6569372952413419,0.35701653690588375,1.47831618456157,0.5706432108865067,0.49276213559597526,1.2554094578730286,0.7238579429662026,0.5293407976628401,1.0024605329581762,0.7560896769797766,0.5339812278128044,0.7633283188399111,0.7061317036155991,0.4909577595653213,0.6769560864863987,0.6106697690086935,0.5034080333397905,0.6585725289496799,0.6129994367969667,0.5406819058906684,0.6386934905371091,0.6881866627548349,0.19129569450664374,1.244122957918524,0.689021813041683,0.1571765591787207,0.9983098913496442,0.6656278457476035,0.17574840500617434,0.7889831986299976,0.5829503704257732,0.22938313329721888,0.6947501806443969,0.5436606320355697,0.20742006384236467,0.6569356440480456,0.5357490527422434,0.15885096578010724,0.6602379853138595,0.5721430302776083,2.183333333333333
0.4283936138172531,0.8299663217160049,0.7299049101132288,0.4159679826141151,0.3846058603647536,0.7023632963024782,0.38702367296737683,-0.058438763184484016,0.7522685403578402,0.4030568600151719,-0.001090602860434206,0.5250624664891734,0.4462987106094807,-0.013317531083977638,0.5626354985479325,0.374038921602727,-0.11804707707035647,0.8054189326388108,0.23555135773202568,0.8325249493205542,0.6670758869424176,0.21110464347407648,0.384799215030912,0.6875985525698749,0.21618617177595678,-0.012868214734269329,0.672222131555115,0.2558012408307472,0.027096869875459423,0.4810407299296068,0.20106436676665002,0.005168031359521,0.5152163664125179,0.2262742420875247,-0.07952289373660423,0.7299638482143349,0.33813303791585625,1.3353689397135846,0.6968695703470399,0.3457430521025922,1.5847608552094021,0.6569773949551166,0.3571740088351536,1.4775450724013173,0.5708667595112127,0.4913725115518073,1.2560710369663957,0.7208125800347542,0.5293213914776733,1.0034264194883495,0.7559740519582114,0.5340390244442796,0.7634746106914807,0.705845561515391,0.4909382525382677,0.6768756497510829,0.6108080770395272,0.5022392206772122,0.6565304487094943,0.6157272159605096,0.5407478871127263,0.6386034477797075,0.6886058645309938,0.1912791905757737,1.24414086574816,0.68906434777434,0.15562967172894615,0.9972230192172462,0.66773722497349,0.17374932545182484,0.7875185104190979,0.5849425008061784,0.22920669721153494,0.6948707935194233,0.5430437837454388,0.20612573429862163,0.6549202916084351,0.5373409833322309,0.15802555176091174,0.6608451516288403,0.5713072513669704,2.2
0.4282849008876203,0.8300694777063307,0.7297322587440411,0.4155158038591759,0.38385547323816727,0.701610767776317,0.38665348019075535,-0.05899290813869833,0.7532194780294286,0.40329006372271653,-0.0003049590674461533,0.5240612911352759,0.44564307009173165,-0.012005488760871916,0.5606701644100989,0.3738992020132847,-0.1182387168821384,0.805618470206428,0.2350147364656473,0.832457613834417,0.6670434306795976,0.2111357308302347,0.38485983736088647,0.6874182998111643,0.21623461461018886,-0.013081197117792487,0.6720038592434623,0.25632221817349743,0.02794237844390271,0.48000472208172057,0.2025750842407849,0.005248894353768824,0.515357281113911,0.22641241531249473,-0.08014915132543154,0.7308645529378953,0.33809661914683764,1.3353646173183489,0.6969238187260064,0.3457374421096985,1.5848943746619837,0.6570231891767322,0.3573028857407598,1.4769877976030887,0.5709766625475095,0.4899070533540457,1.256760859875076,0.717635259218312,0.529314320783333,1.0042739251217474,0.7560096138160053,0.5341543428643174,0.7635831475575149,0.7055064509268629,0.490914131350907,0.6768721830833525,0.6108838120818114,0.501175038944423,0.6545688295137475,0.6184038854297462,0.540778668112661,0.638537658562488,0.6888872741391068,0.19126290412563784,1.244162731268872,0.6891062308457682,0.15440608292341762,0.9963347806261872,0.6701321948959591,0.17154388247535515,0.7862423457079463,0.5870350037802655,0.229050657676509,0.6950715308512155,0.5431136810788382,0.2042703740505439,0.6526883989583243,0.5401799716750927,0.1573774864022793,0.6613640039915455,0.5706940661930863,2.216666666666667
0.42816849671750085,0.8301139416575741,0.7295287464454238,0.4150817949662382,0.3832415663422967,0.7006948746233677,0.38618962764722975,-0.05969411536549453,0.7544111338742779,0.4031136639160129,0.00022670059260385123,0.5233293294667525,0.4451860482289639,-0.01119043697403417,0.5594133176974737,0.37376129047710294,-0.11843053741779506,0.805818303864257,0.2344641995555402,0.8323535611321831,0.6670756052363074,0.21113556169622955,0.3846651614312221,0.6872619537954912,0.21627745439915236,-0.013295409186459897,0.6718458126063518,0.2564454310126201,0.02814469604711177,0.47979469794868257,0.20373069363245672,0.005120211432310354,0.5156878655623934,0.22655916720914965,-0.0808535510408332,0.731880384283568,0.3380635658800294,1.335359957586655,0.696968310410262,0.34573463917233166,1.584998531045658,0.6570587997689754,0.35723347065294064,1.4767263526036112,0.5710336520901326,0.48866440893875795,1.2572952516950813,0.7151664058768601,0.5292785972802564,1.0049847529418074,0.7560524188923948,0.5342727752587646,0.7634366959836444,0.7054945854833252,0.4908900061742688,0.6769581862644991,0.6108698757804429,0.5003219903542913,0.6530026399345772,0.6204662347678203,0.5406640218170247,0.6387695088775824,0.6885790433115628,0.19124811652067947,1.2441858012279567,0.6891547946817995,0.15354051174935032,0.9958330913547496,0.6722536921321539,0.1694219996209489,0.7853140056591827,0.5889508683494301,0.22839453579949137,0.6950272908522206,0.5446355280664991,0.20185404610106858,0.6502474305458987,0.5443344143807473,0.15688735767622872,0.6617465001238046,0.5702633479376978,2.2333333333333334
0.4280477709402533,0.8300931256297359,0.7293305826019107,0.4146902796319281,0.38278053760309716,0.6996913597041101,0.38563759508777784,-0.06054633488702453,0.7558190289798292,0.402660730248011,0.0009601668829733456,0.5222274859543206,0.4448920079253429,-0.010895501741475772,0.55890651518541,0.3736256100038407,-0.11861223187189705,0.806022617632274,0.23393442720688698,0.8322350795608293,0.6671103034389182,0.2110910763011722,0.38427009196386563,0.6871406840092902,0.21631292110512873,-0.01349051077932091,0.6717312226623396,0.25632222083121303,0.027943461060587746,0.48008016001727316,0.20436212947607602,0.004954415799837408,0.5159573010911744,0.22667884666971433,-0.08155238825103289,0.732875464183148,0.3380588351711612,1.3353793249443997,0.6969606204757532,0.3457360334456942,1.5849461458681269,0.6570649556412453,0.3568169542853302,1.4767388007437607,0.5711299630287132,0.48789638351591424,1.2575241895937221,0.7140968650260342,0.5291309115845156,1.005689241819471,0.7557499075456207,0.534401387767123,0.762976669567773,0.7058227193059126,0.49087202562153154,0.6770694254230537,0.6107535514626552,0.49970799182231107,0.6521308303142713,0.6212344073719803,0.5403351438106193,0.6393656757085844,0.6873368332637086,0.19123633375571686,1.2442110776354882,0.6892070736837617,0.15299270590921277,0.995928517506199,0.673234604911358,0.16763923202454117,0.7847951628421571,0.5904201463622529,0.22699723248541764,0.6946308025221483,0.5478367965349812,0.1991205383797054,0.6477604234337448,0.5493372815496564,0.15658642852419052,0.6619220240386915,0.5700178742612692,2.25
0.427922440192405,0.8300133662461312,0.7291553904277759,0.4143327005671628,0.3824488096976829,0.6986234365752785,0.38503789424683493,-0.061519547722403575,0.7573228182480427,0.40217044629398113,0.0020791933047428907,0.5205364987676944,0.44472584134996707,-0.010927844939233752,0.5588962900803611,0.3734895959574639,-0.11877893713427827,0.8062298223883122,0.23345946286380428,0.8321215913416623,0.6670855965217702,0.21099893328764313,0.38368358419838644,0.6870600815185393,0.21633930068809293,-0.013647150083049078,0.6716469045506432,0.2561856654795317,0.027715063338682497,0.4803690294798563,0.20446885858810676,0.005126739576832601,0.5156606406473776,0.2267293810435596,-0.08213393105307112,0.7336808949065488,0.33812598694804286,1.335465799302412,0.6968175369365628,0.3457404045069536,1.5846528464326042,0.6570307959205479,0.3559983302270524,1.4768767856338434,0.571277343092593,0.4877123233449946,1.257401976718959,0.7146559598808597,0.5288265692858471,1.0065874383315574,0.7548601493281729,0.5345082058285897,0.762355758885844,0.7061580502270447,0.4908617250638623,0.677074753751874,0.6105255685955995,0.49928520513481445,0.6520400660621822,0.6203730487836225,0.5398085916986928,0.6402350092833006,0.6851870304699365,0.1912265872938996,1.244250358246097,0.6892199718470986,0.15270062734012013,0.9966210630789132,0.6725031478590836,0.1663930261240114,0.7846491355750821,0.5912426677901659,0.22497419126320078,0.6940210146811552,0.5523397946331463,0.19638293443595894,0.6455492827736651,0.5545505658560798,0.1565221401176447,0.6618656756528493,0.5699941379044924,2.2666666666666666
0.4277939122240099,0.8298801661191335,0.7289982184981285,0.4139705311407362,0.3822025981940393,0.6974980103652766,0.3844715518817695,-0.06251631466894807,0.7587019197871732,0.4018496974877137,0.003317643703576345,0.5186789059359324,0.44465141611459774,-0.010975981179887656,0.5589482699762345,0.37335307958543074,-0.11892674579409765,0.8064327255876084,0.23303671987861896,0.8320135390955892,0.667032436034537,0.21086457467241398,0.38284425221694224,0.6870220781502305,0.21635483609540296,-0.01375203634222287,0.6715929411774321,0.25619181210505004,0.027714494878350607,0.48033914932948213,0.2042800886026645,0.005960069238043375,0.5143855684033265,0.22670067220845705,-0.08250448950163158,0.7341812468106637,0.33827385458866155,1.3356264251696077,0.6965251398464078,0.34574244219033645,1.5841342419063478,0.6569624132541689,0.3548301856163739,1.476906050073261,0.5714387618741315,0.48801818859524654,1.2570082955902913,0.7165172105239976,0.5283965340522654,1.0077825239464373,0.7534231372209419,0.5345092866961781,0.7618044255865299,0.7060244968644174,0.49085439798266406,0.6768639209739808,0.6101877528685613,0.49892997528708805,0.6524796432721255,0.618189774593737,0.5391626986308806,0.6412426629943869,0.682458988309571,0.19121191002142446,1.2443252308562984,0.689108194833458,0.15254588247468193,0.9976872018555238,0.670239137327883,0.16575627506891594,0.7847297179587784,0.5914219476194735,0.22261090410899476,0.6933472031930993,0.5574738335865148,0.19387851466589162,0.6438843673341892,0.5594489203657235,0.15663967593335332,0.6617050714012296,0.570141568343529,2.283333333333333
0.42766948939769134,0.82968690414503,0.7288452934117784,0.4135700214906153,0.38203640379092246,0.6963326733675366,0.38401856743177076,-0.06338616077453173,0.7597622543530269,0.40178477449846356,0.004247372072738953,0.5172904317995861,0.44462379546466957,-0.010865047764961527,0.5587985027931078,0.3732200898505813,-0.11905070951921257,0.8066228657737231,0.2326111850268554,0.8318883325632265,0.6671116557289674,0.21069894928339555,0.3817332666152364,0.687010184786194,0.21635834863621758,-0.013793905528118836,0.6715753693683253,0.2563399845621581,0.027944480848786063,0.47999974397551404,0.20406892927048353,0.007467946617997753,0.5121415222534389,0.2266387614709355,-0.08266752564929364,0.7344167564291461,0.3383930180622751,1.3357453060233224,0.6963103770347594,0.34573457353600817,1.5834744917239425,0.6568769583462625,0.35344883045681313,1.476626927296575,0.5715690952119001,0.4885641111857919,1.2565101789985451,0.7189745188009277,0.5279035031437445,1.0091061557205676,0.751613913435675,0.534342193862329,0.7614819064836862,0.7051222167622506,0.49084597314578815,0.676418056811203,0.6097722537748955,0.4985118595000502,0.6530465736271518,0.6153625236670086,0.5384963858663492,0.6422612546383664,0.6795999148340035,0.1911889987473671,1.244438669410111,0.6888514480230751,0.1523923620953417,0.9988400095874063,0.6673127731013262,0.16559285020471246,0.784777010539488,0.591223674051482,0.22022000177179857,0.6926024291715299,0.5625501080106728,0.19179515252982704,0.6428172847922108,0.5635885197087763,0.15675424037703536,0.6616774046804592,0.5703139561289714,2.3
0.42756026563866617,0.8294208876570719,0.7286881751358919,0.41312431810221895,0.38202372167321713,0.6951496281860956,0.38370987845691257,-0.06400837283965957,0.7604570001732873,0.4019648671114514,0.004622997207112831,0.5167331792664615,0.444627035051551,-0.010726972410260202,0.5586157690625848,0.3730966699068863,-0.11914532467815325,0.8067960737578064,0.23211767866785468,0.8317112315584836,0.6675196179045304,0.2105130545907404,0.3804759416593532,0.686998263667136,0.21635064761662576,-0.013767796879306599,0.6715963013115288,0.256473130247663,0.02815426997185319,0.4796881150025946,0.2038647281340696,0.009285211622107742,0.5094410872368754,0.22660794582938465,-0.08270450564309259,0.7345168296872537,0.33828017342539696,1.3356066665932917,0.6965907801563515,0.3457110886875804,1.5827755421695684,0.6567915322071065,0.35204040911563883,1.4759558610254744,0.5716236564047124,0.4891639310880376,1.256048481813175,0.7214477832704245,0.5274006691613374,1.0101078097094913,0.7496052766259799,0.5340085135257868,0.7614521559625016,0.7034746588632126,0.49084037761137406,0.6758090708389796,0.6093429404036427,0.4980089463131524,0.6534988869115737,0.612467711053349,0.5379064789902284,0.6431699257851451,0.6770491922800896,0.191177899004733,1.2445328951925827,0.6886713791242751,0.15221711703916213,0.9997898269248242,0.6647725473793927,0.1656144215486252,0.7845400509455599,0.5909823265921301,0.21812296234477618,0.691677408720408,0.5669406089236005,0.19033490730977,0.6422293165074743,0.5665199559143856,0.15666720806908735,0.6619409653133166,0.5703981505947027,2.316666666666667
0.42748159569253197,0.82909232236695,0.7285301943015537,0.4126460896941384,0.38226717666433396,0.6939677264594049,0.3835361591918963,-0.06435074030728796,0.7608333875089819,0.4023341342649517,0.0044228140572170616,0.517042460551593,0.4447064324590421,-0.010895178341117848,0.5588729512846764,0.3729866984983661,-0.11920736132251723,0.8069522068085659,0.23152586499180336,0.831458032097723,0.668375948375507,0.2103159986154305,0.37929028751610444,0.6869798701977208,0.21633599983546206,-0.013690513894711709,0.6716450254152301,0.2563573678283215,0.027966189459282254,0.4799047158649777,0.20345333637338375,0.010834241639566533,0.5070832237436699,0.2266431694208017,-0.08268947381562924,0.734570755247935,0.3377920186508128,1.3350557629399522,0.6976592446686094,0.3456710459193445,1.5821380390048532,0.6567194742200653,0.3508069854954007,1.4749406859349496,0.5715731301548648,0.48984572761704703,1.2556361882915144,0.7238205637781648,0.5269388930167884,1.0103488574216002,0.7475949629756005,0.5335544784675978,0.7617382741427613,0.7013163998927667,0.49084933290765054,0.6751594202533081,0.6089942074450156,0.49751845920612264,0.6538330772442533,0.6098583853462872,0.5374780230119481,0.6438526759680336,0.675152244649085,0.19121742758837995,1.2445027647326838,0.6889898883936684,0.15210931785066878,1.0002572795085702,0.6633358764510545,0.16559110287916867,0.7839528644210271,0.5908496382649506,0.2166316462425451,0.6905525909697321,0.5700528743299729,0.18960903702637302,0.6419763796702381,0.5679783568277773,0.15629369224559275,0.6624754213653852,0.5703807696522725,2.333333333333333
0.4274493005147004,0.8287471615156651,0.7283882140031935,0.4121572288431995,0.3828136584412584,0.6928011733517152,0.3834862174152725,-0.06443691761371509,0.7609201213988733,0.4028109941081164,0.0037006621611085366,0.5181310182334138,0.4449163430549864,-0.011618702365706779,0.5599326275631172,0.37288946034010995,-0.11923902522524649,0.8070893049822004,0.23085113249129208,0.8311483932255496,0.6696479627983993,0.2101178288578312,0.3783815790022558,0.6869788107387138,0.21632158078472205,-0.013604600735776046,0.6716971988622586,0.2558400888270253,0.02713049841231377,0.48097601052699573,0.20265176597511653,0.011631404762557127,0.5057473203693935,0.22674582059032825,-0.08264920385750033,0.7345964925070827,0.3369360435394923,1.334101600603722,0.6994988112957865,0.34561856593993545,1.58165645600756,0.6566713165958732,0.3499210181047073,1.4737140142773626,0.5714140875156108,0.49071725035963665,1.255169172329692,0.7261872715108347,0.5265803172147848,1.0097208321893691,0.7458514953665587,0.5330422026015984,0.7623425856414838,0.6989420968598297,0.4908895800818518,0.6745845593284566,0.6088334500244198,0.49717107105271896,0.6541485035295702,0.6078106697548162,0.5372544504169178,0.6442227882597749,0.6740624507270114,0.19133446564705942,1.2442745047522383,0.6901052817600404,0.15214665308693653,1.0001173463958857,0.6632581747720154,0.16547873881806308,0.7831706689260713,0.590804898618625,0.21591678631009054,0.6894368201897255,0.5714200194788313,0.18946471984884972,0.6419398473689868,0.5682114703903709,0.15567748887581856,0.6631464894223733,0.5703035714186029,2.35
0.4274583055978924,0.8284378517711506,0.7282855529496037,0.4116850644665287,0.3836079177481422,0.6916528818621657,0.38355174255101643,-0.06430468875620986,0.7607265539638727,0.40325205265365105,0.0024842910142042762,0.5199221975333898,0.445258045988451,-0.012899337242126663,0.5618012224790322,0.37280266531313994,-0.11924486901597553,0.8072006353884695,0.23016356939107524,0.8308604942142014,0.6710988361114048,0.20992468476927498,0.3779006807324281,0.6870251197095866,0.21631304291612724,-0.0135497749823221,0.6717303753897688,0.2549362802174564,0.025667341632927887,0.4828640502160878,0.20147867341605025,0.011459263274887818,0.5057583784884678,0.22690358564005964,-0.08257980474401541,0.7345784045410085,0.3358147635530805,1.3328688346495945,0.7018988290492536,0.3455611435930541,1.5813965202286107,0.6566528378787515,0.34945511543072744,1.4723970445878307,0.5711598064742469,0.4918004021990885,1.2545070533529035,0.7285759546054024,0.5263770866529973,1.0084326070691787,0.7446512500811479,0.53253588126834,0.7631726277449739,0.6966430516091323,0.49096779670229834,0.6741489408079064,0.6088638843581382,0.49704858945293723,0.6544865220631254,0.6065603000275779,0.5371756903803573,0.6442686401838467,0.6736587508129028,0.1915278919034708,1.2438553475645182,0.6919832199764033,0.15232755635611003,0.9995318179647366,0.6644577678372279,0.16535470646527695,0.7824556418990083,0.5908052050742393,0.21583651620139827,0.6886463030944925,0.5709924792894736,0.18953354526355393,0.6420059926870875,0.5679228807101014,0.15491915208660853,0.6638047931636503,0.570208752546208,2.3666666666666667
0.42747269756506856,0.8281941123892342,0.7282320762577823,0.41125907485235214,0.3845248772371454,0.6905211534484224,0.3836975648273359,-0.06403003910002646,0.7603291211878014,0.40343493689950155,0.0008495557177908702,0.5222507701245409,0.4456855381249215,-0.014556215395650926,0.5642201308937639,0.3727300534746998,-0.11921365225696681,0.8072782810051319,0.22957982272378172,0.830687212080226,0.6723832708630201,0.20973426480322205,0.3778833202827964,0.6871113835207289,0.21631064726606505,-0.013532522808664627,0.6717405246885965,0.2537775342522548,0.023788562707202518,0.485279729538046,0.20009838634670746,0.010346032832706173,0.5071086429060215,0.2271046030453704,-0.08247245267882591,0.7345008923842137,0.3345496041541158,1.3315161718442294,0.7046099227463587,0.34550694512176505,1.5813506334871195,0.6566603267764786,0.3493371784753857,1.4710661449838573,0.5708382788073284,0.4930447482505,1.2535546587073687,0.7310295321437993,0.5263297478509283,1.0068216570933903,0.7441021808451374,0.5320949225823112,0.7639488206228955,0.6946907164724402,0.4910472227152366,0.6738547905226531,0.6088272529420299,0.49711245059448794,0.6546780853459605,0.6061368296185392,0.5370723825938647,0.6440373573918224,0.6735935291515163,0.1917762367288015,1.2433110904022882,0.6943525964497265,0.15258044355442985,0.9988906241480561,0.6665683517195562,0.16530123722200546,0.782032930031356,0.5908335005227305,0.21595267313834599,0.6883737879327223,0.5692608477524653,0.18951327684181013,0.6421674877328511,0.5677303548978477,0.15411639604523675,0.6643577595226315,0.5701082910193263,2.3833333333333333
0.42745121357536414,0.8280226395723596,0.7282169180835624,0.41090618203257856,0.3854572961277636,0.6894251884848904,0.3838503107486899,-0.06374558792452563,0.759905267508203,0.403164124721014,-0.0009959475182836214,0.5247777217289465,0.4461368959624934,-0.016343154375655866,0.5668345592099961,0.37268270614387494,-0.11911660921306177,0.8073161317547436,0.22918084124225063,0.830669220977136,0.6732746111780867,0.20954761914811765,0.378198695687681,0.6871780818738972,0.2163111498970552,-0.01353442244585848,0.6717386446867807,0.252533623007102,0.021773220887427544,0.4878628624498754,0.19870293542797146,0.008552431191365534,0.5094614288230268,0.22733958786316072,-0.08232415916728979,0.7343588537535473,0.3332973529075378,1.3302189486378004,0.7072953702057989,0.34546271327423395,1.5814207631101664,0.6566797801399173,0.3494082487635979,1.4698077214187841,0.5704934953220115,0.49436512851285774,1.2523232214640552,0.7335899510073898,0.5263775526938497,1.0052113159393072,0.7440147244787797,0.5317755792888534,0.7642865363302375,0.6933380471623785,0.4910507313747805,0.6736168071686164,0.6082758898524898,0.4971907193713929,0.6543449137097721,0.6062193932103067,0.5367842439793264,0.643521131777952,0.6735351647401452,0.19204879796093063,1.2427230428737281,0.6968722355379836,0.15280633752656603,0.9985987011899049,0.6689126353574164,0.1653467816424408,0.7820168425444691,0.5908806041338119,0.21581504530196632,0.688645351823886,0.5669056914061594,0.1893560806420341,0.6425856294419443,0.5677742709424913,0.15335808034834156,0.664821599905832,0.5699701600249009,2.4
0.42737242234967177,0.8279135356914328,0.7282257560649088,0.4106394876104893,0.3863656424447887,0.6884101139615814,0.3839438157904439,-0.06356656049702471,0.759621612526234,0.40241075857537545,-0.0028575784035666796,0.5272266114269848,0.44654869960976823,-0.018001914329168325,0.5692696260402714,0.37266659583498324,-0.1189545874652706,0.8073078367018772,0.22892844377438132,0.8307717292871883,0.6737838834572099,0.20937250391006446,0.3786470956798236,0.6871596877946978,0.216311726025107,-0.013538821485928304,0.6717370174842219,0.2513784723548065,0.019908530802557736,0.4902563763926844,0.19745455901070852,0.006568789820063245,0.5121355468517955,0.2275984759107581,-0.0821342174107664,0.7341505328346912,0.33231587617515856,1.3291936294683961,0.7093691098635097,0.3454328269032507,1.581485484698487,0.6566955494893852,0.34953167203631763,1.468725696406083,0.5701740655787111,0.49561816179135004,1.2509442882595574,0.73608056924058,0.5264509328944207,1.0037732324608788,0.7440623421234107,0.5316323305249221,0.7639392590070306,0.6928236385273941,0.4909186221599128,0.6732937889123195,0.6068882250532862,0.49710584656299195,0.6531853072258644,0.6063157640078505,0.5362789637166261,0.6426564449229274,0.6733344935846065,0.1923118634785838,1.2421622125458998,0.6992007414155226,0.15294016287242942,0.9988034919488931,0.6707590197064599,0.16546574244857123,0.7824091653002545,0.5909404149865034,0.21524308290679334,0.6893901012327176,0.5644232960037324,0.18916067518100832,0.6433930241478486,0.5678809872278183,0.1527379442432691,0.6652981099266151,0.569756281289253,2.4166666666666665
0.42723244855476067,0.8278416939338101,0.728251272394093,0.4104392208639757,0.3872714444459949,0.6875103148231616,0.38396928608086744,-0.06350677741045824,0.7595058477178915,0.4013245986956031,-0.004719137476346988,0.5296141197926978,0.44686247887556535,-0.019289025804024584,0.5711699309472764,0.3726721191872163,-0.1187792894861632,0.8072542489223563,0.22870390411330277,0.8309128689746696,0.6740893759829468,0.20920711197953754,0.3791245899893215,0.6870313836296158,0.21631125100266865,-0.013540381061973833,0.6717420640141842,0.2504796036669563,0.018466572651589908,0.4921179513790164,0.19649443273681633,0.004945969002601525,0.5143417192627044,0.22786974761211742,-0.08189620184729482,0.733865302126819,0.3319041247662856,1.3286624355619119,0.7101227615973198,0.34541845141126765,1.581489691347385,0.6567006591366442,0.3496394353522111,1.4678730320697415,0.5699226544592231,0.49661164521478174,1.2496224915149141,0.738095382627157,0.526526607919592,1.0024977857374537,0.7440833640584844,0.5316989922913269,0.7629137221172223,0.6933033737474619,0.4906447256352542,0.6728426424503053,0.6046701138645835,0.49682953915398465,0.6512454446104352,0.6061296124954199,0.5356414518885279,0.6415054934931064,0.6728543927053983,0.19253119450405648,1.2416828670902686,0.7010119189763953,0.15298298388801373,0.9993092582261663,0.6718510646217656,0.16561149118206175,0.7831039668416381,0.5910040702035171,0.2143259139189902,0.6904799421527955,0.5620646827100952,0.18895908675209294,0.6445645883893945,0.5678861626998415,0.15233592569398924,0.6658838515255034,0.5694970058281774,2.433333333333333
0.42703382604287177,0.8277839972452449,0.7282828035294606,0.4102507718814267,0.3882223705045451,0.6867201174978329,0.3839602436627392,-0.06350627210883428,0.7594792233284732,0.40012934513357074,-0.006627997240864922,0.5320577908409517,0.4470426097649487,-0.020046359772195724,0.5723025681605927,0.3726835137341288,-0.11865062417259889,0.8071718020699404,0.22841875507796264,0.8310228940648718,0.6743662294249952,0.20904396827099936,0.37967264806013956,0.6868061309931962,0.2163099635222008,-0.013539635542598849,0.6717540775850712,0.24996405562506419,0.017649279296060902,0.4931821734566437,0.19594102665918672,0.004026986782680653,0.5155832535710411,0.22814242601097154,-0.08159494866819722,0.7334794485901547,0.33220457184189545,1.328716237052203,0.7092334113697263,0.3454170019068856,1.5814478482279952,0.6566967052144088,0.34971643516624074,1.4672250354553693,0.5697625224449003,0.49718508260765104,1.2485598048425286,0.7392551776064263,0.5266149022774889,1.0013101669376316,0.7441057532191733,0.5319690900771337,0.7613612345815163,0.6947697718408063,0.4902666212370113,0.67235856311928,0.6018840805593638,0.4964678276190278,0.648846772554146,0.6056746007270479,0.5349945978228519,0.6402998434023276,0.6718388999398732,0.19267787747651413,1.2413389241028563,0.702049142059512,0.15298361913744168,0.9998072814362433,0.6725802525418789,0.16575183805780305,0.7838940967612824,0.5910469285762577,0.21324996231145718,0.6918096812529594,0.5597634025776363,0.18866925411440388,0.6460785317292062,0.567725281872422,0.15215775891987787,0.666631009775374,0.5692890786619609,2.45
0.4267811398540887,0.8277522790373477,0.7283019859186486,0.4100235914213016,0.3892463151582246,0.686019424872166,0.3839469230334864,-0.06351112118287548,0.7594671461342161,0.3990267727487784,-0.00847120183145332,0.5344382826969968,0.44710503779745564,-0.020316626275621294,0.5727289232124314,0.3726957018559121,-0.11860853989573339,0.8070730975900793,0.22806654355242084,0.8310924379739812,0.6746596926624142,0.2088918455035555,0.38039422260099265,0.6865185923996977,0.21630893435450418,-0.01353700617198697,0.671769521224826,0.24984124325395274,0.01746736806563004,0.49342449819207834,0.19580826313269326,0.0038059506849972558,0.515863470969144,0.22840766813402202,-0.08121532567109514,0.732970036245231,0.3331232638661136,1.329223064240928,0.7070724657722901,0.34542302542798714,1.5813889849145737,0.656687300111982,0.34977145609662824,1.4667254538685726,0.5696850639785064,0.4973206680073715,1.2478836813073637,0.7394963639577893,0.5267160007364813,1.0000670338177935,0.744126821738587,0.5323827627417019,0.7594683262561671,0.6970290462020454,0.4898494420845695,0.6719322987095306,0.5988941428992489,0.49611952017458416,0.6463117879342165,0.6051356316891136,0.5344519397765689,0.6392611517019724,0.6701237200017645,0.19274315357362848,1.2411981021757996,0.7022665002257327,0.15301251009759292,1.000078338270191,0.6736008763813153,0.16588413554186524,0.7845387740575296,0.5910365172490724,0.2121945834825359,0.6933471203980611,0.5571322337868285,0.1882058579223752,0.648019226348191,0.5673778847705636,0.1521123395381887,0.6675520267110668,0.5692046706431725,2.466666666666667
0.42648202168423194,0.8277891496079254,0.7282967488222116,0.4097519249122441,0.39033437127905996,0.685425718785637,0.3839402807265301,-0.06350159969526104,0.759440404501325,0.3981756904043604,-0.009965511721923878,0.536389342110565,0.44711188214896047,-0.02033215396116521,0.5727894586390434,0.3727159550287013,-0.11866014252377773,0.8069578575016242,0.2276897681226995,0.8311654828323692,0.6749160867108708,0.20876799020399073,0.38134432269318885,0.6862115157076984,0.21630931424931654,-0.01353146302365374,0.6717835416725794,0.2499604051425552,0.017672338345664423,0.49316073043551484,0.19593682296700007,0.003979411073215033,0.515598534939922,0.2286623926998236,-0.08076953607050526,0.7323543875725538,0.3344618901198736,1.3299374955754428,0.704392020748619,0.3454304581823843,1.5813297356371017,0.6566751495407575,0.34981374087664396,1.4663472165305602,0.5696686034814863,0.4971889430972787,1.2475981738883353,0.739171097161018,0.5268063433684773,0.9984981587574616,0.7440015901996989,0.5328036069690434,0.7574864335207603,0.6996276009174892,0.48946652644122557,0.6715899476921865,0.5960912040985384,0.49579850498995104,0.6438085334984678,0.604737731548225,0.5341023075336512,0.6384914750819226,0.6677961524642926,0.1927475783554825,1.2413039571091715,0.7019293988421316,0.15313415025734636,0.9999577458959373,0.6753528444069273,0.16603043661841194,0.784891498113033,0.5909642396580435,0.2113187280932781,0.695028215081716,0.5538881122511226,0.18755851968332468,0.6504322648380712,0.5668322811045066,0.15210940396190592,0.6685878405734019,0.569254253857213,2.4833333333333334
0.42614892608145133,0.8279271005791797,0.7282667549505286,0.4094660999066579,0.39144228551115157,0.6850065764377028,0.3839397262472826,-0.06347856829839779,0.7593989501181257,0.3976914934704427,-0.010852510948324373,0.5375896128803194,0.4470998569450553,-0.02024707567702179,0.5727036304080183,0.37275289723035276,-0.11876452349683608,0.8068407264888078,0.22733185429695668,0.8312911548529424,0.6750791272321286,0.20867648438657121,0.38249882710947813,0.6859159869315106,0.21631152091803177,-0.013522341975981456,0.6717923114756047,0.2501122126950227,0.017920876577955963,0.49283527001220134,0.19609634550885474,0.004178608857353855,0.5152888322120095,0.22891479383446123,-0.08032834186391183,0.7317353841503974,0.33604794488579676,1.330668550899988,0.7017994906948252,0.3454354611565239,1.5812790639928749,0.6566629684996869,0.3498454267971076,1.4661158433511876,0.569705916275119,0.49702590029548555,1.247591041217418,0.7387808616723858,0.5268687953687632,0.9964289023509098,0.7436084834005787,0.5330678566442514,0.7558009233998124,0.7018792326406886,0.489172839728761,0.6713449762955611,0.5938706849923737,0.49550379321547033,0.6414905483188076,0.6046013934738225,0.53396974091735,0.6380113948506178,0.6650645476945904,0.19272639371029573,1.2416483646094063,0.701446134899298,0.15337136430507686,0.9993339899875064,0.677846116287733,0.16620303755803564,0.7850056243480562,0.5908551695672835,0.2107256424934117,0.6967225625215858,0.5502492643043353,0.18678097018175016,0.6531969161581853,0.5660890149116273,0.1521734386311047,0.669583724938256,0.5694181731541575,2.5
0.4257973754484216,0.8281847586702233,0.7282112500010212,0.40919988603139357,0.39250716925359685,0.684811416147837,0.3839417368397072,-0.06344836030060984,0.7593523261341989,0.3975940302531241,-0.011108827172329833,0.5380537058884843,0.4470295798748859,-0.019937694176989887,0.5722740468257258,0.3728083422026672,-0.11887311733160855,0.8067543291123352,0.227021229686523,0.831484982309247,0.6751185284341368,0.2086245977368552,0.38382138690813344,0.6856424184160033,0.21631500080060176,-0.013510682951566808,0.6717954383362749,0.25018690390964854,0.018035282648011505,0.4926761555705995,0.1961640722497007,0.004226651824658589,0.5151735140239314,0.2291836190560646,-0.08001630714237884,0.7312965209869147,0.3377279713385511,1.3312775163004003,0.6996060820829964,0.3454381750141546,1.581242130823095,0.6566542725214384,0.34986535356294884,1.4660526810615149,0.569790693483575,0.49695334821274373,1.2476958757417536,0.738586801345201,0.5269420960110077,0.9940434690753283,0.7431257187183702,0.5331292287516917,0.7549027029227023,0.7031491142541957,0.4889815852746997,0.6712086522073242,0.5925434626723607,0.4953487959552586,0.6397693501779128,0.604555845897669,0.5339574034054859,0.6378089961366236,0.662124067934899,0.1927089621396506,1.242235052408269,0.7010611255888608,0.15369312192077328,0.9982748682640359,0.6807459074699306,0.16634688889298865,0.7851155763891933,0.5907301939362791,0.21037566292236637,0.6983584350163461,0.54679549046478,0.18597013701446696,0.6560621369166283,0.5651647713223368,0.152391223773067,0.6703209304227352,0.569636840877768,2.5166666666666666
0.425439945780818,0.8285903867141813,0.7281322052973324,0.40897535798996587,0.39349730686199796,0.6847697770019519,0.38394430488665826,-0.06341647064334148,0.7593103885171599,0.39775229998617523,-0.01099117101658767,0.5381196984213615,0.44683789209631797,-0.019186890743828955,0.5711669771354744,0.3728798975992493,-0.11898372369603667,0.8067210261757909,0.22676872191243858,0.8317425338175809,0.6750177407414423,0.20863942183446527,0.385309000363288,0.6853821886847019,0.2163189558446588,-0.01349886858123217,0.6717964790527748,0.25019663817595267,0.018045654799255392,0.49263922566705576,0.1961535487112422,0.004160930877702959,0.5152055071131283,0.22948762473770384,-0.0799606753864107,0.7312261299191722,0.33931932780071616,1.3316049211528722,0.6979931554184363,0.3454414590278312,1.5812172573925498,0.6566519077606656,0.34987335435340394,1.4661016873894128,0.5698900289733155,0.4969576935438501,1.247775112926195,0.7385588374547225,0.5271155453952343,0.9917707057112678,0.7430125809705134,0.5331096884781872,0.7551804028946397,0.7030858536547853,0.4888516122382796,0.6711697425277583,0.592145784038022,0.49553876866100033,0.6391928936529523,0.6041783103985848,0.5339160655943563,0.6378481584901622,0.6592763980484787,0.19271411279111733,1.2431128155637259,0.7007914583048976,0.15402400636755242,0.997058336592134,0.6835261161655277,0.1663443124201657,0.7854626418865608,0.5905716669231484,0.21007508294067895,0.6998859887124471,0.5441297872755935,0.18524108082936597,0.6587357411895695,0.5640726848884372,0.15275367990588667,0.6706184910711955,0.5697946115502879,2.533333333333333
0.4250768191720671,0.8291492233618434,0.7280568826159023,0.40879626756068416,0.39439843659931306,0.6846831515788026,0.3839478269209777,-0.06338695368041525,0.7592812931703136,0.3979428174919205,-0.010802704307990643,0.5380158478641174,0.4465096583444219,-0.017947300568558602,0.5693080082416221,0.3729705179099128,-0.1191176351009415,0.8067501491832353,0.22656014674221198,0.8320680757701556,0.6747829814746399,0.2087254962017271,0.38692357181340076,0.6851235935214293,0.2163231567472539,-0.013489819503842967,0.6718001225554049,0.25018380429366094,0.018042630913501778,0.49260647379102757,0.19611851602520453,0.004078463239270816,0.5152621628292972,0.22983212506763842,-0.08022786928455278,0.7316206232005888,0.3406296644552495,1.3315137713398604,0.6970992628256201,0.34544756016903944,1.5811980202940286,0.6566547818642632,0.3498701546423839,1.466164287247823,0.5699614579133092,0.4969886115232722,1.2477814512669538,0.7385902954152079,0.5274562670752067,0.9899738857184766,0.7436532855918236,0.5331938231238392,0.7566334651786758,0.7016437763625956,0.48874638713609597,0.6711844918699179,0.5923157576337486,0.49617714263325297,0.6399165091478513,0.6031122471358745,0.5338378569414268,0.6380182349298926,0.6571347119826418,0.19274980488982146,1.244294549301653,0.700585227009179,0.1542558925825426,0.9960821881431441,0.6855032959422918,0.16610648467707662,0.7861225057384655,0.5903458358432289,0.20960535960123516,0.7011219028103791,0.542708963871397,0.18465684731642362,0.660957878789521,0.5628656239825707,0.15309900444299807,0.6704913376063977,0.5697658926274933,2.55
0.42468746165200916,0.829763547845772,0.7280430890365358,0.40864706813824925,0.3951671764718306,0.6843673092339501,0.383953677919023,-0.06336228733256062,0.7592703320024241,0.39798882076323017,-0.0106327111890855,0.5375486634223492,0.4460825232645237,-0.016357580023742685,0.5669081702650325,0.3730907643090507,-0.11927073447131362,0.8068563389310938,0.226354920828653,0.8324559552832564,0.6744633347280147,0.20883641469193875,0.3885320070215249,0.6848866716655058,0.21632773044219875,-0.013485728878279105,0.6718084970914944,0.2501548485500308,0.01806624288614056,0.49253458220043134,0.19609073991312342,0.004036440145755507,0.5152768307309656,0.23020047519233972,-0.08078082337040651,0.7324224580558145,0.3415447590569676,1.3310013750829222,0.6968975341040896,0.3454563711762927,1.5811867012946794,0.656656513364039,0.3498553068379505,1.466196712823137,0.5699937858736182,0.49701780202828527,1.2477499655090245,0.7386288852124414,0.5279638698895192,0.9887811284462675,0.7451109130812159,0.5335354565624382,0.7588450871189395,0.6991127024769006,0.4887758574749189,0.6711646586898314,0.5924646893707468,0.4971758693920747,0.6415540916796798,0.601281843216693,0.5339016667486878,0.6380874380215392,0.6564571355274033,0.19281231490881373,1.2456900001563325,0.7004266578879641,0.15429232630893167,0.9957307376921108,0.6860127431582522,0.16563340845922614,0.7870029137473981,0.5900479087804033,0.2088624651032966,0.7018099154597746,0.542805016433878,0.18417846441078126,0.6625054646302307,0.5618075111497711,0.15320871188618418,0.6701937138241905,0.5694741251679101,2.566666666666667
0.42424440215478254,0.8302442652245349,0.7281394261845722,0.40851571671828635,0.39580837689006015,0.6838108689671588,0.3839622142198501,-0.06334277360429855,0.7592769434436369,0.3978234389022123,-0.010405832598687048,0.5364013974950672,0.4456186658867429,-0.014636994701232572,0.564306685265256,0.3732476196224174,-0.119410281162583,0.8070520861334495,0.22611511163589537,0.8328896384949345,0.6741216052671132,0.20892091020860581,0.38997956836683195,0.6847249720216193,0.21633234960089162,-0.013486736832874116,0.6718207307924178,0.2500769178672169,0.018077060141176757,0.49248691862290106,0.19607802683386522,0.004044696794766878,0.5152417917746801,0.230557013685858,-0.08149180317520258,0.7334418782196791,0.3420864443122026,1.3302552579724072,0.697091677423229,0.34546668118660173,1.5812027378310647,0.6566484892954172,0.3498375343049901,1.4662309468307713,0.5700033555908388,0.4970352031687756,1.2477403674640677,0.7386718823744798,0.5285862672963693,0.9881188109510503,0.7471803701682449,0.534232188430513,0.7612760970589332,0.6961559571822657,0.48918062706992255,0.6710193701145267,0.5921660483047817,0.49837179584641117,0.6436322850944245,0.5988572379224386,0.5342941960931802,0.637808417364067,0.6576037537474466,0.19289192889524212,1.247110455482249,0.7003326203793153,0.15415019477344352,0.996207728648187,0.6848619426583755,0.16499022381777206,0.7879484379765367,0.5897104489739938,0.20789431348819595,0.7018248080558722,0.5444828186479641,0.18370294915416502,0.6631911709901139,0.5614031914821556,0.15294799089975403,0.6700257044061273,0.5689334835729237,2.583333333333333
0.4237552461518817,0.8304677092023823,0.7283132371466101,0.4084183630101285,0.3964209014120939,0.683168671679918,0.3839719970219023,-0.06332757336606368,0.7592936447867823,0.39746281405192974,-0.010061357290678266,0.534538253677814,0.44518667400244605,-0.01302543908020068,0.5618739029103869,0.37343099220305426,-0.11949688860662556,0.8073106452411272,0.22586211953560667,0.833379743986944,0.6737385378841895,0.20896119632028415,0.39119066063895486,0.6846592492403364,0.21633611937111058,-0.013491605660867836,0.6718353663848105,0.24993233843161966,0.017974508594271688,0.4926003340629274,0.19607781508576788,0.004084114950960505,0.5151783893466421,0.23086474258611445,-0.08222925591842928,0.7344851638381804,0.3423460785292681,1.32957143175981,0.6973036398777035,0.34547829626995735,1.5812529447634405,0.6566292141858229,0.3498475838859668,1.4663084226661323,0.5699756448576703,0.4970298791987291,1.2477776295284566,0.7387190620652913,0.5292471689820244,0.9878367873257305,0.7495400003105104,0.5352979376835045,0.7634924833148855,0.6936019714625312,0.4900653259980133,0.6706989873994288,0.5914466089458129,0.4996347307262539,0.645898665724812,0.5961594025080276,0.5350617897749002,0.6370691916143274,0.6602460338367322,0.1929793832136739,1.2482991480643852,0.7003199410463978,0.15403402723681056,0.997467114326836,0.6825423069650854,0.16426630292512195,0.7888166103987483,0.5893771224143634,0.2068472405353824,0.7012979853273504,0.5474413129194269,0.1831050153524094,0.6630686723857918,0.5620744471435638,0.15231918917621223,0.6701176489554042,0.5682603782921645,2.6
0.42328166684462826,0.8304782475172142,0.7284370463858205,0.40838649864006976,0.3970612076473529,0.6826118612282818,0.38398105429784474,-0.06331647891404278,0.7593115689407262,0.39697458244057415,-0.00958596865036096,0.532202123314541,0.4448514603147307,-0.01176124359945091,0.5599710572934672,0.37361518491887113,-0.1195118638400155,0.8075626059559683,0.22569438918706766,0.8339447604251419,0.6731601978609987,0.20896320383112815,0.3921580675358491,0.6846273818841891,0.21633824403354235,-0.01349944652958504,0.6718515805999256,0.24980563777977344,0.017706286797883122,0.49293958923241704,0.19608549935990816,0.004121738007044171,0.5151198227693436,0.23110189485174285,-0.08293843742994221,0.7354722818575771,0.3423957423660028,1.3291820219726649,0.6973768666821156,0.3454925278270721,1.5812789899403301,0.6566168309930658,0.3499230131079739,1.466403824555359,0.569832384715229,0.4969863791686492,1.2478077571422572,0.7387362337418777,0.5298676960418751,0.9877441266366692,0.7518508519014697,0.5366342571195014,0.7651233993013349,0.6920539585175076,0.4912603400691581,0.6701455240630784,0.5907953168105886,0.5008396350678788,0.6481320562088778,0.593585974598497,0.5361081508620805,0.6358893217340778,0.6636093963218672,0.1930676245923875,1.249021036937836,0.700391500064443,0.15420676255155658,0.9993153784026232,0.6798248202420882,0.163558956332116,0.7894967820317951,0.5890823662454917,0.20589113438578,0.7006188752084175,0.550803790332805,0.1822661039291446,0.6626005795459943,0.5638287723074831,0.15141488284979396,0.6704311540854553,0.5676173352260634,2.6166666666666667
0.42290542369290696,0.8303983831591549,0.7283798598834608,0.40843021056403384,0.39765412273086165,0.6822078221746497,0.3839883188595993,-0.06331068355777768,0.7593282542414357,0.3964404749406244,-0.00896837276910624,0.5297378984368623,0.4446584611015933,-0.011028735078624813,0.5588743522923401,0.37377696171090036,-0.11948833695212244,0.8077518083067299,0.2257347628015556,0.8345701272785233,0.672173452952199,0.20894133414949845,0.3928752121607878,0.6845335576946467,0.21633833421036655,-0.013510505968536257,0.6718691960862466,0.24989067144938215,0.01745115768087091,0.4932616084323921,0.19609508063831815,0.004117901395865264,0.5151087308668973,0.231260169392194,-0.08362637746124355,0.7364146527860563,0.34230893165718046,1.329171208501717,0.6974005224200274,0.34551024691914095,1.5811687537283539,0.656645787604812,0.35007647435233863,1.4664103579235077,0.5695346813561553,0.4969139724065447,1.247717266584971,0.7386758108272968,0.5303806538058873,0.9875629670638362,0.7537846492820564,0.5380311501867718,0.7658020427198206,0.691639855975545,0.49247947769395917,0.669305994486651,0.590809172918354,0.5018135963582381,0.6499324011756079,0.5915405939430036,0.5372365577798017,0.6343918902337587,0.6668114824304983,0.19314990675321156,1.249186281562837,0.7005368580599753,0.15469857808884335,1.0015210178620386,0.6772441313717936,0.16297494333746354,0.7899103889373593,0.5888530187284208,0.2051830271221623,0.7002526634028039,0.5533704627806488,0.18116339151297894,0.6623719991412508,0.5662785736663956,0.15037219541930055,0.6708797569186181,0.5671329055499276,2.6333333333333333
0.42269412786534705,0.8303083560501302,0.7280859098960649,0.40851957292047375,0.39807376694698116,0.6819268232022756,0.3839934968158584,-0.06331267065903387,0.7593474085619345,0.39592204271474596,-0.008166623103623052,0.5275066569569675,0.4446078586497826,-0.010847835878462386,0.5586122791498795,0.37390927878591534,-0.11950927443062673,0.8078735285215884,0.22606050307796063,0.8352296127043749,0.6706496015461174,0.2089090746267744,0.39331386878895347,0.6843245272939746,0.21633617362556332,-0.013526234004673524,0.6718892626024718,0.25036338264616487,0.01765611092352952,0.492963674086918,0.19609694790865603,0.004035820987810357,0.5151876567263538,0.23134061802344452,-0.0843043533606993,0.7373352875043927,0.3421813434261666,1.3295160628389928,0.6975071672571262,0.3455297179201119,1.5808412737897535,0.6567449320516898,0.350263054509225,1.4661981582627024,0.5692634202728899,0.4968835197975211,1.247422630881476,0.7385430079928614,0.5307244561068727,0.9870187212646563,0.7550074076815555,0.5391994764578933,0.765341164748865,0.6919680489796044,0.49347068281461615,0.6682017836186749,0.5916486389676614,0.5023809921339151,0.6508488381737976,0.5903294157112042,0.5381986543068142,0.6328237723759116,0.6690398127360063,0.19321916777219456,1.2488564388428043,0.700733163396327,0.15526241769658017,1.0038075017353316,0.6750557096479791,0.1626223763030502,0.7900371655621841,0.5887103567456913,0.20485336248270514,0.700421901831714,0.5544381135954561,0.17992058624548019,0.6626812795483619,0.5688855477685584,0.1493722434903572,0.6713812283155574,0.5668666457464464,2.65
0.4226898432027807,0.8302439683750346,0.7275520198210189,0.4086010725642683,0.39823582895772774,0.6817218685512505,0.3839966304993897,-0.06332427373174056,0.7593710305164068,0.3954672375277436,-0.007139151197800744,0.5258499770332099,0.44464299082590286,-0.011015033263902865,0.5588755229802103,0.3740178265858048,-0.11965329554745993,0.8079496905890805,0.22664745061007388,0.835912317643346,0.6686819751494711,0.20887373331920023,0.3934538523450902,0.6839992222321651,0.21633183083232282,-0.013548015923641812,0.6719134545921848,0.25125404523377637,0.018744523764695334,0.49146438098413076,0.19607935090730047,0.0038837271450404137,0.515340964158052,0.23136685249880667,-0.08497563370259006,0.7382601215408623,0.3420773770591897,1.330125372832533,0.6977333178798623,0.3455476801625596,1.5802944060593132,0.6569279496637088,0.350376737845594,1.4656870676483953,0.5693892280635848,0.49699361241471485,1.2469303602855044,0.7384159171079164,0.5308432764193179,0.9860404320547919,0.7552223122627391,0.5398644726730474,0.7639737773174343,0.6922893020056736,0.49402573132550787,0.6668747091706927,0.5928787854469784,0.5024904975441409,0.6507080070925274,0.589992979278121,0.5387604852282815,0.6314836380467596,0.6697335957415299,0.19327318608547508,1.2481573273576776,0.700957136511362,0.15569350428047932,1.005822331256429,0.6734560837673974,0.1625587489248053,0.7899474803394573,0.5886550714752325,0.20493365757937057,0.7009848383223972,0.5543402148294763,0.17873882754119205,0.6634998092956876,0.5711846952010203,0.14861340576557064,0.671833978651173,0.5668016265182456,2.6666666666666665
0.4228917325075265,0.830242744787937,0.7267664102268514,0.40863737495315644,0.3981345618019766,0.6815786432088009,0.38399819008422853,-0.06334350483601993,0.7593950530443904,0.39510810412223063,-0.0059082577385965035,0.5250111877931937,0.4446879138449409,-0.011244129599680755,0.5592303979543237,0.37411020385736216,-0.11994841743945715,0.8079921661125147,0.2273566102430889,0.8365959823708344,0.6666124818975935,0.20883937993701188,0.39333610505154043,0.6835741345904366,0.21632608412141105,-0.013574721340160481,0.6719417624606834,0.2524252840214991,0.0206724563209965,0.48881146912287154,0.19604146066352388,0.0038006218611256887,0.515379750732756,0.2313919525228014,-0.0856610276509939,0.7392528797550866,0.3420128860988696,1.3308421283422307,0.6980145023742191,0.34556313887793605,1.5795785964301388,0.6571999058368052,0.3502951015373179,1.4648869106905302,0.5701846086220383,0.49729092750378334,1.246314920433203,0.7383858451192519,0.5307268091107497,0.9847690864110666,0.7543523696864075,0.5399041239373634,0.7622940241201873,0.691902748183225,0.49398265417780374,0.6653715884383296,0.5938875704711343,0.5022843497723749,0.6497828267858503,0.5902198219985619,0.5387736158972538,0.6306238175285898,0.6687369862813202,0.19331843451749836,1.2472521729596764,0.701197926922264,0.15601993650950768,1.0072018478069473,0.6726189509826259,0.16271359974976718,0.7897792005273693,0.5886564039291742,0.2052460782617585,0.7016323936624456,0.5540493481878561,0.1777952078128383,0.6646664719490493,0.5728861420433535,0.148212111735355,0.6721254300748554,0.5668583225054245,2.683333333333333
0.42324760649479637,0.8303262871547525,0.7257178024273884,0.4086304993960012,0.39785417733531625,0.6815061279137394,0.38399887225692586,-0.06336477813625141,0.7594137077959484,0.3948366900963597,-0.004535203755350686,0.5249853974192941,0.44470311373031385,-0.011379806138816811,0.5594413178680626,0.3741897240095899,-0.12037863915903013,0.8079973910302759,0.22801094050211007,0.8372062712290074,0.6648449746981843,0.20881054264356597,0.39307628525457583,0.6830606414199997,0.21632032081619634,-0.01360238004802497,0.6719715628000792,0.2536080296229907,0.02284055414518113,0.4858209158803552,0.19601198754319998,0.004019977825686832,0.5149979116628829,0.2314667323448866,-0.08640647320998619,0.7404047935984792,0.3419873056214811,1.3314696713936196,0.698251999512959,0.3455798482310487,1.5787828810360252,0.6575358406437304,0.34989306742305826,1.4638911224533298,0.5716385962609214,0.49779626088777906,1.2456536973044794,0.7384876691149622,0.5304308325883942,0.9833806263326392,0.7526296353136228,0.5394197262213565,0.7608719961585604,0.6905333727098427,0.4932990526571368,0.6638370212145459,0.5943764958548089,0.5019839594538735,0.6485428643214194,0.5905548858336481,0.538271795402806,0.630417018918971,0.6663209082008605,0.19336164277918505,1.2463530457478325,0.7014548608739886,0.1563324640280167,1.007752454449926,0.6725150164244119,0.1628844151932197,0.78968281406299,0.5886754975471608,0.20544211177507637,0.7020837275789227,0.5543917127888365,0.17717091608134827,0.665991764320032,0.5738711400521121,0.14812604996042472,0.6722361134384549,0.5669633469744473,2.7
0.42366676257306607,0.830450674747602,0.7244988702423469,0.40860349579539096,0.39750435276705137,0.6815081655808571,0.38399905655453664,-0.0633837521381177,0.7594257874039451,0.39462119254586087,-0.003137455796793129,0.5254358917525561,0.4446925472935889,-0.011425438685949973,0.559507966492348,0.37425493073980864,-0.12091410219424885,0.807961879344055,0.22849970157901928,0.8376309963855209,0.663611080670335,0.20879068271312154,0.39277850004050185,0.6824694842160217,0.21631572964883222,-0.013627161830842255,0.6719995365204435,0.2544744575074268,0.024521797189399133,0.48349022494045096,0.1960408003073341,0.004552702116271817,0.5142071927153399,0.2315982858568708,-0.08723279417483262,0.7417481500824448,0.34199104613171294,1.3318208718118902,0.6983898293760361,0.3456056150180008,1.5780653382482914,0.6578324797669204,0.3490496644297985,1.4628391683322692,0.5735360381227859,0.4986003805547602,1.2449749519544204,0.7386806324625493,0.5300298614408037,0.9820175402679224,0.7504074075387704,0.5387032453363396,0.759945323729632,0.6883648748043967,0.4921739781463731,0.6624585246730291,0.5945002946520392,0.5017073332172682,0.6472663277972663,0.5907132889927871,0.5375051102554499,0.6308823184735158,0.6631044310422138,0.1933969337447723,1.2456961090877527,0.7017338798172725,0.15662348028756637,1.007600874266079,0.6727847610764371,0.1628513659397069,0.7897809297887852,0.5886985074375944,0.20518862871059879,0.7021265538550987,0.5557633417658083,0.17682138356637322,0.667240907157474,0.5742180104707686,0.14820612315339496,0.6723122527135472,0.5671019759840448,2.716666666666667
0.42404599499382545,0.8305350220385559,0.723327437669004,0.40857398123369626,0.3971072547374467,0.6815695843607474,0.3839985985291464,-0.06340075918191747,0.7594348292854216,0.39443964795195363,-0.0019769387175108816,0.5259101898587142,0.44467370203797585,-0.011431001795330395,0.559497841877897,0.3743009543668584,-0.1215322472589769,0.8078933852555551,0.2287823261706437,0.8377863268859853,0.6629650767845044,0.20877920909821465,0.39245200505156086,0.6818203607789488,0.21631252520190433,-0.013647746811286332,0.6720238617095372,0.25475078222890785,0.025250734232221753,0.482451629458379,0.19615494155388005,0.004989511422600554,0.513596584332442,0.231753742511185,-0.08807733530101142,0.7431504157517891,0.34199065732935907,1.331776623202253,0.6984654837839019,0.34564477788467024,1.5776367340672963,0.657923575814754,0.34774149406487476,1.4618840188774498,0.575601772327057,0.49982210636992863,1.2442726722606678,0.7388858167434066,0.5295768469086775,0.9808407251800179,0.7479827789141126,0.5381327956715667,0.7594981236585918,0.6857974015088504,0.4910578848866931,0.6613050176094016,0.5946196260755737,0.5014430898755001,0.6459968430893024,0.5906281553690588,0.536782701987651,0.6317576795090396,0.6598612243473799,0.1934093832331278,1.2454606677355924,0.7020369669072986,0.1568699809267233,1.0070995095876671,0.6729181272603122,0.16250914342604256,0.7901270037973371,0.5887372986849438,0.20429580835081135,0.7016661446310007,0.558289223025685,0.17663326102334603,0.66817593325253,0.5742541071238783,0.1483266159783674,0.6725571059485816,0.5672675947410746,2.7333333333333334
0.42431523839298024,0.8305336721231633,0.7223623840403767,0.4085473547160576,0.3965882899682516,0.681660836824551,0.3839971449264822,-0.06341888025695679,0.7594444878469314,0.3942870190042768,-0.0013843509837784262,0.5261739363751349,0.44465891683509784,-0.011429393138027447,0.5594595759727344,0.37432177234152203,-0.12222427060808114,0.8078071733563864,0.22883617796955572,0.8376650201941709,0.6628915986304338,0.2087695976921304,0.3920778471629653,0.6811341783155818,0.2163100230904907,-0.01366440598102496,0.6720439731616022,0.25430566193206083,0.024828342853514013,0.48296774276164023,0.1963227619948958,0.0048115821839319894,0.513891636819939,0.23190174763658328,-0.08884327514457835,0.7443469918067767,0.34193053427107256,1.3313469250155299,0.6986026241769661,0.34567143812912526,1.5776532529670986,0.6576854910035203,0.34612220413697736,1.4611645371182709,0.5775644840326644,0.5014554250024321,1.2435626075285637,0.7390358610732279,0.5291153745848505,0.9800097991183001,0.745610175529588,0.5380074757268113,0.7595180919458888,0.6831695900606762,0.49038429893554114,0.6603136784129569,0.5949933035938312,0.5011622639661856,0.6447246154412587,0.5903708991846035,0.5362901754010347,0.6325058313643801,0.6573374171676791,0.1933923459618831,1.2456524989743896,0.7023388150686993,0.15717659917180227,1.0066252664088138,0.6725949976687786,0.16189980656613046,0.7906879093484469,0.5888100395268768,0.20276565037298536,0.7007942589819286,0.5618634705216242,0.17653329308599094,0.6687085739680791,0.574391981780871,0.14842867963349304,0.6730642957378214,0.5674059023234452,2.75
0.42446178725310546,0.8304378856308069,0.721555959657458,0.4085184523008274,0.3958821459256312,0.6817597370121956,0.38399445053158854,-0.06344015589943776,0.7594553113885933,0.3941811282922898,-0.001588706321588182,0.5262236623381369,0.4446513263892842,-0.011437121206333223,0.5594253956511872,0.37431398782679054,-0.12298674020308681,0.8077141848208712,0.22868608991057052,0.8373265313766929,0.6632627589833401,0.20874756244089987,0.39171042792358945,0.6804172000047766,0.21630750935918208,-0.013677229514859224,0.6720590279301824,0.2532283954499421,0.0232885744968495,0.4849949335720504,0.1964660584783005,0.003774739007648492,0.5154235738734806,0.23203394459382237,-0.08950276746642649,0.7451608767825041,0.3417891083252079,1.3306583350026895,0.6988680406016826,0.34561446959628894,1.5781166044690953,0.6571323103832245,0.3444676995509567,1.4607578552382225,0.5791618993494148,0.5033209577990833,1.2428787937047452,0.7390822181551184,0.5286989502797645,0.9795600990750624,0.7435456283584116,0.5383962392077618,0.7600336331776542,0.6806469904265974,0.4902639005198483,0.6593914284184214,0.5958113523589944,0.5009019687294933,0.6434182663747859,0.5902068481921188,0.53607642375499,0.6325934003899367,0.6561163433297258,0.19335492158558043,1.2461093756629245,0.7025974188641908,0.157752231823024,1.0064466463751363,0.671915597352722,0.16112914336878653,0.791380490887989,0.5889195438567187,0.20079090113178621,0.6997479833316597,0.5660787290716595,0.17649879465933993,0.6689885864371412,0.5748072105002857,0.14842121677167988,0.6737626281026465,0.5675073126078239,2.7666666666666666
0.4245082849921151,0.8302414315633184,0.7207505172356335,0.40847901753115073,0.3950149520377692,0.6818730920815558,0.3839903389005585,-0.06346336098768825,0.7594647772163169,0.39417101378691854,-0.0026558627236003968,0.52608934718151,0.4446456799815759,-0.011460207164214517,0.5594127438994834,0.37428091667838015,-0.12379016958263822,0.8076108331511327,0.22843632622780005,0.8368363481555292,0.6638242877977166,0.2086975460357985,0.3914260082570321,0.679658058051768,0.21630495557748064,-0.01368592537373188,0.6720681130269862,0.2519028845423931,0.02107309079548461,0.48795918606517447,0.1965399867354371,0.0019889043746395274,0.5180306962709063,0.23214390956118744,-0.09007786204654722,0.7456424137181773,0.3416647054235653,1.3298731842190168,0.6990590543681079,0.3454222710776127,1.5788764361142433,0.656422592011868,0.34302898537457094,1.4606368685016942,0.5801611381865066,0.5051632893165603,1.2422223519597761,0.7389826498207253,0.5283896817037368,0.9793304212879473,0.742035311412498,0.5391316037663275,0.7609313521409345,0.6783327734370926,0.4905262502766097,0.6585165359295391,0.5973370212679412,0.500750680663581,0.641991842426964,0.590552104320574,0.5360763500835415,0.6318664366780383,0.65634595623888,0.19331432325034104,1.2466643624355924,0.7027987285294419,0.1586655368813691,1.006560715216508,0.6715175731466757,0.16025034241284158,0.7921182155632369,0.589030209827567,0.19867348199350987,0.6987883120689306,0.570300183824611,0.1764961570403618,0.6692238878781551,0.5753677756363148,0.14813601102793955,0.6744413402661509,0.5677652681468339,2.783333333333333
0.42448982764785903,0.8299540075460567,0.7198461110146634,0.40843169667765206,0.3940793701842309,0.6820242571825873,0.38398443468959753,-0.06348331198136373,0.7594675876572774,0.3943145733812782,-0.00449518925536492,0.5257912880312209,0.44463453449195345,-0.01149490270140803,0.5594206695489652,0.3742329592956782,-0.1245492355366493,0.8074751394240104,0.22818424936694745,0.8362246041205517,0.6643710034886702,0.20861956100139695,0.3912358781864275,0.6788479527645308,0.21630281293043188,-0.013690581848393807,0.6720722070599593,0.25088668562682354,0.019078592501444086,0.49068234344556777,0.19663555474544292,-0.00012401909876820494,0.5211290811886273,0.23220980440075847,-0.09055275880300695,0.7459504782988334,0.3417541950745605,1.3291408787811054,0.6987479957316979,0.3451398065061546,1.579730873080654,0.6557606555940082,0.341903100851892,1.4606920576345968,0.5804505590004297,0.5067750366758637,1.2415754763043174,0.738730487070018,0.5282359439358946,0.9791031373800009,0.741254526435718,0.5399865835495508,0.7619436746403857,0.6762853917407536,0.490968065292715,0.6577820651149056,0.599661352492461,0.5007772183470267,0.6403902106004614,0.5916831442041257,0.5361306713307494,0.6305847421569326,0.6576529265166174,0.19328461602848307,1.2472428824505224,0.7029614952432892,0.1596136197502752,1.0066701877456181,0.6723416849879434,0.15925006859042268,0.7928272071971615,0.589077942774074,0.1967260204989445,0.6980746951250477,0.5738805786321859,0.1764964698182835,0.6693861954590367,0.5758731483391805,0.14745354426623705,0.6748310483504661,0.5685134746873266,2.8
0.42444160723709645,0.8296201159010371,0.7188424393526771,0.4083910167039705,0.39316142146562033,0.6822109135945584,0.38397604087261705,-0.0634927612267958,0.7594564825202225,0.3946319719120027,-0.0068294615888789545,0.5253959450993639,0.44461591546444545,-0.011534412343449388,0.5594415553386607,0.3741827927221159,-0.12515845895092712,0.8072819470744969,0.22794692287148505,0.8355193024671445,0.664854955966629,0.20853598595849304,0.39112832248868346,0.6780073017039474,0.2163014341379079,-0.013692035254697435,0.6720743804934892,0.25058901719455867,0.018249853853174985,0.49190140140797045,0.19695194823952034,-0.0019627838991718577,0.5238911225697092,0.2322146351719563,-0.09087623193365221,0.7461856194366827,0.34220334690032,1.3286000455813616,0.6976299592801712,0.3448705077341129,1.5805131603651674,0.6552757351251968,0.341018064545351,1.460798118628907,0.5801345783481376,0.5080482052698276,1.240968360518593,0.7383952831112077,0.5282339668448532,0.9788281770153513,0.7411809184546074,0.5407980442583262,0.7628829496628824,0.6743859542649169,0.49145103824992764,0.6572812012846097,0.6023431946010424,0.5009879979660907,0.6386523096282575,0.5935481774295542,0.5361586078947304,0.6290379917814842,0.6596283752426269,0.19326992378141916,1.2478098354452636,0.7031036216492066,0.16011139794373308,1.0064396104058544,0.674979316118812,0.15814144783363354,0.7934351376756343,0.5890243471612966,0.19520507898002315,0.6975685256147185,0.5764190678067637,0.17650468039361555,0.669270059038743,0.5762543592948659,0.14640606241273307,0.6747359911252151,0.5699398866141776,2.816666666666667
0.42438583999797935,0.8292876089031876,0.7177869178950873,0.4083675751023975,0.3923402598495086,0.6823888968730797,0.38396527435692235,-0.06348941187552691,0.759429815349766,0.39506419658504616,-0.009189351140312899,0.5250037943293593,0.4445948158638181,-0.011575797401061669,0.5594766939768665,0.37413978499554734,-0.12559059719416504,0.8070386195506184,0.22770455638358422,0.8347775106635766,0.6653183136047582,0.20847991183409,0.39112109377023924,0.6771763065483569,0.21630122670322047,-0.013691582566300473,0.6720771627355497,0.25108284134218417,0.01899816819341016,0.49103876933972196,0.19762769878477762,-0.002992779110602292,0.5255674214938681,0.23216960424746805,-0.09101202659579961,0.7463562519077754,0.3430131767016313,1.3284001920555046,0.6957431871954045,0.34468912724758116,1.5810694769637554,0.6550322505976247,0.3402584372251258,1.4608611080459282,0.5795035885472005,0.5089265238358922,1.2404871022679902,0.7380933567005464,0.5283120255508601,0.9786221775374007,0.7415182260714965,0.5413743637252002,0.7637287558476217,0.6725000112197788,0.4918679741407004,0.656977476224781,0.604591263126849,0.5013381675748521,0.6368852211800335,0.595873212255257,0.5362899734740866,0.6272925075551595,0.66223915838371,0.19326655849753407,1.248308352494404,0.7032301589137818,0.15994751447467803,1.0057089309736085,0.6793012848652714,0.1570116524194899,0.7938493921595815,0.5888858556465836,0.19424672118969216,0.6970928145178216,0.5778619710713584,0.1765208894572745,0.6688563713765936,0.5765592458568574,0.1451340439895251,0.6741158185552312,0.5719431997531155,2.833333333333333
0.42432915315361314,0.8289706729586591,0.7167257667529834,0.4083603135785183,0.39172297700104675,0.682511896511979,0.38395634889482383,-0.063488925984869,0.759410523528375,0.39547198048938115,-0.011039092024674735,0.5247114546169043,0.44457810945754456,-0.011616052193571189,0.5595321766771794,0.37410730146345816,-0.12594771567446678,0.8067930766920841,0.2274521466966508,0.8340573034726603,0.6658087446567464,0.20847837826602653,0.39122157102178173,0.6763825827835299,0.21630315022809102,-0.013690699353655827,0.6720804452332427,0.25217080286305393,0.020962707809576417,0.4885506004913622,0.198656229653231,-0.0028827109464545086,0.5256754477654554,0.23210690821203356,-0.0909444248971942,0.7464139231565754,0.3440779253200206,1.3286786132432742,0.6933716791564039,0.3446223115792337,1.581240028075548,0.655101442768147,0.3395892265356363,1.4608658842211664,0.5789347770999624,0.5093676544430292,1.2402106237909254,0.7379093035169736,0.5283795994632583,0.9785648869086256,0.7418720539210537,0.5414734221389506,0.7644770392366618,0.6707986698950322,0.4921366011404421,0.6567819058438236,0.6058466694480078,0.5017562727659992,0.635240498705342,0.5983371084531847,0.5367153301426593,0.6253495210828295,0.6655414016775092,0.1932695529891869,1.248675978792946,0.7033429511253045,0.15927283822124574,1.004499621406251,0.6846842443878113,0.15595857016365808,0.7939630189898972,0.5886976304159556,0.19381369385890457,0.6965294873385707,0.5783280961492826,0.1765167505839995,0.668417715927593,0.5768572227466298,0.14380367748715464,0.6730756817330553,0.5742566479588846,2.85
0.4242689710976846,0.8286606763517289,0.7156919237226651,0.4083657626052809,0.39138517070582646,0.6825769407421783,0.3839605182866505,-0.06353592147040793,0.7594654033680052,0.39571507280082036,-0.011999474256336587,0.5245977556898103,0.4445695019189283,-0.011644964909401187,0.5595992656212107,0.3740884025414744,-0.1263634892019295,0.8065924213088852,0.22719495574299234,0.8333882544149154,0.6663499056300248,0.20853740821548744,0.391397147520681,0.6756426294623954,0.21630819316004435,-0.013690785409950793,0.6720822082859699,0.25352308407566326,0.02334341612021612,0.48550253585130143,0.19995815666766176,-0.0015564303852332595,0.5240898313879458,0.23205818814792625,-0.09066178106418019,0.7462925536556112,0.34524917982135916,1.3294552122765242,0.6908696198433851,0.34467363805647655,1.5809571098394728,0.6555090987608683,0.3390131953967277,1.4609276526257984,0.5787609094640143,0.509420018779425,1.2401437010023617,0.7378511395053166,0.5283902278067407,0.9786095741719719,0.7420138211239389,0.5410107788935823,0.7650263751280967,0.669709742218358,0.4922308758953666,0.6566380596715696,0.6061136492541659,0.5021559517871917,0.6338364885086869,0.6006297189270164,0.5374926480760981,0.6233217583295236,0.6692716699391763,0.19327417150485376,1.248906308886728,0.7034513224835314,0.15832082920211718,1.002982095423152,0.6903577877080905,0.15501791532338838,0.7937357078630795,0.5884731314415835,0.1937168117289746,0.6958760985854601,0.5780487490332722,0.17646431869564413,0.6682531498696107,0.5771953545140988,0.14257587715036038,0.6718147030419207,0.5766124621053281,2.8666666666666667
0.42419829158174527,0.8283692811843821,0.7147164651699291,0.408389547755643,0.39127464866163664,0.6826243662843139,0.3839900330987243,-0.0636800574472086,0.759671310947333,0.3957437095958174,-0.012045877220818443,0.5247055534771065,0.4445685737163976,-0.011648504900817674,0.5596483183888531,0.3740958828573786,-0.12686472154568088,0.8064544693878871,0.22693478019360996,0.832773548657361,0.6669448527381495,0.20863686446412608,0.3916118784595235,0.674978804105607,0.2163160385607356,-0.013691378843905186,0.6720808825609155,0.2548051121653855,0.025473073165513824,0.482785066171467,0.20143323741294428,0.000710460212084485,0.5211785460859066,0.23204360475199487,-0.09016597317512573,0.7459661176529093,0.34636368161520487,1.3305652045793999,0.6885834264412899,0.34483692051460835,1.580326687303998,0.656146771720441,0.3384951044951463,1.4612136332433354,0.579079760896206,0.5092722817880084,1.2402026340232326,0.7378643661736283,0.5283405272118062,0.9786824728779955,0.7419006854612362,0.5402388817232598,0.7652245218887586,0.6695847186376054,0.49220347820573856,0.6564245683127157,0.6058329014386257,0.5024516946173174,0.6327056182331801,0.602442504525143,0.5385416885709486,0.62139558522246,0.6729419952822404,0.19327441211750995,1.2490684578652895,0.7035768839616159,0.1572566058410812,1.001447703330528,0.6955484398671927,0.15419517100770075,0.7932752585213938,0.5882040444749381,0.19371556839087173,0.6951335359719393,0.5776202943433343,0.17636112690049913,0.6684650703811733,0.5775844596226529,0.14160873725339568,0.6705789360888018,0.578781768115968,2.8833333333333333
0.42410814880604786,0.8281459228859798,0.7138375021545931,0.40844514458400666,0.3912338657708002,0.6826987869544388,0.38404169290664875,-0.06390937626999073,0.7600116123507278,0.3955968334943162,-0.011456610581394869,0.5250098595643482,0.4445732636056051,-0.011621705490383993,0.559653462106513,0.37414654372470607,-0.12738658904287511,0.8063805793444467,0.22666939637367,0.8321989047880917,0.6675876816563855,0.2087470790951776,0.39185710992682893,0.6744144608613493,0.21632433945302532,-0.013683843252860761,0.6720756720757274,0.25578042423563824,0.027030460138056364,0.48081097390046496,0.2028946911094908,0.003344562265371595,0.5177101419450467,0.23206798614452906,-0.08950235759302484,0.7455234008354211,0.3472580727231577,1.3317423616632909,0.6868377614596726,0.3450845737115452,1.5795523256070483,0.6568254010376491,0.33803621329379163,1.4617279973000765,0.5798336235492408,0.5091303858123872,1.2402792887928367,0.7378842896519544,0.5282490326016103,0.9787479601111079,0.7415973924119111,0.5396514761066892,0.7650084815531057,0.6704557586420741,0.4921549730465906,0.6559979329176052,0.6054807610706495,0.5026013212227142,0.631935404106156,0.6035178432613991,0.539722763345944,0.6197650634277101,0.6762139886879963,0.1932682177675866,1.2492208085268015,0.7037332153293913,0.15622969846225096,1.0002053963042343,0.6995062637524715,0.153559881447545,0.7927830849803941,0.5878744426626643,0.19363969763786665,0.6943194390202017,0.5779004438705856,0.17622349569158025,0.6690023222339825,0.5779840568561687,0.14103011183447023,0.6696542633374939,0.5805188134156957,2.9
0.42398925866276543,0.8280418426568805,0.7130981030526522,0.40853772998252313,0.3911473894053045,0.6828046150708607,0.3840917931372196,-0.06412866599758346,0.7603399638664424,0.3953559117495961,-0.01053243589756818,0.5253898540497406,0.4445817995956406,-0.011577622186067532,0.559623465344991,0.37424439332150083,-0.12787816737267343,0.8063715075674679,0.22639448166707585,0.8316381525459469,0.6682701456923414,0.20885405794138126,0.3921391179836735,0.6739674862074362,0.21632892426658057,-0.013643122902758681,0.672063323795382,0.2563403730486864,0.027912541443254654,0.4796980700247539,0.20400418274400525,0.005623764847270243,0.5146470084072856,0.23211631107522218,-0.08876187298347071,0.7451867569666095,0.3478062708826098,1.3327628819093098,0.6858788479732695,0.34534421453260716,1.5787997286599456,0.6574056647165716,0.33777171853088184,1.462228758327422,0.5812385700960174,0.5090779206950149,1.240319133538024,0.7378808648035191,0.5281737490971181,0.9787543308080416,0.741341252282218,0.5396528982269,0.764496871641077,0.6719822402753779,0.492162847266889,0.6554789734087667,0.6052465304187422,0.5026473987230906,0.6317579121521534,0.6038088593134148,0.5408819649911882,0.6186266998066707,0.6790052434025216,0.1932633951139618,1.2493336893728486,0.7038966182864332,0.15541343046636957,0.9994771083832747,0.7016510101058732,0.15321846934833228,0.7924161594930993,0.5875237854119679,0.1934696261258378,0.6935975938825096,0.5793923808961656,0.17607157612943788,0.6697895516008235,0.5783136679310826,0.1408498263760572,0.6693267373837037,0.5815701855886903,2.9166666666666665
0.4238315675026527,0.8280579026121428,0.7125449975257034,0.4086522751276116,0.3910397460385331,0.6829050396198085,0.38411349374837955,-0.06423021055935658,0.7604890651251558,0.3951233856255245,-0.009473991356201736,0.5256525931633288,0.44459153200324797,-0.011538350605211786,0.5595977459863486,0.3743788013606275,-0.12833549409700618,0.8064325826070823,0.22610259889560663,0.8310781022617076,0.6689836235524986,0.20896116041594376,0.3924615549807301,0.6736577521594524,0.21632568439114977,-0.013540199321972465,0.6720390010933687,0.2565032033852439,0.028189201147249807,0.479348844830312,0.20438801809032975,0.0067930093205832015,0.5130145680376286,0.23215985449100102,-0.0880348629804636,0.745175584043262,0.34799131823698304,1.3335115209708697,0.6857204540000287,0.3455153269064481,1.5781589366934474,0.6578499827088242,0.3379090119325414,1.4624019151302716,0.5838310012270298,0.5090898046085586,1.2403264447728632,0.7378588959694521,0.5282092762007358,0.9786182875671079,0.7415246272800311,0.5403041453942525,0.7639266337942301,0.6735932814576476,0.49225340791168454,0.6552627853721198,0.6050536055573204,0.5026973516030905,0.6323661494748629,0.6035948898509697,0.5418432987631119,0.6181903737946813,0.6811402867769062,0.1932664144212285,1.2493652440570286,0.7040138883771797,0.15496491502103293,0.999317017000771,0.7019883862477474,0.15313560229777828,0.7922229431168619,0.5873646962649746,0.19331614789310037,0.6931942478922328,0.5819650254344125,0.17592648736411573,0.6707444092602288,0.5784962156088411,0.14090728970246813,0.669725445980756,0.5818500033352452,2.933333333333333
0.4236252376923982,0.8281228076198692,0.7122182775358816,0.4087619325010785,0.3910132870833522,0.6829668258050965,0.3840906496437039,-0.06415223849895321,0.7603615195562066,0.395001100994666,-0.008461411251271492,0.5256486407556566,0.4445980462256027,-0.011509657588301747,0.559609639205617,0.3745353324526572,-0.12876937088942164,0.8065730154280162,0.2257848069991143,0.8305664275096113,0.6697204039365079,0.2090647612436305,0.3928269628230989,0.6735179338885882,0.21631479352957492,-0.013383630971101249,0.6720061221964149,0.2564059793024791,0.028110410376369382,0.4794471557468288,0.20390058648072812,0.0064435840914522785,0.5133950653663798,0.23217879528335156,-0.08738718270383466,0.7454994954923965,0.3479437040489822,1.3339678765354839,0.6860513829948489,0.34554751391001903,1.5776859524207656,0.6581778094752051,0.3385604309258827,1.4620742129324826,0.5878916336595374,0.5091200393464345,1.2403217858087243,0.7378331373336083,0.5284217767943804,0.9783276713196902,0.7424339509078615,0.5413669441527947,0.7634792654826947,0.6748248302092619,0.4924190820491791,0.6556507929621741,0.6047723670463417,0.5028398725356183,0.6337250647565842,0.6033037574240516,0.5423942114012941,0.6186403494193651,0.6821308249930035,0.19326506189704673,1.2493511135800839,0.7040372360061731,0.15493045714870585,0.9995303556034647,0.7013753282680912,0.15306336837493595,0.7921834038831187,0.5877390829557376,0.19331322059801787,0.6931627814116059,0.5851381600281045,0.17581239072206906,0.6717040583236826,0.5785078409904666,0.14098264934521046,0.6707061590471027,0.5815814312771396,2.95
0.4233724149018441,0.8281341285640276,0.7121174187317889,0.4088492369526605,0.39114259178988964,0.6829875482852196,0.38401296467787105,-0.06386023208953423,0.7599000272115046,0.3950632125953092,-0.007672639173139761,0.5253775751600233,0.4445970292258839,-0.011469617198721097,0.5596645129100608,0.3746991737665117,-0.12918416022086512,0.8067938727716433,0.22544620585462719,0.8302301220600036,0.6704593734066246,0.2091429573452276,0.3932447197801685,0.6735777068717334,0.21630242658440713,-0.013234832291107085,0.6719811038389544,0.2562142276061462,0.027886008723503802,0.47973836250676094,0.2027414685808071,0.004914272536735917,0.5153536903840643,0.2321793697028338,-0.08689779886682546,0.7459441442900231,0.34784844157909606,1.334168874352411,0.6864398887634333,0.3454748192888337,1.577422964485441,0.6583851298059211,0.3396631383460278,1.4612579794507885,0.593073479656186,0.5091442793081471,1.240317246515143,0.7378131375852176,0.5288001031619495,0.9780005831464914,0.7440530249365839,0.5425141291311836,0.7631693998806608,0.6755861366417856,0.49261746399071443,0.6566359623345903,0.6043830085225342,0.5030825169233131,0.6355793578718996,0.6031935132100597,0.5423910584232898,0.6199361999957369,0.6816033844668611,0.1932483336005465,1.249350486180573,0.7039630840016556,0.15517415485826308,0.9997669134146486,0.7009791464905788,0.15273002494620305,0.7922727044260457,0.5888643876235904,0.1934870469009285,0.6933495575132995,0.5883879316293578,0.17574684655363484,0.6724269017767112,0.5784017273828164,0.14096716873742549,0.6719588395664255,0.5811398629307932,2.966666666666667
0.42310982834352834,0.8280634555409683,0.7121642723040575,0.40891945118759665,0.3914381360246182,0.6829840450372561,0.3838736147628269,-0.06333360382941441,0.7590663886175142,0.39532547475031227,-0.007224025840780704,0.5249600649822578,0.44458851328456883,-0.011406823916864164,0.5597448722471889,0.3748491897514885,-0.12959296980288745,0.8070670962861322,0.225134645240492,0.8302258758489852,0.6711174463035148,0.2091795009801327,0.393719062455807,0.6738080283842408,0.21629661704381833,-0.013165054385132866,0.6719827371738253,0.25600636224320716,0.027481626583728547,0.4802756891581887,0.20126832380583176,0.0030301055338567418,0.5177643368621596,0.23218319599464327,-0.08664899454096313,0.7462716979947812,0.3478019767263766,1.3341912246347318,0.6866508840654082,0.3453672242300273,1.5773667226264905,0.6584363439596552,0.34105222364705057,1.460068568094068,0.5986535369951813,0.5091576448838241,1.240315322946192,0.7378021790821943,0.5292778780197198,0.97778774257285,0.7461375113517487,0.5434494021730345,0.7628680210894468,0.676166515899491,0.4927661277376807,0.6580011611302805,0.6040195156486049,0.503371597684361,0.6375588764337545,0.6033003913145929,0.5419249167734438,0.62166590056638,0.6797758949121107,0.19326227499244192,1.249372597663353,0.7038659294174758,0.15546789760520757,0.9997172075579084,0.7014697323385957,0.1520463185414427,0.7924699634504,0.5906886655347819,0.19367797574349324,0.6935507651347995,0.5912224817262214,0.1757218135580271,0.6727711100227116,0.5782683240777644,0.14088438610944598,0.6732062738267235,0.5807715095170843,2.9833333333333334
0.42291308080636997,0.8280134018376952,0.7122134816482617,0.4089892792036061,0.391852284562217,0.6829760219255762,0.38368228764671797,-0.062612039226869,0.7579170411507191,0.39571200931020684,-0.007140221753428197,0.5245693423668354,0.44457970805330527,-0.01138118206185959,0.559816295599959,0.3749605773980338,-0.130029872007968,0.8073335633433874,0.22494698749722375,0.8306373794280626,0.6715247549377074,0.20918892618226506,0.39422439086465777,0.67409716128471,0.2163036875029206,-0.013218125081399482,0.6720192754743958,0.25577418825263565,0.026884169787156506,0.48105317850091217,0.19975185799815595,0.0014353896370754848,0.5197136981250278,0.23220456308758347,-0.08662048237704,0.7463741337733913,0.3477942123334884,1.334159691975314,0.6866678100430166,0.34531712923983426,1.5774349065142392,0.6583756482148315,0.34256580986057816,1.4586598318822235,0.6039710972586501,0.5091646049038047,1.2403128560299308,0.7377994595665429,0.5297776750890935,0.9777633670079153,0.7483740582395573,0.543917316388737,0.7623913650934593,0.6770840005586688,0.4927732767470784,0.6594679572374569,0.6038917582199267,0.5036461813242917,0.6393326994869948,0.6035985816298794,0.5412651574398015,0.6232858671001753,0.6772647666921001,0.1934116077448957,1.2493915884593847,0.703871692942537,0.15566771267902357,0.9991839181892138,0.702878534146382,0.15110413013295876,0.7927094869842132,0.5929635693451705,0.19362466417282181,0.6936479643284281,0.5932008693115389,0.1757056178346441,0.6728376224124203,0.5781622343661583,0.1407985708888983,0.6742698751349082,0.5805373208587098,3.0
0.42285397897925464,0.8281223724209125,0.7121429851765939,0.40906631193537013,0.39230088470567204,0.6829864178476435,0.38347012861147545,-0.061814195492071455,0.7566372524565168,0.3960717443372141,-0.007357480562470292,0.5244074949532516,0.444580164268576,-0.011509283123777733,0.5598373736715605,0.3750259224766925,-0.13052729899613544,0.8075452927888417,0.2249721122289922,0.8314001734093287,0.67150903091762,0.209205557551286,0.39470671013569525,0.6743275248083173,0.21632910437610334,-0.013419642163670309,0.6720858858294056,0.25549989465542017,0.02641933374080209,0.4816019696674174,0.19834909335380094,0.0003568428682224206,0.5208612415823846,0.23224462204668195,-0.08664846782660696,0.7462628175467222,0.34778782525869745,1.334193087945011,0.6864993313384903,0.34544330195459194,1.577508892624396,0.6583651451019294,0.34406180498813066,1.457243595544517,0.6086207292175436,0.5091734585438219,1.2403038404583888,0.7378002514622245,0.5302292529794517,0.9779284607396781,0.7504485200929816,0.5437635125370277,0.7616225858913824,0.678762083822025,0.49260413068814,0.66078476590177,0.6040962481459468,0.5038487814752095,0.6407098128769618,0.6040250909757543,0.5406256809387529,0.6244817513943123,0.6745927820634323,0.19377396781305964,1.2493870054838665,0.7040707950189644,0.15577386611026414,0.9981483685675804,0.704788015403113,0.15006664683130144,0.7928593990351779,0.5953546705660537,0.19314716093548895,0.6936484865118842,0.5940708271233844,0.17567289047648404,0.6728334812695748,0.5780874584822686,0.14075331555191078,0.6750247618923908,0.5804238215809465,3.0166666666666666
0.422948337037004,0.8284409655968848,0.7119354899878084,0.40914835784065745,0.39271226746910093,0.6830427962274765,0.3832705470746887,-0.061066745884566564,0.7554298379754082,0.3962493942741361,-0.007727082312794217,0.5245752096536991,0.44459607289773684,-0.011864455695966628,0.5597674743389065,0.3750674509785946,-0.13109343401984436,0.8077048419030736,0.22521578591728125,0.8323677411515178,0.671023674748106,0.20925366919101038,0.3950968192114544,0.6744665224247955,0.21637552329559182,-0.013783056004463098,0.6721720804642018,0.2551966452732783,0.02652160617477986,0.48133032558033784,0.19720535299532704,-9.382556009437937e-05,0.5211305023830529,0.2322986356413105,-0.08655069759607742,0.7459942645784579,0.347773246464104,1.3342769925954727,0.686163072119205,0.3458241169969313,1.5775218940475557,0.6585447123434931,0.34536055845787506,1.4561061940823485,0.612297363129082,0.5091918238933624,1.2402831669901875,0.737797080458899,0.5305686675905587,0.9782634990934481,0.7520548934124627,0.5430252851231449,0.7605832535304008,0.6812049414566805,0.4923535184045109,0.6617899875272033,0.604407340144554,0.5039113322337293,0.6415681207980819,0.6043986220062781,0.5400839777559214,0.6252206250365671,0.6720667092668157,0.19433681996946695,1.2493562775500324,0.7044706424934399,0.15590188743821895,0.9968527480892225,0.7065119219553004,0.14909179014422583,0.7928030163687958,0.5975290220554792,0.192219197084232,0.6936234036765718,0.5939490138442082,0.1756222147404598,0.6728566309294061,0.5780351481952064,0.14075518554945457,0.6754004589139135,0.5804115057901181,3.033333333333333
0.4231480614222197,0.8289371182874753,0.7116422426010819,0.40923363685704295,0.3930695552238831,0.6831577529191272,0.3831008906878438,-0.06043501622630956,0.7544009548353214,0.39614861901074727,-0.008041123551873836,0.5248476014094943,0.4446317733390952,-0.01242073288702325,0.5595675563687995,0.3751157991202868,-0.13170824869143902,0.8078427456575182,0.2255944224330128,0.8334430867394061,0.6701920631680727,0.20933459169175803,0.3953291738387878,0.6745493901253361,0.21643296730795544,-0.014280109408438879,0.6722728817966691,0.25491043871977204,0.027362079307841236,0.48002820978276045,0.19646307418025172,0.00033432650049532164,0.5204150954751918,0.23235727808585688,-0.08627029193805763,0.7456190219416811,0.3477839759334889,1.3342309559722483,0.6858762920278446,0.34644181544892255,1.5774777616851243,0.6589220960381785,0.3462672532856412,1.4554706152885613,0.614642674731565,0.5092186702429138,1.2402533871458323,0.737783724521287,0.5307461598938128,0.9787443866749461,0.7529514601891301,0.5419386980071935,0.7593977691566665,0.6840391213454614,0.4922302434738246,0.6624528612573921,0.604322102356014,0.5037957080875661,0.6418638176407313,0.6044689289487345,0.5396668645048662,0.6256122512252983,0.6699554581062754,0.1950245444670021,1.2493078545046414,0.7050131276961601,0.15622695798333663,0.9957310087647895,0.7074617465499982,0.14829781344868634,0.7925398823690493,0.599238215236447,0.19094492473856522,0.693619730140727,0.5933322280511443,0.1755632750521539,0.6728784694585593,0.5779988004873731,0.14077451814315278,0.6754569042223009,0.5804862429267121,3.05
0.4233680134670031,0.829561014822593,0.7113052999582469,0.40932032384713063,0.39339617294403206,0.6833153852506068,0.38296432428336535,-0.05992796375987136,0.7535660417115343,0.3957644626204069,-0.008096713345589104,0.5246993253220625,0.4446899864156492,-0.013093131639076841,0.5592260706673363,0.3751838134707366,-0.13231857598487473,0.8079731408821355,0.22599138984299652,0.8345817793722548,0.6692561524619366,0.2094316283766,0.395384192559229,0.6746093528226047,0.21647181325612105,-0.014829441351018047,0.6723919241804653,0.2547180847226967,0.028833372435564497,0.4778694555212187,0.19615014524786045,0.001765019082096142,0.5187376054279034,0.23240467705919107,-0.08587289499425807,0.7451574183069398,0.34787059900126394,1.3338366992699358,0.6860805496935595,0.34720646027364793,1.5774048033447052,0.65940488641269,0.34677159274257285,1.4553064026493783,0.6155404087485963,0.5092359739524743,1.2402322159958201,0.7377582544648765,0.5307595595142413,0.9792966010794604,0.7531150673962183,0.5408287166673433,0.7582427436237813,0.6868039626534856,0.4924269379854358,0.6629299930630982,0.6034099125185559,0.5035596769345229,0.6418583885372572,0.6039313445848473,0.5394017101290215,0.6258385844933729,0.6685417222842519,0.19575547546974204,1.2492541201944616,0.7055993735025958,0.15688338468307572,0.995222815664173,0.7074170773377523,0.14774602521678337,0.7921809736344736,0.60036183583552,0.18957151751813206,0.6936808423368372,0.5928261884072895,0.17550178691328944,0.6728409148780596,0.5779711740904002,0.14076405913587958,0.67540980891311,0.5806171328016467,3.066666666666667
0.42353054279595576,0.8302548860902851,0.7109575831326767,0.40940304881690254,0.39371434001412303,0.6834886956914592,0.38285916288803684,-0.05953421822018175,0.7529103034692874,0.39517937056336244,-0.00777615000956304,0.523647407021181,0.4447674293392152,-0.013791654847798665,0.5587890280502119,0.3752667268402046,-0.13284518152425423,0.8080872855696336,0.22630564688220164,0.8356965359455581,0.6684654745267935,0.20951856688812343,0.3952934780807935,0.6746618907477665,0.21645937438813304,-0.015343408934506045,0.67253322567976,0.2547060098375378,0.030712204480209768,0.4751787889722953,0.19611685944585633,0.0037288072389640298,0.5166440482267878,0.23242200660281057,-0.0854312524546806,0.7445809977235758,0.3480451179662366,1.3329829861418825,0.6871557098329506,0.34800451646571984,1.5773247659914151,0.6598742839300322,0.34718828454963574,1.455369070673371,0.6154780899144536,0.5092113722569527,1.2402497878255088,0.7377232310434135,0.5306816482333088,0.9797652933069086,0.7528488463108891,0.5399389784677651,0.7573033770021321,0.6891350065310554,0.4930178483909682,0.6635746816747319,0.6015609792724435,0.5033403246909265,0.642109938021347,0.6024287485715026,0.5392894513204317,0.6260909060996015,0.6679290021376305,0.19646154293252616,1.2492079184727762,0.7061112170498307,0.1578931192033553,0.9956012482766999,0.7065031308232294,0.14744288986707096,0.7919127888167325,0.6008879114740362,0.18846011834558307,0.6938993364880888,0.5927277000001108,0.1754399519686944,0.6727424235646003,0.5779434210020253,0.14071942489602812,0.6755288441043412,0.580744662753462,3.083333333333333
0.4236061883744544,0.8309328028588568,0.710683731378328,0.40947551840078783,0.3940296299419313,0.6836579741965475,0.38278324331135255,-0.05924365072722111,0.7524240244506952,0.39452142709570315,-0.007138288117526273,0.5215986681408463,0.44485346862742303,-0.014432581641962941,0.5583425153934725,0.3753556233158981,-0.13321853427180178,0.8081750278251824,0.22646778029218026,0.8366371803351906,0.6679775791510839,0.20956952763392578,0.395091877079096,0.6747228982187086,0.216396431818881,-0.01577803030332188,0.6726954367933651,0.25487470878649215,0.03274282919683409,0.47231942753153877,0.1961589175277998,0.005349760660886854,0.5150551526148937,0.2323939965317247,-0.08495591089921625,0.7438191144333713,0.34829481191815503,1.331738542622043,0.6891122896153452,0.3487350399392997,1.5772454952354715,0.6602699680097912,0.34795372811574,1.4554321757120574,0.6152358330085633,0.509135639254914,1.240312850164985,0.7376893940319358,0.5306211451882495,0.979999096388321,0.7525931355248405,0.5393782283692183,0.7567113115906988,0.6907407792762935,0.4939411615215815,0.6646517359500039,0.5989833119399118,0.5032434458342251,0.6429845085836776,0.5999783596659829,0.5392737957255285,0.6264369844233405,0.6678798749135845,0.19706945225619277,1.2491811438925688,0.7064471896144329,0.15915685494067422,0.9968792529354357,0.7051108516207185,0.1473844790913303,0.791990482171927,0.6008308559440141,0.18793799325356209,0.6943457107295651,0.5928151414214504,0.17538161372119293,0.672702023050358,0.5778918033288178,0.14075400650655487,0.6759802825565508,0.5808227162445637,3.1
0.42360689620607406,0.8315055198733616,0.7106289507889367,0.4095337874822737,0.39433729446338733,0.6838096613954622,0.3827346340779096,-0.05905284476819063,0.7521062112499299,0.39392727679011597,-0.006434779349273806,0.5189888891619261,0.44493378084735746,-0.014928848792755356,0.5579643699361783,0.37544359042661635,-0.1334213703909118,0.8082418126462435,0.22645886473428448,0.8372909730169253,0.6678669284981281,0.2095685405801609,0.39478791661038226,0.674810379049025,0.21632704508130798,-0.016133461348514275,0.6728749993104503,0.25502870786062265,0.034624491132384486,0.46971074992916606,0.19618001593042944,0.006099638775159566,0.5144870645798031,0.23231660607943394,-0.08443847060682588,0.742808579320514,0.34867755810003254,1.3303751666413528,0.6914912897549776,0.3493381598245928,1.5771546710359379,0.6606855627631429,0.3492996692116499,1.4554243035086853,0.61524982390687,0.5090801754254768,1.2403540630409438,0.7376839152648833,0.5306435903296266,0.9799198523148022,0.7525691492202902,0.5391929191306322,0.7564895947219007,0.6913408367009433,0.49498741962187986,0.66594992787878,0.5961968849095047,0.5032612351759773,0.6442236351453579,0.5973020357993847,0.5392716035942319,0.6267640172800037,0.6679963566584981,0.19749683107387134,1.2491844086630903,0.7065603361995696,0.16046139740813353,0.9987992366958877,0.703712847133795,0.14760912446820518,0.7926451497159515,0.6001480339662257,0.18814824860444784,0.6950404862096402,0.592570939732052,0.17532986135276607,0.6729186276485006,0.5777772262816465,0.14103326182813383,0.676706886973739,0.5808408832343854,3.1166666666666667
0.4235671487301237,0.8319447615563719,0.7108662049246863,0.4095770420174851,0.3946293596724938,0.6839292735678506,0.38271200791962856,-0.058963154184819205,0.7519570313839394,0.3935237740341082,-0.0059788457401269285,0.5165920933284518,0.4449954375553029,-0.015205917845498143,0.5576958015393999,0.3755236622219929,-0.13349740007057226,0.8083024004832927,0.2263344261284411,0.8376767782146807,0.6681826341908146,0.20951521433642611,0.394377420298708,0.6749361707008309,0.21630320107914913,-0.016425470776073925,0.6730693366074589,0.25485063349564485,0.03599944962275731,0.46783434729363493,0.19618524002583682,0.006110430520574306,0.5146761717058115,0.23220206812791183,-0.08391896007740114,0.7415437473074786,0.3493262309208741,1.3292864905202124,0.6935556495572062,0.34980384765079675,1.5770257900593774,0.6613429347491305,0.35118142788783924,1.4553802443261166,0.615512104720517,0.5091811605836924,1.2402557336946123,0.737742672723984,0.5307480848793603,0.9794646865759252,0.7526986117117672,0.5393849181528325,0.7565498163458082,0.6907908232700259,0.4958354453544993,0.6668672596076348,0.5939560603440501,0.5033207114894906,0.6451303591884469,0.5953463023408843,0.5392385750163573,0.626870322425894,0.6680432141690305,0.1977014003620876,1.249220181753619,0.7064828837395634,0.16156293080328332,1.0009024511777775,0.7024985164797879,0.1481744368535868,0.7939353799821905,0.5987760332825095,0.18899073407333902,0.6960580221681463,0.5916048834756699,0.17528109873010012,0.673520588753042,0.5775737065618034,0.14155041952502748,0.6774347918043293,0.5807930478448817,3.1333333333333333
0.42355133509558945,0.8322951220429597,0.7112715197412398,0.4096060196300883,0.3948981972831533,0.683998399626262,0.38271482027317766,-0.05897687659293803,0.7519741450436018,0.39339682402013787,-0.006024410429742125,0.515099041163263,0.445032097625301,-0.015255176879134663,0.5575385704752494,0.37558725239298013,-0.13352536728623632,0.8083656131918873,0.2262179407357596,0.8379213080671963,0.6688700248767137,0.2094231555251985,0.3938768744506609,0.675098841738435,0.2163564833524141,-0.016667833099672597,0.673278837905826,0.25413075223367054,0.03660877021769483,0.46701585364265363,0.1961826387396382,0.0057854962896744105,0.5150367967555338,0.2320736610690098,-0.08349544740620571,0.740126116072657,0.3503089684337529,1.3287991948925801,0.6946761985230797,0.35016361696678644,1.576842825200341,0.6624288085651875,0.3533893862064578,1.4553428964090898,0.6158771232410261,0.5095351681876302,1.2399501557208674,0.7378821251108882,0.5309049324615077,0.9785746568724876,0.7528192977728219,0.5398934319318265,0.7568019956619517,0.689218118688414,0.4961953567015164,0.666889873026039,0.5929305693473554,0.5033739004896866,0.6451312673028279,0.5946622551796674,0.5391840075914349,0.6266077224859691,0.6679962660216896,0.19773151421219898,1.249271324502321,0.7063212235943688,0.16238462753361205,1.00263771173331,0.70130031138374,0.149079636191699,0.7957114246809447,0.5967588472668555,0.19016618810244165,0.69748871200995,0.5898546231254242,0.17522941093087754,0.674478210279404,0.577286437319518,0.142030914596851,0.6778510599271719,0.5806802648916163,3.15
0.42362735101458543,0.8326073286430942,0.7116373679757463,0.40961750502108585,0.39513476253577356,0.6839982706547839,0.38274315753773014,-0.059094963693719194,0.7521546547759579,0.3935558549627197,-0.006747117206326106,0.5148986379328646,0.4450462162342571,-0.015163364095685805,0.5574602579614575,0.37562895820062975,-0.13358387097603514,0.8084354076652335,0.22626009485684628,0.8381655488088096,0.669659363876785,0.2093073238065152,0.3933321584309447,0.6752785474849681,0.2165068715013385,-0.0168787565767161,0.6735131263478343,0.252908004360328,0.036574612150362715,0.46704968802814706,0.19615584026754285,0.0053641293455199,0.5152207232328856,0.2319479180097145,-0.0832613446410985,0.7387883057986018,0.3515349769820144,1.3290435657621535,0.6945507252462658,0.35047393882193567,1.5766174319223425,0.6640054518681657,0.35562743804543806,1.4553230842158742,0.6162213709781832,0.510136941714471,1.2394474821824604,0.7380910062864869,0.5310871369757121,0.9772860329749651,0.7528450427672396,0.5406380329168469,0.7572644824052499,0.6869023864958619,0.4959436120747194,0.665882342725765,0.5934049921092239,0.5034058928399067,0.6440748353835735,0.5953187349422525,0.5391312666394772,0.6259929729306405,0.6678937360960978,0.19768711530199273,1.2493013203943117,0.706196679239196,0.163110309784934,1.003522146218446,0.6998896859547086,0.15023226239073917,0.7976989372585033,0.5942974014331158,0.19132665596327186,0.6992873346108353,0.5875097273509018,0.17518044765163884,0.6756475406904082,0.5769443359777987,0.14212897616621983,0.677791159615481,0.5805941534246101,3.1666666666666665
0.4238175823766785,0.8328943484609813,0.7118756692256638,0.40959827983449043,0.39532231066117784,0.6839266073505844,0.3827975032219862,-0.059317137940327155,0.7524973369644941,0.3939305695969306,-0.008170034773789817,0.5161153488320148,0.44504449489324355,-0.01504862749248087,0.5574124373412229,0.37565437959052234,-0.13370773680419748,0.8085158171802382,0.2265671333240861,0.8384929119991149,0.6702202322233333,0.20917271025489997,0.39278627985425457,0.6754461432559405,0.2167689657477259,-0.017090633586115636,0.6737894891263034,0.2514266909791424,0.03634926324774647,0.4672921692216433,0.19609628535011597,0.0048912112182289275,0.5152040939317754,0.2318228078129033,-0.08322385338316934,0.7377727175942715,0.35281128638614734,1.3299406105451226,0.6931818615924533,0.35076294097941774,1.576383978022916,0.6660262947667093,0.35755551810480174,1.455303648346534,0.6164469731070692,0.5109118246969511,1.2387523836108063,0.7383594213439508,0.5312740688335772,0.975766576067767,0.7527606628702368,0.541548439572895,0.7579988814054831,0.6841266641678931,0.4951631251436823,0.664060602486706,0.59518705733687,0.5033927134940028,0.6421397701143815,0.5970531545432489,0.5390892239424351,0.6252129228203357,0.6677690682501174,0.1976272837114365,1.2492709581104153,0.7061717735378928,0.16402771944934935,1.0034097603573306,0.6980981296235413,0.15147301189675172,0.7996127900647906,0.5916903223412303,0.19222896444855936,0.7012913222823283,0.5848659922341498,0.17515495873003983,0.6768556186578087,0.57658262634411,0.141716485877094,0.6772665182223705,0.5807432301024917,3.183333333333333
0.4241048893698151,0.8331516672433448,0.7120324179218588,0.40953372358917334,0.39544250508899925,0.6838154492852542,0.3828780405820191,-0.0596435358383714,0.7530031280699331,0.39440184242467713,-0.009999467790709149,0.5184853271147316,0.44503427008945307,-0.014967267581704996,0.5573515427531092,0.37568132660327436,-0.13388173643093282,0.8086106689338733,0.22715009903563918,0.8389286837397556,0.6704157464378422,0.20901872717375136,0.39226435926630876,0.6755842725762637,0.21712785728216885,-0.01732746160426686,0.6741082950082932,0.24997076119530814,0.03626920679472828,0.4672972263670305,0.19602234466896093,0.004436603719327081,0.515097345571308,0.23169597392979688,-0.0833198933903673,0.7371646679375736,0.35397514545531417,1.3312259953498138,0.6908936709593156,0.35100500037289617,1.5761757386080626,0.6682753598351763,0.3588554841339453,1.4552544744142386,0.6164929945351352,0.5117603755730415,1.23783243651374,0.738694723189301,0.5314419615710796,0.9742601806682638,0.7525774818586768,0.542539644610561,0.7589838884499192,0.681193850033242,0.4941111086384199,0.6618661194802491,0.5976669373908015,0.5032975067662997,0.6396664117246539,0.5994052048194406,0.5390577279142578,0.6244926639301097,0.6676678041512626,0.19755299270737992,1.2491763977390482,0.7062393793752031,0.16533488291242404,1.002655631459759,0.6958580257383193,0.15261170089146187,0.8012507922855482,0.5892701604138744,0.19277327532434807,0.7033095517285768,0.5822075840408265,0.1751727440915808,0.6779562845864429,0.5762297073074314,0.1409842214455176,0.6764326079424231,0.581248566369148,3.2
0.42446742365236007,0.833373813148561,0.7121743378148973,0.4094311704050704,0.3955046104535951,0.6837184431682004,0.3829845047845398,-0.06007733236297898,0.7536762589446998,0.394841398547349,-0.011576553221924718,0.5211482377875237,0.4450238043942483,-0.014912094654258884,0.5572571108792266,0.3757284120359859,-0.1341010412633626,0.808728404201553,0.2279562783066467,0.8394839244462643,0.670304048417055,0.20884588838796125,0.3917911985175052,0.6756941389290987,0.21752573383579857,-0.017557993366070987,0.6744313006045702,0.24876277398509178,0.0363431714641604,0.4671003522735867,0.1959589360601905,0.00416611928359506,0.5150336245724161,0.23158876150207858,-0.08350727249882109,0.7369085496394211,0.35499378657973846,1.3325296669637845,0.6883614061695162,0.35122697385412815,1.5759929328259903,0.6702729825064242,0.35936437986808145,1.4551648771872476,0.6163748161859772,0.5125692227787402,1.2367038389803544,0.7390839279300112,0.5315570290214704,0.9729813230537452,0.7523385146314369,0.5434949839853346,0.760100124871437,0.6784691830853703,0.4931029396600548,0.6598033766667732,0.6000885937707177,0.5031209228246949,0.6370950923449583,0.601841232995993,0.5390388248071998,0.6239492255915109,0.6676535832813498,0.19746568416258092,1.2490980474244398,0.7063629396771515,0.16706820394629301,1.0019158852987828,0.6933780056751258,0.15347473472187956,0.8025170368314458,0.5873713848875133,0.19298722383536374,0.7050769144814122,0.5798447235419946,0.1752339117897721,0.6788402028160158,0.5759142736418494,0.14029387789051023,0.675561098368973,0.5819460635155518,3.216666666666667
0.4248888302972654,0.8335613554492489,0.7123222025390811,0.40932566605888543,0.3955573139903389,0.6836770490371058,0.38311751205746475,-0.060626830499367054,0.7545268016248949,0.3951440901540997,-0.012142869186420116,0.5229429298910614,0.44501899337020934,-0.014871562050435425,0.5571493187255424,0.37579900946827904,-0.13439155312665213,0.8088776022551539,0.22892650289976324,0.8401596134690815,0.6699838702883075,0.20865400211279064,0.39138986657234,0.6757779642183511,0.2178946980364574,-0.017694120243314307,0.6746996805692573,0.24803308700694976,0.03644119096616208,0.4669209361870072,0.1958951216047079,0.004161737471512703,0.5151456695265666,0.23153704884316922,-0.08379044949844215,0.7369343660189936,0.3559222677938664,1.3335252198712302,0.6863683615889183,0.3516014840080294,1.575800517898979,0.6714146731292996,0.35922890062871027,1.45508518731499,0.616218622375827,0.5132129862564235,1.23549593200309,0.739444299738634,0.5315865998947373,0.9720003285364862,0.7521464599645009,0.544278999615022,0.7611849246064744,0.6763508305833571,0.4923674917983466,0.6582705706015263,0.6019026315140228,0.5029300222753843,0.6349539603695808,0.6037669485140085,0.5390317700798966,0.623586678521946,0.6677601979160872,0.19739961522433783,1.2491790875020805,0.7065051398088887,0.16909784917016085,1.0017332707147542,0.6911098557357833,0.1539894005136646,0.803403617058629,0.5862650816221642,0.1930049487454354,0.7062382924281885,0.5782814544187802,0.17531496903802313,0.6794356114941495,0.5756804008333761,0.13999109851742303,0.6749226962944568,0.582541575011939,3.2333333333333334
0.42535077309563174,0.8337394333759045,0.7124583551431487,0.4092568362679372,0.3956395981129416,0.6837074552022786,0.3832786620189988,-0.06130109091417883,0.755566867210429,0.39525080760817555,-0.011309361079687552,0.5231103193553959,0.445020303301157,-0.014851701368088388,0.5570731581849003,0.37587845079725934,-0.13474179668413858,0.8090495244392746,0.23001160755202013,0.840925271136375,0.6695117862133547,0.20844190091104767,0.39107135250430813,0.6758097904633363,0.2181950510667887,-0.01765146856714231,0.6748707720271448,0.24803012454141848,0.036474412917344864,0.46689256538799495,0.19581453879709612,0.004373677802517378,0.5154639182327042,0.2315627627088367,-0.08417844775371658,0.737211224669791,0.3567737086057952,1.3340482125651463,0.6853988268944746,0.3523377731940277,1.5755672107686811,0.6713117767714167,0.35888330897278226,1.455116101658627,0.6162271236310971,0.5135820371902104,1.2344021719353826,0.7396381112321395,0.5315389177266076,0.9712442787722279,0.7521129625549458,0.5447739976596288,0.7620837606396085,0.6751415512478383,0.49199556334329636,0.6574700495808872,0.6028876773289188,0.5028090461484749,0.6337047370834804,0.604676941058854,0.5390234600383941,0.6234009082418978,0.6679070054427447,0.19739294462321405,1.2495137608919495,0.7066373259149343,0.1711651319585607,1.0022920721906934,0.6895082486181439,0.154273709339204,0.8040170639927786,0.5860080556616096,0.19296458834811697,0.7065234679658084,0.5780682161394558,0.1753804112858291,0.6797284526664776,0.5755684132019998,0.14033279348712951,0.6746806357812479,0.5828877218718782,3.25
0.4258221733566802,0.833952460428186,0.7125662920261371,0.4092486460868957,0.39571947097138194,0.6838140258832472,0.3834656705419839,-0.06208905895820445,0.7567813630491007,0.39516434804363604,-0.009291830319176755,0.5216648358943218,0.4450251145340204,-0.01486019866689435,0.5570567704777313,0.37594772913167657,-0.1350853626645824,0.8092217354047955,0.2311681665693565,0.8417319619443429,0.6689026647987819,0.20821098553169143,0.3908407153180269,0.6757164366604663,0.21841735109105206,-0.017393907155889024,0.6749302250442817,0.24881463932113568,0.036419898461842085,0.467034983216708,0.19580796438530154,0.0048305656958974735,0.5157473054870235,0.23165920900540327,-0.08465929229142309,0.7377354698848899,0.3575156752346208,1.3341420094811385,0.68543136439735,0.3535101578150875,1.5752904343294603,0.6699919452212257,0.3588149395588036,1.455340442844991,0.6165678678866195,0.5136602173260405,1.2335606073873635,0.7396138326647175,0.5315089272591677,0.9706024071197569,0.7522576988435772,0.5449406054515551,0.7626989819470884,0.6748250812128797,0.4919526691776611,0.6573555772632602,0.6031174346845173,0.5027718533019662,0.633426742910052,0.6046208041717751,0.5389862653481028,0.6234090141259835,0.6678764669452327,0.19744290431854944,1.250077907667067,0.7067361786687325,0.17295024676925017,1.0034622891321616,0.6888520943409264,0.1546342903142423,0.8045590413916237,0.5863566738168223,0.1929103317896792,0.7059419275982417,0.5793300191983972,0.17541897378822258,0.6797462924481675,0.5755776609163378,0.14145524097953535,0.6748629543645976,0.5830301816695296,3.2666666666666666
0.426254548344215,0.8342343388538163,0.7126521971351508,0.4093089695246277,0.39571063756713976,0.6840012495663741,0.38366308476334055,-0.06292309104180797,0.7580696097049209,0.3949465210328729,-0.006699403412478863,0.5192377927339142,0.44503082426446217,-0.014891914643507836,0.5570911430022306,0.375993956961895,-0.13539443336625176,0.8093819587069452,0.23236509116104112,0.842533139181996,0.6681568211740054,0.20796854969986608,0.3906954028226981,0.675422773247735,0.21856498713044767,-0.01692332386630087,0.6748803894331203,0.25012074579314764,0.03629826983824752,0.46729846691759697,0.1960700943671479,0.0056753365891088065,0.515537248243816,0.23179531191466163,-0.08520798156267953,0.7385190503325314,0.3581693810481598,1.3340303803452398,0.6860278239723869,0.3550396656939738,1.5749762069891082,0.6678889020029857,0.3593631797947231,1.4557887504919274,0.6172225881724762,0.5135921097825192,1.2329649144461152,0.7395924317621814,0.5316544819510788,0.9699393201581675,0.7525226662348217,0.5448559734886755,0.7630286261569946,0.6749666781884819,0.4920975539553927,0.6576230365871617,0.6029221169219545,0.5027435294690412,0.6337217138193262,0.6042051725577049,0.5389001041480597,0.6235675692745506,0.6674842075058397,0.19749528918504552,1.2507728528352384,0.7067549832241148,0.17416418365961406,1.0049459294962833,0.6891029507033724,0.15538690732047283,0.8051673351636115,0.5869515242905466,0.19288529021138,0.7048091934322103,0.5816162299801746,0.17549440457852705,0.6794882886094363,0.5756984926485167,0.14330163183627367,0.6753174652677794,0.5830864935281623,3.283333333333333
0.42660206224846764,0.8345912434938478,0.7127314754265786,0.4094338048030253,0.3955655254820688,0.6842666544440339,0.3838400714037615,-0.06367307913085236,0.7592315532019288,0.3946791172027063,-0.004136848417723549,0.5166656188867855,0.44503576494022634,-0.014928548116023468,0.5571430595145259,0.37601000867785317,-0.13573908541301935,0.8095341711347711,0.23358549686545216,0.8432800959632913,0.6672873457808871,0.2077269799141886,0.390619180908977,0.6749699453765285,0.2186428873088724,-0.016255938739621667,0.6747283883105983,0.2515335499969101,0.03615400851782634,0.4676031140340427,0.1967353371867436,0.0069675645445339,0.5144965624883332,0.2319287067696935,-0.0858049309022777,0.7395787970596457,0.3587938374938296,1.3339466864729228,0.686662282432709,0.3567779172377558,1.5746180990877567,0.6657222555077558,0.3606885215093102,1.4564483538578288,0.617869426222766,0.5136039554343773,1.2325019432169244,0.7400006168513562,0.5320867087066432,0.9691165798010314,0.7528674001791554,0.5446719571019822,0.7631429469326583,0.6750581348901166,0.49226134958106316,0.6578979606156855,0.6026929154319856,0.5026736238154338,0.6340729112524411,0.6039240736051686,0.5388166354053634,0.6237175185528321,0.6669344645525902,0.19749329654690173,1.2515128122721588,0.7066154712766299,0.1746875204791008,1.006408056909761,0.6898468041514612,0.1566188324908613,0.8057977109233392,0.5875840525877711,0.19308270467087638,0.7035714059641534,0.584216679014173,0.1757307558378237,0.6789083823869833,0.5759708110440431,0.14557822859432978,0.6757749779917409,0.5830944213133059,3.3
0.42686151278112294,0.8350160592549939,0.7128155746093856,0.40960898344638635,0.3953325996991918,0.6845902021380611,0.3839668710353078,-0.06421737579198561,0.7600759722319202,0.3944376729378761,-0.001924776018015148,0.5145480503331928,0.44504123808623497,-0.014951497856404011,0.5571900526981599,0.3759969033596163,-0.13622479708148144,0.8096890807370646,0.2347983588349023,0.8439169674483787,0.6663276624921411,0.20748863160008216,0.3905956494382725,0.6745575845786588,0.2186557493867267,-0.015420276204892544,0.6744838027068014,0.252760115218245,0.03603271142348341,0.46787379734451706,0.19777543103921816,0.008594380015298567,0.5126296314605612,0.23202678551271058,-0.08645305715992309,0.7409036168320016,0.35938779550923794,1.3339213672466341,0.6870641460448302,0.3585649546267428,1.5742125590957277,0.6642483520586984,0.3627865584235974,1.4572381574768138,0.6180023292692474,0.5138274103729538,1.232049830298891,0.7411288601915883,0.5327909515861962,0.9681757067198711,0.7532697066437674,0.5445421049263306,0.7630918458046653,0.6750613416756648,0.4923473802117012,0.6580001350515158,0.602610061687277,0.5026480660445183,0.6342395616598137,0.6038302933109563,0.5388911804349024,0.6236336685276912,0.6669614386746994,0.1974690570774763,1.2522677487948157,0.7063226706953225,0.1746745681775415,1.0075676404482241,0.6905402689632937,0.15814920579247943,0.8062923785117138,0.5882169199032774,0.19377621643272286,0.7025258724039364,0.5865862822220825,0.1762191508841345,0.6779906026966702,0.5764423486395467,0.14789266432491727,0.6760926207900241,0.5829098915637357,3.316666666666667
0.42708073001403635,0.8355143263348601,0.7129157063619835,0.40981626031707785,0.39510156053510526,0.6849386958016056,0.3840327483584167,-0.06451695763313268,0.760537356559803,0.39430034067798403,-5.344030448689585e-05,0.5130242646591312,0.44505666846905867,-0.014960813968759937,0.5572552549171673,0.37596589898743416,-0.13691676700203573,0.8098625590079981,0.23594811395999807,0.8444171997791781,0.6653178310943273,0.2072242089911326,0.390612552595737,0.6744255926559508,0.21861034281242564,-0.014474270298248673,0.6741636527810717,0.2537123493540471,0.03596482073483931,0.4680531724012689,0.19904415832666056,0.010327715301963317,0.5101958489565761,0.2320900232981788,-0.08719205487298397,0.7424005311359916,0.3599063357495638,1.3337963482614634,0.6872483543710999,0.36026134732392456,1.5737832599603345,0.6640023076735686,0.36545153278954234,1.4579848506714532,0.6172919683391692,0.5142441686501427,1.2314986656178275,0.742943479829469,0.5336552945232371,0.9673874114007927,0.7536714224290931,0.5445824409974782,0.7628462684684667,0.6754207060303579,0.4923325913542499,0.6579737233131688,0.6026025199198969,0.5028316281332912,0.6342569730244829,0.6038023988778303,0.5392869944030322,0.6231333265046589,0.6683777152498291,0.19756949839614169,1.253011800805515,0.7061345628549818,0.1744565819336582,1.0082359208436051,0.6908982850183916,0.15970257791248996,0.806518940543961,0.588851476189675,0.1951103201314754,0.7016860054439713,0.588563894073868,0.17696359285436097,0.6768046516809947,0.5770969464870046,0.14999264037990728,0.6763546740142931,0.5823295918952192,3.333333333333333
0.4273140062085383,0.8360989995733153,0.7130423867440808,0.41003910705857993,0.39492543544480097,0.685266650392854,0.3840423050235943,-0.06459718090951015,0.7606504176655792,0.3943145231560087,0.0016401654859135306,0.5118958907751997,0.445099067852065,-0.014988554325194067,0.5574075166221344,0.3759291447535961,-0.13783043080238253,0.8100728020289883,0.23699897318271165,0.8448574221156582,0.6642940784015146,0.2068858808006102,0.39065626237044493,0.6747049598292417,0.21851594079116074,-0.013503440542900508,0.6737924005792312,0.2544108704529752,0.035960453342269674,0.46811231751070204,0.20035524945750283,0.011901451242553679,0.5075481024658661,0.23215153314323964,-0.08808805284305302,0.7438857924401656,0.36037918207071,1.3334343536034903,0.687325588494123,0.36176787683426825,1.5733746708177179,0.6651744981075831,0.36828564718467516,1.4584819776266236,0.6157943920440814,0.5147681963265538,1.2307420883651534,0.7452060409512846,0.5345411335058233,0.967038477023881,0.7539916722618123,0.544842943700981,0.762347660264317,0.6765397986998907,0.4922314020771167,0.6579276523723422,0.6025090703370722,0.503317168196847,0.63422271303996,0.6037841851334198,0.5400415817480066,0.6221589365709166,0.6714468031902812,0.19794755389886703,1.2536604326090568,0.7064895483426317,0.17429081462362017,1.0083884464865736,0.6909656573209235,0.16109293643600536,0.8064594942450125,0.5894719932302577,0.19702277363860543,0.7009068563970543,0.590192866452149,0.17790268181102825,0.6754896017592802,0.5778622435383219,0.15185247950810463,0.6767011388478295,0.5813162478033806,3.35
0.42758184411245154,0.8367632069891008,0.7131984757832133,0.41026017022137934,0.39482418511631,0.6855020296351341,0.38400485238282556,-0.0644983880263422,0.7604759831376604,0.3944775077015505,0.003317417778567283,0.5108755440250979,0.4451709762492725,-0.015082055656269286,0.5576673416376595,0.37588804036839946,-0.13892533534891205,0.8103214285232878,0.23796646847253186,0.8454154463172077,0.6632884914064622,0.20646787051424456,0.390748744709398,0.6753335033176899,0.218379627733194,-0.012570295796037703,0.6733871216624842,0.25485183739490075,0.036003212968305665,0.46808121588817886,0.2015322775187231,0.013106389881035102,0.5050581990290508,0.23224483951637748,-0.08916624702636178,0.7451864562245089,0.36095745796974826,1.3328370233603308,0.6873870423078395,0.3630420905603039,1.5730183401961393,0.6675497752604771,0.3708652007311092,1.458593609417786,0.6137849441507264,0.515314172002628,1.229737842491586,0.747622087420749,0.5353209979115068,0.9672491884075292,0.754180588154562,0.5452967760659277,0.7615929236056498,0.6784459706426844,0.4921342427362149,0.6579282448079347,0.6022824885823678,0.5040698898966844,0.6341878384704371,0.6037854774059224,0.5410544727133331,0.6208273883942753,0.6757774870904157,0.1986466187887962,1.2541307878948895,0.707677426467481,0.17423305864247812,1.0082297105434652,0.6908711077886807,0.1622706538203254,0.806213271245816,0.5900507957016395,0.19930991772368434,0.7000756142234754,0.5914739108711116,0.17893584509446422,0.6742211564498061,0.5786470589800556,0.15356932750337804,0.6772051544510482,0.579937629713191,3.3666666666666667
0.42787414221607767,0.8374707262018813,0.7133772945966796,0.4104639699424619,0.39481124029657566,0.6855754105977044,0.3839379064852893,-0.06428501818235484,0.7601170426259186,0.3947746327450131,0.00517223034154507,0.5096881721702201,0.44522847577078895,-0.015226585370950882,0.5578523742039327,0.3758342854280306,-0.1400913024136392,0.8105808047026516,0.23889574952455608,0.8462097033274605,0.6623253105812069,0.20604392563279925,0.3909611687112651,0.6760875625277374,0.21820316673400683,-0.011682440562699445,0.6729477227047386,0.25501049494201233,0.03605872700886413,0.46803163552733246,0.20243788607549437,0.013884814258642866,0.5030915116902425,0.23237499065663972,-0.09032414559196088,0.7462506066788197,0.361819780499532,1.3321017730754614,0.6874824356750906,0.36413528865159567,1.5727086313465468,0.6705400765754979,0.3729816996396783,1.4583465727834664,0.6114803081728379,0.5158079314686244,1.2285725640003766,0.7498729483696016,0.5358888380902029,0.9679406204473082,0.7542511065401662,0.5458716968457158,0.7606582353181032,0.6808815264535412,0.49222806344171866,0.6579947337909902,0.6021723486901989,0.5049787294618118,0.6341642717652267,0.6038208218687293,0.5421807500554113,0.6193975246823591,0.6807350948042379,0.1996011952421512,1.2544408015959696,0.7096515630506408,0.17422075978248167,1.0080633827981413,0.6906457231130289,0.16325593115600692,0.8059072639508523,0.5905507678935269,0.20168983908634674,0.6991801668035301,0.5924606374943577,0.17993457929119872,0.6731884196038063,0.5793513958197339,0.15522395918777673,0.6778982299206446,0.5782161951563176,3.3833333333333333
0.42817110405018177,0.8381755948283577,0.7135647728935347,0.41065505448169365,0.3948654350217769,0.6855203328442763,0.3838707509529213,-0.06406284489245596,0.759744801441726,0.39515184506212186,0.007366500466877507,0.5080985153065303,0.44519098926197354,-0.015264071903131213,0.557603709982324,0.37576302641378245,-0.14117434026907794,0.8108115027450231,0.23982069428593555,0.8471564779890967,0.6614215872668403,0.20572855917827917,0.3913277753333563,0.6767510025821768,0.21798778084651094,-0.01084700386369404,0.6724740521213073,0.25495863762402027,0.03610126082138511,0.46800921870575996,0.20299221414105872,0.014335931239970415,0.5019354491810756,0.23252238825325944,-0.09134051243993573,0.7471208804890059,0.36302911015742834,1.331352621453413,0.687617634983227,0.36515577958622336,1.5724230441255647,0.6734445041957685,0.374703345238691,1.4579569289796483,0.6090118993644426,0.5161822977371242,1.2274334018864015,0.7516238102908253,0.5361787695700142,0.9688805354973857,0.7542590305178439,0.5464867836704504,0.7596692104883311,0.6834964389480169,0.49268496572047843,0.6581280137039986,0.6026613657188132,0.5059030689885763,0.6341482374662238,0.6038976473433763,0.5433137255836967,0.6180746101294732,0.6858422948800931,0.2006964415812425,1.2546705312274402,0.7121277716230968,0.17419934031206807,1.008046222843278,0.6903068355532037,0.1640892244869332,0.8056170497810129,0.5909454915500243,0.20383135256743695,0.6983091876258769,0.5933745305843392,0.1807629629360849,0.6725546676274023,0.5798695404854457,0.1568417181497535,0.6787535880925244,0.5762530984654652,3.4
0.4284536991737569,0.8388573310708809,0.7137457811467602,0.41086345467013596,0.3949093840447795,0.6855053194691798,0.38382839480839165,-0.06392408377824293,0.7595090366198751,0.3955136039851195,0.009814187312286282,0.5059983350399371,0.4449978434105908,-0.01494810932219437,0.5566446209311401,0.3756804186351566,-0.14201773869600104,0.8109885198126924,0.24073131741915227,0.8480500699342111,0.6606129532465536,0.2056110083155532,0.3917694626810453,0.6772539306175263,0.21773672694876095,-0.010115429779744112,0.6719850896852738,0.2548540255774338,0.036125465542896015,0.4680100412493729,0.20321551249248987,0.01465918168231159,0.5016302255568179,0.23266400626844327,-0.09202498814975324,0.7478372402693468,0.3644709062517181,1.330715369282955,0.6877742966080943,0.3661226874440469,1.5721719744438643,0.6757277363682201,0.3762233798889665,1.4577157350789265,0.6065481018198329,0.5163878961832913,1.2265160076416226,0.7526101779995904,0.536204150582929,0.969799630092832,0.7542311131764871,0.5470643281391274,0.7587697100308756,0.6859418375122662,0.4935356462021375,0.658251775931139,0.6041048910553184,0.5066838520983895,0.6341281700066411,0.6040259004653277,0.5443890268220384,0.6168542293589546,0.6907712823122858,0.20179737555343255,1.2548451457929723,0.7147528643213833,0.17417867592807243,1.008098465565158,0.690079940823878,0.16482102593804454,0.8053592634113983,0.5912445488200413,0.20540779496447273,0.6976717355324292,0.5943093617964067,0.18131453348041032,0.6723753462404785,0.5801238538444999,0.15839101032293929,0.6796443810752633,0.574333939317786,3.4166666666666665
0.4287042102552926,0.839530123720809,0.7139121999388482,0.41111527221524147,0.3948512660168566,0.6856999280816991,0.383813662459943,-0.06388052368172627,0.7594297149343157,0.3958209187756203,0.012191609748582702,0.5035312507636579,0.44464289828245696,-0.014109707438759375,0.5549410913608718,0.3755957530646944,-0.14250421663519183,0.8111042740966601,0.241567834184539,0.8487531260895792,0.6599923032797991,0.20572271860174765,0.3921378003419938,0.6776484919207649,0.21744819269492488,-0.00952877860055508,0.6715129973773803,0.2547992736274592,0.036136879288674734,0.4680114847162238,0.20325929122652295,0.015075463811296166,0.5018615441204816,0.23278404492650864,-0.0923668188862675,0.7484078563303452,0.36591609526522817,1.3303062716763558,0.6879347512682487,0.3669109559996651,1.572013676687551,0.6770721347767432,0.37776810359622387,1.4578349678052533,0.6041848586958622,0.5164255966090368,1.2259409331733306,0.7528088402485377,0.5360772114616841,0.9705075475821592,0.7541476672653395,0.5475236179451533,0.7580973154405485,0.6879015768765904,0.4946807237251129,0.6580863954756336,0.6064712528047078,0.5071830780332628,0.6340900765598844,0.604202314445629,0.545340601506524,0.6156193238729991,0.6951062084505668,0.20274099410846252,1.2549126753714366,0.7172049238932879,0.17421402192222324,1.0080272212881176,0.6903911716502891,0.165493352903754,0.8050783776637036,0.5914877213371291,0.20621737252389988,0.6975574232427751,0.5949252692281513,0.1815635987520703,0.6725348599373728,0.5801121274510455,0.15975858638217005,0.6803786236030557,0.5727913309444065,3.433333333333333
0.4289127932624416,0.8402080851499606,0.714064447634015,0.4114015116262003,0.39462663918015173,0.6861407261764153,0.3838136440796666,-0.06388474851924056,0.7594305727963976,0.3961009891430877,0.014176937933541314,0.5010720501183671,0.44416302062531837,-0.012744884876449175,0.5526357986500496,0.37551357701480026,-0.14260234167594438,0.811154395787112,0.24226643663571493,0.8492727384569402,0.6596825521736734,0.20604791065660696,0.39233791952900965,0.6780032957489821,0.21711272063068154,-0.009065030975231717,0.6710876871462742,0.25479354963998835,0.03614000305851103,0.467999894523095,0.20331277723387242,0.015699131912896777,0.5021700742180119,0.2328730366170629,-0.09251599716607903,0.7488456140601347,0.3671304985713403,1.3301743786493208,0.6880834733700667,0.3674129929129025,1.5719991877094437,0.6774438347061569,0.37957389687684007,1.4584251065229175,0.6017418272670472,0.5163657097381844,1.2257060222476388,0.7525240139874474,0.5359469811894352,0.9709120798116724,0.7540284710369525,0.5477777821747035,0.7577297356793847,0.6891477489260305,0.4959797183666439,0.6572738684840218,0.6094185640500696,0.5073804315600138,0.6340275553461046,0.6043955415126734,0.5461079112727694,0.6143011459774693,0.6984270672574708,0.20333675664915055,1.2548244393856995,0.7192175307291628,0.17434832734300454,1.0076997728396726,0.6915466523434988,0.16611093209982997,0.8046310398094997,0.5917174334418012,0.20631386124706422,0.6981951258845953,0.5946343899444939,0.18159316359367955,0.6728220795472053,0.5799208851863863,0.1608177800704908,0.6807821436579334,0.5718427567810822,3.45
0.42909633958945914,0.8408777498102683,0.7142089714533308,0.4116904765046757,0.394210209728554,0.6867623759991242,0.38381730088813715,-0.06389526864826972,0.7594447313202759,0.39639214695284497,0.01562831848506946,0.498916231332547,0.4436297066032424,-0.011021323332373448,0.5500188127388148,0.37543751430409755,-0.14238273017805092,0.8111404153078038,0.24283151768228142,0.8496958926396824,0.6597119400032088,0.206551771587444,0.3923959346392676,0.6783364274716173,0.2167298976392238,-0.008691562814176587,0.6707295769203964,0.2547987052342947,0.03612802911641806,0.4679752557676115,0.20345940046210587,0.016477321870254677,0.5023019068294211,0.23292729494369718,-0.09262453373200852,0.7491737152091307,0.3679498782017348,1.3302076164652687,0.6881989398949682,0.36775068482620354,1.5720997240698782,0.6772692133763778,0.3817609234444199,1.4595226469884255,0.5988677585076506,0.5163038607108636,1.2256956938092196,0.7521774157218264,0.5358960133438014,0.9710136004453473,0.7539523003105953,0.5477655727541926,0.7576183444279599,0.6896360762381837,0.4972866596232247,0.6557521085786419,0.612501880639392,0.5074454332905387,0.6339423107120061,0.6045670196794223,0.5466968503079025,0.6129075543748145,0.7007005341153261,0.20344941349049755,1.2546228657258094,0.7205508822434431,0.17458093118428758,1.0071140960031424,0.6935155910130353,0.16661388747022654,0.803852748984325,0.591949845389727,0.20598654926666604,0.6996359666880105,0.5930176513505583,0.181534236862175,0.6730858637548471,0.5796784903334278,0.1615550666271905,0.6807532221540175,0.5715375288149647,3.466666666666667
0.4293042117098339,0.8415228853097607,0.7143571656715529,0.4119687567181139,0.39364134675297036,0.687512186305654,0.38382091337672586,-0.06389981487527328,0.759452445557405,0.3967644366527121,0.016610728034858913,0.49705693892080177,0.4431625447088554,-0.009305619710627724,0.54763116558266,0.3753748047682895,-0.1419897296494432,0.8110761780796197,0.24334058227554323,0.8500985260507468,0.6599604498825151,0.20719949112665514,0.3924105024830865,0.6786298349038637,0.21633439372246718,-0.008444867405533754,0.6704504318259222,0.2547899427798671,0.03607859372879091,0.46794203892987923,0.2036644893444071,0.017264907314047423,0.5022738004085258,0.23294596502752657,-0.09271630092348102,0.7493705384830055,0.36832146643844266,1.3301650122028268,0.6882552131023482,0.36827940879158905,1.572213908654861,0.6772763734030456,0.38420566348577395,1.4610224035299848,0.5954139105244467,0.5162918650054433,1.2257602700427426,0.7519911365938066,0.5359155443337352,0.9709220869393989,0.7539574790285128,0.5475289465194046,0.7576224728207939,0.6894774011065903,0.49843304345024536,0.6538780729497349,0.6152946510453685,0.5076828740469819,0.6338294205065877,0.6047140587749519,0.5471759692658573,0.6115113569509834,0.7023196928059908,0.20314632651394798,1.2544481050584309,0.7210204328013197,0.17488123791725574,1.0063578877435142,0.696018934225175,0.1669018291295134,0.8026792586692875,0.5921710355572907,0.20555069931162262,0.7017033163879011,0.5901401011949525,0.18146792436394343,0.6732804265758956,0.5794803417057482,0.16209779543966096,0.6802676087612539,0.5718269658693389,3.4833333333333334
0.42958415984001125,0.8421684347950866,0.7145213425832262,0.41225094643123567,0.3930272885439729,0.6883897405958891,0.38382408238787097,-0.06390162674093894,0.7594582311917562,0.39728075149240594,0.017257376732144072,0.4953858576585136,0.4429084103729113,-0.008093640029137192,0.5461948014948304,0.3753324207355123,-0.1415609106053583,0.8109537163999488,0.2438791937590476,0.8505410585250918,0.6602864708453786,0.20796653480340643,0.39249676940828765,0.6788771775593895,0.21599529248120528,-0.008405723605932322,0.6702587459087027,0.2547647348814827,0.035985451044995426,0.46789995996165973,0.20385746092149995,0.01790785283252304,0.5021932043207042,0.2329289388028825,-0.09272030871232415,0.749377572655781,0.3683235832373791,1.329905642179244,0.6882334691956321,0.3693608323855128,1.572250989296164,0.6779867677418538,0.3865556719131523,1.46265447277178,0.5917012219745685,0.516327370276109,1.2258352324171002,0.7519493264450756,0.5359636181902818,0.970793530558351,0.7540079687669996,0.5472659657996322,0.7576269784991492,0.6887860512085612,0.4992423247597242,0.6521875119156979,0.617432462820601,0.5083527257519945,0.6336890357761005,0.6048815248962183,0.54759376321564,0.6102228678786716,0.7036735598002438,0.20272689373230482,1.2544235677360531,0.7206524829600748,0.17520912188616458,1.0055468137842989,0.6986926734534558,0.16693287384831307,0.8012144707475787,0.592373375703044,0.20518058147728716,0.7039626827823046,0.5866381517754174,0.18141244157450637,0.6733938641377996,0.5793682894640514,0.16260937528262998,0.6793666999576582,0.5726962359418862,3.5
0.429943495703703,0.8428712125298735,0.7147061379287596,0.41255763770420145,0.392478157447955,0.6893981626377153,0.3838268417246318,-0.06390433496894254,0.7594669188678087,0.3978535407473087,0.017476429023822196,0.4941129993070786,0.44296310087188906,-0.0077778981577315,0.5462374371088377,0.37531056293986503,-0.14114885796172855,0.8107229708002391,0.24451706616123162,0.8511269198291443,0.6606327890729982,0.2088423669993858,0.3927594578353441,0.679090796021016,0.2157712780500739,-0.008593897386692945,0.6701579935393417,0.2547446994757251,0.03591886010303773,0.4678449650428026,0.20398508916089308,0.018288270624030448,0.5021301930556757,0.23288319993519901,-0.09259891072805262,0.7491947688258677,0.3681380161536111,1.3295346461256246,0.688141744756203,0.3711201102589988,1.572181184622961,0.6794492708967257,0.38839217945560656,1.4641306148254092,0.5883833309368436,0.5163894710241136,1.2259876386308035,0.7519720486516208,0.536013123531809,0.9707177468062809,0.7540600083979337,0.547259487109896,0.7575588562639977,0.687809898205249,0.499621207957721,0.6511312779656171,0.6186698141120139,0.5095266668283169,0.6335944538496521,0.6051082831803692,0.547954429028084,0.6091411503460722,0.7049190364819459,0.20257883404725877,1.2545488586447018,0.7197251599969716,0.17552035212969413,1.0047929590744644,0.7011616279539125,0.1668014884959966,0.7997062689058722,0.5925851747414909,0.20494002492055421,0.7057784808025017,0.5834981518256454,0.18137010100596385,0.6733975413520549,0.5793583413795771,0.163147722981083,0.6781340592524643,0.5741771165815472,3.5166666666666666
0.4303565108809335,0.8436658211834084,0.714904676299514,0.4129060790368262,0.39204489967788747,0.6905062823860928,0.383829497136248,-0.06390767563584446,0.7594777892128294,0.3982910101206494,0.01685022978882922,0.49394192695696504,0.4433085355574188,-0.008461687015900096,0.5477579243478479,0.3753037159233526,-0.1407582330304308,0.810350355356188,0.24532034845644107,0.8519691944641634,0.6609546154045667,0.2098236767462894,0.393229132458002,0.6792645830040711,0.21567334681598851,-0.00893354828432548,0.6701378748803734,0.2547672667322147,0.03601891299795813,0.46777776963495515,0.20403081563362518,0.018384935142971986,0.5020988330543573,0.23281946380975302,-0.09236619828294063,0.7488666618551797,0.36794543888359205,1.3292488811734897,0.6880130114293006,0.3733683055949771,1.5720215584161272,0.681382575861973,0.3894943798981693,1.4652733946959156,0.5859527663911459,0.5164610198246136,1.2263185212828764,0.7520163263277175,0.5360552952825168,0.9707084936430878,0.7540977347713935,0.5477182948930619,0.7573371899816473,0.6871399240371432,0.4996566227730175,0.6509492198749098,0.6190012835296744,0.5111330148164197,0.6337301089582313,0.6053758855810394,0.548274824103502,0.6084015218228127,0.7061518037762321,0.20299925309622316,1.2547503831549947,0.7184918306593719,0.17576707370066294,1.0041901310765642,0.7030642959521275,0.1666782149509391,0.7984441270910542,0.5928391563341964,0.20486142573946903,0.7065541551446727,0.581683038173652,0.18134796076722323,0.6732741196320716,0.5794521269145587,0.16364711481465488,0.6766720860386998,0.5762542481692211,3.533333333333333
0.4307963388948179,0.8445470928484525,0.7151045640558141,0.4133073065040751,0.3917192771722938,0.6916684319531279,0.38383275596815075,-0.06390948912612303,0.7594887074896436,0.3984930583302121,0.014999785160115575,0.4956248316753131,0.44382449467436835,-0.009934210624333403,0.5502321375907469,0.37530779970954425,-0.14043004710096021,0.8098829229295615,0.246317168935173,0.8530825371264334,0.6611319333242505,0.2109005443928508,0.39384801125979746,0.6793554480483561,0.21568020047910022,-0.009320518165886818,0.670184440298332,0.25486181735757196,0.036399028429161,0.4677064026234776,0.20401923632055657,0.018307743111906097,0.5020818052409333,0.23273643966262436,-0.09200254393909088,0.7483622536582343,0.36781687167366833,1.3291133947493399,0.6878642801587245,0.3757456636422377,1.5718114744378682,0.6834347576816624,0.39001893833841095,1.4660271129719946,0.5843327792970708,0.5165321972658861,1.2268488248362113,0.752071002970938,0.5360875873001205,0.9707675841606683,0.7541154134178655,0.5486861157710677,0.7569229637105213,0.6873620020910046,0.499566244672144,0.6516444074477119,0.6187530240747735,0.513030514641764,0.6342939561067892,0.6056314911259054,0.5486081425210336,0.6081684033407287,0.7075442267405999,0.2040648011394317,1.2550258017442657,0.7168961476333319,0.175908705465612,1.003793929073499,0.7041288715332148,0.1666731547949164,0.7976422817757348,0.5931080334921079,0.20493940478484318,0.7060269140549156,0.5817834778320979,0.18135338660023237,0.6730823739470788,0.5796368117910091,0.1640385507262091,0.6751208688917493,0.5788394761949118,3.55
0.4312467755279683,0.845487501884231,0.7152958787956546,0.41375543627914835,0.3914732304277406,0.6928629177341582,0.3838373471187883,-0.06390757240699213,0.7594993394749825,0.39844937896261234,0.011935819635514877,0.49929898990603894,0.44435993821814357,-0.01175911817398928,0.5529399431448714,0.37532053454827463,-0.14020796602390356,0.8094255980760816,0.24746522191993997,0.854368182245941,0.6610414782373785,0.21204218794542926,0.39457429648202447,0.6793186941750887,0.21576569696671252,-0.009690116803735438,0.6703036998319211,0.25503428368943887,0.03707898798090911,0.46763694789413296,0.20399329284461387,0.018215448137067505,0.5020602219577277,0.23262255951712385,-0.0914536429513072,0.7475893927357349,0.36774026959198597,1.3290463559383758,0.687692875223873,0.37793790831146934,1.5715812241426035,0.6853826254161699,0.3903478003599291,1.4664277680485764,0.583040938713425,0.5166011221706086,1.2275098201920258,0.7521273189924681,0.536110893163001,0.9708853969870395,0.7541111536058992,0.5500728231918177,0.7563831945015018,0.6885918747052455,0.49950826286117556,0.6529519756255029,0.6184159911122091,0.5149205407583636,0.6353022629409828,0.6058336980949901,0.5490148622078139,0.6084052460137989,0.709316447084537,0.20562427796971033,1.2555160898521869,0.714683747454115,0.1759381711357419,1.0036064597313157,0.7043441102033996,0.1667882846985787,0.7974021896815434,0.593301742971965,0.20509190958361362,0.7043402753258932,0.5838207567755591,0.1813794072008897,0.6729615611477002,0.5799081081509722,0.16434503304365508,0.6737055158262943,0.5817781178966221,3.566666666666667
0.43169486489432957,0.8464350783036942,0.7154738163365345,0.41423111522370887,0.3912960054796628,0.6941011297074013,0.3838432456061502,-0.06390057689942301,0.7595102172795755,0.39817796363985886,0.00798756355086691,0.5044207859987428,0.4448039767246962,-0.013464390522646544,0.5553244086087741,0.37533640894036036,-0.14005961122229313,0.8090563905264383,0.2486879979566307,0.8557002297838682,0.6606707811351363,0.2131973223146272,0.3954490587084263,0.6791474153166583,0.2158964049215959,-0.010037796692409534,0.6705093061722601,0.2552653941560411,0.03797847958018835,0.4675683595410294,0.20398099529966018,0.018188607962783987,0.5020271659786671,0.23247685962081638,-0.09072807085689663,0.7465483326200603,0.36774327065845847,1.3289508030558579,0.6875394914723252,0.37973082745249853,1.571308246662683,0.6871820648163013,0.3907610789777125,1.4665556787573564,0.5816931776286144,0.5166711364305334,1.2281920937796837,0.752165633240462,0.5361345174321047,0.9709768639231329,0.7541049869806093,0.5516938853163892,0.7558149925180293,0.6906174305221615,0.49947550714251143,0.6542839004187554,0.6183227562780764,0.5163566917710827,0.6364942811851972,0.6059564834460653,0.5495177895383356,0.6087232963631134,0.7115854149880101,0.207415594608866,1.2564120358635602,0.7117757802899523,0.17589502512840427,1.0036024174912608,0.7040560008097654,0.16696421634003225,0.7977175788520072,0.5933607287944239,0.20517799137693327,0.7019026957134248,0.5872991471564577,0.1813931034256288,0.673042475205433,0.5803015603669511,0.164633418229082,0.6727259830079649,0.5847464624226069,3.583333333333333
0.43212366347047726,0.8473181396652278,0.7156365935434376,0.4147300574317172,0.3911903310075907,0.6954025420872126,0.3838489877722981,-0.06388898710525381,0.7595204625855879,0.3977662418441458,0.0036196392053440968,0.5102653812077325,0.4451017336019019,-0.014723246164645806,0.5570721556202345,0.37534807597328107,-0.13991198514588252,0.8087755300681153,0.24992223879646958,0.8570105389239829,0.6600974744371895,0.2143116413761722,0.3965328434358773,0.6788600982068331,0.21602302658603922,-0.010371828541148043,0.670779384859075,0.2555068901611768,0.0389068461884645,0.46750408665192644,0.2039871349812048,0.018212909524787047,0.5019839890247985,0.2323172953935336,-0.08993324750855627,0.7453888154920828,0.36792545413838407,1.328786589932898,0.6875012885442517,0.3809838820933308,1.5709339621811005,0.6888147851532529,0.39134667220674085,1.4665491562165496,0.5801715951913141,0.5167429219672365,1.2288011102934024,0.7521691061648567,0.5361738429567154,0.9708876930458245,0.7541381540071082,0.553248279397603,0.7551971127843741,0.693344043270542,0.4994004070024403,0.6548743424890128,0.6185581066579615,0.5170716905511528,0.6374882575149048,0.6059782949514614,0.5500749315306989,0.6085758809006505,0.7141997157251471,0.20916457765263224,1.257737960784705,0.7084223799570641,0.17583401750283834,1.0037828514209808,0.7037444995989306,0.1671307054335207,0.798470388603197,0.5933489771085094,0.20513514153085796,0.6992819583402254,0.5913651290825166,0.18138021811727634,0.6733888224941642,0.5808082673260487,0.16489847284018916,0.6724763301470521,0.5871270226491894,3.6
0.43251201885867063,0.8480915188614266,0.7157793249818918,0.41527907150129967,0.3911541272331148,0.6967688566296104,0.38385237522598137,-0.06387515696057867,0.7595280565850715,0.3973277517118098,-0.000604632477353248,0.5161281594671453,0.4452366861930671,-0.01539546013237808,0.5580238515803712,0.37534811405100343,-0.13970580441608252,0.8085246863926621,0.2511168837068222,0.8583000016933187,0.6594100610927358,0.21534569044852628,0.3978350946343269,0.6784648674762568,0.21610154725942726,-0.010641263253465025,0.6710567891178465,0.25569041939837817,0.03959870010720666,0.46746099381358164,0.20400582327912828,0.018252759902894128,0.5019312030362664,0.23216699410161115,-0.08919751037126263,0.7442981983750132,0.368365876046994,1.3285261639806893,0.6876477936410053,0.38178026967803674,1.5704503383009913,0.6900575499301957,0.39211709472767553,1.4666726302873858,0.5784598423913978,0.5168096151221742,1.2293048576282573,0.7521428845299017,0.5362391853146458,0.9705054167339058,0.7542413378258501,0.554350754874175,0.7543736467127735,0.6968581428723262,0.49933955858535306,0.6542491906001875,0.6190364433235974,0.517234712275687,0.6380155188717954,0.6058942449302026,0.550611243850917,0.607628455592148,0.7167934122487158,0.210612164944964,1.259198885517069,0.7050760029799747,0.17578417961454704,1.0041851089831832,0.7036671743884476,0.16722925557344842,0.7994591113540568,0.5934271651785186,0.20515310919248944,0.6971728689972678,0.5948644899179449,0.18143182806085292,0.6740346345182375,0.5811802022363828,0.16504788515884072,0.673144629691472,0.5881746754990372,3.616666666666666
0.4328368676980188,0.8487661632386543,0.7158894736448866,0.415903923950961,0.3911953174583811,0.6981800518942727,0.38385221614661075,-0.06386133984792201,0.7595322537957144,0.3969252238919535,-0.004033862840828781,0.5210368548959591,0.44523341604021915,-0.015519549431070909,0.5582070192646064,0.3753269204839276,-0.13937502471070318,0.8082403767523366,0.2522061446132121,0.8595778552494778,0.6586922335019632,0.2162902579644768,0.3993177601188333,0.6779538696363085,0.216123457355868,-0.010769134036844638,0.6712949794580781,0.2557598977178689,0.03983549197645618,0.4674555096698986,0.2040266761271673,0.01829613596631545,0.5018670055806711,0.2320398043059001,-0.08859119573819169,0.7433848326980826,0.36904842589456266,1.328114753622716,0.6879455755625217,0.3825950251537885,1.5699362156962642,0.6904538258045088,0.3930832181263788,1.4672287170500158,0.5764993098530142,0.5168615300715099,1.2297200386704785,0.7521092758324316,0.5363298668936621,0.9698353728047336,0.75441346781883,0.5546925101383293,0.7532292786288303,0.7010465222246354,0.4995201690392075,0.652637873538971,0.6194619951300399,0.5172994028470708,0.6379748292991974,0.6057362237990528,0.5510506595386255,0.6060099252953608,0.718918379776087,0.21155064081527242,1.2603074823948512,0.7022645084773289,0.1757475013937487,1.0048344224032706,0.7037986165501442,0.16724057796569367,0.8004925180973178,0.5936712509775507,0.20560410728553516,0.6962326084217061,0.5965335741044062,0.18173027641857809,0.6749707371307122,0.5809783125736893,0.16499481579368663,0.6747013244895325,0.5874927522566931,3.633333333333333
0.43307368296616255,0.8493686881338851,0.7159558057726008,0.4165936638564322,0.39134627720749315,0.6996090905115234,0.3838491333767373,-0.06384804993452653,0.7595348846454015,0.39660426065691246,-0.006055078376949755,0.5238405565384784,0.44516542926610264,-0.01531333050573766,0.5579115624752842,0.3752789643418234,-0.13888256189542952,0.807903237087373,0.253111181009178,0.8608224781289584,0.6580067803589356,0.2171673930046801,0.4009240757301663,0.6773246172419503,0.216106891687572,-0.010732826235030232,0.6714737778134342,0.25569670972488723,0.039543252171004836,0.46748515185629613,0.20402509355287865,0.018339223066773352,0.5018040725407927,0.23193780293339583,-0.08812160217682469,0.7426669577782972,0.3698771706343694,1.3275508115976136,0.6882586906978118,0.38404984653542196,1.569505632358697,0.6895617221927504,0.3942402192602942,1.4683137054486333,0.5741880739023557,0.5168946975771841,1.2300666332804193,0.752088038581393,0.536437678867409,0.9689722947405819,0.7546295653229573,0.5542044091918826,0.7518435491318173,0.7053663303387658,0.5001752552331614,0.650842296887224,0.6193729385487412,0.5177010573854562,0.6373696065300608,0.605571831918714,0.5512961534281623,0.6042451712914412,0.7200550152924935,0.21191410759840848,1.2607230931506834,0.7004725049873811,0.17571735059758903,1.0056796688243528,0.7040224673472512,0.16724722946776896,0.8015188061904306,0.5938715940893694,0.20672576916457583,0.6967415242264183,0.5955671500105459,0.18240180718687748,0.6760263459040977,0.5799438301288002,0.1647314948035452,0.6768704564878263,0.5853029677529615,3.65
0.4331995640051139,0.8498902500929427,0.7159800418519321,0.4173123608643799,0.3916534987280621,0.701037465736129,0.3838448720232027,-0.0638346328034755,0.7595389266869798,0.3963956086856797,-0.006314015962563854,0.5238843010768278,0.44511499070130456,-0.01504999727752665,0.5575283612204107,0.3752099755083994,-0.13828875679162506,0.807535057152709,0.25379617813124933,0.862012372854271,0.6573271019296847,0.21800129976233112,0.40259227094189065,0.676612225783446,0.2160657760210699,-0.010545200111309272,0.671573180400076,0.25551975975115293,0.03880842240668134,0.46753162069998944,0.20395629575200372,0.018345662507492005,0.5017987653377103,0.2318565556529504,-0.08776690516730284,0.7421204910903654,0.3707256741832282,1.3269837155673532,0.6884159495637804,0.38641404140232094,1.569252182751966,0.6872258764986134,0.3955016886139775,1.4697424524912146,0.5715621591209388,0.5169130574693617,1.2303968869337119,0.75209202724631,0.5365516537335432,0.9680439165887759,0.7548571672374573,0.5530896851250462,0.7504062397102527,0.7091995174829206,0.5013544126510102,0.6497037938386316,0.6184431483592894,0.5186983609458675,0.6363310992592346,0.605469751864115,0.5512533104509235,0.6028802714616538,0.719790420630372,0.21185661109729073,1.260411599016146,0.7000443086343143,0.1756786333745216,1.0065451193113955,0.7042731964466,0.16744871186193205,0.8026263951925516,0.5936142715614695,0.20847362667138503,0.6984047705687405,0.5920768056951856,0.18341046679550405,0.6768698958508398,0.5781989391961957,0.1643369827629232,0.6792244355471635,0.5822441531536953,3.6666666666666665
0.43320715627336515,0.8502993436106462,0.7159712211728617,0.4180273676355768,0.3921515574378337,0.7024474940120455,0.38384106239127375,-0.063820291703761,0.7595453393048107,0.39623207108037994,-0.004935745387657453,0.5215437202348366,0.44511371023845986,-0.014872542221257931,0.5572716477852384,0.375133358503122,-0.1376995870798105,0.807154830290594,0.25431848657510425,0.8631507983962197,0.6565410421491173,0.2187909309194485,0.40425855508358344,0.6759367282196589,0.21600674232809403,-0.010215556864646674,0.6715478064915467,0.25527249592283174,0.03785205486132276,0.46757821971516794,0.20380715994871562,0.018237066660552803,0.5019481328284984,0.2317934169623379,-0.08750815132908094,0.7417225060421219,0.37148017859377885,1.3266186032919276,0.6883643154723814,0.3894475009110194,1.5692324383970009,0.6836702514465824,0.39670658468005,1.4712374376177675,0.5689157317791547,0.5169237701540348,1.230788186507711,0.7521261979411095,0.536659432196424,0.9671826652281579,0.7550669992671344,0.5517235062716718,0.7490304806389031,0.7123583174964538,0.5029184886370086,0.6496913931323403,0.6166821477133764,0.5203490317974433,0.6352047708884778,0.6054567936388798,0.5509222582647022,0.6021736057621038,0.7181868953744841,0.21172512363369173,1.2595102483193665,0.7011789542889837,0.17560042403659198,1.0071634996254428,0.7045588430731559,0.16806582755385518,0.8038592685045368,0.5926400075827736,0.21068343898449798,0.7005478333705151,0.5869773403533265,0.184590848584132,0.6772112171110265,0.5760786640936015,0.16394053773595185,0.6812392110071726,0.5790982889610348,3.683333333333333
0.4331249968921969,0.8505892799892365,0.7159380386262644,0.41871521508185344,0.3928170400329635,0.7037963120236256,0.38383853700930476,-0.06380465267830078,0.7595522156458063,0.39603577292264325,-0.002501634164558564,0.5179720813442563,0.4451423801904539,-0.014776265774063255,0.5571409217351942,0.3750659506750357,-0.13718382694200862,0.8067796785876593,0.25478320203670346,0.8642367773139149,0.6555695030214405,0.21951069048840594,0.4058668335173977,0.6755025353340439,0.21594419675079923,-0.009774390142961414,0.6713624150554168,0.2550098965348279,0.03696487080520208,0.46761599399959286,0.20369256555593168,0.017988713017838318,0.5022698884935227,0.2317522491471082,-0.08734430359602297,0.7414675987713824,0.37207748034730337,1.326502984728881,0.6883228656288138,0.39265564456082425,1.5694685706032967,0.6794230080489204,0.39778113906301127,1.4725863427314207,0.5665927848763319,0.5169337206740442,1.231220001861929,0.7521760469879066,0.5367469588642549,0.966513275369473,0.7552348601231986,0.5505187289449933,0.7477910904402962,0.7148787352658684,0.5046576744915656,0.6508324381055655,0.6143304452962279,0.5225504325940273,0.6344726685140453,0.6055180346146399,0.5504110968738603,0.6021637167326219,0.7157712544099522,0.21188564771411356,1.258224688110614,0.7037379113974159,0.17547829788546657,1.0073254611062923,0.7048594115291086,0.16921770777654432,0.8050844487522919,0.5910263419079873,0.2132330332121739,0.7025243282201916,0.5814710656698516,0.18577676025812564,0.6769721724807168,0.5739287833683828,0.16365988263947212,0.6823307716967713,0.5766791444664868,3.7
0.43301743695619,0.8507905495827968,0.7158948919331002,0.4193546375090087,0.39355813684281254,0.705009246763221,0.38383740151400586,-0.06378848187992216,0.759557679478388,0.3959149175091491,0.00036113172201464316,0.51416918275009,0.4451750650480256,-0.014718125491398351,0.5570664160312099,0.37502215398609057,-0.13677671373068906,0.8064546696534168,0.25525310876649393,0.8652486290386809,0.6544223451094022,0.22012282765877092,0.40738294632631217,0.675470788143351,0.21589820513776148,-0.009284392644966069,0.6711030765895236,0.2548020079123742,0.03639325938907022,0.4676334840573591,0.20383857831686003,0.01777798944466144,0.5025209729153935,0.23173927170288025,-0.08728597936161459,0.7413614917082338,0.37251733456679154,1.3264855685483437,0.6886901190009447,0.39561874423569066,1.5699274268852426,0.6751967220850641,0.39884816205737594,1.4736342734038532,0.5647076795238021,0.5169505123438721,1.2315598398009107,0.7522119391329597,0.5368018782323671,0.9661259978603018,0.7553411599569873,0.5498251131316055,0.7469049046473459,0.7164166125957792,0.5063622693868315,0.652835791034494,0.6117102253096072,0.5250448572332247,0.6344662272629994,0.6056278647004515,0.549845887264966,0.6028723961573816,0.7131200376735036,0.21251170428230037,1.256885321751418,0.7069196873580645,0.17542247498585473,1.0070297053571073,0.7049501728655417,0.17085692782019954,0.8060634669035364,0.5890331155713768,0.2160303917932363,0.7039550048970322,0.576578606748257,0.18693558334773386,0.6762837677995779,0.5720550367273498,0.16355346116457672,0.6820721060035517,0.5756490594196211,3.716666666666667
0.43294349593885123,0.8509342465771373,0.7158609538458437,0.4199240711574912,0.3942806643735329,0.7060018217508692,0.3838371927582033,-0.06377358707574783,0.7595616859213599,0.39608954708289235,0.0032706984087665925,0.5106023084536329,0.4452022596443229,-0.01468124552327603,0.5569897725271996,0.3750037253510463,-0.13649472397767787,0.8062334599092492,0.2557486339689197,0.8661814992792066,0.6531421445351131,0.22059717946681648,0.4087909456195573,0.6758202769469864,0.21587762084008974,-0.008801329278149944,0.6709802491121236,0.25473898595907163,0.03620116357038697,0.4676126085034642,0.2044128877719077,0.01794324581108231,0.5022560491094331,0.2317563480234247,-0.08734131434231614,0.7414105002830864,0.37284754573559675,1.3263852354786454,0.6897530896217356,0.3982109598242794,1.570456130608923,0.6717903816781747,0.4000704698087977,1.4742192371817728,0.5632111922293235,0.516984030735617,1.2316584563084352,0.7521997679415924,0.5368222770718172,0.9660230784374645,0.7553819823946315,0.549835831065647,0.746676452910509,0.7163838017510507,0.5078214978365623,0.6552003807494771,0.6091786390520949,0.5273889890969938,0.6351422303517248,0.6057557226154623,0.5493120471422145,0.6042742085525988,0.7106265007426606,0.21354970175794524,1.2559055488459276,0.709492750020162,0.1756433309391221,1.0064903731483321,0.7044404757213987,0.17278849466327334,0.8065993480819325,0.5869349684740229,0.21892853506113674,0.7046908368071297,0.5730176702186287,0.18814737936895,0.6753703119836525,0.570728990547384,0.16363317098762342,0.6804595758570853,0.5762747397669128,3.733333333333333
0.4329140617828358,0.8510156355277244,0.7158455393969277,0.4204048388734141,0.39494348100877064,0.7067044860346329,0.3838373638941596,-0.06376142743445677,0.7595646125308368,0.39666978552517024,0.005927147013607456,0.5077378009873541,0.4452271129513946,-0.014681026117180376,0.5568788018143799,0.37499868431036126,-0.13631016777183932,0.8061380043548998,0.2563062344286899,0.8670834795746694,0.6517752996854491,0.22094297878515123,0.4100990402582832,0.6763594762244,0.21587276179657924,-0.008335032697351377,0.6711243357747124,0.254886019704162,0.0362406792440122,0.4675449543045573,0.20540938912687284,0.01872360084246992,0.5011707149888517,0.23180052896924652,-0.08751136235314264,0.7416173151331394,0.3731404902076849,1.326114804412793,0.691563409149814,0.400639044061768,1.5707914915182366,0.6698450623475012,0.4014435762935723,1.4741661887752169,0.5621587103132504,0.5170428261099846,1.231383629479032,0.7521029200050052,0.5368208386237674,0.9660919675821042,0.7553813827755849,0.5505124991548023,0.7472342857147176,0.7146346740372367,0.5088357391558842,0.6573416369267981,0.6071038525218537,0.5291207130922941,0.6361615158655054,0.6058593696302235,0.5488603544024879,0.6061124387276251,0.7085566892954213,0.21483261788564184,1.2555507923009193,0.7105417502932414,0.17628885867925248,1.0060070427046912,0.703087615071638,0.17474609483681275,0.8066223414993422,0.5850215295315782,0.2217031736377872,0.704746552461088,0.5712124917869494,0.18944418535298324,0.6744320733463449,0.5701462056366602,0.1639169754700771,0.6779029719444877,0.5783472032912348,3.75
0.43290332600289,0.8510024705444243,0.7158488332137751,0.42078727411806655,0.3955328035263363,0.7070881987597618,0.38383810540265867,-0.06375180481297392,0.7595654514350749,0.39761190382793854,0.007923871782452144,0.5062238924916878,0.4452531710726164,-0.014730231858579412,0.5567449707798138,0.3749913848789905,-0.13615055239729681,0.8061552994812791,0.2569749715698998,0.8680166677587653,0.6503882403362679,0.22122201140730016,0.41136293927112955,0.6768486549966809,0.21587037435576445,-0.007872796123551032,0.6714589464092996,0.2552166312970154,0.03633644230616727,0.46744879495129393,0.20668913784239723,0.020102826286543612,0.49930980741619724,0.23186854839609605,-0.08779565432210254,0.7419824102344642,0.3734413976272838,1.3256348006525296,0.6940098979276489,0.4032937392783821,1.5707452953684364,0.6693844479477138,0.40287236396418824,1.4734248656080586,0.5617204148164211,0.5171255542682982,1.2306871079043162,0.7519066325069933,0.5368148856352727,0.9661810738317204,0.7553753989780205,0.5516022957846984,0.7484155258283469,0.71171444557382,0.5093011402072736,0.6588090663169031,0.6057927963803478,0.5300707024377056,0.6371737491865023,0.605905115725633,0.5485287315335714,0.6079156783318279,0.7071225836432656,0.21615164747656573,1.255749037274671,0.7098511361478432,0.1773351706557897,1.0058119717799596,0.7009807704839706,0.17646491038444373,0.8062043206589354,0.5836126301803561,0.22418283518131393,0.7043565822699586,0.5710944779916279,0.1907660190708546,0.673622687989285,0.5703049876895017,0.16443134131704462,0.6749678251132376,0.5812588117180992,3.7666666666666666
0.4328908261469052,0.8508708936837963,0.7158760531688738,0.4210776210398748,0.3959993405669328,0.7072057063572829,0.3838401681647381,-0.06374318633537909,0.7595617813533986,0.39877379886817155,0.008938607730660186,0.5063412673683761,0.44527225289075134,-0.014773579469759546,0.5566494557229805,0.3749743653307216,-0.13596399147907554,0.8062655821082518,0.25776968180298904,0.8689666031596727,0.6490576512630103,0.22151295832567863,0.4126389534249941,0.6771455105742968,0.21587216559217426,-0.007458536019858394,0.6718320594088465,0.2556247031220087,0.03646910210485041,0.4673614862747595,0.2080620995945462,0.021891555009792688,0.4969444378003646,0.2319592316003511,-0.08819450077847696,0.7425051680878414,0.37374049809967436,1.3249169664213887,0.6968022803753471,0.40653117458275023,1.5703686465217603,0.6696119568975243,0.40438748637134736,1.4721922208824272,0.561924599752273,0.5172180111328676,1.2296831252509437,0.751643723569131,0.5368131814734148,0.9662124269445256,0.7553803130004552,0.5527796341212168,0.7499199157016401,0.70847478992689,0.5093120071185009,0.6594541210672747,0.605326206694236,0.5304104565744865,0.637988374776639,0.6058931821390992,0.54835547857364,0.6092922248980792,0.7064665926843651,0.21727510346937945,1.2561210387479855,0.7077862444103435,0.17863466380984205,1.005994909106132,0.6984252744554248,0.17774040585344564,0.8055148146277462,0.5829441177754516,0.22639260593618132,0.7039520462928638,0.5719614737664489,0.19206299321382536,0.6730744251546891,0.5709354542931845,0.16515804357926972,0.6721390771513753,0.5842235818489575,3.783333333333333
0.432875238299465,0.8506337728739337,0.7159329087491284,0.42129514902819637,0.39624395941778234,0.7071972907438412,0.38384377359905103,-0.06373472882453587,0.7595518177141296,0.3999327835668983,0.00919321236751855,0.5075676780476338,0.44526726937100386,-0.014690165685402032,0.5566745315968479,0.3749511954854629,-0.13576363402053712,0.8064610260102306,0.25865192071524806,0.869832797527562,0.6478507475229577,0.2218630727677261,0.41387315357172993,0.6772894166197766,0.2158894059840492,-0.007209610468394037,0.6721781763937918,0.2560055300273414,0.036731422379420425,0.46731350718083176,0.20932570621500113,0.023852765823268618,0.4943714860746567,0.2320712389060324,-0.08870146598313292,0.7431801729905168,0.3740424893127928,1.3240272502545212,0.6993493302806959,0.41049177622247246,1.569876499739543,0.6693990389419073,0.40613715464342937,1.4707872103237125,0.5624906534490115,0.5173014746535005,1.2285685189473217,0.75137218419502,0.5368157950335262,0.9661950377542705,0.7553872947522806,0.5538091483108882,0.7514575615338112,0.7055784068658685,0.5091277374070899,0.6594519773551543,0.6054337780444352,0.5304189135453763,0.6385215280690211,0.6058624501908986,0.5483550893439024,0.6101737143664187,0.706545339373499,0.21803886641176412,1.2562598904528712,0.7050323421933113,0.18000335070276086,1.006519781922326,0.6957756325435795,0.17849687851595894,0.8047655216890983,0.5829847385890661,0.22843641884037297,0.7038780906540243,0.5729051505845745,0.19334029742028755,0.6728642865377391,0.5716296662042197,0.1660345471292121,0.669729269414262,0.586595334173006,3.8
0.43285860104193274,0.8503396638117516,0.716014962096397,0.4214513571075209,0.39619014092998434,0.7071986296302469,0.38384806107322245,-0.0637274881113255,0.7595359578980789,0.40083131712765974,0.009523072434577437,0.508839206910967,0.4452302870715922,-0.014393264831987773,0.55687686561075,0.3749261086659477,-0.13557122355559972,0.8067298903256452,0.2595512631081714,0.8705248028157812,0.6468263153126609,0.22227284926070312,0.4148832523104384,0.6774228685182314,0.21592612916105872,-0.0072151172969778105,0.6725233717079896,0.2562986116661361,0.03718859957316388,0.4673110495679728,0.21028805638755965,0.025732605443084824,0.4918678080245166,0.23220100434763014,-0.08930081583976249,0.7439975877909343,0.37440924713258067,1.3231588702939119,0.7008558704215305,0.414992613139078,1.5694598441188943,0.6680524641578599,0.4081649612145963,1.4694269290461934,0.562985070203085,0.5173641610158757,1.2274988829954132,0.7511350820690044,0.5368222120852744,0.9661619443882189,0.7553823908678348,0.5545836342671149,0.7526804199477168,0.7033856265649332,0.5089775331408927,0.659166659179873,0.605675442905115,0.5303089535549684,0.6387122859015502,0.6058962570096607,0.5484781288740987,0.6107306979995155,0.7070476785585643,0.21852355483968705,1.2560782251271447,0.7021960019751253,0.18126059193632277,1.007253672386668,0.6933675196392406,0.17882184189736133,0.8041801303263103,0.5833868618318352,0.23024925545325203,0.7041218645561104,0.5734543395713004,0.19462841034844192,0.6729896678843289,0.572000631686622,0.16702563789385866,0.667887919991341,0.5880611762642133,3.816666666666667
0.4328369053326402,0.8500335726226601,0.7161124778562233,0.4215321599586912,0.3958545938169813,0.7072527149447506,0.38385164210501743,-0.06372358498333866,0.7595165016322103,0.40128169643719797,0.010701254151140135,0.5092886145018216,0.44517055494609836,-0.013895106431604937,0.5572613611521354,0.37489722852358315,-0.13537066388676058,0.8070384584547509,0.2604133364020861,0.8710280050113768,0.6460202332698292,0.22270794274947975,0.4155022066051472,0.6776320231134008,0.2159768840671533,-0.007445893578426996,0.6728947567968758,0.2564689064290901,0.03783996786173667,0.46733238771165625,0.21081881223898824,0.027250083411496984,0.4897492253019262,0.2323439382919701,-0.0899764178931403,0.7449488708603361,0.3749067983675256,1.3225175369206457,0.7007492399725922,0.4195963344939626,1.5692094483373067,0.6656272518683622,0.41030242325875327,1.468193393105621,0.5631572380323793,0.5174056430104673,1.2265917264388078,0.7509529416090894,0.5368345605364702,0.9661319342576892,0.7553617623290158,0.5550652073507193,0.7531767479678333,0.7020991286858174,0.5089219730374045,0.658903040953469,0.6057917216118467,0.5301994941455666,0.6385479344753034,0.6061125607930878,0.548636111765396,0.6111000654307225,0.7075856221843856,0.219072399791171,1.255852250732297,0.6995505912394423,0.18224076973453657,1.0079792976168402,0.6915014093816614,0.1788966429949071,0.803903096459557,0.5837302237944191,0.23161287049078086,0.7044264958768803,0.5736382383407511,0.19594266412838712,0.6734316962597019,0.5717225384163268,0.16815115891181862,0.6666042507792423,0.5886689764307509,3.8333333333333335
0.43280675130956425,0.8497221267168017,0.7162153284157015,0.4215108003557906,0.3953258336165739,0.7073465976057183,0.38385369305749145,-0.06372508573419243,0.7594974726713237,0.40123208969766067,0.012754994500701111,0.5087115047803488,0.44510138295443397,-0.013265013914357998,0.5577783479468169,0.3748633362357227,-0.13516118406148162,0.8073430351365466,0.26124734941807526,0.8713850486525917,0.6453895280814064,0.22312606704031968,0.41571899955117453,0.6778879403555527,0.21603446683647567,-0.0077988529044722005,0.6732600919644033,0.2564895355106143,0.038669884889051404,0.467318223698779,0.21092272794193961,0.028165041943673988,0.4883228426783698,0.23249381960242085,-0.09070730400120894,0.7460110964558537,0.37560307215259475,1.322195378258103,0.6990698860090319,0.42383807006365815,1.5691491046880917,0.6627246243437965,0.41232829340386734,1.4671558876330857,0.5630779371905243,0.5174322854079902,1.2259396116854688,0.7508314567584129,0.5368547489537276,0.9661088012833695,0.75533301968607,0.5552608034792209,0.7527355128700022,0.7017726504145543,0.5089129655384302,0.6587627864885355,0.6058007366063637,0.5301292937617766,0.6381520863310289,0.6065343379444913,0.5487738691487529,0.6112667948698701,0.7079973464904575,0.22003408202492175,1.2559360164822668,0.6972047372486497,0.18282135155108908,1.008477069502064,0.6903972976924311,0.17888867372457362,0.8038872981163881,0.583841243211905,0.23239592654055274,0.7046210026830768,0.5736226863411595,0.19723752407573691,0.674187560148875,0.5706140917295288,0.16942408074824106,0.6657003479071498,0.5887695529696289,3.85
0.432770998801184,0.849391138472435,0.7163133367103306,0.42138660628971564,0.3947083928337184,0.707482647173102,0.38385467951626107,-0.06373299980036634,0.7594828710776819,0.4007788981593889,0.015099930819143195,0.5072789881401546,0.4450243535195013,-0.012551697764864991,0.55831837546827,0.37482829586630834,-0.13499650608569588,0.8076081181529634,0.26212248060662313,0.8716484348708621,0.6447968621277724,0.22349518352507916,0.41564169942737705,0.6781338078958129,0.21609355643757475,-0.008189291779887226,0.6735581203214343,0.25636691465047434,0.03964972500722559,0.4671713908483753,0.2107684354320268,0.028436726773004392,0.48768748193258765,0.2326377297410582,-0.09143601917085827,0.7470982850348331,0.3765955925835878,1.322156026817615,0.6964569683005585,0.42736155505018686,1.569252800833327,0.6601908484917914,0.4141468297070946,1.4664262718030325,0.5629835345052947,0.517449830159347,1.2255617658434241,0.7507631322869717,0.5368816135571328,0.9660889347786544,0.7553089791844287,0.5552460997937715,0.751537422000125,0.702206075647095,0.5089134341763728,0.6587111824976815,0.6058258155421586,0.5300917178707024,0.6378068982961185,0.6068821285724695,0.5488809326236389,0.61119008778895,0.7083225477623935,0.22153237324342517,1.2565111405778049,0.6952135249939956,0.1829946438646918,1.008667212435482,0.6900639925606432,0.1789102761528173,0.8039628548680232,0.5838033906241604,0.23267842567380512,0.7047237672486226,0.5735211000890598,0.19844739567900987,0.6752164379164294,0.5687256494091868,0.17078609524507155,0.6649290947368771,0.588791603238475,3.866666666666666
0.4327379074554422,0.8490499880737215,0.7163981578003632,0.42120988345115934,0.39408268533015933,0.7076703479561984,0.3838566464783489,-0.06374482057429522,0.7594713579712719,0.4001276116463439,0.017201416183893634,0.5050382139693715,0.4449293329192754,-0.011757453225020045,0.5587187174275329,0.3747956666546952,-0.13492226930508136,0.8078004180670633,0.26308600474325256,0.8718545847252019,0.6441211479984988,0.2237825377606037,0.41537062625744603,0.6784032617433898,0.21614680546213172,-0.008563110777126043,0.6737659865148591,0.256180830011911,0.04060492364110502,0.4668608324267323,0.21058426874412617,0.028295123406899464,0.4876217775648347,0.23275568084439824,-0.09205375173228024,0.7480439535926104,0.3779289997640781,1.3223132552120072,0.6937281880384208,0.42994260988950994,1.5694237450505593,0.6588395704327907,0.41574140187875047,1.4660844942374252,0.5630529932889297,0.5174601601972161,1.2254211508553132,0.7507370836156196,0.5369112756806255,0.966067812910188,0.7552989398324635,0.5551588474522641,0.7500196792753562,0.7029767508162422,0.5089295396187339,0.6586960468497739,0.6059205362812926,0.5300749366214026,0.6378309312779488,0.6066135236758676,0.5489405896168575,0.61094168759177,0.7085024626646046,0.22346595903759597,1.2575289867611412,0.6934254424423256,0.182914709849649,1.0086527220532835,0.6902080544215063,0.1790191201700192,0.8040164415734729,0.5837447962543216,0.23267866574600163,0.7048061251619979,0.5734007629511867,0.19958461192426602,0.6764276875155465,0.5662778886398325,0.17211272571983247,0.6641506533142999,0.5889581808650205,3.883333333333333
0.432718640939229,0.8487467181273985,0.716460110505893,0.4210490189310194,0.393468477235205,0.7078800436869273,0.38386282742648725,-0.0637527177687934,0.7594538235239617,0.39949146379308126,0.018841354947275957,0.5022024922428865,0.4448206276765676,-0.010941829108995105,0.558863706993088,0.3747637050167133,-0.13489120987697722,0.8078808779133035,0.26409364796465484,0.8720417331193393,0.643366879571077,0.2239569393064248,0.4149503648072015,0.6788006495814448,0.2161751554910073,-0.008870126815712434,0.6738983490276187,0.2560619699862647,0.04112661479946944,0.466608133537189,0.21049567257427138,0.028064862045115838,0.48777677812111303,0.23283249051777213,-0.0924558520534812,0.7486879216467611,0.37949705678723,1.32259137208042,0.6914543493342514,0.4315879072770582,1.56951248091762,0.6591413998340097,0.41705610994206543,1.466075865634042,0.5633159112534694,0.5174639443797165,1.2254502137938577,0.7507411384661873,0.5369385990370003,0.9660481476502821,0.7553032239940768,0.5551614822278973,0.7486259030424903,0.7035647494299346,0.5089781407573405,0.6586898750970108,0.606024844174552,0.5300753313823623,0.6384281274096072,0.6052914274778831,0.5489106793830592,0.6106644345770231,0.7082832080355846,0.22560283060812478,1.2587441608343355,0.6915837862905948,0.1827975923660019,1.0085986986735282,0.6904220516494926,0.179196568666029,0.8040404744836795,0.5837188785187419,0.23260574502288192,0.7048993827963494,0.5732873166939878,0.2006872319450922,0.6777394965229143,0.56358971843338,0.1732605785568012,0.6634045143265571,0.5892554714726199,3.9
0.43272101398976653,0.8485398149077605,0.716482665461785,0.42093474081640764,0.3928428399555856,0.7080457909525902,0.38387409108404646,-0.06375080774946146,0.759424639001622,0.39906395451174603,0.019789385964050887,0.4997588757840464,0.4447545489606072,-0.0103871389222428,0.5588668999059535,0.37472713944392244,-0.13479551885003965,0.8078432517590705,0.26504871460100193,0.8722510992572513,0.6426138429504065,0.22403168107253524,0.4143967967681098,0.6793357883733253,0.21615220757197143,-0.009072039387370043,0.6739547167401521,0.25609798561098124,0.04081361001166592,0.46685550590778985,0.21049632180603994,0.027917774045658456,0.48797480493816575,0.23286813099208153,-0.09261115758225455,0.7489769248300908,0.38106947040020733,1.3228914462424939,0.6899091359665886,0.43259751404801583,1.5694078949566441,0.6610299818120109,0.4180550255507641,1.4662142654884147,0.5637036710642341,0.5174640912379436,1.2255357223749772,0.7507531311318303,0.5369576346007764,0.9660495175610406,0.7553141974110947,0.555402257774755,0.7476732922096415,0.7034718358090074,0.5090619278055941,0.6586805404516681,0.606048343921378,0.530097962779319,0.6396175631304429,0.6029300640916639,0.5487541425613083,0.6104546355367716,0.707433676475482,0.22763584994412517,1.2598164629537347,0.6896956641885441,0.182755826355534,1.0085918866784482,0.690497050315652,0.17931903954278738,0.8040699774159783,0.5837024408978521,0.23255322884578966,0.7050087074926757,0.5731653885375485,0.20167661862671105,0.6790868695276987,0.5610685743285622,0.1740923272649112,0.6628326501295597,0.5895902585328139,3.9166666666666665
0.4327404727510515,0.8484686279579686,0.7164551924881657,0.42086330540162437,0.3922207324623942,0.7081200286946118,0.3838799954934148,-0.06375464601243686,0.7594083942540002,0.3990450610059698,0.019592000911267227,0.4990493782395985,0.4448244544520304,-0.01052117678287505,0.5590896392191957,0.37468275023972386,-0.13459109500535713,0.8077555481289856,0.26587682115805206,0.8724777181292346,0.6419195245029138,0.22407873953958868,0.4137302514868324,0.6798445445887821,0.21607789913615572,-0.009171220491470344,0.673926162707165,0.25627587035700855,0.039637616770465706,0.467932016877523,0.2105370203997282,0.027847393106628274,0.4882385072926556,0.23287148954370399,-0.09255270270417507,0.7489446687548179,0.38240226470255095,1.3230749189932285,0.6892092632590032,0.43335160475098855,1.5691188666167148,0.6639619634729506,0.4188557943653515,1.4663186465458444,0.564134525324935,0.5174643011848282,1.2255800522068583,0.7507542041007472,0.5369625609192891,0.9661060421612251,0.7553204455656213,0.555953782307242,0.7473399238704574,0.7024076740652131,0.5091637916341349,0.6586631380399077,0.6059634451169538,0.5301594233729459,0.6411670378721719,0.6000880707759797,0.5484627112098445,0.6103391695992321,0.7059222061122327,0.22921772034657856,1.2604685993974616,0.6881220726820638,0.18277287656038674,1.0086257270770727,0.6904632314806096,0.179213510627687,0.8041396605029243,0.5836286924625362,0.23251609294847264,0.7051266931814242,0.5730246612067013,0.20239475880752686,0.6803878745468128,0.5590851727819081,0.17448002836307863,0.6625817440245254,0.5898629451165049,3.933333333333333
0.43275378436637335,0.8485566679739714,0.71641225143389,0.42083796037969956,0.3916906569871037,0.7081103929228929,0.38385067021250685,-0.06381675299092748,0.7594812841056163,0.39955023336841755,0.017996952598596683,0.5007163702423448,0.44508653937098025,-0.011587941375755459,0.559903002485868,0.3746298467441404,-0.13431158415337285,0.8077154051921281,0.2665333677354368,0.8726702069666981,0.6413263114218554,0.2241676523828071,0.4130245961490354,0.6801222466472445,0.21599593090770988,-0.009217736067952648,0.6738443058204093,0.25652325036820994,0.03792973712303678,0.46982210192814716,0.2105815690209082,0.027807049457066427,0.48859743471136774,0.2328489483398204,-0.09233833679109688,0.748651795393216,0.3833519825520554,1.3230895421572118,0.6892878647209915,0.43401443838129894,1.568749146997896,0.6671601118672384,0.41966858687986963,1.4663259784114222,0.5645614229951033,0.5174659141570832,1.2255563060656653,0.7507427610337338,0.5369527214939964,0.9662242055389698,0.7553173216241607,0.55678233090472,0.7476678959436057,0.7003967771643016,0.5092477106140465,0.6586383967552996,0.6058057665545072,0.5302829954890622,0.6426127735143313,0.5976361549174741,0.5480562708394152,0.610312813815519,0.7038801681196308,0.23005509170909272,1.2605992022845653,0.6872996107882846,0.18279577873201164,1.008667030343168,0.6904115118393458,0.1787905104190441,0.804269088747529,0.5834403823447745,0.23248014424559493,0.7052214722670186,0.5729197239736261,0.20279808912421188,0.681566980392012,0.5577808845634027,0.17434223901097418,0.6627348746199708,0.589969740444015,3.95
0.4327167562988888,0.8488042115196054,0.7164526444651721,0.42087708467205004,0.3913654973007278,0.7080572119575723,0.38375299651105177,-0.063996027238705,0.7597289667957243,0.4004956352854082,0.015422827085325663,0.5043576391990953,0.44552735539248267,-0.013520910216740664,0.5614627968273035,0.3745655502289828,-0.1339720197261544,0.8077625171498102,0.26696978110953895,0.8727907523495868,0.6409115292195898,0.2243123499871986,0.41245220419007944,0.680070702421581,0.21596105133002075,-0.009285040213754259,0.6737699843962502,0.2567765647886129,0.03606923883606228,0.4722510161122089,0.2106096155984235,0.02778706886794932,0.48897878390951716,0.23280116787702718,-0.09206207526166789,0.7482176159816605,0.3839272021279862,1.323072770266628,0.6898046090793826,0.43454577997775495,1.5684146964187284,0.6698199660418876,0.4205889648309721,1.46626727821656,0.5649684798112382,0.5174693618673778,1.2254688442643045,0.7507226925681533,0.5369400209351434,0.9663197452657798,0.755323397700573,0.5578045032669653,0.7485141936239894,0.6976492536768959,0.5092800744870738,0.6586055147443038,0.6056293925705465,0.5304518601258125,0.6434932917465358,0.5963003718096662,0.5475892582524277,0.6103466528619244,0.7015727474720308,0.23011330798592838,1.2603185857791768,0.687338019274416,0.1827959656142726,1.0086981741625711,0.6903869960918759,0.17808989211867038,0.804453735397229,0.5831269981398758,0.2324604966969948,0.7052401823246292,0.5729596662789197,0.20305045509697128,0.6826092404900694,0.5570425186434191,0.17371220711515659,0.6632697246872752,0.5898563812461723,3.966666666666667
0.43258754196603416,0.8491404098129767,0.7166669713260783,0.42099204535842744,0.3913013812484838,0.7079837675483076,0.38359606971169463,-0.06427567555937685,0.7601299962853224,0.4016450478001021,0.012639108512675107,0.5090310792358792,0.4461020440469609,-0.016095002628506855,0.5636179483159176,0.3744869636987524,-0.13356025408499347,0.8078541163973509,0.2671370912612885,0.8728414238056738,0.640755577518138,0.22449703043280766,0.4122036838416887,0.6797004108042463,0.21600459694496682,-0.00943782903694211,0.6737329541651438,0.25699992040755504,0.034327634888690575,0.4748594950195172,0.21061827927806653,0.027795500215400518,0.48926965072896916,0.23272028352999086,-0.09185414054382121,0.747868565475702,0.38421826969262773,1.3232327888085214,0.6903043912194877,0.4349410617274244,1.5681973113264225,0.6712383416036045,0.4215257738800777,1.4661914271137984,0.5653364926134863,0.5174772543654063,1.2253382164485773,0.7506966107943156,0.5369460848459013,0.9662363594752745,0.7553769949101645,0.5589479261304086,0.7495394084337176,0.6944128593776453,0.5092620771178856,0.6585541048206868,0.6054948554802859,0.5305308832807374,0.6435557877152511,0.5963994153450188,0.5471666400369106,0.6103887282666582,0.69947917007673,0.22977400319940056,1.259932633020908,0.6877554557569676,0.18277218232862702,1.0087196703821015,0.6903905554839167,0.17720006978908487,0.8046688706401937,0.5827180634008946,0.23246707582353532,0.7051690409846473,0.5731590662181132,0.20342089876037278,0.6836209570439881,0.5565489681640626,0.172760014981172,0.6640803549937906,0.5895707096799239,3.983333333333333
0.4323867333158771,0.8494198306107129,0.7170161809039273,0.42116920457221724,0.39141623859257413,0.7078990916140669,0.38344649746085013,-0.06453692862804422,0.7605150384184842,0.40277174522987025,0.01010632780928053,0.5138522803894787,0.446751365570318,-0.018936944887807936,0.5658787549076453,0.3743978015876955,-0.13310062216062124,0.8079152168665963,0.26704055331609544,0.872840098738375,0.640844260304888,0.224719339974416,0.41229583715155527,0.6790904817068701,0.21613150758161478,-0.009688988107557056,0.6737081913208501,0.2571689883178281,0.03291751270342669,0.47728172259824414,0.21062214003732005,0.02782709270003704,0.4894153531426144,0.23259159739453975,-0.09179993116859961,0.7478265631221461,0.38430387824611034,1.3236653048729534,0.6905093778629056,0.4353388055971422,1.5681494288822657,0.6710344240941684,0.42232699699068454,1.4661298083814855,0.5656377372679438,0.5174930337280489,1.225247100945842,0.7506769206259718,0.5369867473293697,0.9658620815267807,0.7555058292020602,0.5601065368204929,0.7503791239921559,0.6910731473229363,0.5092315591810082,0.6584675139124027,0.6054752644260926,0.530296990303257,0.6427612469225227,0.5978974487902913,0.5469223387206308,0.610394591722724,0.6982220260755613,0.22962524973949977,1.2598274621898509,0.6877455623960553,0.18273648145197963,1.0087386076701679,0.6904029847162296,0.17619831288536233,0.8048830457743911,0.5822570941423972,0.23246783422447181,0.7051158524791882,0.5732514194794813,0.20409123941074073,0.684810787139963,0.5558238809960192,0.1717154387149587,0.6650328423762104,0.5892217142330749,4.0
0.4322146371599509,0.8495153515233915,0.7173288942842038,0.4213665301315865,0.3914970649460281,0.7078618347756134,0.38337854729746057,-0.06464842079980831,0.7606930387411173,0.4037451879789926,0.0078884978642271,0.5181834332085251,0.4473620033780561,-0.021376563206246577,0.5675688298983199,0.3743051253593748,-0.13263065896708567,0.8078966098468964,0.26675833508797153,0.8727737155766078,0.6410503024597617,0.2249873511781228,0.41250238792933447,0.6783831830771214,0.21633025040352044,-0.009985724934534354,0.673649893349214,0.25726462945734585,0.032018755997959725,0.4791630580644336,0.2106327120806126,0.027870950852469628,0.4894293318128293,0.23242169540051874,-0.09187563925777825,0.7480886653199437,0.3842598942260732,1.3243272073921244,0.6903803784250786,0.4359118304160134,1.5683276618104023,0.6693549720368015,0.4229113020490811,1.4660953996863744,0.5658604292143519,0.5175179586044265,1.22533521921474,0.7506857077630819,0.5370621369799002,0.9652040041180565,0.755706896669927,0.561041281272258,0.7508558212236878,0.6883790593844461,0.5092349240327225,0.6583358465064346,0.6056353602807352,0.5296580568680841,0.6412620216772768,0.6004530390333495,0.54694998743783,0.6103610882967354,0.6982410704840792,0.23001997437486715,1.2602562696683353,0.6868097097223896,0.18270330662568385,1.0087576723547027,0.6904034810960493,0.1751949781611209,0.805067319111815,0.5817979160884789,0.23240884401508063,0.7052745446226477,0.572782371456141,0.20503921185832708,0.6862862457938466,0.554411549533826,0.17076074857800783,0.6659873905688515,0.5889088173252977,4.016666666666667
0.432176114848776,0.8493975005181267,0.7174420224417348,0.42153590931105756,0.39137222077423034,0.7079701015441229,0.3834256107562582,-0.06455133476949958,0.7605773888075558,0.404482428304914,0.006014958200944068,0.5215211459290278,0.4477537997931653,-0.022595090145920205,0.5681492803022203,0.37421204310385636,-0.13213378649077848,0.8077917182778576,0.2663831915201232,0.8725994570121076,0.6412213946274037,0.2253136662209873,0.4125385247164459,0.6777305576337761,0.21658402062998458,-0.01027240935556939,0.6735301344933182,0.2572863198031604,0.031693726685125684,0.4802292666575657,0.2106455435206387,0.027923343285709085,0.48936039111782237,0.23226360548505337,-0.09197973944601515,0.7484060166467845,0.384183511626924,1.325102077610999,0.690033977620999,0.43671475492848955,1.5687835498122387,0.6668026488522503,0.4232813743095909,1.4660892290435663,0.566011685592242,0.5175509085458587,1.225690303246475,0.7507347208631496,0.5371605435347042,0.9643623376926774,0.7559543774723005,0.5614267500369159,0.7509725925992281,0.687284257843427,0.5093054463134019,0.6581646867673179,0.6059796884639675,0.5288328405868095,0.6394290590324115,0.6034115870024083,0.5472443111392177,0.6103247998803676,0.6995099507226681,0.2309326212957017,1.2612069954807852,0.6849971658636562,0.1826852201354878,1.0087744019691962,0.6903795539763327,0.17440223691327345,0.8051963074746809,0.5814241496136192,0.23226309729504874,0.7057643201416168,0.5714908283984411,0.20609096148719214,0.6879147069538776,0.5520563699895598,0.1699980018300537,0.6667868246002446,0.5887208245075326,4.033333333333333
0.4323141150707046,0.8491012238526648,0.7172944999957952,0.4216717904184868,0.3910922181798872,0.7082342444477602,0.38358338560138044,-0.06425315848306581,0.7601805856743045,0.4049041361499144,0.004664507320633796,0.5234771581642703,0.44775955561407355,-0.022086963658735984,0.567402232573629,0.374117084193658,-0.13155175453312942,0.8076136818657812,0.26599007503396654,0.872337406382904,0.6412332452048866,0.22573925041058027,0.4123135483296464,0.6771679697722405,0.21688012490591582,-0.010541306958874133,0.673347729164504,0.2572610075835386,0.031795722540579066,0.48045605610941156,0.21065354137620382,0.027975736017548103,0.48927621047002673,0.23218795669542516,-0.09199439902356121,0.7485168760702138,0.3841620524770293,1.325831889424506,0.6897681447083951,0.43764902654674315,1.5695052239177005,0.6640900776544334,0.4234961936808618,1.4661036323011043,0.5661123312850489,0.5175904882535293,1.2262462967458856,0.7508091294531518,0.5372649686189763,0.9634818079492581,0.7562163545424371,0.5610678552228017,0.7507796146226633,0.6883167102249561,0.5094533058707066,0.6579736322929007,0.6064129346245895,0.5281963631169236,0.6377997774964708,0.6059514793450533,0.5476998413548853,0.6103353292062748,0.701543097602584,0.2321533881720208,1.2624647576884573,0.6826452303102352,0.1826905441180655,1.008788353042624,0.690327174786231,0.17408043653152616,0.8052504363942392,0.5812345805339331,0.23204255074723273,0.7065469447442292,0.5694933962184338,0.20704384163599104,0.6894621498098563,0.548802971596652,0.1694648059276291,0.6672898890379049,0.5887464960602995,4.05
0.4326197531861184,0.8486554031460107,0.7168993135436033,0.4218295671490677,0.39088437633591644,0.708528360921048,0.3838345044616168,-0.06378457915032282,0.7595502290609923,0.40499368819911985,0.003993502877643634,0.5240360324432621,0.44734920928843613,-0.019983159784543292,0.5654451629269711,0.3740153709100294,-0.13084688381080664,0.8073661933736537,0.2656690761552842,0.8720993018999026,0.6409848397378692,0.22632381652012226,0.41195620953787593,0.676572866790526,0.2172142727316077,-0.010822670856200714,0.6731155723538738,0.2572244327535977,0.03204110074501551,0.4801709821003059,0.21065547433917087,0.028012678607222632,0.489228763046849,0.23223425806380776,-0.09183694805869246,0.7483157448968496,0.3842519496357675,1.3263454842534026,0.6900077840501511,0.43853973179613737,1.570408023198263,0.6617036561920595,0.42367216546630887,1.4661236285365669,0.5662083577528741,0.5176364161115246,1.2268185638399527,0.7508741595363344,0.5373564420250203,0.9627205046616165,0.756465183242383,0.5600356226019337,0.7503010961936804,0.6911882035185282,0.5096605158271359,0.657786036193224,0.6067867305201491,0.5279500966504829,0.6369001615404459,0.6073234882187454,0.5481696453529679,0.6104351708429272,0.7036737321909179,0.23346326440312404,1.2637480671055932,0.6801201745965142,0.18271935509602283,1.0088032729187417,0.6902469547893217,0.17435191914417225,0.8052216441468987,0.5812815947586614,0.23176660728114554,0.7075103113905747,0.5670582151043015,0.2077344906507554,0.6907737500732369,0.5450183102176471,0.16915171423209768,0.6675126928833728,0.58896471727181,4.066666666666666
0.43305994746750315,0.8480784125594437,0.7163117039672963,0.422078505816453,0.39091216083816277,0.7086986574398443,0.3841634319587172,-0.06317358999177235,0.7587276130788552,0.4048630484762493,0.003898707096851639,0.5237451021179236,0.44668734362760676,-0.017038385424899855,0.5627825952541444,0.3739054011183325,-0.13006135756416526,0.807062720901191,0.26551939563190213,0.8719522453640558,0.6404377859829156,0.22708015919102215,0.4116036611626871,0.6757974289286516,0.21758799239308294,-0.011168325838807766,0.672839317146953,0.2571951700790074,0.03221181573690306,0.47984071844616627,0.2106521198233834,0.028025745477025674,0.48922622837774715,0.23240103803997564,-0.09148493491003759,0.7478050192605938,0.38447501763623104,1.3265291385244367,0.6910361041740982,0.4392143337918923,1.5713762836703415,0.6598662952344709,0.4239526897835381,1.4661342023164623,0.566362278592526,0.5176862333492326,1.2272322030446239,0.7509009583794732,0.5374205409977243,0.9621952556939898,0.7566706037332191,0.5586125102056478,0.7495329545390879,0.6950324629288337,0.5098839067436414,0.6576157365143772,0.6070138325024558,0.5280437978452955,0.6370145652056489,0.6071098967519588,0.5485400001091494,0.6106528745104611,0.7053597729761408,0.2346750323316521,1.2647804277597496,0.6777521506748085,0.18276284492228304,1.0088181692407074,0.6901427534899266,0.17509298944094936,0.8051166127240657,0.5815416519699799,0.23143546239676377,0.7085626811505185,0.5643624480207403,0.2080711217488175,0.6917753927239249,0.5412334299112128,0.16905767895242418,0.6677456595244511,0.5890883480229228,4.083333333333333
0.4335840377010867,0.8473912508470584,0.715638893019321,0.42245042689506884,0.3911420950183946,0.7086528140239213,0.38455985439301116,-0.06244006755592091,0.7577381135629124,0.40468862751473833,0.004077253698884883,0.5233503893587684,0.44604208063080547,-0.014270574444524453,0.5602810750903205,0.37379905212573505,-0.1293283771895361,0.8067662939636205,0.2655837702455028,0.8718290758016957,0.6396506825361697,0.2279448476878105,0.41125938640229787,0.6748143856485147,0.2179973352672866,-0.011608955372408886,0.6725318865868348,0.25717363823793465,0.032256115826395135,0.4797176137117582,0.21064523158890758,0.028015089963344425,0.48925073414239245,0.2326649138417613,-0.0909519093237516,0.7469845200843072,0.38481629558083996,1.326373125096638,0.6928355746711826,0.43956304207684754,1.5722890638994766,0.6587221061403867,0.42441768305360206,1.4661339942830687,0.5666060565394608,0.5177313323166234,1.22739462057706,0.7508851352609766,0.5374595143154434,0.9618880672790263,0.7567814615217854,0.5572114578980423,0.7485799432562726,0.6987402248757796,0.5100522927500211,0.6574603836467978,0.6071278614793159,0.528362740601883,0.6380306094697792,0.6054976896853751,0.5487713031493209,0.6109731678894618,0.7063287330963015,0.23562758806237816,1.2653245513510698,0.6758509560796668,0.18281107896152654,1.0088149307529086,0.6900306725255014,0.17604417396544053,0.804954955756023,0.5819594168988937,0.23104295849125883,0.7096147588727825,0.5615718794339101,0.2080772395653121,0.6924125134618765,0.537867608187408,0.16924022536717034,0.6684251055411312,0.5886642643593843,4.1
0.4341385494067861,0.8465988266305194,0.7150107637496679,0.4229349502532178,0.3914592491726653,0.7083461952243411,0.3850140158886149,-0.06160407785061327,0.7566036287451056,0.40457536169305347,0.004319045568091581,0.523225280664782,0.44562293164609124,-0.012456405897962347,0.558851051895212,0.3737155186417409,-0.12878744073098192,0.8065563396172271,0.2658287200670975,0.8716169947069984,0.6387135030217133,0.22884664891690926,0.4108596882380612,0.6737058854688077,0.2184273045160991,-0.012106122221634916,0.6722627850809998,0.25715595229016575,0.03222552467547106,0.47976820484586064,0.2106375867111237,0.027984000885692903,0.4892829210754396,0.2330028127456557,-0.09025937132937861,0.7458477538470424,0.38523921644333603,1.3259305279423272,0.69520258496187,0.43961558486112595,1.5730313339039659,0.6584292038872708,0.4250235591760175,1.466142421987941,0.5669014635888094,0.517759646027306,1.2272759355523943,0.7508410636499065,0.5374969733359874,0.9616097533492667,0.7567419932396039,0.5562993725157809,0.7478330023253198,0.7011290849979677,0.5100714736087043,0.6573016275625018,0.6072462759377737,0.5288687448136705,0.6395133146219344,0.6031978901717383,0.5489083693546725,0.6112782762586887,0.7066714015595346,0.23621308709924244,1.2652554732823957,0.6746721347790401,0.18286318546332858,1.0087626951610424,0.6899648624730845,0.17697855964418974,0.80477080615637,0.5824954133415016,0.23062260846967605,0.7105891010419014,0.5589488689436142,0.2078989189164045,0.6926794683431918,0.5351345029733724,0.16976535992720704,0.6698248913863676,0.5874161156380455,4.116666666666666
0.43469969889876636,0.8457054252833874,0.7144911096940187,0.423497935678447,0.3918132193341357,0.7077314257796966,0.3855058367144128,-0.06070508447379107,0.7553718653960803,0.4045276096136009,0.004559259015393433,0.5233169849949251,0.4455175489558736,-0.011959106274962536,0.5590185914735742,0.37366723690259296,-0.12850217707063002,0.8064648425547295,0.26619841586858045,0.8712566267483942,0.6376791369672178,0.2297853339432784,0.4103856043731122,0.672532234345655,0.21886467940041296,-0.012587753417755088,0.6721326763713343,0.25714212950246773,0.032188704692059644,0.47986357411592506,0.21063167577883532,0.02794205479066994,0.489306651813544,0.2334136723848891,-0.08944281159206766,0.7444776786250087,0.38570152285891834,1.325247218064542,0.6978915960857136,0.43955902744523645,1.5735130680592155,0.659033095884398,0.4256601640619412,1.4661755222032375,0.5671476163378467,0.5177624692337173,1.2268829448124194,0.7507855278161275,0.5375596596366842,0.9611445818295116,0.7565445405956847,0.5561944557140049,0.7477963756447298,0.7013612517588929,0.509897170009627,0.6571355652885031,0.6074316918175569,0.5295580868519146,0.6409466720164539,0.6008803904894581,0.5490528320621614,0.6113652512601528,0.7068657988161654,0.23645245595544886,1.2646274837721228,0.674262825382812,0.18292687137158603,1.0086650085515985,0.6900510096804118,0.17774902123173422,0.804633751637869,0.5830634857035109,0.23029696795855803,0.7115401992292484,0.5566963625478161,0.2076945103115168,0.692681654672434,0.5332140660618471,0.1706170976021803,0.6718717240593828,0.5853958306136637,4.133333333333334
0.4352853730155546,0.844754091793995,0.7140243057927886,0.4240961278600441,0.39221625697731716,0.7067579305073142,0.38599561093442364,-0.05981934158794981,0.754144434132303,0.4045225631668892,0.00469701671423689,0.5234875946944049,0.44571236740014375,-0.012859533612704019,0.5607089427944971,0.3736591078702355,-0.1284828304012287,0.8064797194173625,0.26666214291210416,0.870746055857706,0.6365807505374549,0.23080472880077493,0.4098997135199054,0.6712735713641792,0.21930613216677924,-0.013022516593792416,0.6721947201070269,0.2571374852613477,0.032198298646265125,0.47992471728273967,0.21062822404073495,0.027910485044991495,0.4893113535752078,0.2339238111607773,-0.08855127255055717,0.7430568699640128,0.38614472153097124,1.3243713839387559,0.7005657481380931,0.4396099412291731,1.573684988171505,0.6603655205309109,0.42626751087227616,1.4661973438645985,0.5672281733000213,0.5177394828709437,1.2262849247266736,0.7507303524118292,0.5376464204841017,0.9605050499616925,0.7562414853746291,0.556871922070704,0.74864225871159,0.6994361336822852,0.5096597924317547,0.6570441314749293,0.6075039788625218,0.5303978204694803,0.6419985477055896,0.5986334027389969,0.549287529553784,0.6110703377333117,0.7075554483576125,0.23649714814074402,1.2636407821878286,0.6743346004036078,0.1829972285596465,1.008620860381792,0.6903480386024856,0.17828790032150982,0.8046665848542964,0.5833853002773919,0.23024906051811111,0.7126417787435622,0.5547947923693206,0.20749543820114164,0.692638606596918,0.5323166180073325,0.17168312595661867,0.674209634746347,0.582843417596582,4.15
0.43593558388436615,0.8438227985056677,0.7134651690287754,0.42468923984084,0.3926765364665804,0.7054607974259395,0.38643978259277006,-0.05903031549969415,0.7530375753522213,0.40454785115567055,0.004634461795924458,0.5237349456663135,0.44609932474001013,-0.01491836799185739,0.5633418922017593,0.3736948825715851,-0.12874641728325587,0.8065822718309125,0.26721232504813797,0.8701068805817953,0.6354576855633756,0.2319262824616399,0.4095361562351437,0.6698969764119418,0.21973408708138634,-0.013442980669348834,0.6724820593466476,0.2571438756783995,0.0322661910782215,0.4799348507614574,0.21062673521327305,0.027920095853069066,0.4892984012696964,0.23455657934899457,-0.08759919785732204,0.741720320453245,0.3864696968801612,1.3234248856928157,0.7026465782622282,0.43986021353950744,1.573554900839682,0.6621742728264821,0.42687288958362923,1.4661105903274962,0.5671148970419919,0.5176998537278875,1.2256585951375099,0.7506883148033425,0.5377236032893528,0.9599848657856459,0.7559013766614134,0.557999882522664,0.7500839118257121,0.6961849391113248,0.5096760245846387,0.6571990241912222,0.6070767149561277,0.531422262516213,0.6427406911998478,0.5960087111347256,0.5496185331900445,0.6103608035593504,0.7091804437774416,0.23645021792169635,1.2625231323717772,0.6744266162523568,0.18303312413999823,1.0087826090120924,0.6906651856790025,0.1786505780249617,0.804969407020177,0.5830306575223008,0.2305967179573015,0.7139461104594641,0.5530299561408817,0.20723710940438866,0.6927979927747201,0.5324458665365005,0.17282341756106723,0.676347825395734,0.5800710097395967,4.166666666666667
0.43668054178208704,0.842995792398701,0.71265779906283,0.4252575766125199,0.393179269451395,0.7040114497623704,0.3868385791425054,-0.05833871007139799,0.7520551841343102,0.4045823600805007,0.004457016508214964,0.524105650077559,0.44651148868891466,-0.01744499873681242,0.5661518090676445,0.37377515549339,-0.12931118942527264,0.8067574201445361,0.2678404984097073,0.8693536376860612,0.6343435652759528,0.23317513370677356,0.409471383192865,0.6683735739134551,0.22009190662787537,-0.013896287980211114,0.673053003736817,0.2571441897730162,0.03232009861484515,0.479904368643363,0.21063043012871452,0.02799406385799265,0.4892781826535953,0.23528833802016175,-0.08653876038619839,0.7404631672961095,0.3865585250012482,1.3225973858565037,0.7034407657618151,0.4402641236522644,1.5732071827788494,0.6642595903296675,0.427540992832397,1.465804926105237,0.5670058501230554,0.5176587157592908,1.2252535060723893,0.7506767262742244,0.5377569305212331,0.9599068607453964,0.7555770976478382,0.5591683011097849,0.7517389576151013,0.6927315925231574,0.5102521889751315,0.6577415339002943,0.6058754496829121,0.5328374559899103,0.643575746012531,0.5927003185927258,0.5500124753539943,0.6093762927477616,0.7116868149336136,0.23622488874888753,1.2614282069926686,0.6742351827159382,0.18297377394256223,1.0092003482908678,0.6905585994753458,0.17901583208286737,0.8054435456910852,0.5817150698790068,0.231320425107176,0.7152098516794649,0.5511993165154883,0.20695535278823066,0.6933128706442392,0.5331264379134439,0.17395216338456482,0.6777099095361127,0.577456821883757,4.183333333333334
0.4375162802469696,0.8423297387201751,0.7115229653150581,0.4258245033658715,0.3936893875104015,0.702621472967387,0.3872592883682407,-0.05761894800106186,0.7510256676278938,0.40459276436908254,0.004399276354613513,0.5244122820542817,0.44678267292024126,-0.01955570311003875,0.568421970994259,0.37388821883681267,-0.13011818678737194,0.8069778835280556,0.26852299936770874,0.8684845610437377,0.6332551654920812,0.2346235621133254,0.4098130640444513,0.6666326431586994,0.22032732149252382,-0.014355059331221984,0.6738912927675239,0.2571048649450022,0.032218657951924023,0.4798522128671099,0.21065015094521683,0.028093430158376037,0.4892527279661716,0.23604369635696765,-0.08533851898714294,0.7392458999960646,0.3863574746760008,1.3220363575200644,0.7026254696694934,0.4407226096849086,1.5727817598639269,0.6664478397141214,0.42834159794825044,1.4652076804858074,0.5673003817413024,0.5176298546213487,1.2252389475465948,0.7507059543137857,0.5377352027797959,0.9604007905804325,0.7553078154880608,0.5601728459484949,0.7535221770986489,0.6896899606432109,0.5114638708464391,0.658688785265875,0.6039442659592996,0.5348808728255295,0.6448753118344643,0.5890387362895454,0.5504921691787098,0.6084649304163356,0.7144600650890365,0.2356698073262622,1.2604052008742177,0.6737717729815652,0.18278042716455942,1.0097407124233209,0.6896445156292941,0.1795822985431777,0.8057388301232653,0.5794959442787367,0.2323138586532498,0.7160245339534572,0.5493479003387214,0.2069042679235641,0.6941967604477237,0.5334559145404743,0.17504714085919992,0.6776782036265354,0.5753877578145368,4.2
0.4384285883905818,0.841826454739597,0.7100680006961231,0.42645224861782993,0.3941201895159294,0.7014267738349329,0.3877926459050069,-0.05670137447526519,0.7497142277826743,0.4045662443905538,0.004636497436290701,0.5241663650910242,0.44677505066559053,-0.020673694122137404,0.5695294576074912,0.37401039901386157,-0.1309888990708607,0.8071917700136747,0.26922384782255115,0.8675000111180561,0.6321936226699438,0.23634146374963416,0.41045130823301973,0.6645898745504991,0.22046158601798913,-0.014696989117824633,0.6748304365677238,0.2570024236083868,0.03185388986650842,0.47980423059178806,0.2106980583129201,0.028088914793063746,0.48920421737491343,0.23674112608358341,-0.08407310010898122,0.738115860083968,0.38592761304373024,1.3217749586037382,0.7005386083373534,0.44114402918979895,1.5724291523581766,0.6685243041908386,0.4293407658460166,1.4643243609747283,0.5683581761691276,0.5176211443847304,1.2255806514355763,0.7507658149775014,0.5376606283563846,0.9614150878622737,0.7551275046115817,0.561100335087206,0.7555883991098088,0.6868474131438405,0.5131179646601909,0.6599508528882647,0.6015675045598644,0.5375136150059542,0.6467630341257353,0.5856254630983244,0.5511332179795241,0.608047147560891,0.7165846968546513,0.23475316919293684,1.2594132682002541,0.6733486018162176,0.1824362663414213,1.0101645959323875,0.6878399381528025,0.18043693716027093,0.8054514040743869,0.5766856748571654,0.23344135891011203,0.7161067923391127,0.5477209229890034,0.20744094486454823,0.6953121544211353,0.5325502279080969,0.17609163804218406,0.6758533265584414,0.5741265984981966,4.216666666666667
0.4394434750368175,0.841446107767744,0.7082915235590856,0.42719278548438144,0.3943297622316382,0.7004786661841818,0.38847838801873985,-0.055510614325267285,0.7480149837319507,0.4045098817052639,0.005175321567760738,0.5229078917726367,0.4464552168338395,-0.020709740661447595,0.5690842030318595,0.374119644410158,-0.13172171328992854,0.8073516588160514,0.26991338723921043,0.8664102012693446,0.631157829279271,0.23833315956615084,0.41110475684525066,0.6622217788217818,0.2205718567774926,-0.014796877340644124,0.6756532335807661,0.2568438159245959,0.031224868330218314,0.47978492815345414,0.21076181162029253,0.027890242042079016,0.4891141799221961,0.23733873929828375,-0.08290550722390627,0.7371695630814932,0.38539402745348644,1.321779559611715,0.6978773433452232,0.44146366950424254,1.5722870714576251,0.6702034344518051,0.43054889104595384,1.4632761358292379,0.5703040696096918,0.5176336963105936,1.2261244187535787,0.7508374379027474,0.5375291150941581,0.9627931967121396,0.755063281730318,0.5621130670572388,0.7579768564547096,0.683767681476974,0.5148872123890105,0.6613690917800741,0.59911501478283,0.5403031636288174,0.6491474249016238,0.5827472647628139,0.5519431208603041,0.6083356830497997,0.7173067461476483,0.2335775259837209,1.258340081137223,0.6734176182501908,0.18192107374105376,1.0102568364995177,0.6853178108783498,0.1814951445597428,0.8043534030841801,0.5736988464210634,0.2345416133190569,0.7154265398756158,0.5464773878428062,0.20883038997872827,0.6964005573553664,0.5299123571406897,0.1770561814258756,0.6724065395444909,0.5737012896879808,4.233333333333333
0.4406198879385694,0.841161827435288,0.7061315579511371,0.4280521969359223,0.39420177535748313,0.6997849936916098,0.3892472644867215,-0.05417139767009414,0.7461000475068192,0.4043982864932823,0.005910260810949988,0.5205857912653623,0.44599814745886746,-0.019895942740892417,0.5671583309127017,0.37419927383787305,-0.13225212988501445,0.807473945042009,0.2705906122864173,0.8652261751808286,0.6301775275202939,0.24053333519258446,0.4115356924057879,0.6596157795148312,0.2207223289870213,-0.014610828287460242,0.6762253398038682,0.2566594765082435,0.030416678967107674,0.47980155064627555,0.21076895581202382,0.02755465159460864,0.48900055264449344,0.23783810513130285,-0.08202417014148171,0.7364753846148799,0.384862494779039,1.3220148467778796,0.6952143641517955,0.44165672707805276,1.5724468810854677,0.6711727932831585,0.43185125359001886,1.462293755727295,0.5729524417099453,0.5176542837922652,1.2267896544420653,0.7509276190212689,0.5373286881492365,0.9642793961875662,0.7551174159488316,0.5632994240999711,0.7605446720084403,0.6803252019609665,0.5165171340452179,0.6627360002511271,0.5969436903977466,0.5426957962494883,0.6517795171959785,0.5804290654085414,0.5528294848363815,0.6092489641237117,0.7163669287425973,0.23231206204019011,1.2570360468654744,0.674270416407619,0.18128133492480691,1.009920086458132,0.6823999844960725,0.18255208747524104,0.8024815949553724,0.5709945155253509,0.23543533210366535,0.7140928732084517,0.5455737803659737,0.2111369852085554,0.697230675677221,0.5254732404437351,0.17793473006720933,0.6680753638419799,0.5738959580264178,4.25
0.44198691838329457,0.8410177624825848,0.7035427479618406,0.4290141467011634,0.39371284222995495,0.6993189416769836,0.3899413562907698,-0.05297099043568075,0.7443688611807462,0.404179060800055,0.006648069577514487,0.5176812945449344,0.44572659569756945,-0.018549046287419838,0.5643091762691123,0.3742230748583345,-0.13269523616810913,0.8076742152883616,0.2712710662470146,0.8639835119508611,0.6293241489057062,0.24283230982258483,0.4116613020680566,0.6569655107692233,0.22094242953394203,-0.014158330596830374,0.6765222133472512,0.2564759134818938,0.029544564315895513,0.4798387655617156,0.21059645363636648,0.0271139463794412,0.4889352509542768,0.2382536482049495,-0.08159563123286268,0.7360982162611561,0.38439627019372047,1.3224102035674672,0.6928795114078063,0.441756145633517,1.572911263977107,0.6712700256437469,0.4330091678707491,1.4616390789488558,0.575754569323305,0.517646792754191,1.2276090693538657,0.751072594820866,0.537078384541301,0.9655368492385207,0.7552480358261818,0.564744513598865,0.7632437159911667,0.6765143772043802,0.5179407773378154,0.6638332170236462,0.5953648922798005,0.544415256666072,0.6543104550039306,0.5788592636629234,0.5537176004542773,0.6105455271750293,0.714116324427642,0.231147095771265,1.2553978912583974,0.6759035359966725,0.18078234508766272,1.0091922837097893,0.6795275690328008,0.18338948100002112,0.8001277644741767,0.5690298596610024,0.23597359588244665,0.7122437312958425,0.5449187735711264,0.2141838058146518,0.6977052588841063,0.5195723524244129,0.17876236404242973,0.6637444619711474,0.574340146805802,4.266666666666667
0.44350128596997074,0.841133633777293,0.7005709488520613,0.4300697126221352,0.39291102805236555,0.6990221065414217,0.3904451133189083,-0.05211758661921774,0.7431133871186882,0.4038556721276281,0.007085302043076863,0.514989631892363,0.44591034398359297,-0.016916395499409945,0.5612819149453592,0.3741592613795319,-0.13320149761997707,0.808104839356292,0.2719421432651621,0.8627675762117671,0.6286611607988714,0.24512708090358223,0.4115393839000568,0.6544494519247097,0.22124781379923586,-0.013470633305652041,0.6765517448667564,0.256289530654407,0.028723113016217106,0.4798683206059007,0.21017981668051117,0.026450914347321164,0.489007413522052,0.23858285110074387,-0.08169852180157525,0.7361229101533868,0.38403928058980386,1.3228003586815658,0.6911113847852075,0.44182351294554423,1.5735862740501165,0.670712183436228,0.43376075163508654,1.4614877741265544,0.5779345187033937,0.517563835111706,1.2285987877612659,0.7512962563500949,0.536882515768549,0.9663026202932894,0.7553827782415369,0.566487399324239,0.7662219511853161,0.672270295508567,0.519206147323209,0.6645090046353458,0.5946230391707947,0.5455900576457116,0.6564060197355815,0.5783806412431556,0.5546317361752923,0.611966739651735,0.7114121577192054,0.23026069972159457,1.2534566685321948,0.6781416547480872,0.18086608247048974,1.0081863252696648,0.6772083351518375,0.18387692832657648,0.7977540383382623,0.5680695649012901,0.23611144737496415,0.710144158059044,0.54444681396202,0.21758843924168333,0.697864760829711,0.5129023576178326,0.17962322420868027,0.6601038616432192,0.5745775018101678,4.283333333333333
0.4450698096172606,0.8416268711960939,0.6973274958493412,0.43119512167194457,0.39187806511549184,0.6988606270377862,0.3907960469632228,-0.05152754048162826,0.7422229964234408,0.4035194422450764,0.006881148564720996,0.513217888737121,0.44664416954990904,-0.015228864488110547,0.5586468307014107,0.3740146627365048,-0.1337642492048653,0.8087749624620151,0.27255792254206745,0.8616635302469218,0.6281864709246785,0.24739770630591118,0.41134395419144976,0.6520404087306614,0.2216513643163686,-0.012578901839350246,0.6762914697917568,0.2560703680587047,0.028063997277003774,0.47986695052757594,0.2096757116191452,0.025584412391249575,0.48920006054799325,0.23880823172783588,-0.08226071896320811,0.7365643422847802,0.3838266072300497,1.3230036999793697,0.6901039196838025,0.4418468046634154,1.5743117506851765,0.6701066354373261,0.43396297527485306,1.461895943677443,0.578863061083603,0.5173946139958492,1.2296735572295365,0.7515847334842886,0.5369091917538382,0.9665969115616903,0.7554635426005225,0.5683190308745012,0.7695317702089082,0.6677229542796265,0.5204096414071293,0.6647631278265925,0.5947763248272903,0.5465443893943218,0.6578658410115356,0.5789257531533706,0.5556391420442863,0.6133339799069786,0.7091449764118489,0.22976081632980971,1.2514068925060677,0.6806955301454185,0.18184122134392117,1.007018539812351,0.6758517324479827,0.1840611718339754,0.7958457985277635,0.5678896154920534,0.23597005484591851,0.7082589478397835,0.5440527289241859,0.22088619291882083,0.6978017334408985,0.5063328138201766,0.18063037650854938,0.6575728821776471,0.574138842702048,4.3
0.4466208220586467,0.8425030570498602,0.6939324919897998,0.4323234739370793,0.3907143104961952,0.6988897750476695,0.39112126795944513,-0.05092889045251758,0.7413268904676139,0.4032897986108351,0.0057799552888143785,0.5127721288321508,0.44785014840947035,-0.013846308251514339,0.5567163346776649,0.3738555792711745,-0.13419743082051502,0.8094659604265769,0.27308291821963726,0.8606892326020528,0.6278346209852195,0.2497253194246904,0.4113219201075873,0.6494772822804421,0.22214618369992606,-0.011531077557853583,0.6757677395081517,0.2558264153173708,0.027665201873447703,0.4798343585720599,0.2094905606873304,0.02494630042382713,0.4892548033970902,0.23893046567811804,-0.0830970858739698,0.737308575618219,0.3837643260335898,1.3229979526117317,0.6898653545881115,0.44170275697048644,1.5749190679735932,0.6701083844562556,0.43366313457283345,1.4628922975108936,0.5783391095150647,0.5172255885287557,1.2306941521385302,0.7519084288148551,0.5372943818287899,0.9667156273043078,0.7554724243230356,0.5698331084942648,0.7728461514005911,0.6633605351148831,0.5217458978721622,0.6647283569591309,0.595582806118226,0.5475619771906299,0.6587503402261373,0.5796639680513266,0.5567952205513798,0.6146197504548697,0.7076325554036837,0.22959876277534452,1.2495707442798785,0.683043504157811,0.18366207291976094,1.00579269429986,0.6755474137943358,0.1841698146471875,0.7947645866116466,0.56776632291533,0.23578437893982027,0.7069788788390204,0.5436632671559841,0.2236574462747338,0.6974660831159804,0.500728594359052,0.18183928385647447,0.6562800997438519,0.5727279516771913,4.316666666666666
0.4481503133538575,0.8436317082784593,0.6905008901464854,0.4333854659091059,0.3895061185339398,0.6992065258153717,0.39148458603170466,-0.050161332991147015,0.7402083926433385,0.40324426257295054,0.003720041708074176,0.5137659918205771,0.44934236052533927,-0.013158919348226994,0.5556416442656248,0.3737616453536866,-0.13431357699090765,0.8099020073000588,0.2735092657169314,0.8598065607849721,0.6275505041273968,0.2521930922876598,0.41169230128311385,0.6465015607093364,0.22269843179179025,-0.010427051354631275,0.6751513775286657,0.2556911959874311,0.027561330859453323,0.47979483538520556,0.2100529400628361,0.025151416586929806,0.48875134199513914,0.2389810802449693,-0.08402179889294925,0.7381904824395084,0.38380660875438455,1.322969875424162,0.6901130846024048,0.44127247525503055,1.5752855430505739,0.6710347878929891,0.433041755850317,1.4644999932270113,0.5766251533405579,0.5172204343994736,1.231561257899787,0.7522498485583464,0.5380841100138898,0.9669279342504324,0.7554093358417504,0.5708064872711012,0.7756298458105958,0.6597791909967108,0.5234920182774994,0.6645626258637052,0.5965974381588196,0.5488638256823957,0.6594436780173684,0.5795237759228058,0.5582365029719165,0.6160411039440151,0.706303018662758,0.22957445475975213,1.2482981641296862,0.6844673313417475,0.1860049006751307,1.004616354322898,0.675959851566458,0.18446579491875897,0.794622088840671,0.5669860380958736,0.23573088622400554,0.7062680384379008,0.5433096214886297,0.22562790693829243,0.696664688938188,0.49673369971713,0.18322269789199985,0.6560391174837459,0.5703709354737323,4.333333333333333
0.44969380403373943,0.8448443407309258,0.6871491917723478,0.43437041718301905,0.38829443486020854,0.6997999945513809,0.3918604284014178,-0.049286422277562345,0.7389550162974039,0.40339050247143315,0.0009330898774029955,0.5159664478756729,0.4509196172977451,-0.013299215935507647,0.5553957631517281,0.37377661947954455,-0.13407122504428565,0.8099466581120257,0.2738353153756974,0.8589610110737501,0.6273872066214754,0.25478687857226884,0.41253062592183554,0.643084618129404,0.22326491855235142,-0.009414891174060497,0.6746625648384769,0.2558930423852626,0.02768040919691135,0.4797812750086336,0.21153777604051155,0.02652248318343381,0.48739865817916483,0.238990118069898,-0.08490013424494679,0.7390603200819085,0.383876998533769,1.3231785997131071,0.690458431630348,0.44055085826739737,1.5753551835240125,0.672808419897374,0.43230548170688954,1.4666149108006126,0.574333336945175,0.517501732756101,1.2322556755134229,0.7526010460582843,0.5392356786806273,0.9672601808366875,0.7552725923419972,0.5714241007737623,0.7775924222534119,0.6572207559991852,0.525889857029487,0.6644758911800168,0.5973005422804143,0.5506299329869767,0.6604280150240872,0.5780892811859869,0.5602435762302326,0.6181044189858425,0.7038496588710546,0.229532180900002,1.247800185680888,0.6844241269887847,0.18847340502671844,1.0035711395396254,0.6765406882649139,0.18508620510761165,0.7952055193846357,0.5653633765667363,0.2358364285252842,0.7057270471022247,0.5430299382437376,0.2267604027878875,0.6953258184567932,0.49448484912595364,0.1847463401035683,0.6563286946589545,0.5673825182102964,4.35
0.45128189497524773,0.8460138507877263,0.6839575902849442,0.4353161747984323,0.38707552939155815,0.7005067606521961,0.3922414800103494,-0.04841154771678688,0.737710722473951,0.40368640609157924,-0.0021024240117668985,0.51872470850402,0.4523903851143406,-0.01409913106129343,0.5557050540346071,0.37390360416733875,-0.13352420642645246,0.8096123418661781,0.2740607485029591,0.8580870717829749,0.6275016032549267,0.25742198204820377,0.41374216216090065,0.6394046121611272,0.22380475650513,-0.008614634238486421,0.6744126859771288,0.25660010471280353,0.027895677820410816,0.47981724208164234,0.21382314383593726,0.028912540577897952,0.4851816332689796,0.23896465562440164,-0.08565784319731207,0.7398230643299878,0.38392150816279613,1.3237894306386737,0.6907091343365166,0.43963028890102385,1.5751429732559388,0.6751425137761482,0.4316216458775035,1.4689596212445053,0.5721658889922314,0.5180718024662941,1.2327859323158687,0.7529453539782621,0.5406279352071479,0.9676692485153826,0.7550901519637924,0.5720933252376139,0.7788666732010356,0.6553048557828547,0.5290037951580974,0.664823888991379,0.5971614716240106,0.5528815284104638,0.6619107686865942,0.5757727886539927,0.5630377888311773,0.6213484960545268,0.698952878655599,0.22951848388653476,1.2479755827204206,0.6829218435846701,0.19072481979285527,1.0026407352333377,0.6769315312895738,0.1860345829687603,0.796076076509656,0.5632255523638977,0.2360456446897124,0.7049890088310302,0.5428088424694584,0.2272730627735264,0.6935253801701196,0.49360228999714084,0.18638346583023194,0.6563660459583146,0.5642321667865793,4.366666666666666
0.4529480251904745,0.8470300148905978,0.6809003953294761,0.43625822273080817,0.3857999788413063,0.7011581591121445,0.3926904901376563,-0.04752537020975414,0.7364494412503211,0.40408142557142324,-0.00490196646743396,0.521197767947856,0.4535528999858768,-0.015319870692634227,0.5561899411432447,0.37412199091710957,-0.13270876366755543,0.8089722425143882,0.27421259177509366,0.8571188499488407,0.6280095205155755,0.26001888873619333,0.4151357328789115,0.6357095407819707,0.22428581689683136,-0.00806955842349183,0.6743938717418699,0.2578289662362729,0.02813631173522997,0.4798954075893805,0.2166182910554848,0.03191462396512944,0.4822732699020237,0.23889241113092474,-0.0863114721264947,0.7405177328313923,0.3839281340242353,1.3248042852880204,0.6908974733297367,0.4386373841332041,1.574733198137272,0.6776774668933644,0.4310939944597626,1.4712108766526268,0.5706318698497735,0.5188420799879027,1.2331268425879904,0.7532537875221761,0.542076271363942,0.9682392690316405,0.754932761039411,0.5731214731582481,0.7797579148590711,0.6534094194299489,0.5325824844391067,0.6659248387905596,0.5958652251043254,0.5553599240050395,0.6637328912901364,0.5732258241074181,0.5665465402186489,0.6258917247594011,0.6911845436373059,0.2296660188184999,1.248406438435389,0.6805218259089568,0.1924721110521764,1.0016933184458328,0.6771032510358543,0.18728913181558346,0.7968178201478847,0.561018242512691,0.2363042057101027,0.7039609144898649,0.542625534332307,0.22753248678278076,0.691250136954711,0.4935671272139823,0.18804466745961326,0.6554404598621115,0.5614365535224375,4.383333333333334
0.4547454141378693,0.8477904099304195,0.677864822846889,0.4372080445494761,0.38437937084467655,0.7017136191108131,0.3932720115014065,-0.046556988720008324,0.7350680438062628,0.4045124189362888,-0.0071380947611295875,0.5227853281218512,0.4542766543144731,-0.01672030200344711,0.5566190065599638,0.37440545296105804,-0.1316347383678178,0.8081028183936716,0.27436342735949304,0.8560217714664452,0.6288710342464949,0.26251245756807046,0.41650675255208414,0.6322343637431642,0.22469293790322295,-0.007773683134035939,0.6745592047396507,0.2594410825046244,0.02842148431058046,0.4799494006254234,0.21952264479444117,0.03513521708150888,0.47902231069561607,0.23875515132542277,-0.08695777099872462,0.7412670613119289,0.38390619809807514,1.3260970671888117,0.6911009460491766,0.4377018018435732,1.5742577356294605,0.6800131500034314,0.4307563479643254,1.473141856522463,0.5699512168387697,0.519691656698034,1.2332605814856754,0.7535023857713165,0.5433555884447638,0.9690700405061704,0.7548508976914191,0.574593278151826,0.7804743007420698,0.6513550698574342,0.5361687162898444,0.6677738730118092,0.5934300525740726,0.5576224112937358,0.6655718727747768,0.5708806637015608,0.5704588826956881,0.6312991893795832,0.681327228434221,0.23000297898837818,1.2485974692286539,0.6779628422192461,0.19349432076690332,1.0005824681475974,0.6771677864026354,0.18884885451343586,0.7972222833495106,0.5589295110614143,0.23657223923671927,0.7027294893132269,0.542462166139708,0.22788903996913618,0.6884629076447367,0.49397620636867157,0.18954128049641095,0.6533042348125612,0.5595020176229191,4.4
0.4567005856296278,0.8482715933456899,0.6747970287133604,0.43816581584541114,0.38278626462498944,0.7022153908682988,0.39398431175441323,-0.045506789764410846,0.7335763145900809,0.40487845581705284,-0.008644172276526987,0.5233957117882163,0.45459648647819817,-0.01790372218740635,0.5569328646204941,0.37473409162299287,-0.1303329671436514,0.807071053224431,0.2746033661636054,0.8548169857613276,0.6299226716753705,0.26483175778679396,0.41772015177072686,0.629139264583416,0.22502533577628314,-0.007713071457819395,0.6748716498718993,0.2611204715588987,0.028796207660064216,0.47986160928387717,0.22200188767149936,0.03814827720873404,0.47607935319536243,0.2385646465571032,-0.087700112524756,0.7420959663043579,0.3838674708950022,1.3274914803165685,0.6913448974016098,0.4369507994387975,1.5738758957550778,0.6817554770986313,0.4305709202348972,1.474647534142401,0.5700405834478661,0.5204924154432514,1.23325185611727,0.753690202749951,0.5442466083052172,0.9701314151480901,0.7548217365945328,0.5764719354947323,0.7811052197815325,0.6494943433707926,0.5395008717643149,0.6700781110238194,0.5900237757238651,0.5593728211015625,0.6671450563893544,0.5689391710146211,0.5744339225442019,0.6368478937223887,0.6709710603283661,0.23043985057173827,1.2482444175904002,0.6757851021464025,0.19377156898225545,0.9993121174169368,0.6772074838339189,0.19063850273953808,0.7973280721118063,0.5568351689962747,0.23681208369104628,0.701405620441205,0.5422674027509635,0.22852766470413338,0.6853870472071603,0.494524359429414,0.19064013622261966,0.6501993503241398,0.5588054924837721,4.416666666666667
0.45876011529018285,0.8485646180972141,0.6718030590074543,0.4391516905123895,0.3812044586886738,0.702642113180126,0.3947762697994033,-0.044447764385943445,0.7320925575693896,0.40508774949520876,-0.009439249616148893,0.5233785839335051,0.45465287924345915,-0.0183940694498871,0.5570959641279184,0.37509594845648936,-0.12885556603494092,0.8059320435819382,0.27498642845672955,0.853586796481348,0.6309880469350531,0.2669241676936559,0.4188095666954794,0.6264368079259249,0.22528674362088494,-0.007882418967805477,0.6753068406711851,0.26242090166330934,0.029222104417007608,0.4795878596790877,0.22350455541364322,0.04027164447233687,0.47430195086339283,0.23836578943481973,-0.08857678993937981,0.742925563532976,0.38382135558793296,1.3288114112723324,0.6916117265460728,0.4364873240252676,1.5737504640890463,0.682632921806666,0.4304578945464813,1.4756809799774269,0.5705068350152165,0.5211180497496581,1.2332126865650672,0.7538302408278079,0.5446521928697938,0.9713087476152742,0.7548008159852098,0.5786784988636517,0.7816596189322038,0.6482580257364023,0.5426907993349447,0.6724789918472058,0.5859310379416465,0.5607076322408977,0.6683076299392301,0.5674771906205047,0.5782221581586655,0.6417960710805487,0.6618827420045631,0.23090012771658275,1.2473088360359263,0.674305531040698,0.1935881288366584,0.9980790570923609,0.6772254181006094,0.19243171810257492,0.797321396161701,0.5546148330290779,0.23698575753183132,0.7001590561497126,0.5419985838020035,0.22940819094356638,0.6824882690185633,0.49501803027596847,0.19120970323782965,0.6466268228476139,0.5593550730111325,4.433333333333334
0.4608209977830374,0.8487902277409014,0.6690734847774098,0.4402167429763381,0.3799859118047552,0.7028457582791138,0.3955978240740462,-0.04344945895474825,0.7307256252466519,0.4051257938748415,-0.009698828622138028,0.5231885088370916,0.4545714728543266,-0.017974177760011797,0.5570571191184331,0.3754802934757157,-0.12723282417008763,0.804721874689349,0.2755139883497435,0.8524356695123466,0.631964547071498,0.26877873758210497,0.41996798078234127,0.6239922529834081,0.22547596642769738,-0.008279197615291972,0.6758338777219105,0.2629641664993453,0.029484043849258915,0.4793397779606733,0.22376260063561376,0.04079951284803347,0.474308555080078,0.2381850879416265,-0.08956245557046716,0.7437257441652618,0.3837746135708499,1.329883691974343,0.6918643884701745,0.43632841867196287,1.5739761640768926,0.6826538939098803,0.4303896647164328,1.476205511349256,0.5708715628242043,0.5214735153532996,1.2332043950460254,0.753926552917507,0.5447124108663676,0.9725028103494198,0.7548188025511028,0.5810731547501147,0.7821015555188159,0.6477767121421134,0.5459545134015604,0.6746640917429496,0.58167583877227,0.5619818803079436,0.6690665632220516,0.566501937428717,0.5816825690634484,0.6456101332250724,0.6553312296906999,0.23143867556419068,1.245938601322534,0.673742136943507,0.19334602566934445,0.9970540134160096,0.6771335487900558,0.1939659457508382,0.7972874369310218,0.5524887702933287,0.23705650550756507,0.6992715359187454,0.5417599177413466,0.23036289579485977,0.6802056382453684,0.49545103809023316,0.19136419081138445,0.643253361108101,0.5606288412929713,4.45
0.46278998244320263,0.8489849822900033,0.6667636019605345,0.44139567617360165,0.3793403219247803,0.7026669839153631,0.3964158712235829,-0.04255170342962927,0.7295328297177602,0.40504651853470475,-0.009621879029546351,0.5230568587654653,0.4544238631365982,-0.016818727236267206,0.5568173134732248,0.3758751016436881,-0.12547367976606252,0.8034588675672618,0.2761604950416522,0.8514009062518364,0.6328248151421212,0.27038111994320324,0.4213601259295968,0.6216656464539991,0.225576939865565,-0.00888163397980149,0.6763934913494835,0.2626178151804057,0.029261622247792177,0.479537062366418,0.22298243560931008,0.03960345471926867,0.4760859317711881,0.23800976162944246,-0.09063000384318026,0.7445257787557891,0.3837333621792096,1.3305386341599443,0.6920592989530869,0.4363666934731223,1.5745152320215063,0.6821751413622146,0.4304492158342357,1.4762508343658731,0.5709558738478335,0.5215503118128149,1.2332196833301952,0.75398128490819,0.5447214785519421,0.9736356658619416,0.7550106817113466,0.5834694278252808,0.7824360669292865,0.6477877984650922,0.5493168461806264,0.6763718159143339,0.5778809459975955,0.5634994560384898,0.6694899017818731,0.5660530511332564,0.5847265043919826,0.6482165057261182,0.6514285791413919,0.23218164324438972,1.2444056722718706,0.674068745816172,0.19325130166464505,0.9961180144944181,0.6769243950747696,0.1951053977856781,0.7970269865244479,0.5510358630324499,0.23700610867705885,0.6989910853028444,0.5418351756865591,0.2312570209928596,0.6786898795862278,0.4960379577128866,0.19142663772506885,0.6408102176734803,0.5617592824479618,4.466666666666667
0.4645945311336596,0.8490903790037424,0.6649699805634429,0.44265948381813114,0.3791466199087105,0.7020720292402691,0.39719884476242745,-0.041792656374947376,0.72856086464759,0.40491936068416323,-0.009380548517264567,0.5229880357695865,0.4542468354875992,-0.015332413913234047,0.5564588324547255,0.376273946667664,-0.12362029236738428,0.8021580103285079,0.27689549693189824,0.8504200230419947,0.6335614647398755,0.27167969669534286,0.4229332818585151,0.6194733118172681,0.22555519418419992,-0.009624541340447323,0.6769028254241105,0.26153075424178995,0.028363977371535287,0.48048611489647086,0.22169332626058147,0.037265950090123595,0.47901339437447693,0.2378165232146121,-0.09176395035116801,0.7453119114245176,0.3837062832503433,1.3306709319505299,0.6921628880450734,0.43644699237299456,1.5752277994481316,0.6816953025373411,0.4307638067485652,1.4759820460670645,0.571020137807472,0.5214531193209384,1.2332354690821903,0.7540165922394371,0.5448937192030012,0.9745726854309277,0.7555621300243363,0.5857202671829819,0.7827086681762537,0.6478747101283332,0.5526058830942481,0.6774107127475086,0.5748917575833237,0.5653726042644562,0.669613573824973,0.5663101014938425,0.5872925690594528,0.6499834479612077,0.6491248792703322,0.2331536187001986,1.2430928197060391,0.6747324190843883,0.19327300877135448,0.9949285142893046,0.6769664120691645,0.19581211040637747,0.7962121414504882,0.5509211467170703,0.23686637053974596,0.6993177408162182,0.5424307984513745,0.23204427675437708,0.677702147254243,0.4970853057455249,0.19170773216349793,0.6397649666498443,0.5619946271319098,4.483333333333333
0.4661747710735779,0.8490231530077624,0.6637382412271015,0.44393603792607234,0.37918708813838364,0.7011294193748537,0.3978991356261906,-0.041241054574597244,0.7278968219150247,0.40478889952167396,-0.009093820809082706,0.5229278273659427,0.45406248650693404,-0.013924416406863857,0.5560884155102688,0.3766775745577986,-0.12174898086090205,0.8008416715228833,0.2776890311639717,0.8494307759087498,0.6341599266714796,0.27264813063894733,0.4244362314682678,0.6175743430007595,0.22538018584689706,-0.010413220205623658,0.6773202459705765,0.2600732243284775,0.026858172508773995,0.48217466321744895,0.22038870615754869,0.03460733323331622,0.48226160978436444,0.2375978761868943,-0.09291732996571203,0.7460314903106722,0.3837002111475975,1.3303171457505427,0.6921706425462759,0.43648890259210715,1.5759596044379485,0.6815130858938184,0.43140425328227916,1.4756191881503185,0.5715058777535434,0.5213288134407673,1.2332449755200288,0.7540607570261382,0.5452814538414271,0.9751075029366636,0.7565309086424266,0.5877849852307111,0.7829285515073595,0.6478212189539347,0.5556551106179874,0.6778133552048755,0.57255605424782,0.5675766540820604,0.669468845732323,0.5675110519676378,0.589478830305756,0.6514045074803503,0.6470551069398791,0.2342783266514227,1.2423785653709967,0.6748322107094485,0.19333729754622808,0.9932832944588113,0.6778134271298017,0.19604741484896004,0.7947366788341808,0.5525438284968252,0.23674985990006492,0.6998802170274985,0.5434929888358133,0.2327125069814349,0.6768133446900252,0.49870259356343294,0.1923556931839604,0.6401017298695205,0.5609927686350045,4.5
0.4674949004460167,0.8487416925422017,0.6630228088811938,0.44515502518222816,0.3794224964007983,0.6999028123789406,0.3984627673602834,-0.04097904105128233,0.7276495658862661,0.4046563661370206,-0.008720397048440298,0.5228268607844194,0.453890835462164,-0.012864863528336393,0.5557688331147825,0.3770852868080063,-0.11991558375274627,0.799538486326995,0.27851407298883935,0.8484535434223098,0.6346109071082034,0.2733480194229822,0.4256141255866958,0.616097870967756,0.22506780338406848,-0.011196261591686033,0.6777403565889514,0.2586789937072456,0.02498666319787167,0.48435751295165785,0.21931848065965645,0.03225846543963866,0.4851942351713559,0.2373705729648599,-0.09401121368802864,0.7466968285262173,0.38370930802611247,1.3296441302588053,0.6921080304743676,0.4365012741268271,1.5765923119832126,0.6816251991753193,0.4323424374703376,1.4753222480560324,0.5726536932204991,0.5212587324392507,1.233253184905776,0.7541149907346089,0.5459213249714772,0.9751559947337756,0.7575338222271233,0.5896514882207153,0.7830593386687373,0.6476677416597074,0.558457967412439,0.6779997258533759,0.5703912870696553,0.5700538500987042,0.6690992888732568,0.5696731877540814,0.5915895329558984,0.6528290631557309,0.6444089305276286,0.2355131805546818,1.2423969946045514,0.6737588616677488,0.1934465902080834,0.9913094133948627,0.6796150208843417,0.1958622266011455,0.7928479120268686,0.5557757461474109,0.23685572684885237,0.7000797419980406,0.5449170601094075,0.23324423335849592,0.67569641817414,0.5006946620241909,0.19342745146984297,0.6414471028039477,0.5586907678161422,4.516666666666667
0.4685598790265539,0.8482810081499728,0.6626721882511757,0.4462648248860329,0.3799279815629243,0.698416475888827,0.3988749896562671,-0.041020336801789625,0.7278356013888541,0.40449575638154345,-0.008084363405456443,0.5226353727168637,0.45375506622255257,-0.012289670898346261,0.5555217579246426,0.3774901435864083,-0.1181513641880801,0.7982789256182443,0.2793492547773327,0.8475373842831125,0.6349169237906548,0.27388443710753996,0.42637948480336263,0.6150225645617218,0.22468322459884738,-0.012013892497623413,0.6783904836213953,0.25766040305462856,0.02304139366510974,0.4867119681206485,0.21856610669720816,0.03057028658824215,0.4874255497262194,0.23716753929695875,-0.0949789297629062,0.747412249996812,0.38371201361554974,1.3288500393734506,0.6920100123482548,0.4365118480533051,1.57703778156326,0.681874324777457,0.43347848264625966,1.4751809362055073,0.5744259980612657,0.5212427202361225,1.233265780590577,0.7541539318762436,0.5469636738621587,0.9749834021323894,0.7576609871904553,0.5912169697656239,0.7830629646346766,0.6475326893868518,0.561063814741386,0.6785642574290529,0.5680232536490265,0.5727255353079471,0.6685138413590515,0.5723662431616667,0.5938694916920859,0.6543450615547954,0.641229804683292,0.23679184269052844,1.242916658207986,0.671588251623144,0.19364889406327013,0.9892509206810461,0.6820367833357703,0.19555380917289428,0.7909680905116796,0.559913546818769,0.23741685176641386,0.6995326792905631,0.5466382136249155,0.2336526216294607,0.6742060551715439,0.5027665491681497,0.19499345151354197,0.6433087716367125,0.5551123270036838,4.533333333333333
0.4694144970746573,0.8477245352594378,0.6625110100531327,0.44723954669368005,0.38074465163506943,0.6967351323392805,0.3991892571887431,-0.04125681216758394,0.7283013971793958,0.4043057164113655,-0.007091928077958665,0.5222963342858685,0.4536766249568367,-0.012236835049451208,0.5553667641256607,0.37788070320410816,-0.11650202257988349,0.797092838947762,0.28017656882700376,0.8467011352517397,0.6350734475903558,0.2743230434862367,0.4268521998770203,0.6142423486480076,0.22428100119005012,-0.01293960077124126,0.6794642017744189,0.2571466579937425,0.02130141246471569,0.4889039385001608,0.2181695110385858,0.02965765340620395,0.48871557492195355,0.23700852274519282,-0.09577809274428885,0.7482513358232314,0.38367577828345373,1.328076477069033,0.6919009622194492,0.43652744493687157,1.5772357599189366,0.6820994291574893,0.4347043768909261,1.4752163152319142,0.5767489068962739,0.5212553845363269,1.2332849033704154,0.7541554882899995,0.5485544335280876,0.9750513387085559,0.7560122100164868,0.5923703893453387,0.78293709181493,0.6475018362222374,0.563396375729069,0.6797758443699118,0.5655145866707243,0.5754158499367412,0.667754766744639,0.5748202480237576,0.596298427923104,0.6557755141522519,0.6381684201014179,0.23782853634941403,1.2434788501073908,0.6689648754182811,0.19396822923660545,0.9872591363620298,0.6846596608791542,0.19562385040810587,0.7894823075632896,0.5637894480496615,0.2386003908038425,0.6983040394103395,0.5484110160323687,0.23401912389129892,0.6723261754841869,0.5046978397362224,0.1970813030452167,0.6452430003928994,0.5504619844981727,4.55
0.4701210226027945,0.8471395902316582,0.6624324297108315,0.4480896819899716,0.38187657937745395,0.6950340663476853,0.39950399146389187,-0.041496771743623054,0.7287754198451446,0.40414636206040855,-0.005876777749855705,0.5218230821373743,0.4536616958471902,-0.012573939633433368,0.5553199359409375,0.37824060015370997,-0.11503232160743526,0.7960089638473711,0.28097193663541026,0.8459648159127953,0.6350413047868162,0.27469887100354584,0.42729710161113643,0.6136762404431891,0.22386320349223104,-0.01398867104873415,0.6809518644021484,0.25709446711125555,0.020004967453587236,0.49060601799903497,0.2180941417864771,0.029443775148996598,0.48905867937150993,0.23686993446735422,-0.09637713147306962,0.7491612777418695,0.383571386638291,1.3274050802479953,0.6917936750681367,0.43654077870845587,1.5771993050478144,0.6822082781439024,0.435923222627431,1.4753808214617006,0.5796071984924709,0.52128063399872,1.233309097254637,0.7541194023937134,0.5505831261707312,0.9755780638904734,0.7524579509879037,0.5932016231266385,0.7827262131133581,0.6476205362468255,0.5653327613683381,0.6814531001740721,0.563205661136326,0.5778660808946542,0.6670662382421748,0.5763231227465249,0.5987046153329442,0.6568039173430158,0.6359820411405811,0.23821493797134008,1.2436560860734096,0.6666723315370188,0.1943798542829005,0.9854633321402957,0.6871597934381596,0.19652538678690934,0.7886644540895722,0.5660279739953435,0.24041656545203416,0.6966755627169443,0.5498057161223877,0.2344404622738723,0.6701593057396382,0.5062814114524489,0.19953254210621665,0.6468926792991876,0.545305240078372,4.566666666666666
0.4707268605227243,0.8465487155268798,0.6624204944791214,0.44886105964604583,0.3832847536770651,0.6935066487681172,0.39992041152939883,-0.041539513699816774,0.7289741614756325,0.4040942274008971,-0.00472843685103741,0.52148087685832,0.45369213286443877,-0.012980973183656278,0.5553606977001669,0.37854774230805693,-0.11377510269491001,0.7950505034878079,0.2817021861981308,0.8453791775282764,0.6347683211349856,0.27507895874560034,0.4279790488552567,0.6132585986557022,0.22342458340003238,-0.015097620400599865,0.6826341819111247,0.2572982282288835,0.019301314013854973,0.4915677952584408,0.21818194375261327,0.029683310321851633,0.4888065776362561,0.23669205616450217,-0.09679160307504138,0.750058450293533,0.38343030327499494,1.3269020085338832,0.6917020327132137,0.43654567061724403,1.577050870022644,0.6821939481709036,0.43702202662059875,1.4756119064403148,0.5828495831732075,0.5213127296108314,1.2333339416736864,0.7540631509818649,0.5526623199638986,0.976378472151788,0.7477646938596911,0.5940336389575963,0.7825208893887599,0.6479194065998298,0.5668922151427389,0.6833453613534796,0.5613580666308428,0.5798827920262514,0.6669069390493602,0.5764881172648068,0.6009154192846529,0.6571480946553455,0.6351813358032657,0.23784436358981242,1.2432451276487426,0.665195487713833,0.19482910319470848,0.9840755163309766,0.689228673150416,0.19836856167445716,0.7886596159524846,0.565601692676674,0.24270259417261414,0.6948866056535085,0.5504678476097938,0.23493797864234406,0.6679172773486944,0.5072469306355473,0.2019344510369775,0.6478751360295881,0.5405861326718299,4.583333333333333
0.47125790880841223,0.8459358367745207,0.6625102285350551,0.44961231092795034,0.38482101586563566,0.6922262863891259,0.4004947460685656,-0.04126532483985837,0.7287293925986319,0.4041600455688014,-0.003914553486338748,0.5217539348788459,0.45373597988813397,-0.01318303054754505,0.5554258884825308,0.37878163826342465,-0.1126754667292886,0.7942260492398006,0.2823425379049281,0.8449779768476005,0.6342764519089025,0.2755358042908791,0.4289489201402452,0.6129226344445149,0.22302468179751853,-0.016168648057432594,0.6842142572149218,0.2575044206097521,0.01916350000186272,0.49177264445096,0.2182437599247199,0.030027381673437006,0.48846096005887074,0.2364265509404534,-0.09713299839925209,0.7509621030316035,0.3834053148878545,1.326625890762564,0.6916402378686404,0.4365417914773883,1.5769581307918878,0.6820985581074723,0.43790796969385953,1.475867804987875,0.5861353699710048,0.5213502083481386,1.2333536768462237,0.754007854021933,0.5543978391555907,0.9770854732108187,0.743057164845067,0.5952091368993564,0.7824789918217115,0.6484265284468842,0.5682058884084356,0.6853982726530401,0.5600895729756878,0.5814105074730059,0.6676704652587141,0.5752216509109197,0.6027951970091959,0.6567526819129077,0.6358924650650981,0.2371220646289677,1.2422641707487339,0.6647272343616599,0.1952531047811588,0.9833205613189587,0.6905324307749169,0.20085539120870213,0.7894257062269652,0.5624169103526303,0.24517574901373101,0.6931578628432228,0.5503116782020417,0.2354481735646714,0.6658612706002089,0.5073798566421757,0.20374200751835841,0.6478153560621988,0.5373633419430317,4.6
0.47174529337509363,0.8452789471972576,0.6626956089667969,0.4503703853388572,0.38623614043973975,0.6911623486792164,0.4011952730236933,-0.040714692474730044,0.7280936790493208,0.4042980532183292,-0.0036046512134286224,0.5230191928083655,0.45376832965061176,-0.013165377965502753,0.5554549831025097,0.37893296963257517,-0.11162723800854128,0.7935420219024134,0.28289803801578267,0.8447128191707336,0.6336929944218064,0.2760696478573286,0.4299538373281958,0.6126594967431271,0.22276772083203375,-0.017121804644660038,0.6854873611301121,0.25758986025968256,0.019352890748219345,0.4915239096307828,0.21820678267936172,0.030187685309218365,0.4883040630057456,0.2360743666334663,-0.09755232400134167,0.7519507313346107,0.3836744456169239,1.3265838648389596,0.6915877512722635,0.43653175190694427,1.5770172732162586,0.6819646255712787,0.4386026049141517,1.4760947895748966,0.5892165957872444,0.521391040511333,1.233364287493737,0.7539681586652212,0.5555945694347699,0.9774098816279333,0.7393247617102976,0.5968760344463788,0.7827625289380069,0.6491271458635575,0.5693417793424865,0.6876129176074808,0.5593858800328196,0.582471188837484,0.6693583737321096,0.5727005188591516,0.6042485760033275,0.6560114609057646,0.6377170121166187,0.23667343757950882,1.2408112157810025,0.6654137900576729,0.1955889409028062,0.9832408315332155,0.6908451159720805,0.203507584288813,0.7906620921966955,0.5574503308692905,0.24749128690056565,0.6917807806180378,0.549567545625736,0.2358859187107853,0.6642098190206076,0.5067464613431056,0.20456642826798616,0.646645240487363,0.5362996322200821,4.616666666666666
0.47222117933644664,0.844599400210118,0.6628842676979838,0.45109756731929274,0.38733608593948116,0.6902838081490645,0.4019035297290626,-0.04007393258155119,0.7273077027506908,0.40448828677656723,-0.003951673233081168,0.5253448133557147,0.45377988053408724,-0.01306823007966415,0.5554374191561503,0.37899980867726685,-0.1105932010769255,0.7930418798017512,0.28340611834815427,0.8444685953046926,0.6331635737944641,0.27660826264487415,0.43063437797624354,0.6125408192280632,0.22271356146410334,-0.017905063508608515,0.686415202387409,0.25758822849480373,0.019566327119938595,0.4912418855846765,0.21812074688411331,0.030058138337497486,0.4883238310246432,0.2356743887987126,-0.09813125677217772,0.7530381571600726,0.3842368511926605,1.3266864611841533,0.6915154063934671,0.4365195884438854,1.5772132973840916,0.681830319799787,0.43923367877170805,1.4761941851100306,0.592151783462219,0.5214299664532198,1.2333659111626276,0.7539522787751608,0.556206895171452,0.9773119363402929,0.7371966210594209,0.5989387473638494,0.7833546994555874,0.6499248719654056,0.5702549762705926,0.6898278334441638,0.5591010715197777,0.583160483637526,0.6715503486104883,0.5695668814070995,0.6051796876904206,0.6557108105996103,0.6397264825456533,0.2369017762109089,1.2390206891266875,0.667211980496399,0.19578314186977686,0.9836022303966243,0.690336517425574,0.20589453931168394,0.7918685357241237,0.5523086016228472,0.24930535365280787,0.6910164823094246,0.5486142584432213,0.23620117464811113,0.6630660663934336,0.5057632702965453,0.2043982014907557,0.6446943884559437,0.5373103989820738,4.633333333333334
0.4726732772518516,0.8439765864540827,0.6629892386008815,0.4517140566519042,0.388134873041902,0.6895997137037091,0.4024705871580124,-0.03955313481658354,0.7266229532656397,0.4047417769094309,-0.0050681372128746766,0.5284816864247368,0.4537719403147217,-0.01299016332082184,0.5554030662225782,0.37897633645349094,-0.10965797914562121,0.7928139232516301,0.28391622357246504,0.8441526484154755,0.6327633310620017,0.2770616678952713,0.43079053550932384,0.6126718459396643,0.22285508806986826,-0.01847090867576294,0.687046211500008,0.25757216056496274,0.019648377375799372,0.4911437566524499,0.2180413687864299,0.029698172420393645,0.48841122704551,0.23526533313027542,-0.09885847177902846,0.754176607231976,0.3848915964087688,1.3267668029684576,0.691549009326275,0.43651110445207075,1.577467852757279,0.6817475356901992,0.4399086765617082,1.476058164246267,0.5951434700473662,0.5214603505682994,1.2333631682677821,0.7539637909444956,0.5562463886968819,0.9770688020936236,0.7367751551823234,0.6011220310104227,0.7840232607027423,0.6506833240786013,0.5709569012131391,0.6916891137231398,0.55926391477319,0.5836804878251325,0.6736229198803694,0.5670117805576742,0.6054898039362525,0.6564559753818521,0.6410089637166365,0.23783999638581144,1.2371173340835875,0.6696155905126921,0.19581579409508348,0.9840549421218184,0.6896353089133291,0.20769956480149954,0.7925890918673009,0.5484208055609632,0.2503810330028199,0.6908773135921192,0.5476591844583732,0.23639820953476115,0.662435859304088,0.5049297190645025,0.20357988182629977,0.6424008482350198,0.539678310266082,4.65
0.47303714988618073,0.843498974578525,0.6630249263402145,0.45215731024634515,0.3887785415098689,0.6891277633700917,0.4028239094121176,-0.03920289777578631,0.7260808274857278,0.4050257766168379,-0.006767631303023949,0.531787696248731,0.45375101255210615,-0.01295283847239806,0.5553783199539241,0.3788590115202906,-0.10892670685681856,0.7929236199122985,0.2844502421036375,0.8437493900062072,0.6324693396776613,0.27736793476924826,0.43044115068436684,0.6131282618829934,0.2231642305791374,-0.018789133227997745,0.6874137879895,0.2575747148481142,0.019617053536353513,0.49119652607590525,0.21796138134176718,0.02927908737272486,0.4885012121182755,0.23486548643892965,-0.09966340029616656,0.7553292817724697,0.38541036181712024,1.3266713378219812,0.6920064989344489,0.43651097816074774,1.5777004538016803,0.6817599526798854,0.44062852403370295,1.4756570571836998,0.5982122506346081,0.5214788731183334,1.2333628245908637,0.7539970680578666,0.5558332404624795,0.9771409634396723,0.7375452666630959,0.6030920831500756,0.7845079608005595,0.6512921999420103,0.5716645528979278,0.6927697834797042,0.5603781767173787,0.5842415885583477,0.674960404902414,0.5663045752810539,0.6052415227346373,0.6581330375860763,0.6413752370320279,0.23931285894631799,1.2353582111451984,0.6718582819234105,0.19572084819223107,0.9843782602038548,0.68931155592732,0.20875528316201009,0.7926318920207629,0.5464089130924216,0.25072584126534636,0.6909826049863214,0.5467379625049616,0.23651817533725727,0.6622678721415577,0.5044700904493746,0.2025995576363111,0.6400906212735316,0.5424179476101125,4.666666666666667
0.47325563346982447,0.8431879367592251,0.6630651314430187,0.4524240955876144,0.3893509935338429,0.6888698896706174,0.40305447435663155,-0.03881712143629096,0.7254503044494687,0.40525839507075734,-0.008508631441766057,0.5343013878966754,0.4537262787325783,-0.012944780536842795,0.55536532542965,0.3786763213117861,-0.10837044759746312,0.7932959553399069,0.28498232190480766,0.8432797484683398,0.6321933850543754,0.27753380317351983,0.42972097329293796,0.6138798974722391,0.2236144117354302,-0.01888545479923609,0.6875352384049618,0.2575948349308816,0.019544383511060914,0.49129658776507346,0.2178484518918125,0.02900899047739207,0.4885663766511524,0.23448468294011288,-0.10042124024244498,0.7564399687493052,0.3856849079591126,1.3263551232107713,0.6931405109422171,0.4365172917005464,1.577864914894016,0.6818610925135068,0.44130970751050447,1.4750884980012278,0.6010932341887224,0.5214882192267741,1.2333676214312874,0.7540337679822149,0.5553000387081056,0.9779391778599301,0.7384501866728581,0.6045893602017971,0.7846801286513322,0.651684423302141,0.5726583476940241,0.6927001584583736,0.5631142780613714,0.5849471520748105,0.6751003047111189,0.5680195394752856,0.60477682471699,0.6600991069935074,0.6412867786891753,0.24108142702727492,1.2339034995635079,0.6734050608095328,0.19557438726202653,0.9845407094069645,0.6893790339993164,0.2091039664616633,0.7920714148848934,0.5460418504108606,0.25063871711711755,0.6907663666219369,0.5460134536790642,0.2365968483386413,0.6624414232173927,0.5043083772996836,0.20190150406136292,0.6380197195581128,0.5445536348865903,4.683333333333334
0.47335759806577343,0.8429666196111354,0.6631488300404755,0.4525566524737063,0.389830210709852,0.6888305941420035,0.40335228747550284,-0.03810208079932785,0.7244565766150102,0.40539005062048317,-0.009777924299593496,0.535224005625406,0.4537064398358023,-0.012946803381075705,0.555349185587969,0.37850244672479866,-0.10781509967418612,0.7936793599404662,0.2854756882524501,0.8427346398477341,0.6318934506279784,0.2776540554570486,0.42880232209928465,0.6147358623225833,0.22416051882611557,-0.018836468274800414,0.6874856983240082,0.2576225445414932,0.019479284498563273,0.49138501191108325,0.21770981581877308,0.028972154597066035,0.48858226142129646,0.23415014638585102,-0.10096442117555901,0.7573608269360026,0.38577260088635035,1.325919112699736,0.6949347563334984,0.4365218367664576,1.577957617214958,0.6820020078709756,0.4418683462495261,1.474523573912997,0.6034892948944914,0.521495155142632,1.2333676421341142,0.7540518431272795,0.5551483700360846,0.9796809210775467,0.7382376773700208,0.6055009332875216,0.7845601439364083,0.6518463766225501,0.5740513623006609,0.691224062868714,0.5676890570011044,0.5858355229169715,0.6738701604155293,0.5717392755790555,0.604516408240727,0.6617730899837656,0.6412050359313513,0.24281583457336445,1.2327952350490337,0.6742085502084123,0.19546021185403667,0.9845774005870461,0.6895162575685954,0.2089783473923767,0.7911113434595796,0.5466129308696575,0.2505473512715764,0.6899784145060217,0.5456853557467387,0.236632148201238,0.6627738046967755,0.5042922092888187,0.2017871235805797,0.6364278100656791,0.5453485401249479,4.7
0.4734745793212619,0.8427030444603628,0.6632614213535908,0.4525904049032691,0.39017062045578854,0.6890026505038095,0.4038274690165746,-0.03699024273345347,0.7230866114414228,0.4054494296998107,-0.01043817715462192,0.5344171131705944,0.4536953716001618,-0.01292833043316699,0.5552946294048337,0.3784126275976149,-0.10711662472897045,0.7938225369535485,0.2859247310765781,0.8420772052752736,0.6316577920107497,0.27785552459011,0.4278707042225439,0.6154248785755938,0.22472534807665723,-0.018759720786320072,0.6874322926231996,0.2576508756753217,0.01943808008992791,0.4914466638051495,0.21759286313402978,0.029055211316162427,0.488546003332836,0.2339123765512632,-0.10116449292171581,0.7579181805037994,0.385822983783892,1.3255521882639163,0.69716883961106,0.4365205627728192,1.5780123851730956,0.6821268262475375,0.4422820243782787,1.4741226531472267,0.6053471326188418,0.5215049032649502,1.2333363829759518,0.7540417789335215,0.5557839958965558,0.9823009061288621,0.7361753612914835,0.6058562892406979,0.7842506207028046,0.6518388665316075,0.5757812354038994,0.6882704574031627,0.5736898627418372,0.5869674577298525,0.6714842051542622,0.5765277592951228,0.604649474646463,0.6628480793357109,0.6412709990613505,0.24410205861589118,1.2320057158533706,0.6745912532616446,0.195438674547824,0.9845307537773035,0.6895219588571884,0.2086833775396294,0.7899452131041601,0.5473755838797968,0.2507425190545636,0.6888129528263555,0.5456859222512307,0.2365951868884808,0.663041716237393,0.5043198431917382,0.20235023581585646,0.6354701824521756,0.5445580831458704,4.716666666666667
0.4737523193994708,0.8423069353511733,0.6633744386503585,0.45254078316798224,0.39037454080380196,0.689277786659949,0.4044378043870296,-0.03572602360342621,0.7216333159026278,0.4055076980701662,-0.010672919442185541,0.5324629435362376,0.4536876726769843,-0.012837799202343153,0.5551344858339052,0.3784279920556258,-0.10630608657803045,0.7936823609499931,0.28633946114416964,0.8412973797129356,0.6316622855027859,0.27820063805530587,0.4270619347553143,0.615756781478346,0.225237284502245,-0.018803696067305906,0.6875369554056081,0.25767598908066,0.01941757015466017,0.4914813547479418,0.21753810849960029,0.02911260743440018,0.4884868418523034,0.23380930263983002,-0.10100016872333778,0.7580325324090325,0.38595849471770394,1.325410374180794,0.6995511869718626,0.43652671601351395,1.5780890185364866,0.6821694339534843,0.4425633914046032,1.4740048135339379,0.6067597998602208,0.5215176865355899,1.2332523271461309,0.7540145260452641,0.5572911176555341,0.9853937625668044,0.7326387985793149,0.6058011917784245,0.783869125859544,0.6517891748361452,0.5776961251307476,0.6841106389442679,0.5803471219802537,0.58838600316607,0.6685215385672043,0.5815703055366084,0.6051003838552164,0.6631633813109968,0.6414314170173353,0.2446785018821251,1.2314785581874796,0.6748589039475353,0.19552739370925165,0.9844860253708685,0.6893945834900157,0.2084589616065044,0.7886731785421266,0.5478607252110523,0.2512686418288015,0.6875065062300564,0.5458663217775608,0.23646925455135165,0.6629764176969536,0.5043402295035028,0.20343518734311344,0.6350922711635174,0.5425307122956485,4.733333333333333
0.47424880461124636,0.8418050329197324,0.6634699274153535,0.45244180916762006,0.39051331376869436,0.6894435575860828,0.40509490284519767,-0.03462063780745783,0.7204316024238442,0.40560311265675336,-0.010716093448348785,0.5303168489443264,0.45366805969888657,-0.012661487821595582,0.5548535491640136,0.3785213898203843,-0.10551864568849015,0.7933900426307267,0.2867081414819394,0.8404366856562155,0.6320716235962213,0.2786698520224649,0.42640225913473945,0.6156796174964245,0.2256774209231293,-0.019063581090826023,0.6878308583101531,0.25769443444293283,0.019408937160288534,0.49149296586434493,0.21757720196636576,0.029153149733260164,0.4883951949716722,0.23382927232528403,-0.1005334253224688,0.757722081687283,0.3862711814532087,1.32554780899454,0.7017866064119911,0.43657064573488535,1.578225988825805,0.6820488067458198,0.44270588059263827,1.4742296781598119,0.6077163606008474,0.5215310657113272,1.2331467071034736,0.7539964613760228,0.5595114519023547,0.9883121285727775,0.728876842791886,0.6055552349263018,0.7835684870836821,0.6518414297559014,0.5795632677432183,0.6794246939941186,0.5867680139301681,0.5900081331800522,0.6657305406218383,0.5863063370434191,0.6057401270999301,0.6627102004065117,0.6416187697469519,0.24468377137274555,1.2311837578886022,0.675025153679931,0.1957020165485972,0.9845425487155178,0.6891965578907343,0.20838902087818678,0.7873360894551593,0.5479822380096669,0.25206067817363587,0.686004399165691,0.5463420452287594,0.2362881241537762,0.6623277996013567,0.5043473836753078,0.20466474185399353,0.6349733129721444,0.5400905319516813,4.75
0.4749279975758019,0.8413011012601539,0.6635350366255341,0.45236483124805205,0.3906782164094048,0.6893927810557355,0.4057644625285389,-0.03380903421823281,0.7196110394314031,0.4057112317577657,-0.010699425086882514,0.5288187767380382,0.45363046145224506,-0.012541665584798287,0.5546631862786421,0.37865596736610474,-0.10483315370076923,0.7930845956825083,0.2870006919591344,0.8395557321816802,0.632963916434335,0.27922176224967393,0.4258586335698577,0.6152537506906416,0.22606730076852985,-0.01951623351854624,0.6882332405316487,0.2577023853006453,0.01940457800040353,0.491491513072239,0.21777280005544405,0.02933370357658463,0.4881470272768288,0.23391948361204243,-0.099879896742862,0.757084749093171,0.386865546445038,1.3259353204037008,0.7036022253008638,0.4366620836883688,1.5783631860956002,0.6817769691059428,0.4427026724139176,1.4747664023515703,0.6081705156356481,0.5215429176172599,1.2331282000466741,0.7540091317634499,0.5622186029872258,0.9903976660607265,0.7262511460578173,0.6053042165380174,0.7835564444656596,0.6520721722945225,0.5810938062531875,0.6751071022613879,0.5920000947834708,0.59161237510271,0.6637042371014465,0.5902032622045019,0.6065103190377753,0.6617615145625219,0.6418215339710354,0.24451539436374917,1.231104520084546,0.675013410842785,0.19591881160058594,0.984730253488757,0.6889791003464365,0.20841958037715108,0.7860236175167483,0.547857803428404,0.2531027538287961,0.6840997091477599,0.5473497137062312,0.23616153806121581,0.6610017833308938,0.5043800764106537,0.20559711487846422,0.6347117253573651,0.538181731373139,4.766666666666667
0.4757139484376625,0.8408762808652541,0.6635535590793962,0.4523904990485147,0.39089949080268815,0.6892748816424292,0.40644491071620686,-0.03326364295098569,0.7191276934481182,0.4058049100966913,-0.010727022001671804,0.5283982618585555,0.4536121905294369,-0.01275626684103115,0.5549753176437624,0.3788063846540189,-0.10424867518775215,0.792838722378816,0.2872078763490643,0.8386760109073677,0.6343254406794814,0.27982720607448475,0.4254390279682094,0.6146103090374575,0.226426601758418,-0.020076815219779248,0.6886585219730031,0.2576965663741725,0.019400575966103964,0.49148850516674814,0.21817833550204524,0.029750399577800055,0.48761446057739527,0.23401102747769847,-0.09920345596763472,0.7563167826993572,0.3877547760322959,1.3264935266008262,0.704773672327097,0.43673682222155163,1.578337085123754,0.6816222633040359,0.44260409333943945,1.4754936438405701,0.6082988575973207,0.5215505638931408,1.2333555456206795,0.7540419244819663,0.5651400239902398,0.9912014643566224,0.7257397588322914,0.6051096306593646,0.7839411554989605,0.6524318619396741,0.5820400429133474,0.6719062888600005,0.595173094114257,0.592947760257047,0.6626682498804722,0.5927380967909135,0.6073616295541721,0.6608275028628152,0.6420780530943007,0.24444299557283994,1.2311594303677846,0.6749136552910778,0.19613713931735677,0.9849347290774844,0.6887912284265023,0.20847565983780675,0.7848957412732459,0.5475933710119092,0.25439459199883985,0.6817844562887926,0.5488794926330534,0.23623436839440082,0.6591172717431605,0.5044991530183719,0.20598231864124955,0.634158224508517,0.5373351982657262,4.783333333333333
0.4765249487557947,0.8405657840024074,0.6634956823183453,0.4525657743478491,0.3911256465940087,0.6893264266123034,0.4071227357230717,-0.032927686901221526,0.7189228551942844,0.40589976594020527,-0.010959692145596764,0.5291077337526777,0.4536878801134868,-0.013508525576637245,0.5560934222956601,0.37896274130503815,-0.10376482673468813,0.7926746221998798,0.2873681693208647,0.8377628318449322,0.6360833256112478,0.2804611188984057,0.4252022667577256,0.6138779406085214,0.2267575375175504,-0.020679226628170413,0.6890646163023789,0.2576765961316711,0.019393748436672104,0.4914862076911978,0.218665160892134,0.03014741846117462,0.4870033140583864,0.23405379924943864,-0.09868244163639805,0.7556592526421919,0.38874459016518126,1.3270956521119446,0.7052313055099493,0.43668438215425565,1.5779973043336244,0.6820277578448544,0.4425101719510759,1.4762488184649092,0.608467496456867,0.5215502040440064,1.2339669914765212,0.7540548401326141,0.5679556882693253,0.9906612176594708,0.7277262449463859,0.6049604274642495,0.7845691896494177,0.6528014587426514,0.5823321477533127,0.6701231595949974,0.5959869051581029,0.5938926848272138,0.6624939274380962,0.5937461403919527,0.6081929935462455,0.6603585328555208,0.6424339420535968,0.2444772911074168,1.2312326105769709,0.6748587542727844,0.19632346142064344,0.9848998370711326,0.6886906355624949,0.20857593871577695,0.7840657570698788,0.5473280991751679,0.2558727120509794,0.6792741817166603,0.5506600015226015,0.23658289677705333,0.6569676602692569,0.504756218532829,0.2059464090059216,0.6335463769881148,0.5373196758061192,4.8
0.477297104708866,0.8404043209297277,0.663305454897927,0.452885890054591,0.39127993120298055,0.6896420395409655,0.40777425254508476,-0.03277890757614037,0.7189828326782494,0.4060069755773094,-0.011468787899481608,0.5306865341636381,0.45390963916271954,-0.014786697749064368,0.558002989122589,0.3791244622221881,-0.10340121021719498,0.7925889331096818,0.28754760535033197,0.8367745611655936,0.6380986367979339,0.2810972109889255,0.4251963315290382,0.6131356543854836,0.227051301350455,-0.0212941416926071,0.6894391427879015,0.2576461075681012,0.01937626632467128,0.4914756411201312,0.21882568748922487,0.02990286597192017,0.487024386338452,0.23405779716580677,-0.09845581819287702,0.7552930965352294,0.38954516779636733,1.327587983340593,0.7051880141264307,0.43643291454717514,1.5773225241528066,0.6832561899451084,0.4424981727229908,1.476896117906641,0.6088909065051926,0.5215403066351196,1.2349951314314984,0.7540173104813849,0.5703703626800529,0.9891421736559227,0.7318640258152757,0.6048972141154301,0.7851399367383634,0.6531146726600635,0.5821857947933384,0.6695060772154494,0.595232173033242,0.5945545374715134,0.6627850361871842,0.5936971514235694,0.6089049694553716,0.6604377268545191,0.6429023279135662,0.24453521063400427,1.2312660403943383,0.6748756561411973,0.1964459883744003,0.9843781177086379,0.6887169764857489,0.208842213458081,0.7834714322250902,0.5473810925982074,0.2574557539937162,0.6767447264694175,0.5524072969578608,0.23717738484936568,0.6549643258671669,0.5051728515175333,0.20591752741576258,0.63329704414644,0.5373163823794626,4.816666666666666
0.4780247707295073,0.8404317880525914,0.6629339037989618,0.45331633654601877,0.3913148591056113,0.6901780352662287,0.40837720364579116,-0.032821598499332416,0.7193135420889997,0.40609395057238423,-0.012068997384050012,0.5325307921955921,0.4542683950892674,-0.016418156736782888,0.5604483306942845,0.3792894683875435,-0.10314597409791643,0.7925609995726123,0.2877892660559257,0.8356987931387675,0.6402073738646525,0.2817126871010421,0.4254384047982343,0.6124136163525026,0.22729454377789038,-0.021910783861957134,0.6897771775174334,0.2576100810969728,0.019337827334355046,0.49144745113724614,0.2181849565335675,0.02843821072975994,0.48850941230772055,0.23407507919724546,-0.09858291267483221,0.7552871733257361,0.3899765007714281,1.3278880549530003,0.7050193924912517,0.4359255892841615,1.576421303567181,0.685190213003974,0.44256660304819073,1.4773676964355924,0.609384864697422,0.5215251221052387,1.236339111982969,0.7539300118804066,0.57216688944472,0.9871992650896925,0.7372893548260384,0.6050326708810239,0.7854483829775933,0.653389561617449,0.5820040435309008,0.6694308478675189,0.5944387837706414,0.5951565694939243,0.6630520784900272,0.5933691948389407,0.609502240584676,0.6607608317523845,0.6434539276313851,0.2445805765375036,1.231260815449835,0.6749412584898751,0.19647614106240682,0.98330170766931,0.6888629922959383,0.20939478935085473,0.7828906685561497,0.5481569021442896,0.2591073619941874,0.6742131779034987,0.5539541365534522,0.23793793651977496,0.6534854818679958,0.5057173849833538,0.20629225415940594,0.6336930036875884,0.5365344799569549,4.833333333333333
0.4787658854155456,0.840627711522227,0.6624197290407741,0.45381941152779,0.3911915037499906,0.6908706205301064,0.4089109718975656,-0.03306735812528108,0.7199200600630603,0.4061307233489261,-0.012481514951926245,0.5339174881999744,0.4547117777637911,-0.01817010509098403,0.5630814041740219,0.37944876284588364,-0.10293241890414806,0.792557651710433,0.28809722651031605,0.8345441036186838,0.642331023364724,0.28229392136807185,0.4259238960490965,0.6117068810022289,0.22747141959011316,-0.02251856507686742,0.6900690233177421,0.2575727976544762,0.019272657974298432,0.4914034029691,0.21653191319931164,0.025601283994235113,0.4918258569787725,0.23414188122327556,-0.09904547466469152,0.7556170305089124,0.3900547442188359,1.3280756874424258,0.7049443183022904,0.4350349446697568,1.5754434050134927,0.687523883921481,0.44261875813887874,1.4776733771169233,0.609428179168439,0.5215130488491282,1.2378129415159755,0.75380776665873,0.5732768304024092,0.9852651691397922,0.7430769602371181,0.6054491861611158,0.7854753889070887,0.6536627354529393,0.5820861125882283,0.6692888063224602,0.5947325524638676,0.5957911976282342,0.6629692144821404,0.5932266631906473,0.610104654959588,0.6609274600483491,0.6440077036597557,0.24462090837798464,1.2312285323325436,0.675044466918704,0.19640078149747509,0.9818011814269716,0.6890759981868189,0.21025586285133013,0.7820911769211186,0.5498399532650251,0.26084667610980034,0.6716719676376396,0.5552338030322194,0.23877442651297856,0.6526550594783862,0.5062851042513062,0.20715975425307553,0.6347087030880955,0.5346975210363101,4.85
0.4795805467685019,0.840880942748566,0.661901028149327,0.45436232504011353,0.39083760158338743,0.6916915912194037,0.4093536184010701,-0.033528424225366005,0.7208082594763862,0.4061322231832956,-0.012618902561250409,0.5344905187243807,0.45517529775740606,-0.01979691355329373,0.5655348851836667,0.3795919114124588,-0.10269274615971907,0.7925485832002217,0.28846642534219635,0.8333456154052199,0.6444910821759604,0.2828461102535887,0.4265991090543104,0.6110119235669151,0.2275664899071227,-0.023101397841860064,0.6903004866708038,0.25753860414050544,0.01918243727332125,0.4913555523251736,0.2140507211922384,0.021707794096021027,0.4966584347803633,0.23426011498189514,-0.09978249545254178,0.7562086864988978,0.3899572466921555,1.3283462525416967,0.7048940779717863,0.4336207161892183,1.5744873292419381,0.6900792599316499,0.44246573305770853,1.4778981706959253,0.6084706868975127,0.5215051571474668,1.2391997812205018,0.753661616763313,0.5738658159343887,0.9835620390393941,0.7484543606828271,0.6061238093121295,0.7853321782276059,0.6539515418937615,0.5824656140666936,0.6687540634664144,0.5962414505136534,0.5963565222701346,0.662468224705242,0.5932791908277826,0.6108143952717574,0.6607595159604278,0.6444270641301733,0.24466395670648716,1.2311663640165633,0.675183033889749,0.1962511087095328,0.9801074869278215,0.68929696088719,0.21134363722139732,0.7809680793225111,0.5522501873098694,0.26267320002306294,0.6692818876793647,0.556204877645091,0.2395824038753392,0.6523593232640045,0.5067366364478627,0.20834880761004848,0.6360941934388675,0.532071120682458,4.866666666666666
0.4804762406429468,0.8410751603151275,0.6615173521394299,0.45492355145520874,0.39021504916878186,0.6926436604373175,0.40968317040733654,-0.03421472410126136,0.7219839208886015,0.40612783147731013,-0.012598631959203674,0.5344594273262889,0.4555962612310672,-0.021062479610807455,0.5674571141948518,0.3797153937459734,-0.10242152624208614,0.7925224237454122,0.2888967465998443,0.8321727102041967,0.6467225633537119,0.2833976156161398,0.4273199934855514,0.6103659392228733,0.2275755026265839,-0.023644382419631987,0.6904641408345981,0.2575108821494826,0.01908081276416139,0.49130956703900514,0.2112457984164895,0.017441474323359143,0.5021218554133149,0.23441634538724754,-0.10071837656872211,0.7569778531808083,0.3898887191659204,1.3288599227709228,0.7046439413394503,0.4316726687042607,1.5735872068743262,0.6928328696699546,0.4418948957666352,1.4781585346385504,0.6063422625493999,0.5214764172881305,1.2402818360502998,0.7535017448148791,0.5742098014496964,0.9821956665368528,0.7528494191872637,0.6069516031189197,0.7851549503954384,0.6542616997699202,0.5830099384145554,0.66780308048101,0.5984927044771888,0.5967202921631748,0.661655821656992,0.5933800812516533,0.6115997783057512,0.660348596020528,0.6445683561027113,0.2447055210620194,1.2310566878914835,0.6753467322098549,0.19613338010845957,0.9784644180162666,0.6895118134261502,0.21251668926987344,0.7795627554505629,0.5549899400593683,0.26440015310865866,0.6673656482506708,0.5567871563839336,0.24023814516167785,0.6524847733044978,0.5069888091908633,0.20962402418284176,0.6375385246180679,0.529314439237994,4.883333333333334
0.48141577183084183,0.8411825679417321,0.6613313633056375,0.45549404415042544,0.3894256022533485,0.6937339693829302,0.4098899702490028,-0.03511442016041455,0.7234250198759349,0.4061266529573001,-0.01256431795542541,0.5342683849435755,0.45591661998462385,-0.021790423220149513,0.5685841368261589,0.3798211824890075,-0.1021628625793228,0.7924876259088242,0.2893815504499152,0.8310980310176143,0.6490154234549192,0.2839767796807131,0.4278989050263914,0.6098311198741054,0.22752323091037915,-0.024144447910546457,0.6905742695381978,0.25748805397338836,0.01900974672317135,0.49123081044053385,0.20875140026793787,0.013692936491351004,0.5070411592225977,0.23460179894599478,-0.10178261011419433,0.7578686377267361,0.3899324748366739,1.3296019976131712,0.7041167439098119,0.4293288157288156,1.5727739706574329,0.6956406802684802,0.4408011924848168,1.4785093188466043,0.6034259002986997,0.5213760093459422,1.240890528189992,0.7533455078489222,0.5744993168624731,0.9812599225258762,0.7559397570321857,0.6078016756296879,0.7850179877766236,0.654582939322218,0.5835745857024399,0.6666220092222976,0.6009527581443532,0.5968354567438579,0.6607319724380664,0.5934145190242506,0.6123694140725207,0.659837795672981,0.6444101635954036,0.24473318159115015,1.2309034589574743,0.6755086217736916,0.19619617180213111,0.9770935054241011,0.6897517650529013,0.2136248678494685,0.7779687573933781,0.5577072094181121,0.26567855485939346,0.6661510603874397,0.556960317869237,0.24062600693982916,0.6529619932457942,0.5070528554854349,0.21077911570124103,0.6387466571771723,0.5272598985560297,4.9
0.4823595206323347,0.8412486731918264,0.6613434507755566,0.45606519419010133,0.3886428218177502,0.6949391047274993,0.41000051070008003,-0.03615387145531106,0.7250239527024968,0.4061246886843352,-0.012571513396193848,0.5341711076672001,0.4560932826967321,-0.021965546485424287,0.5688871659007916,0.37990858687199924,-0.1019520361053407,0.792457139817852,0.2899053353644183,0.8301653687288565,0.6513167563230711,0.28457916747629813,0.42825801952033443,0.6094388228603264,0.22746548244803486,-0.024610208990307067,0.6906657515556648,0.25746238643760533,0.01905216387053843,0.49101422989421295,0.20710462515227346,0.011269275649885363,0.5103601099256196,0.2348142972685821,-0.10292422629724737,0.7588833409459204,0.390017565098657,1.3303462656165819,0.7037430958541437,0.4267739779767719,1.572098633311776,0.6981821102642265,0.43924838707893077,1.4789003373476977,0.6003812254300447,0.5211946092321353,1.2410176851059032,0.753219658037552,0.5749373317416178,0.9808632766663821,0.7575636269307751,0.6085504422576007,0.7849296124585137,0.6548802881428294,0.584058025012683,0.6654760428473027,0.6031951296441843,0.5967021973512913,0.6599556317736273,0.5932925618870886,0.6131360726514066,0.6591958353977285,0.6441968219104186,0.24473620434101756,1.230791164984415,0.675620565708444,0.19653213884492343,0.9761676382400595,0.6900418628501903,0.21454767557145565,0.7762469373942475,0.5602906397957914,0.2663129272869732,0.6655640880749306,0.556874412999921,0.2407223168265058,0.6536322780939174,0.506984463077181,0.2116455732738936,0.6394504853253427,0.5265532370906923,4.916666666666667
0.4832988898569029,0.8413220919550749,0.6615414223887185,0.45662231579006324,0.3879603701124771,0.6962036894758982,0.41008282012300196,-0.03718967783364084,0.7265743635847275,0.4061202326962673,-0.012598894151256992,0.534160768576742,0.456126601046029,-0.021793130277442188,0.5686621855646251,0.3799707331508268,-0.10178548018349362,0.792431489790119,0.29044677043923184,0.8293961507285629,0.6535584266287432,0.2851719251163817,0.42851827268214987,0.6091697268930227,0.22745307380809557,-0.025044798605799473,0.6907650131643897,0.25743037622073034,0.019265645604547618,0.4905742478667506,0.20660455101549424,0.010630544905198588,0.5114527089168599,0.23504628495289898,-0.10410813265001315,0.760077974560526,0.390004726177001,1.3308078633717577,0.7043729771639253,0.4241416136299049,1.5715889028516061,0.7003577578240948,0.43742564768750913,1.479232996653403,0.597795162575011,0.5210669006205986,1.240915490141448,0.7531513240946672,0.5758767818060733,0.9810855625381075,0.7576580091647273,0.6090935670056877,0.7848782590834364,0.6551068552496307,0.5843931872596814,0.6645958868303703,0.604876388122479,0.5963388916926067,0.6595643887046604,0.5929952798012985,0.6140093250415934,0.6582339969479563,0.6443576569509294,0.2447404653215946,1.2308711228140843,0.6756174451093446,0.19712467399341962,0.9757450510237109,0.6903786029537013,0.21520711818646485,0.7744545423595286,0.5627945484055523,0.2664276723989563,0.6653596006132054,0.5566898746339926,0.24065140047880718,0.6542601496395704,0.5068323212337738,0.21212511172709939,0.6394579755459666,0.5273966222076871,4.933333333333334
0.4842561412150745,0.8414214693183875,0.6619240431567269,0.4571518607182732,0.38739603753780605,0.6974832159522882,0.41020000225281666,-0.03808926815260125,0.7278849119934663,0.4061165151298654,-0.012611175760869106,0.5341514637951243,0.4560770380026037,-0.02156485760628643,0.5683365025403999,0.37999935388114264,-0.10164211453900704,0.7923997094656263,0.29098196034547674,0.8288002992298484,0.6556737131442386,0.2857254887943643,0.42892218624228884,0.6089855070830733,0.22749184875952164,-0.025436066098916257,0.6908704001846058,0.2574102122652012,0.019530281242130285,0.49007727305564164,0.20724205004893903,0.011731022543395142,0.510284570576497,0.23528300514474457,-0.10530158627424127,0.7614889927800871,0.38979661971213975,1.3308846106905223,0.7066358198766247,0.42148508404353013,1.5712291418844404,0.7025891719499988,0.4355940717641206,1.4794303005846234,0.5961037407271936,0.52124143273695,1.2410084861236703,0.7531477924491299,0.5776176787326139,0.9819188520058331,0.7564062162510471,0.6093663719765647,0.7848568316457077,0.6552277604887059,0.5845486547692695,0.664113336307653,0.6057812527077036,0.5958344699067166,0.6595717359414125,0.5927195035037864,0.6150227743230829,0.6568323765954998,0.6452057107571326,0.24482173099646418,1.231237054000627,0.6755082979331688,0.1978822405297468,0.9757039186235247,0.6907518275722786,0.21558689321231933,0.7727279195625396,0.5651822658813499,0.2662608825711622,0.6653946257757362,0.5564037906933685,0.24058747737469333,0.6546651618355346,0.5066272294202759,0.21225589879730467,0.6387718810144574,0.5295103637903209,4.95
0.48524940570595304,0.8415450589524525,0.6624856284490397,0.45764600376727155,0.38695950914975935,0.698764291855197,0.41035745622035297,-0.038817201702925797,0.7289026180271558,0.40611750850385875,-0.01259715762905994,0.5341052885910861,0.45602527111607405,-0.02144086574049396,0.5681486784785037,0.37999505680857654,-0.10153246740035629,0.7923549175819591,0.2915049327067817,0.828352462637425,0.6576096015953653,0.2862253395085249,0.42968932463289194,0.6088664420408747,0.2275445530993122,-0.02577763610281679,0.6909832840207811,0.25744005566577527,0.01953802507219661,0.489972312892167,0.20865529425978394,0.013961665343658045,0.5075193006203947,0.23550795089826218,-0.10644676207397442,0.763010804484844,0.38938252897831915,1.330683567933459,0.7105138797554811,0.41884000018104445,1.5709921112624141,0.7055198778347129,0.4340433752143534,1.4794606823569059,0.595603834048018,0.52189215837442,1.2416163780885119,0.7531928550480494,0.5801845814417341,0.983250316078641,0.7542402334488059,0.6093877421245456,0.7848590583320644,0.6552445593279872,0.5845588986024643,0.6640051654463446,0.605985535364649,0.5953774588280953,0.6596653056038864,0.5928638684516185,0.6160677803659576,0.6550627985775377,0.6468062308630014,0.2450124021028856,1.2318176814687207,0.6755350832946078,0.19868961618321757,0.9757984285079352,0.691149763282033,0.2157647348030522,0.7712617203000941,0.5673199663544171,0.26596656553789183,0.6656566873239891,0.555942958010574,0.24060424595866492,0.6548033359313686,0.5063728446707745,0.2122248841163556,0.637643360481499,0.5322327218465361,4.966666666666667
0.4862621270693931,0.841686140957374,0.6631992049985584,0.45809736988051747,0.38662629253237957,0.7000411159719548,0.4105101686081562,-0.039410388210241135,0.7296780544105048,0.40612466385021595,-0.012569323276215502,0.5340379556164182,0.45601118538249275,-0.021413268735327923,0.5680913740487921,0.37997480785587295,-0.10150453649089973,0.7922964008762057,0.292046309238473,0.8279805373491245,0.659366657549221,0.286661451917994,0.4308869999510735,0.6088310912083909,0.22755539157128954,-0.026096702460792875,0.6911538127864952,0.25755087647263136,0.019023236119029008,0.49065483154363837,0.21025127988055498,0.016397335666678628,0.5043217541098928,0.235703361695459,-0.10744942844931787,0.7643998890574932,0.38881587624202896,1.3303515416177034,0.7154912124572119,0.4162715853212703,1.5708763949437476,0.7094112646690716,0.4330037953690442,1.4793424495989658,0.5963302847703247,0.5230021420047687,1.2427692184784949,0.7532672327433654,0.5834553863228215,0.9849128356166502,0.7515845390568641,0.6092747967068042,0.7848718287706927,0.6552066877287035,0.5845366598001278,0.6640776392000519,0.6059139531007397,0.5951844029629039,0.6594047127162842,0.593775335659779,0.6170022732567022,0.6530946697836322,0.649090124600722,0.24521468931036466,1.232417059978527,0.6761202090986032,0.19943154900597768,0.9758334654659541,0.6915405718256995,0.2158817643245149,0.7701541404615996,0.5692552003973432,0.2656287454490358,0.6660981976578398,0.5552919680082544,0.2406666521131926,0.6547792967398317,0.5060486044542839,0.21224745609142476,0.6364285311695669,0.534809165065907,4.983333333333333
0.4872512704886184,0.841836669484643,0.6640295865772909,0.45849144659024044,0.3863134553062868,0.7013006597517786,0.4106016203350067,-0.03990060668198106,0.730253029384585,0.4061369281010436,-0.012545977951090803,0.5339781536649684,0.45602696653529784,-0.021422598419767888,0.5680795772691143,0.37996548779508876,-0.10159377362845094,0.7922173506070658,0.2926486523474955,0.827607852749695,0.6610106613015464,0.2870234948365262,0.4323606994024541,0.6089338500760292,0.22747951444450323,-0.026431090923676875,0.6914513156535608,0.25774511715111553,0.017937522559385813,0.4922019050800038,0.21150913822469514,0.01828138217114575,0.5017686237649464,0.23585766776675185,-0.10823928140450889,0.7654818258079139,0.388185041180496,1.3300145008959028,0.720860213533966,0.4137994877754848,1.5709092630073076,0.7138890648916447,0.43251940436877134,1.4791481529821848,0.5978831958142885,0.5244189047657235,1.244278067321759,0.7533561312780677,0.5873406897394087,0.986725362898183,0.7487538503913198,0.6091666608253092,0.7848782665130913,0.6551806861246594,0.584593683233181,0.6641037090745354,0.6060103831501471,0.5953468050816456,0.6585380287966525,0.5955492554807196,0.6177555201687243,0.6511224048616319,0.6518047682260523,0.24528270736835217,1.2328535921255384,0.6775472091981987,0.20000227431366652,0.9757675872098848,0.6918722069378271,0.21605096215688763,0.7692699419034095,0.5713139470251504,0.2653046088821943,0.6665348430532292,0.5545694914263438,0.24072869199219088,0.6547438493750525,0.5057007589246677,0.2124142331069108,0.635389081525193,0.5367113633449582,5.0
0.4881687365507034,0.8419899760309244,0.6649413946834062,0.45880341696196936,0.3859268140170259,0.702521989022231,0.4105912099031763,-0.04028663264668965,0.7306169090674538,0.4061509014001956,-0.01253165711575023,0.5339357765036609,0.4560515202577773,-0.02143321827127674,0.5680630924646748,0.379984210543795,-0.10180154279917938,0.7921133577523944,0.29331936346077,0.8271979847232067,0.662585995141811,0.2873030225272476,0.4338021089441922,0.609238997272773,0.22732627451083265,-0.026752180666827108,0.6918515193233655,0.2579977210200141,0.01639365699349138,0.49444788206734197,0.2121917929798351,0.019293091569560272,0.5003777808562144,0.23597120911189612,-0.10881904048362033,0.7662898196582649,0.38759432408651445,1.3298035560671957,0.725873840514359,0.4113411987230473,1.5710820902660867,0.7183470060872805,0.43237747497688583,1.4789891569739906,0.5994687110961467,0.525945557904723,1.2458965445712475,0.753437910706146,0.5917151855435979,0.9884870873196687,0.74606598283731,0.609124486120202,0.7848644723020891,0.6552102859015492,0.5847179902578198,0.6640388478702466,0.6062575683207287,0.5957362852856922,0.6572197270891289,0.5979883626080559,0.6183419844104118,0.6494561574237069,0.6542193647038401,0.24514791700762517,1.233044892910123,0.6797642811878678,0.200326721549843,0.9756551206223852,0.6920959589966285,0.21630670949063607,0.7683083883303975,0.5737931010663688,0.26506876076797764,0.6666522684736904,0.5541290401794865,0.24079486071557332,0.6546799808837909,0.5055650386684565,0.21267882960720041,0.6346537188200806,0.5376963523599122,5.016666666666667
0.4889677256541098,0.8421479287161417,0.6658782233188172,0.45900840368159385,0.38543325662836536,0.7036615971007819,0.410480026087374,-0.040546516272305794,0.7307278821738962,0.40616022011984027,-0.01250411944976701,0.5338969545271673,0.4560715320807892,-0.021434746055841586,0.5680311080228532,0.3800258926894159,-0.1021104304334097,0.792008557230075,0.29401883399075845,0.8267650339347182,0.6640361769583651,0.2874908973419264,0.434913432021547,0.6097871885527845,0.22716882286542003,-0.02694871681816169,0.6921996867922645,0.2582678409940571,0.014563790764966472,0.4971360746143018,0.21234413262318813,0.01950820488242709,0.5000712638905538,0.2360503056903508,-0.10923441709789634,0.766959311111835,0.3871428185127981,1.3298090578286523,0.7298012480921156,0.40881005988764385,1.571270647985094,0.7225698425907638,0.432162663462306,1.4789617920477107,0.6002582572326718,0.5273757297617977,1.247396772829983,0.753487987577749,0.5962914196799289,0.9899949407536013,0.7438977142787985,0.6091196916521271,0.7848134356533435,0.655333558350363,0.5847635571314549,0.6640584736011343,0.6061974049946961,0.5961542359191132,0.6559775793653653,0.6005887612887255,0.6188363093511677,0.6485661115857542,0.6552079070175045,0.24482728605606902,1.2329891008630391,0.6824790073121048,0.20040625221226932,0.9755504849065625,0.6921975567410399,0.2166162865062607,0.7670958808694763,0.5765961489245758,0.26503071401638245,0.6661183223491277,0.5544440317715457,0.2409027684152626,0.6543800279124476,0.5059771609608926,0.21295250371331492,0.6342753233825802,0.5377643608852062,5.033333333333333
0.48961607428843396,0.8423093674806813,0.6667755484051487,0.45910456564448304,0.38488639210482567,0.7046460259140102,0.4103189925614566,-0.0406581462912462,0.730566844980288,0.4061567714477926,-0.01241952626330578,0.5338407028756768,0.45608256789404344,-0.021426715496062912,0.5679883559926024,0.3800726727022773,-0.10248989801905312,0.7919539804155351,0.2946893898523695,0.8263571945275425,0.6652505336876358,0.28757860662856094,0.4355323681370848,0.6105785870169576,0.22708942621407585,-0.026932339416336507,0.6923348080570152,0.25850989754078535,0.012714088855669117,0.4998756828480603,0.21219537368318825,0.01927046903597443,0.5003784755276962,0.23610392103838165,-0.10954555142086742,0.7675865981169868,0.386899458280329,1.3300189617253322,0.7320755887563124,0.4062326759398809,1.5712800354844039,0.7267480212961934,0.4314801804270211,1.479068654171229,0.5999061713976679,0.5284986601669087,1.2485711515936784,0.7535062855967717,0.6005891141709447,0.9910997984842519,0.7425896973064742,0.6090914675498847,0.7846994594262342,0.6556110052493185,0.5845600029899658,0.6644053948462308,0.6054433676475821,0.5965773810926579,0.6553752465722724,0.6026631291535345,0.6193309161351754,0.6488918570653269,0.6539410463463704,0.24437268352215455,1.2327079231112896,0.6853129512053504,0.20034388789496035,0.9754757285693333,0.6922155137434152,0.21692309973484697,0.7657550762647086,0.5793322372951293,0.2652508770921716,0.6647362499493744,0.5557525895987401,0.2410620816212118,0.6536733205636586,0.5070851692124692,0.21316800367085476,0.6342205530741875,0.5372330382383734,5.05
0.49012585626309074,0.8424382441746614,0.6676394586383732,0.4591280739197427,0.3843483542547105,0.7054020964633633,0.41018025353982646,-0.040627146201207345,0.7302127064406988,0.40613773857624746,-0.012265966932723374,0.5337649506500526,0.45608489052074713,-0.021410601295926396,0.5679407101084794,0.38011124240915334,-0.10291383474782363,0.7919962039230923,0.2952874003544115,0.8260233724618431,0.6661614036065618,0.28757044915603036,0.4356576353268928,0.6115695085376404,0.22713159510182201,-0.026717823944503477,0.6921987991154603,0.2586879359450836,0.01130341254355681,0.5019970192379588,0.2120010734103534,0.018968742112408427,0.5007732728116052,0.2361415081125907,-0.1098300797128035,0.7682022929511328,0.3868696311397841,1.3302907710458833,0.7326233912789089,0.40372971816461545,1.5709956546425798,0.7309341066454724,0.43026469982747284,1.4791869647598108,0.5988188953279996,0.5291342381065889,1.2492516083949283,0.7535462581870049,0.6040799988110925,0.99173379328268,0.7422207855455765,0.6090191479188719,0.784527547785914,0.6560330216175991,0.5840269345204028,0.6652691234541906,0.6039874312798124,0.5971095616299836,0.655685579628581,0.603652094097039,0.6198924864171766,0.6505535349292764,0.6504359458741367,0.24384761378142997,1.2322204006005755,0.6878732452840368,0.20027764495258138,0.9754313781216878,0.6922140007568334,0.2172090358386442,0.764477897380673,0.58185705762477,0.26572307442279786,0.6624822414108305,0.5578971118938099,0.24124298400686045,0.6524939278825066,0.5087833552609062,0.2132905024757431,0.634326004432518,0.5366838058375423,5.066666666666666
0.4905562597434425,0.8424672708864707,0.6685743429155007,0.45913357581671976,0.38381432251460346,0.7059080393124342,0.4101253309147735,-0.0405065252964765,0.7298485619326317,0.40611551925992906,-0.012145038502521174,0.5337056004559031,0.45607962445903816,-0.02138884256562841,0.5678931573306873,0.3801407039188818,-0.10338694878746917,0.7921546223476418,0.29579816392509267,0.8257890000470615,0.6667966258941312,0.2875003369524281,0.435389241097324,0.6126496706335369,0.22730873307611155,-0.0263585245948198,0.6917955722299935,0.25879981507067223,0.010836439966787806,0.5027531715785697,0.21188772071247314,0.01879652577304458,0.500995411439594,0.2361698750246576,-0.11015866072893456,0.7687849694135335,0.38697826534125146,1.33040404246806,0.732062664416714,0.4014066958988348,1.5704583968028163,0.7348527161199525,0.42880618607964094,1.4791615216628566,0.5978306493366574,0.5292314655393278,1.2493989670406702,0.753710180101063,0.6065060506341078,0.9918766019721001,0.7424597738402203,0.6089864513120127,0.7844050088776252,0.6563446438042662,0.5832676685036515,0.6667404732022774,0.6020648504214107,0.59776504295074,0.6568753701708439,0.6033457305319843,0.6205562560280447,0.6532317580183952,0.6454517089277267,0.24333660549666786,1.2315768393702067,0.6897948529439675,0.2002739484683321,0.9754095322813596,0.6922315445235645,0.21751546539210093,0.7632781947301537,0.584516306770781,0.26646068077731605,0.6594632748943611,0.5604979121748199,0.24145097665912457,0.6507699455866732,0.5109787486771232,0.21331319852512493,0.6343567344249372,0.5366239287800096,5.083333333333333
0.490969797597292,0.8423485276961619,0.669683794644776,0.45913861488198365,0.38323346326695773,0.7062163274797335,0.4101870820077831,-0.04038636991592648,0.729627903187511,0.4061148072479617,-0.012254375185116906,0.5337234654010188,0.45606733477726036,-0.021367863471811438,0.5678544500755879,0.3801688750527332,-0.10392809614458731,0.7924198093946542,0.29623391502284846,0.8256581553406495,0.6672635119073975,0.28743197763571504,0.43485501942661625,0.6136333963270058,0.22763408409443137,-0.025844620271832444,0.691100335552556,0.25886024058568463,0.011423571181076647,0.5019534405077309,0.21184664729725838,0.018739386001317374,0.5010645501202579,0.23619271176478707,-0.11052512219928862,0.7692874049866675,0.38711652439759353,1.330272099221058,0.7313079106790156,0.3992977747712353,1.5698147642120155,0.7381944443347321,0.42738658170396937,1.4789642539702705,0.5976074073179698,0.5289654433010176,1.249189236246952,0.7540323347216566,0.6079768532289088,0.9915791060303077,0.7428031422797462,0.609155480770527,0.784521191684859,0.6560957391217471,0.582608158851469,0.6687354604774112,0.5999476866524411,0.5985413414510545,0.658670908978689,0.6019238012953235,0.6213120105816397,0.6563551781404007,0.6399948898936073,0.24296081253461965,1.230878732812487,0.69082382569225,0.2003053897025473,0.9754028834575554,0.6922675316927667,0.21788497978633328,0.762086683271515,0.5876718984941504,0.26748031902876496,0.6559104314453479,0.5631660588292452,0.2417563875755216,0.6484675662853339,0.5137201653046246,0.21327816967526725,0.6341310979784289,0.5372782747116254,5.1
0.4913890740278155,0.8420937318453627,0.6709760000752649,0.4591019288844871,0.3825657875950086,0.7063979958234037,0.41035868349293514,-0.04035426107832581,0.7295608019215332,0.4061544708721704,-0.012745782240647735,0.53386303656067,0.4560492471375007,-0.02135769412948446,0.5678361058487482,0.38020112924205274,-0.10451588236096802,0.7927603198417157,0.2966117651056814,0.8256313771880289,0.6676483506917097,0.28741831723013045,0.4341694523460049,0.6143389894465153,0.22812052408237424,-0.02511979289645351,0.690068308741788,0.2588210514503947,0.012596661636844003,0.5002478358209917,0.2118324008361307,0.01872854814808389,0.5010802129812992,0.23620256536917497,-0.11083250354582952,0.7696929934706866,0.38721491993815466,1.3301028615123702,0.7309100353255913,0.3973865066939768,1.5692262838083744,0.7407316268801656,0.4260192578080326,1.4787499874668917,0.5983521912862867,0.5286834814599242,1.2489405547471206,0.7542858144073127,0.6086987519960062,0.9910699890562582,0.7429844527364025,0.6096408524083536,0.785008631672433,0.6549758756490824,0.5824834078369772,0.6709339360857146,0.5979009038386071,0.5996393288576027,0.6605342238258893,0.5998912353732451,0.6220906142547147,0.659373253437846,0.6349727044744276,0.24283622693316234,1.2302055209991112,0.6909655135940562,0.2003079881253348,0.9754145435137308,0.6923008152423474,0.21830132952740602,0.7608958660116787,0.5911814462073062,0.26869578385861553,0.6521900875893548,0.5655570831212905,0.24220952194258094,0.6457390676696919,0.5169692095436033,0.21332016419220362,0.6335131641708803,0.5387970857358914,5.116666666666666
0.49180422477993935,0.841779399445197,0.6723845824915036,0.4589923610686635,0.3818510080234622,0.7064459247961192,0.4106062653560906,-0.04043665058423086,0.7295749721924557,0.40623694636635865,-0.013631145971276334,0.5341276603780973,0.4560283506792544,-0.0213648590630328,0.5678426941747403,0.3802330242258973,-0.10507174501016558,0.7931333030216952,0.29692834827052306,0.8257245269847335,0.6679285160787266,0.28746224130111553,0.4334149912348094,0.6146951016518051,0.22874019656188524,-0.024195323849822037,0.6887482674641083,0.25856620040109957,0.013708170765416375,0.49857106010885616,0.2118201910396827,0.018729653026723386,0.5011013321953305,0.23616773371352784,-0.11099343665883217,0.7700492136376258,0.3872603091748299,1.3302341862307248,0.7309077472187759,0.39562233954713677,1.5688030159418758,0.7421891185741696,0.424574724017574,1.4787363261681028,0.5998765895533368,0.5286947805132024,1.2489070714118655,0.754016762929481,0.6088227231939082,0.9906957138306883,0.7430357511187743,0.6104299605191851,0.7858540904284188,0.6530236941878362,0.5832141041466468,0.6728790993148125,0.5962087386833139,0.6013580240490195,0.6618792777661128,0.5978478312390503,0.6228302974727025,0.6618050585473646,0.6312447494810904,0.2429627722817225,1.2295473127321481,0.6905653845818522,0.20025266816243925,0.9754635450935374,0.6923040003013885,0.21870201577570486,0.7596890963597718,0.5945289152330453,0.2699050858560994,0.6487561306041065,0.5673273312511324,0.24277051630007335,0.6429424235952818,0.5204093160428577,0.21362979041057933,0.6323216708659652,0.5414192947298379,5.133333333333334
0.49221095313494856,0.8414834483252324,0.6738461865022056,0.45885749930109115,0.38122508874308475,0.7062909697966054,0.41090094580844316,-0.040573258765720016,0.7296205285756348,0.4063573414544678,-0.014803724640992957,0.5344756382014453,0.45600883601770625,-0.021388885902380764,0.5678697708503433,0.38025543597793826,-0.1055129104153848,0.7935058256682866,0.2971645020888714,0.8259575605917757,0.6680265781637542,0.28753688727978355,0.43262988452973006,0.6147699421824804,0.22940877889677186,-0.023193538284036128,0.6873256402718687,0.2580298314105621,0.014393620611746372,0.4974687636034159,0.21180583211790063,0.01873645869201912,0.501141622906604,0.23604834253381232,-0.11099154361617383,0.7704164399591071,0.387267104199768,1.3308592162262773,0.7311353905028892,0.393928693561429,1.5686002980447027,0.7422174543487778,0.4229730321970593,1.4790608518572157,0.6017907285887336,0.5291147448857607,1.249163431941188,0.7528827876684357,0.6085848543947053,0.9906791539628893,0.7430574928805109,0.6114158726474823,0.786936699409736,0.6505284852994236,0.584845028113359,0.6741802526850338,0.5951354296191632,0.6037504877711134,0.6624834071064762,0.5962286099176228,0.6235309024318347,0.6632243418836072,0.6296026930272095,0.24320711541170847,1.2288609535443342,0.6901001073633691,0.2002038918857616,0.975576268836071,0.6922650625480452,0.21903258031402734,0.7583557925341234,0.5973297720255353,0.2708798564791735,0.6459844616404733,0.5682063633695132,0.24332997548372812,0.6405214609972607,0.5235843373989832,0.21431824389965556,0.6304073749122481,0.5452378566613881,5.15
0.4926192707706523,0.8411765862427741,0.6753465476267573,0.45879240431938817,0.3808171155071373,0.7059290469408184,0.41123574078640385,-0.04067250650470439,0.7296856066489856,0.4065186293030416,-0.01605293366213517,0.5348005232209155,0.45599546894468757,-0.021426682694132893,0.5679130275903818,0.38026328265855425,-0.10580130275727355,0.7938742153603883,0.2973130391189814,0.8262843463618167,0.6679355593250899,0.28762770174240687,0.4318022594976806,0.6147210032711082,0.23003329439537007,-0.022258416885036186,0.6860035946870979,0.25726153292078036,0.014592924297248747,0.49704496721155195,0.21179793096122201,0.018755907179891243,0.5011840879825662,0.23585242410464755,-0.11081053893648629,0.7707650931567216,0.38725256627085225,1.3319674314317271,0.731458756756524,0.39219615940914576,1.568639632688775,0.7405789974436774,0.42120586564180634,1.4797832408526248,0.6036265497074849,0.529884343074659,1.249654583439057,0.7508871343687977,0.6082856325118382,0.9910191901057938,0.7430932191826465,0.6124608219885151,0.7880981426611463,0.6478633317825174,0.5871240141472114,0.6746430537554478,0.5947994065920852,0.6064929708708549,0.6625896929050634,0.5952682894864301,0.6242150611273167,0.6634348489505615,0.6303092432503412,0.2434372327818664,1.2281711945912333,0.6898450573298539,0.2003004668497893,0.975743046165139,0.6922230030115131,0.21927671712028826,0.756759307060691,0.5995724640639397,0.27146096520181073,0.6439753122549036,0.5682366344076024,0.2437711238788402,0.6388092877664016,0.5261950442381129,0.21534133905602587,0.6278360712175999,0.5499538227130765,5.166666666666667
0.4930307752466154,0.8407510716205735,0.6768888816246806,0.4588596018223847,0.3806529670038977,0.7054337121583667,0.4116212987703136,-0.04068154464393048,0.7297738351269895,0.4067327664631042,-0.01706750974436895,0.5349315356379564,0.4559921808823963,-0.02147353429041171,0.5679686981651817,0.3802566334864276,-0.10592921594229153,0.7942494160801634,0.29738970663212355,0.8265618014116678,0.6677519387969861,0.2877367048363663,0.43091622732140794,0.6146965592180661,0.23055201501321027,-0.021469302215797847,0.6848900153424937,0.2563697318069915,0.014344874204639674,0.49725075206791974,0.21182338130764083,0.018823261699112623,0.5011708064501086,0.23566334291996374,-0.11039790954111647,0.7709861933131432,0.3872240550779581,1.3334090643262944,0.731817119205094,0.39025434459187497,1.5688761876749953,0.7375667687548415,0.41928319257009794,1.4809380321362409,0.6048823247209583,0.5308626180971566,1.2502837488249718,0.7483131326486229,0.6080423610152268,0.9915725216312369,0.743159960000456,0.6134271264195487,0.7891779226418496,0.645410448377732,0.5895974384079156,0.6742952382849816,0.5950792741450445,0.609123276284527,0.6626638756354082,0.5950762061894008,0.6249077781290471,0.6626271312998038,0.6327871480494672,0.2436036771321171,1.2275840611913627,0.6898117508754973,0.20064941569856362,0.9758599027546647,0.6922696394269435,0.21943855892065567,0.7548943054899419,0.6013847075174787,0.2716188057851052,0.6425263316741603,0.5678427152399816,0.24404396259084732,0.6378443173736118,0.5282191587643791,0.21655090744155628,0.6249203984905908,0.5549386120866034,5.183333333333334
0.4934285977330542,0.8402027756955628,0.6784102125518824,0.45905470273908,0.38067579577562727,0.7048440874137558,0.4120787905912408,-0.04059582147606339,0.7298932394420273,0.4069781968469875,-0.01758423403324015,0.534774797800019,0.45599678339744054,-0.02151415691456951,0.5680166396738773,0.38023640700752925,-0.10587920835681208,0.7946232934683153,0.2974136514936323,0.8266759639194826,0.6675835649964493,0.28786129897945906,0.43001427271496007,0.6147679752864068,0.23092133887697816,-0.020851196418277027,0.6840156597013133,0.2554529637017362,0.013724075768640154,0.49798180757282684,0.21192592831193094,0.01900404052392532,0.5010062367465438,0.23558812726922462,-0.10974406523155675,0.7710340959815565,0.3871799977317273,1.3349200164558574,0.7321800278874211,0.3879472732451317,1.5691698906813822,0.7342162715813005,0.41716446162591675,1.4824815246535061,0.6051635660180336,0.5318813791581279,1.250948349231228,0.7455889769098902,0.6077753617112989,0.9921488382705411,0.743283770221104,0.6141850753754757,0.7900246275732276,0.643532919372442,0.5918111367504276,0.673382075845733,0.5956224204947921,0.611412889887911,0.663063729902915,0.5956075113069472,0.6256595979682308,0.6612317260475233,0.6360485771558084,0.2436983180479656,1.227218413248574,0.6898858050266689,0.20125524680136564,0.9757571204589326,0.6924914696521409,0.21951738535143128,0.7529547912074797,0.6027201191120675,0.27147119861842506,0.6413398457943305,0.5675218657274359,0.24421259158267172,0.637414679408173,0.5297143812925402,0.21778063402040773,0.6220892895203785,0.5594453681669043,5.2
0.49380364174104646,0.8396954893342022,0.6797819371268684,0.4593368336548994,0.38083381386969434,0.704136557804137,0.4126252419219258,-0.04043185624164514,0.7300479338352697,0.40712698485690546,-0.017602045320920037,0.5345314192924872,0.45599402595812266,-0.02151029223949763,0.5679999869873368,0.38020352057979107,-0.10562604766703898,0.7949719011710745,0.2973912574141107,0.8266668215084686,0.6674577433920115,0.28798570548116653,0.42917722856618534,0.6149439028579795,0.23111153348607585,-0.020419103340573175,0.6833999767611898,0.25458445467457486,0.012933413269274968,0.4989502968740434,0.2121076359183323,0.019298574831327034,0.5006772141532085,0.23568793484616993,-0.10890454152246382,0.7709552401392867,0.38712133648051783,1.3361681577758582,0.7325026552457977,0.38530379452592545,1.5693547721307142,0.7317860530866316,0.41477877001155905,1.4841980331038673,0.6045347908608913,0.5327634912614667,1.2515398298301852,0.7432073816014904,0.6074773787112312,0.9926059799109836,0.7434964612616626,0.6146376530377383,0.7905222228880108,0.6424955920527858,0.5935195906432323,0.6723917393839162,0.5958563979756103,0.6134429967885419,0.6638538017516535,0.59647701346384,0.6264910276741784,0.6596639428266284,0.6392908087652556,0.24372054551968722,1.2271248128390344,0.6899040766779827,0.2020419555781072,0.9753239458802688,0.6929126557168772,0.21952684173731368,0.75113471876356,0.6034717404666281,0.2712611543107981,0.6402444774527403,0.56752014085245,0.2444075193339061,0.6372980038184487,0.5306311100035721,0.2188970352891489,0.6197494642388519,0.5628022318868487,5.216666666666667
0.49418808650976737,0.8394127939832077,0.6809412593982797,0.4596770034513178,0.38115094825344176,0.7032769555564824,0.41324144498103027,-0.04020428729717927,0.7302270798882934,0.4069699401284628,-0.017382878788787443,0.5346566800951679,0.4559583504279964,-0.02140486613611771,0.5678324547987169,0.3801622867039894,-0.10518765471105991,0.7952852027124945,0.29733348035966933,0.826662887381094,0.6673468605336859,0.28809135294822585,0.42845258170141526,0.6152007165937166,0.23114642366634103,-0.02018682441865817,0.6830664857850663,0.25385923386566256,0.012315429393193161,0.49967440075677333,0.21223827667654663,0.01949883085777944,0.500438709792367,0.23596200927081748,-0.10792335981453677,0.7707744177880527,0.3870557680215022,1.336867732704266,0.7327283345421776,0.3825582230385748,1.569341218475237,0.7309814872946789,0.4122159915197737,1.4857304246167453,0.6036936694295555,0.533370347343348,1.251965538712204,0.7415672357338383,0.6073746581625099,0.9928928795575899,0.7438089940352353,0.6147812394258376,0.7906580716158313,0.6423001129523757,0.5947199286297399,0.6719866400320209,0.5951463471349716,0.6152888285535075,0.6649785592793025,0.596784843297162,0.6272795704944634,0.6583039535188275,0.6418966192789344,0.24368923625862118,1.227228672009366,0.6897650017690469,0.20290071868918677,0.9745807640058483,0.6934929617890837,0.2195212825984365,0.7494148766601303,0.6037846265698642,0.2712537397864767,0.6392139768517329,0.5678298039142181,0.24473085071651907,0.6373388262714024,0.5309747771230168,0.2198063100761556,0.6182126920276912,0.5645635002617676,5.233333333333333
0.49463646487481133,0.8394156430111371,0.6819628394474735,0.46007864595875825,0.3817208289877895,0.7022230365279734,0.4138570748327664,-0.03991825265378221,0.7304013635812578,0.40637692421759186,-0.01728701780755848,0.5355271856133743,0.45588539208017165,-0.021195226244789603,0.5675097412760899,0.3801145847053526,-0.10464374207351779,0.7955676203956263,0.2972738997714061,0.8267605925112624,0.6672469659184088,0.28816727960082966,0.4278467061295588,0.6155024891627532,0.23111119809605757,-0.02012532322885517,0.6829771932799703,0.25345279164358225,0.01210190332793705,0.49984738143941493,0.21209119309402208,0.0192487222749448,0.500743635324871,0.23637808499405105,-0.10680848019374319,0.7704620688403516,0.38699267517381986,1.336887514892451,0.7328222519487708,0.3799726897209627,1.5691469442731871,0.7316689103757449,0.4097703571051392,1.4867698576612176,0.6035142992816478,0.533696128505407,1.2522117901034697,0.7406973094760588,0.6077989896476739,0.993031474425085,0.7441829728383542,0.6147376673499841,0.7905682434786003,0.6426002920803198,0.5955496662054997,0.672688223692576,0.593236606222309,0.6168286518163196,0.6664216605891456,0.5955509389658619,0.6277617866876042,0.6575711467384704,0.643291287840103,0.24365418280111772,1.2273507033507387,0.6896396237286776,0.20371404860385306,0.9736379799997661,0.6941560028520628,0.21956502181324053,0.7476892334900124,0.6039605358270816,0.2715801155735835,0.638255530167612,0.5683362788310325,0.2452272428387397,0.6373408641206088,0.5310259586642899,0.22042330808325555,0.6175856504424875,0.5647545222022393,5.25
0.4951751700465937,0.8396483053717676,0.6829518372067429,0.4605598385762736,0.38260649934230867,0.7009236511104056,0.4143810705168829,-0.03957426767628876,0.7305347820192982,0.405399037959588,-0.01765162798949073,0.537222641835162,0.4558429458764359,-0.02104731098551675,0.5672849533349754,0.3800433517349272,-0.10408085199799244,0.7958184013312648,0.2972445083563791,0.8270047317326459,0.6671881597129009,0.28821222684973596,0.4273971617389353,0.6158262225480536,0.23109687295601675,-0.020112750604729654,0.6829537238482865,0.25353927678033167,0.012169172220315161,0.4996800180119473,0.21153159567523244,0.018341598916058757,0.5018658136699679,0.2369050273857544,-0.10557355995953582,0.7699953238434252,0.386938828095146,1.3363099787233348,0.7327966317698559,0.3777171686270766,1.568865111147031,0.7331075565061875,0.407673453076587,1.4872376957809494,0.6044007981505752,0.5339078795579856,1.2523816871447602,0.7401457263759577,0.608945508489996,0.9932105272105874,0.7445400327187737,0.6146727393991034,0.7904521389484245,0.6429277824249109,0.5962181653509944,0.6745601681538343,0.5904330171723793,0.6179401857306664,0.6680093237525848,0.5926229398511417,0.6276833711690323,0.6577788974403477,0.6432102283555874,0.24367982122138865,1.2273172734711981,0.689954325469197,0.20436516226740367,0.972630941045509,0.6948125513977254,0.2196838190162339,0.7459441239615949,0.6040834619831563,0.27219978833805514,0.6373209028124192,0.5688911304228399,0.2458947786671096,0.6370822592259121,0.5311854065019066,0.22066385868676813,0.6175144836196693,0.5642851962793088,5.266666666666667
0.4957858482019676,0.8400149992542302,0.6839177961505348,0.4611107945468123,0.38371567163700193,0.6994072576717796,0.414749549025642,-0.03917651137442328,0.7306040332840154,0.4042090256936546,-0.018691113170079737,0.5395747576362314,0.45596629916724807,-0.021249923537685164,0.5676096390545833,0.37992057153325115,-0.10353844343600321,0.7960258851255636,0.29724173749620647,0.8274103584266189,0.6671899337740339,0.2882316972945319,0.42718148291584823,0.6161626948664642,0.2311645767756485,-0.02000426913359976,0.6827865529300569,0.2541114182163278,0.012204157182339234,0.4996367287780951,0.21062599743154228,0.0168909572656,0.5036791726566437,0.23752287831597702,-0.10425599953237172,0.769390261337283,0.3869007725733117,1.3354303687548428,0.7327102682506403,0.37589666620623563,1.5686159220068456,0.7343701413283693,0.40591907640999514,1.4872673765667719,0.6061660303498763,0.5342500979912059,1.252645982224707,0.7392496629071394,0.6107561855406742,0.9938676001900714,0.744813974377093,0.6146747009210696,0.7904279542221587,0.6430330566244238,0.5969065210282314,0.6772936816807725,0.5871292959061936,0.6186588272445512,0.6694103387876876,0.588789223332513,0.6269639994880478,0.6589017402638524,0.6419581979167301,0.24381417433687036,1.2270587622669695,0.6910335916939021,0.20476201037792582,0.9716935635392082,0.6953727916657124,0.21986235450831942,0.7441846220605096,0.6039667768732144,0.27299666526676547,0.6363345631179949,0.5693453615039592,0.24667009651045063,0.6364639553277956,0.5316443853813342,0.22051545144182494,0.6171213768104107,0.5648393073944984,5.283333333333333
0.4964142951194063,0.8404453839115147,0.6847739179336461,0.4616776818729699,0.3848132356770762,0.697835653825271,0.4149602546381254,-0.03873783431394508,0.7306127793967444,0.40300006178716274,-0.020403710499606847,0.5422847209502423,0.4563403371896353,-0.021990105115282224,0.5687940146767964,0.379753253234972,-0.10301000141511174,0.7961723513693646,0.297236953622617,0.8279696115825033,0.6672406833072897,0.2882310713762445,0.4272265783300796,0.6164962972054129,0.23134069195672352,-0.019805892691590984,0.6824967636170686,0.2549885573915175,0.012045245182900954,0.4999397145923623,0.20953001772226093,0.01515331705969103,0.5058781934846132,0.23821570372855846,-0.10289621305723885,0.7686933519146326,0.38689326979591554,1.3346471248611111,0.7326429023066641,0.3745742334649013,1.568496626985026,0.7347200185432534,0.40435425715766676,1.4870343384667823,0.608339064551822,0.5348813586037264,1.2531347965597972,0.7375800466533357,0.6129758522911009,0.9954197119090624,0.7449878595745495,0.6147374282402324,0.7904998400530532,0.6429300858617779,0.5976034925745899,0.6806403253847694,0.5832132898282641,0.6191213634172364,0.6705905936871084,0.5847695810458586,0.6257974750527191,0.660651924255596,0.6401347940972955,0.2440794848355331,1.2266140680730802,0.6928387312898019,0.20489040932442215,0.9709532702063588,0.6957589538699911,0.2200772637954735,0.7423459024317025,0.6034940620082929,0.273853119846853,0.6353082826010387,0.5696028259068275,0.2474254394240984,0.6355637973925915,0.5323287396621792,0.2200784936487456,0.6155082667513542,0.5677747242954087,5.3
0.4969897029200948,0.8409445183559232,0.6854159515112761,0.4622012091065685,0.38569483431923024,0.6964024507675174,0.41506769359148693,-0.03827762198388174,0.7305878582589643,0.4019419231488136,-0.022562966066270132,0.5449857860456746,0.45685385971232606,-0.023248275067160498,0.5708072642602205,0.37960216347338266,-0.1024731064056478,0.7962426634547541,0.297213269666855,0.8286636578449328,0.6673169280526505,0.28821330075761886,0.42749567152484524,0.6168069956066099,0.23159498983007917,-0.019694643783040505,0.6823579858419068,0.2559927862769048,0.011735251583276485,0.5005079199750265,0.2082971698565811,0.013227500232090766,0.5083583238725982,0.23896112611645912,-0.10150791477423854,0.7679576502629566,0.38693042217208007,1.3342642903913926,0.7326608175792699,0.3737481014990951,1.5685394538897537,0.7338465417209592,0.4028150382194687,1.486665096679111,0.6104368087221017,0.5357830460768812,1.2538423698840326,0.7351791332781835,0.6152675098253138,0.9978804166159551,0.7450779043837417,0.6148240971702887,0.7906119079752885,0.6427172979752707,0.5980819310457507,0.6846073650410747,0.5781468061044728,0.6196014012200582,0.672069618758434,0.5802654578129816,0.6246365430672955,0.6629057989970906,0.6379828999446563,0.24448059140570103,1.2260760144006577,0.6950514623207915,0.20484495379585443,0.9705046276519375,0.6959372564694379,0.220328460618969,0.740364947028477,0.6029222770840229,0.2746627593589717,0.6343472452819249,0.5696556681607895,0.2480159854330707,0.6345522516899955,0.5330708404865628,0.21949385661170734,0.6123748232094426,0.5731798134607432,5.316666666666666
0.4974586874559863,0.8415888180688381,0.6857984381360273,0.4626520173000282,0.38629926300708506,0.6952245865072852,0.41513283476269525,-0.03781302941465321,0.7305576252287708,0.4011764941588904,-0.02477929921572089,0.5472702301810235,0.45721100003339443,-0.024921556078949123,0.5733829676194758,0.37953481743387957,-0.10192573348978493,0.7962369715050952,0.29718157000133005,0.8294632704273546,0.6674032458603216,0.2881840860069816,0.42796939403831114,0.6170984495566848,0.2318405529187924,-0.019851875574670566,0.6826358594159734,0.2570112207878208,0.011373074221443374,0.5011782779304922,0.20685497032315486,0.011012568430818048,0.5112640401770668,0.23972883426346073,-0.1000744086959019,0.7671955450093235,0.38698115368055447,1.334359317832225,0.7327867661466848,0.3733179455977006,1.5686965746745627,0.7319324891270864,0.40124285216718547,1.4862785547406654,0.6121041167226154,0.5368058379344296,1.254607431123351,0.7324317838546572,0.617292116651548,1.0008573434151853,0.7451079135559698,0.61490471294314,0.7906836488871953,0.6424824519286894,0.5980286806630122,0.6890695167258016,0.5718087811264368,0.6205203352338968,0.6745665950658604,0.5742688938340507,0.6240064509617697,0.6659369851390412,0.6351554396805871,0.2449707835056208,1.2255264598307472,0.6973408841045996,0.20476480402462943,0.9703488256242618,0.6959504472632214,0.22063719714989252,0.7382928697340019,0.6027732548177632,0.2753311767643622,0.6335230611461676,0.5695626391369906,0.24837659314037697,0.6335590685664749,0.5337161102564223,0.21887584453110676,0.6080998322748552,0.5800738884492713,5.333333333333333
0.4978042697643677,0.8424343736562179,0.6859552705778627,0.46302307428281464,0.3866594928037594,0.6943470873333161,0.4151799990502318,-0.03735391987903143,0.7305361183071964,0.4007984929917685,-0.026632460405884933,0.5487798346558905,0.4571241328387351,-0.026935767090033452,0.5761788714918484,0.37958203532519585,-0.10142665232649636,0.7961793554273333,0.2971719886417405,0.8302996774797966,0.66749316273742,0.2881525653186179,0.4286618219372365,0.6174247216364751,0.23198023928855116,-0.020377182195766452,0.6834504683362072,0.2579433772782764,0.011033137022194661,0.5018173346307886,0.20517398561854266,0.008463680693766337,0.5146506047040954,0.24048687682077688,-0.09857361256259387,0.7663164233563978,0.38694234772144565,1.3348296691766566,0.7329788423676831,0.3730913501934938,1.5688812287980298,0.7295583551475231,0.39973719534073,1.4859830172524806,0.613241315323436,0.5377683955968635,1.255193018418552,0.7298074273286279,0.6187578620944464,1.003808360377795,0.745102624187319,0.614952530086869,0.7906588580223273,0.6423071621359673,0.5971811005417101,0.6934501286448336,0.5649460864154647,0.622148838306535,0.6784421766193053,0.5662984867414546,0.6242596614311766,0.6699947075913426,0.6312507498294888,0.24538082188669036,1.2249845122280267,0.6995993889660499,0.20473055315403058,0.9703650578983172,0.6958957204900793,0.22101357271681665,0.7363071302088247,0.6034219163783818,0.27578729367494725,0.6328157509357695,0.5693862259036819,0.24860000913180147,0.6325918665042676,0.5341223912276433,0.21828923439628384,0.6033861262587352,0.5872084229296928,5.35
0.49802797160092604,0.8434356438291186,0.6859383195554422,0.46331193107778007,0.38683587430863425,0.693784730785845,0.4151981698029158,-0.03690773343256322,0.7305248112853585,0.4007950818271539,-0.027890219751517384,0.54941480434284,0.4564828691497876,-0.029158482281507428,0.5788462439517548,0.37974631183365565,-0.10110550963960234,0.7961131167105816,0.29721530548213326,0.8310675026583599,0.6675918440338361,0.28812365284928937,0.4295649660994171,0.617873525356741,0.23194772436003738,-0.021339041047930093,0.6848584484435951,0.25868748582989254,0.010764529236337111,0.5023215039504083,0.20340216864574384,0.005796925842921338,0.5182151943359131,0.24119884347907772,-0.09699002421274974,0.7651443989944261,0.38669612619331784,1.335535472822839,0.7331462735004203,0.37290040496747195,1.5690625770422963,0.727415321371766,0.3984278206583035,1.4858004756825813,0.6140517680305753,0.5385100744086918,1.2554117146290265,0.7277293526685114,0.6195057474296456,1.0062460606846402,0.7450848641998925,0.6149382378792048,0.7906067694769957,0.6422549347710717,0.5954902941322897,0.6972015140751353,0.5582546486937916,0.624323384906943,0.6835435979051571,0.5568094415378682,0.6254108887404061,0.6746920018116203,0.6264957269891717,0.24545559727744012,1.2244208199958149,0.7019001522472332,0.20474395613444463,0.9703952665289529,0.6958563551999041,0.22144236414046248,0.7345678691609585,0.6048827820142076,0.27601534825404167,0.6321942636709356,0.5691613568419218,0.24885083869301794,0.6316289226826762,0.5341843720658939,0.21771139325236577,0.5989164903495546,0.5937243728967139,5.366666666666666
0.498122270016088,0.8444878203792539,0.6857265662151328,0.4635144888964482,0.38689157531270835,0.6935417026960746,0.4151648612733172,-0.03648528458110706,0.730518144627234,0.40100566399203397,-0.028599827414925894,0.5494481548173688,0.4554014748012506,-0.03127713126195354,0.581050975075926,0.38002057578330656,-0.10108753937848419,0.7960764446656816,0.2973159551479626,0.831700845487093,0.6677245896424244,0.2880911529567457,0.43061913148118175,0.6184783791288209,0.23172751794061627,-0.022752289160439046,0.6868423974542532,0.2591784877446633,0.010596262152920602,0.5026201425443884,0.20182237155937277,0.003426373582746639,0.5213830870380582,0.2418271280592332,-0.09534206402445448,0.7636005621432964,0.38620055625458755,1.3363834300218032,0.7332048532143625,0.3727181998390145,1.5693018886202672,0.7259978305481816,0.3973104313366851,1.4856656431641966,0.6148891959397054,0.5389214391685826,1.25520188603789,0.7264986127803326,0.6196137181647167,1.0078809840857694,0.7450942478260202,0.6148557965986201,0.7907609397250419,0.6422882742716759,0.5932871281421793,0.7004909794766344,0.5513197900904808,0.6265213759361072,0.6895376804816454,0.5462477938536022,0.6271321338520374,0.6791211881030631,0.6217392326117924,0.24502750508816817,1.2238272042002403,0.7042359626628825,0.20477372366065943,0.9703675681331894,0.6958626446632289,0.22189744430467478,0.733080179727026,0.6069652829566776,0.27607992867959985,0.6316942544296495,0.5689298738103034,0.24919305078037868,0.6307388688091076,0.5340011718206861,0.2170635387965234,0.5952085493506005,0.5993295086297177,5.383333333333334
0.4980726335789682,0.8455372976331363,0.6852130316252282,0.4636238128975035,0.3868549800486528,0.6936168602407399,0.4150700682395795,-0.03609941593655855,0.7305066597397016,0.4012138181210227,-0.028913045113595714,0.5492965930196797,0.4541998982208518,-0.032895266878196994,0.582513725891759,0.3803863556239648,-0.10137893395734807,0.7960759162469878,0.29743188037477725,0.8322369283652593,0.6678983779857589,0.28804906665251306,0.43173953001513876,0.6191405381373929,0.2313773688141436,-0.024437390352549465,0.6891381700435227,0.25941537922766633,0.010535188600260814,0.5026897426134451,0.2006919229962103,0.0017254596733670274,0.5236328787204387,0.24236167981645676,-0.09373439546010073,0.7618666283551688,0.3855104582591985,1.3373103378782902,0.7331160695345653,0.37262287841146985,1.5696666723264436,0.7255499992118034,0.3962730286245161,1.4855012898670545,0.6160449161360297,0.5389987752084154,1.2546363215654857,0.7261404846406524,0.6193685331230891,1.0086820848049094,0.7452185838133003,0.6147646881957506,0.7913743975789785,0.6421875592965922,0.591223091900569,0.7040529573600407,0.5431086971335268,0.6281632328514554,0.696196144452079,0.5344255708754914,0.6289453249915132,0.6826110483683732,0.6176664639035429,0.24412603135446376,1.2232284962107205,0.706500836763882,0.20477968101636335,0.9703097787675167,0.6959033834722411,0.22234522648445446,0.731791463660936,0.6094780105708938,0.27608794166220507,0.6313860025922956,0.5687555892113858,0.24959430111758985,0.6299484868693684,0.5340503955759203,0.21631720710953056,0.5926046406245896,0.6039650065703182,5.4
0.49787187783575876,0.8466303666831263,0.6842890333553082,0.46363474078426964,0.3866930705401768,0.6940021858680018,0.4149360873293545,-0.035760659294112665,0.730482407160418,0.40130847678174875,-0.028937889114657417,0.5491922936509549,0.45331003229547,-0.03377005132402992,0.5831376519496101,0.38081152036378857,-0.10185084396068356,0.7960981481636634,0.29749550062795144,0.8327808015256976,0.6680447017210336,0.2880164337376537,0.4328665327754145,0.619656218349381,0.2310225196982737,-0.0260390376106691,0.6913052491984951,0.2594277880958131,0.010574564682085452,0.5025422798647259,0.20014697376295487,0.0008915798199325975,0.5246935540087916,0.24283148024342624,-0.09232275343246821,0.7602586302513172,0.38472947765397336,1.3382436945137741,0.7328874866376307,0.3726784215638263,1.5701573512886757,0.7261109509067281,0.39522966337616106,1.4852590342120673,0.6176985826135701,0.5388705503972631,1.253891852101505,0.7263202643911029,0.6190680276738917,1.0088440391144695,0.7455673563898422,0.6147689127279832,0.7925018588907624,0.6416871079548273,0.5899179284764445,0.7084079587737605,0.5332823911433507,0.6288762949539445,0.7032116151484639,0.5213103539269348,0.6304354499611926,0.685074894311186,0.6142794113941914,0.24292680894193464,1.222630905545723,0.7087114966166137,0.20471007784963052,0.9702734064473023,0.6959496807384344,0.22273190662359355,0.7307735083144277,0.6121785099779605,0.2761203569520577,0.6312834422161832,0.5686821967529846,0.2500333419475512,0.6291280819175844,0.5349070531294223,0.21549907037104366,0.5912090199027399,0.6076377971675946,5.416666666666667
0.4975164400653459,0.8478586568090803,0.6829296967687362,0.46355391231981663,0.3863427317910911,0.694681230673734,0.41481707368203263,-0.03547694843227238,0.7304442359098796,0.4013164682190071,-0.028798126317547842,0.5491533342519488,0.45311358155063924,-0.03394593135656521,0.5831347531224982,0.38126395164693894,-0.10234356537217472,0.7961446300337442,0.2974687501999592,0.8334122658204521,0.6680762187133806,0.2880285962370502,0.4339777720951402,0.6198270151850023,0.23078392742216527,-0.027301613784541393,0.6931069377396741,0.25921456153167804,0.010711667708801165,0.5021979903593431,0.20026411083869167,0.0010463852741123825,0.5244217696111262,0.24327897319422684,-0.09121220804842547,0.7589632465825453,0.38396454056150786,1.3391204551144171,0.7325667897431394,0.37288659003107494,1.5707245412610154,0.7275229120059752,0.39417498950841445,1.4849194721611279,0.6199338688987444,0.5387109649554702,1.2531680415869646,0.7265755667065241,0.6188668780196538,1.0087184148057242,0.7461095447453312,0.6149538077317409,0.7939700495295573,0.6406873856056748,0.5896961007326049,0.713531889726634,0.5223677403338151,0.6285774033598512,0.7100254702542623,0.5078462638173143,0.6313503258036337,0.6866375978224646,0.6112338195403483,0.24164671113986474,1.22202742166203,0.7109590025066184,0.20453295879087952,0.9702752882110202,0.6959797900342817,0.22298055600943095,0.7302093590416404,0.6145699392364748,0.27621483152708415,0.6313007298959218,0.5687153482855478,0.25046895047382367,0.6282519139953491,0.5365506956813134,0.214590233478399,0.5906888601032158,0.6108520321201495,5.433333333333334
0.4970111715439434,0.8492562006110791,0.681230798217795,0.46339884149888355,0.3857654580409054,0.6956350946083066,0.41476131053734916,-0.03525825984455343,0.7304001234537019,0.4013054529989851,-0.02866154550982239,0.5491400199620098,0.4537464993209189,-0.033659055625897286,0.5828870368661595,0.38172610974864735,-0.10277237851850808,0.7962303091417158,0.29736893516885776,0.834137754626053,0.6679924935637156,0.2880864103163259,0.4350319814167079,0.6195934580814346,0.23070662988759452,-0.028223186363190808,0.6946158069490329,0.25874827658318666,0.010947170812027257,0.5016885048416466,0.20109020445570563,0.002274391958869429,0.522735632558019,0.24374461150097665,-0.09041437479995994,0.7579757010771255,0.3833121206873541,1.339927165595559,0.7322382863760759,0.3732333033521157,1.5712987451844072,0.7295445305190356,0.3931400437765888,1.48450126171224,0.6226361577862439,0.5386128127533013,1.2525968357361477,0.7266690766259883,0.6188077663627654,1.0086874851386818,0.7464388867150028,0.6153995741563267,0.7956156769721913,0.6390424104285137,0.590684637494294,0.7192806313293489,0.510706776952476,0.6274198558337278,0.7161264197872139,0.4954483716356422,0.6316015649902136,0.6872750174642992,0.6084141271104198,0.2404855955899624,1.2214610776161412,0.7131156306113288,0.2043259178855884,0.9702859136281575,0.6959998367348841,0.22301530027557076,0.7302821879558187,0.6159911051619325,0.27635940549241067,0.631319208509525,0.5688366022188499,0.25074635911181836,0.6276434854949736,0.5381400655350911,0.2135168990311512,0.5903131714664185,0.6145875861034834,5.45
0.4963832064963316,0.8507546680198929,0.6793850361544294,0.4631799286345384,0.3849767506745503,0.6968520820219207,0.41477319483190433,-0.03511947091020412,0.730364652563634,0.40130784547970055,-0.02864744180357269,0.5491299175393579,0.4549420453563466,-0.033133027269401316,0.582633625245258,0.3821940115708363,-0.10314571867349774,0.7963551644904499,0.2972366964131528,0.8349130055124829,0.6678463602190124,0.28813556976114546,0.4359037592062497,0.6190787489471489,0.2307723016348594,-0.028902640546615788,0.6959245796619893,0.25803846583666945,0.01125995677010301,0.501096249117809,0.20247822383516018,0.004362209646685933,0.5199375085956554,0.24427938784883743,-0.08986301110527889,0.7572051665116678,0.3828552237596654,1.3406642260055905,0.7319976899588193,0.3737244215020322,1.5717998674615332,0.7319551933797663,0.3920847652502991,1.4840535689787482,0.625501070825337,0.5385702909783698,1.2522343358789696,0.7266364992715494,0.6189027794101953,1.0090232882687016,0.74584902262061,0.6162014413121439,0.7975173128486606,0.6362057748515899,0.5929137783247076,0.72573312073319,0.49798061432845697,0.6257845480876862,0.7213566113348534,0.4849010765545452,0.631246213225099,0.6870136312523022,0.6059598099683895,0.23962622017711083,1.2210371305514562,0.7147832822781373,0.20431364028870913,0.9702542760265767,0.6960311855439298,0.22281216256311512,0.7311394124843641,0.6159935636630592,0.2764480153970007,0.631300966711184,0.5689738185241652,0.2506174448299059,0.627795957193457,0.5385599440126732,0.21228325988152147,0.5894730615598432,0.6193113068345721,5.466666666666667
0.4956681793690747,0.85224616354832,0.6775695165073946,0.462889205225112,0.38403801503734347,0.6983246314310063,0.4148246962264346,-0.03507470578128681,0.7303474798869606,0.40131710965082734,-0.028764952542113476,0.5491241079868042,0.45610380909959386,-0.03252319526402861,0.5823982647271673,0.38266598251069256,-0.10349859788977933,0.7964981312871585,0.29709592776688937,0.8356742008354852,0.6676405129120655,0.28810851220174877,0.43643295658491243,0.6184677909979535,0.23095702231604262,-0.02938095015899503,0.6969876158657997,0.2571608262447337,0.011588935668677539,0.5005706858795067,0.20392406663306784,0.006550239953976855,0.5170410534902368,0.24492902363423041,-0.08946618435757654,0.756583384796903,0.38263823411880027,1.341273389099369,0.7319045428866151,0.3743202689428736,1.5721514386485584,0.7345231026779588,0.39085317353761767,1.48360835736161,0.6283097848329742,0.538548121466125,1.2521017667947176,0.7265915041601072,0.6191636737831905,1.0098302415856735,0.7439037050870738,0.6173712009586277,0.7999104532112646,0.6315678528869243,0.5961483111523103,0.732852936516712,0.48411359789108943,0.6243152443138495,0.7258810412873111,0.47587453075840025,0.6305739865106094,0.686460073116099,0.6036084155192073,0.23921925039538533,1.2208601663187735,0.7155574749190906,0.20474041622185088,0.9701650361468287,0.6960924939873046,0.22242640892613386,0.7328321391616517,0.6144956736584876,0.2763052068604148,0.6313166120135489,0.5689464515201279,0.24989371479345968,0.6290095260955164,0.5370593238252105,0.21103572950609772,0.5880449509705695,0.6245331430957853,5.483333333333333
0.4948927308017695,0.8536753590172833,0.6758452815730198,0.4625138937497828,0.38303388316060805,0.7000195106173256,0.4148924137070159,-0.03512453003227868,0.73034571311505,0.4013188703783581,-0.028898991037835248,0.5491372790452071,0.4566416019046472,-0.03199549134932239,0.5821822847818853,0.3831326056251145,-0.10380686478740528,0.7966283522743891,0.29695559698101914,0.836365604617627,0.6673473610280336,0.28796447459167285,0.43660717176916086,0.6178729876953061,0.2312492732564605,-0.02965948169407777,0.6977357779177236,0.256228687492597,0.01185980032668077,0.5002214242446552,0.2047742355640094,0.0078504364179081,0.5153556903671473,0.24565181994522947,-0.0891952384393715,0.7561608611719167,0.38262354301292756,1.3416582821549499,0.7319382931928069,0.37484259323254937,1.5723081774141723,0.7369437716993505,0.3893386484704137,1.4831513983531517,0.6311231738910669,0.5385268380261073,1.2521897228335914,0.7265974148699922,0.6196196951620672,1.011057470156197,0.7408684603493212,0.6187706762261881,0.8029195169402009,0.6251021425858758,0.5997977078102895,0.7399664804352714,0.47026530110284126,0.6236719678433469,0.72997649985125,0.467552089887599,0.630123611536153,0.6868235543151747,0.6003723676384561,0.239267921680344,1.220930791809662,0.7154027274743068,0.20569541698897326,0.970098179736054,0.6962153684415019,0.2219378220201931,0.7351901473954077,0.6116670055545853,0.2758367025018966,0.6314564960432933,0.568537388499637,0.2486232672613502,0.6311684826901293,0.5335243689987215,0.20989996554018148,0.5862220616481836,0.6294219035786357,5.5
0.49409235602535884,0.8550682030582478,0.6742023551274703,0.4620656267755034,0.3820864580949933,0.7018267140070261,0.41497447085989303,-0.03524011162907248,0.7303531445036419,0.40131688252421527,-0.028827698216098457,0.5491579129184215,0.45627062438178,-0.03173766446778428,0.5821281766654536,0.3835739944692712,-0.10396469268061623,0.7967124624129079,0.29683895168907304,0.8369686196602395,0.6670329206179006,0.2876905390683476,0.4366527739824238,0.6173233373597397,0.23162104925957588,-0.029787823899678267,0.6982174965815414,0.2553519835739043,0.012048858479281943,0.4999242898067068,0.20472126935578466,0.007794177570260796,0.5154912981188042,0.24628108483530017,-0.08914019483867856,0.756103350730104,0.3826913388362674,1.3417928191915747,0.731986639700752,0.3750213259748654,1.5722937620343131,0.7388367115970513,0.38768631980580515,1.4826510216711586,0.6341450416635825,0.5385050335439108,1.2524610157163178,0.7266602368849799,0.6202993427507797,1.0125298919158148,0.737453721625872,0.6202389517540523,0.8064893546022804,0.6172634422995236,0.6031780825770258,0.7459569822213928,0.45836337191551113,0.6240625038013807,0.7338208709041619,0.4596191394287552,0.6303998645858402,0.6890035966845593,0.5953312955955169,0.23950731862375377,1.2210657581996283,0.7148934422670923,0.20707941607973304,0.9702064829635562,0.696430940315958,0.22137402698206704,0.7379260592384048,0.607669652440956,0.2751229527509849,0.6316928264052102,0.5677598528865708,0.24705995826458077,0.6337987250523605,0.5283877635335612,0.20878734808069466,0.5843952158278958,0.6331362849198207,5.516666666666667
0.4933294591406369,0.8564751642982873,0.6726679378434743,0.46159288621075245,0.3813751548333995,0.7035478185538191,0.41508532169823165,-0.035361814424921936,0.7303676304228489,0.40133328721385375,-0.02833831257311263,0.5491315324945262,0.45506102676690513,-0.03186750586354711,0.582476781156854,0.38396907067869096,-0.10386832625597249,0.796734947396103,0.2967889435631837,0.8374852782801963,0.6668604093454442,0.2872918831509358,0.4368601796081751,0.6168069702126285,0.23200298017968135,-0.029886391867888926,0.6986081005411131,0.25462086041503657,0.012226210260092685,0.4993272718815704,0.20400697677366367,0.006740705149888601,0.5169514074565579,0.2466308666057416,-0.08943889944013064,0.7565287749244951,0.3827160667019402,1.3417767678847479,0.7319027351279457,0.3746281922531312,1.5722088013553956,0.7398697826174918,0.38618892237207325,1.482109719945674,0.6374117583470308,0.538488342663916,1.2528856112100981,0.7267595429256752,0.6211661180098054,1.0139988983309431,0.7342700477117193,0.6217426317220681,0.8105492678126567,0.6084457693508938,0.6058730151021695,0.7501604701020862,0.44950265056236116,0.6251361823499684,0.7374404320940322,0.45232539022862217,0.6315089157360161,0.6927161237016312,0.5887385807292754,0.23952794336699518,1.2209758718524824,0.7149162088671159,0.20869267198086544,0.9705974191485773,0.6967150240079976,0.220726401529519,0.7409784636014969,0.6023441771184095,0.27428521013118107,0.6318934043487804,0.566935305308991,0.24539195796985006,0.6364245051508203,0.522330351795355,0.2074499948112409,0.5831980886045797,0.6347422487653591,5.533333333333333
0.4926674939862132,0.8578630408651098,0.671320633619836,0.4611480458235317,0.3810545955672454,0.7049935557145413,0.4152428806837168,-0.03543534242085372,0.7303861937594335,0.40139731873318624,-0.027409612518909054,0.5490259921371633,0.4533812166314183,-0.032239242032052445,0.5832265190122159,0.3843092939546658,-0.10352964484861797,0.7967288614278861,0.29683028505012693,0.8378988222321632,0.666917957106765,0.2867824263811049,0.4373424750094159,0.616290365692748,0.23230044180668458,-0.030048368738656975,0.6990543102795164,0.2541025487190115,0.012544824206929747,0.4981434243988925,0.20315299602560818,0.005475769605524913,0.518678999798772,0.24663512515848443,-0.09012097338748815,0.7573617054615285,0.38265656429464695,1.3417456481055252,0.7316544927759455,0.3735510670038181,1.5721589335272195,0.7399881056592985,0.3849233990241836,1.481580769318227,0.6406310705070519,0.5384863868929672,1.2534469571184883,0.7268586464865415,0.6220783930732898,1.0152230875776007,0.7315642591455871,0.6233395722656485,0.8150942471672019,0.5989526088511535,0.6078684733095772,0.7528466598158834,0.4431942394144689,0.6263525402408656,0.7407703938941405,0.44592921984694867,0.6331978180696448,0.696889698282684,0.5819250044151801,0.23908110550392692,1.22050681662885,0.7160125377171784,0.21031416846833112,0.9712545598208169,0.6969854243312643,0.22001832361716667,0.7445331955794311,0.5954198698306731,0.2732663343162149,0.6320815348409351,0.5662288435028335,0.24362597571439198,0.6388706505226187,0.5160764807877144,0.2057147920322766,0.5833086949748812,0.6334102794137474,5.55
0.49213581545810575,0.859087789464333,0.6702116729555468,0.4607479677675102,0.38113137946917586,0.7061059001803113,0.4154601371269133,-0.035453181982984694,0.7304084033537154,0.401534237164553,-0.02624510385466533,0.5488997720130876,0.45181519529810965,-0.03224280604880285,0.5837171128298545,0.3845972743514658,-0.10306519517142429,0.7967539290496514,0.2969334241229162,0.8381714956014482,0.6671493609165962,0.28617328917016877,0.4380032765953944,0.6157335424599848,0.23243448794931185,-0.03023939259228263,0.6995320072320862,0.2538039442935641,0.013175160662673477,0.49635521069338695,0.20259161180644497,0.0046550907289794885,0.5198033283616519,0.24638043306435795,-0.09105891661574207,0.758387620784164,0.3825795130348966,1.3417327115807243,0.7314775701941272,0.3718442509586456,1.5721673649582664,0.7394972324524562,0.38360958842917847,1.4811213348867396,0.6434067402713275,0.5385205217627808,1.2541167401045612,0.7268838468682175,0.6228343685241863,1.0160724994344996,0.7293723021202033,0.6250701518011875,0.8200505679185963,0.5892976460949153,0.6093893927507281,0.7547287401760298,0.4382645825436729,0.6273468905647495,0.7436844620469042,0.44053453455566083,0.6352691772364079,0.7008355992636683,0.5759022905185693,0.23819183826406326,1.2198081817496507,0.7181472203359638,0.21172344689351022,0.9720850674607365,0.6971620363882701,0.219300051554847,0.7486354592677078,0.5871225258696685,0.27183026447941183,0.6325502812823337,0.5652414497573762,0.24179440424308368,0.6411443233904022,0.5103791167202134,0.20360056190943823,0.5851908975050697,0.6285565974010755,5.566666666666666
0.4917247190739921,0.8600476299915137,0.6692969888519109,0.46038473340232916,0.38148363375893596,0.7069540135891488,0.41574403525921605,-0.03545004103784781,0.7304590659433949,0.4017339332379867,-0.02503914846663924,0.5488646746751992,0.45090759065740815,-0.031056584126003886,0.5828924804117379,0.3848314123064762,-0.10257054766439329,0.7968153739316529,0.29703210734853874,0.8382916780019743,0.6674838590066408,0.28547169140768014,0.43866534936977114,0.6151294811442621,0.23236733910233948,-0.030350663093907562,0.699911484440671,0.2536308782396491,0.014210461406471059,0.49412647450517116,0.20249913615286508,0.004545893854716376,0.5199759665763358,0.24601507957579213,-0.09211021544795782,0.7594634752364563,0.3825990790518222,1.3416619099733023,0.7317968013565235,0.3697302793387714,1.5721888803935633,0.7388070679430288,0.381896860486891,1.4807406050312377,0.6455823742741159,0.5386226819403366,1.2548434959249368,0.7267260763045242,0.6232856726844725,1.0166337410919857,0.727799763931242,0.626944605242807,0.8251490594732463,0.580212776774181,0.610563077767982,0.7562960003995102,0.43394695995813615,0.6279661395676139,0.7460513866226965,0.4361825755126356,0.6377145692230701,0.704672121446597,0.5704569645559336,0.23702712954708915,1.2192328276185882,0.7209809898586801,0.21270760526041413,0.9730091153725374,0.6972285111932542,0.21858129210596028,0.7530175240708128,0.5781490611087986,0.2698145733202295,0.6336282264307699,0.5633518617520397,0.24006575199857647,0.6432105465599841,0.50584525465894,0.20122954827137596,0.588995067604069,0.6199740401542326,5.583333333333333
0.49139172481780163,0.8608429444794191,0.6684578786177887,0.46006260181586756,0.3820007206623549,0.7076380540417132,0.4160873728534637,-0.035472444827037874,0.7306095556533746,0.4019246067032818,-0.023789218419253383,0.5489390264291082,0.45082840804661023,-0.028383607639001232,0.5802872139664925,0.3850022105633859,-0.10207136507531418,0.7968484995532108,0.2970733290672227,0.8383227279355874,0.6679102787610803,0.28469920731849857,0.4391780430832883,0.6145305205315766,0.23211092492429836,-0.030327599597357924,0.7001019801814801,0.25344997962740845,0.01560981304135299,0.4916767373582345,0.20285879442110444,0.005113510233192162,0.5192384092241621,0.24563320361707844,-0.09326041866029328,0.7606510974446787,0.3827877136170003,1.3414571132552284,0.7329062444345481,0.36750997867551705,1.572188695905716,0.7381093876689124,0.37970463896996287,1.4804230083539425,0.6471931085691072,0.5387919989678797,1.2555367862401101,0.726361380325591,0.6233888582640945,1.0172322812101673,0.7268856382960167,0.6289600808899677,0.8300081445982964,0.572330732969178,0.6112689876515705,0.7577859233124483,0.42985753588442943,0.6280966956702132,0.7478773727784452,0.4327436813873924,0.6404586427344461,0.7087963598365326,0.564521636971932,0.23577219579117242,1.2190752030325074,0.7241088502607848,0.21312313337979805,0.9739622441964791,0.6972645705656152,0.21783954904121833,0.7573275129236938,0.5691087993891533,0.2673150312444482,0.6355289015353192,0.5602722804163105,0.23855792794323666,0.6450584732231004,0.5025518315261301,0.19865623776274716,0.5944569785109983,0.6083077475342311,5.6
0.49108356987778873,0.8617145752519706,0.6676050025061935,0.4598085858392378,0.3826696085353471,0.7082021705133119,0.4164464199354976,-0.035553285512091984,0.7309357986852284,0.40199900673347233,-0.022422572331549345,0.5488949998309405,0.45128711112853714,-0.024788306496444604,0.5764661093035403,0.38511039865112445,-0.10160500191091816,0.7968187249589066,0.2970437627743786,0.8383612509336003,0.6684181174903221,0.2839047642504534,0.43948056451538137,0.6140183418613964,0.23173755326656434,-0.03019538749249802,0.7000751433055776,0.25320974501339144,0.01720923249795711,0.4892860577004236,0.20356916525292684,0.006187346958356946,0.5177967673728723,0.24525519695169248,-0.09458573762676237,0.7621102770748763,0.3831401913463507,1.3411082049389869,0.7347792220847824,0.3654953605189025,1.5721661905585267,0.7374380331483155,0.37726273226576235,1.4801804281610733,0.6481953238583982,0.5389281210409376,1.256046940336772,0.7260419059867407,0.6231224009410489,1.0182883023947473,0.726167396072815,0.6310588716325433,0.8343502917645351,0.5657904152622741,0.6113559667269071,0.7595476583285861,0.4254913225285675,0.6275502801315436,0.7493258037862881,0.4298451890526184,0.6431335365594548,0.7133555338950525,0.5569509317482437,0.2346044032643323,1.2194296664638116,0.7271152428166193,0.21300013590124037,0.9748483265799096,0.6974157619521896,0.21713822479798056,0.7613382975333487,0.5603447842332083,0.2645551361561066,0.6384024365529104,0.5560052338700504,0.23720469779917833,0.6468107548345138,0.5000108046957664,0.19573579833527466,0.600893224813037,0.5950825041025247,5.616666666666666
0.49078067377321455,0.8628322636837005,0.6667532942042875,0.4596478057877954,0.3835487346198901,0.7085792423428675,0.41673423826467243,-0.035682998871286925,0.731399273358409,0.40185679950422065,-0.02095232891870115,0.5483387339948074,0.45177598121847984,-0.02123898379598549,0.5724265553648926,0.38518316615261916,-0.10125020255316225,0.7967745434879966,0.296967578561352,0.8384471323612536,0.6689925955219151,0.28313235017961713,0.43962567522706614,0.6136633165197412,0.23136570683830868,-0.02997858211814343,0.6997938211152127,0.2529614667761138,0.018775020629914277,0.4873018354414279,0.20443597549546347,0.007466418379927647,0.5160390475043534,0.24488061138967296,-0.09613267833948477,0.7638874494953748,0.38360105175951764,1.3406518285677382,0.7371626569202097,0.3639824041295447,1.5721194179696119,0.7369936671546966,0.3748948457578366,1.4800373134600435,0.648524136042923,0.5388525920653369,1.2562191088123495,0.7262454046669438,0.6224129906473805,1.0201170778461266,0.7248046032404913,0.6330549084260625,0.8380919616688244,0.5602121509620628,0.6107994211703571,0.7620195295517922,0.42043071473148436,0.6261303732567065,0.750535900930092,0.42711392450044805,0.6451127758148214,0.7182426494016019,0.546987595086894,0.2336917460220891,1.220240876332856,0.7295918026359912,0.21258100707513533,0.9756133486224806,0.6977448993081034,0.21666005726867182,0.7649868775089405,0.5521054371617736,0.26163954934180444,0.642251053001678,0.5505460865699886,0.23592067198970246,0.6486541327115829,0.49754510643938665,0.19221533807174984,0.6074100558469345,0.5819924778998086,5.633333333333334
0.4905059648110755,0.8641612298589729,0.6659824109599788,0.4595738848153273,0.3846588257598962,0.708633006725043,0.41687435853407706,-0.03579493980847702,0.7317987700051568,0.40146668004390135,-0.01940029598980969,0.5470215230936062,0.45189945187516134,-0.018525167530648298,0.568986248436068,0.3852586515486373,-0.10101667692809999,0.7967545325641533,0.2968930699204759,0.8385563976003384,0.6696830202817425,0.2823745091852171,0.43971779593157684,0.613514888966689,0.23109324553283042,-0.02964802940402446,0.6991700899439004,0.25278118042555003,0.02007427031672665,0.486033550702628,0.20515593859229664,0.008515202777782546,0.5145770777414703,0.24451249626499807,-0.09787153925680553,0.7658462637371728,0.3840994246509025,1.3401419348635077,0.7397261690187796,0.3631548489973415,1.572030035286575,0.7371809007970249,0.3728233662406111,1.4799816676367439,0.6483478318565756,0.5384385472373379,1.2560070890759525,0.7273227930393624,0.6212006001601958,1.0228518864068399,0.7222397900093924,0.6346265092435739,0.8412718719021088,0.5551266438310456,0.6095782914418928,0.7653167811336732,0.41488261901128,0.6238119095274601,0.7515034756685609,0.4244098997086809,0.6458713557087574,0.7233783488390132,0.5342970165216523,0.23315894317747288,1.2213822586523153,0.7312106208998036,0.21224032378641394,0.9764101529680381,0.6980497630096294,0.2165857000523558,0.7683622873274832,0.544606023487475,0.2585955164892497,0.6467872541766707,0.5440007385700913,0.2348347090157223,0.6507172505589849,0.4946389057218248,0.18807784349397766,0.6131492732937133,0.570427449825972,5.65
0.490277657164547,0.8654948657721284,0.665361041631138,0.459545541870527,0.38586871712129955,0.7083145589806767,0.41688073356801914,-0.03578986807938232,0.7318853409464023,0.4009789464003992,-0.017680647311751937,0.5449795997562532,0.4515236081659042,-0.017053275889345493,0.5667374272658293,0.3853541160591195,-0.10079131878474196,0.7966839292726098,0.2968675097536953,0.8386473333886931,0.6705564283665905,0.2815791588901424,0.4397926683469774,0.6135835874468619,0.23094623371932715,-0.029181099824534276,0.6981445504694042,0.2527038514273039,0.020945820657368414,0.485569281598629,0.20548385659494525,0.009008621796657887,0.5139152521310236,0.24413671775488288,-0.09971589916537044,0.7677671433710992,0.3845622737584995,1.3396614274827057,0.7421288813214273,0.36298529965647225,1.5718877799005362,0.7382714293109802,0.37119331561359836,1.4799710530322085,0.6480185812379025,0.5376969465488648,1.2554968892732066,0.7292750246714944,0.6195211171248967,1.0264484781459036,0.718418424953986,0.6354964005491684,0.84408839106732,0.5501148916868975,0.607646168800887,0.7691592509873395,0.40947438604805175,0.6208107686165706,0.7521305085750868,0.4217673184434917,0.6452693970100889,0.7287564158559052,0.5189795491827189,0.23301514353958575,1.2226541664200665,0.731901124997355,0.21233209916331994,0.9775734948310362,0.6979232540968643,0.2170332631197005,0.7716456570744936,0.5379989619114537,0.2556548349635279,0.6514749263700574,0.5369809830980614,0.23423112651980577,0.6529793318299881,0.4911337683486623,0.1838281134602879,0.6176532674325842,0.5611940928513652,5.666666666666667
0.490073774603733,0.8665996467300108,0.6649126595222264,0.4595118555095488,0.38692782386939883,0.707743941566218,0.4168515575997207,-0.03559548740505698,0.7315200234138524,0.40071564463795706,-0.015667892154958035,0.5424154321401937,0.45073458919713405,-0.01687715985584326,0.566077540672338,0.38546130930994454,-0.10048061691282542,0.7964236562682203,0.29690680989521717,0.8386741345381272,0.671583818222814,0.2806897987880213,0.43975119305161187,0.6138046728018449,0.23089669677540872,-0.02867907109096121,0.6968571865064593,0.2527068018038868,0.021354113731159516,0.48566916772046176,0.20543702441043862,0.008973798362601287,0.5140160195925167,0.24371019309775563,-0.10155442747770865,0.7694618120991706,0.38491775957087737,1.3393349205380565,0.7440499359265045,0.36329342950956245,1.5717024116898115,0.7401773125244093,0.37016419085265395,1.4799737523402596,0.6477959034076719,0.5367478451560026,1.2548197750486443,0.7318639055671986,0.6174556710810171,1.0306797697031294,0.7134514992258565,0.6356796017962462,0.8469373164417727,0.5445725521420486,0.6050469103225555,0.7732764671726367,0.40454868647637127,0.6174881451859463,0.7523833394362542,0.41921765261417154,0.6434033703230835,0.7341805616510926,0.5018348563243257,0.23311293718754483,1.2237722995002598,0.7319651554569926,0.21303404469023707,0.9792982087888749,0.6970596160706926,0.21809726990131764,0.7750770223200454,0.5322720935676772,0.2533070497468045,0.6556292475840625,0.5307564849325445,0.23423986686448783,0.6552350241227132,0.4873135588963805,0.18050091115406328,0.621364343944118,0.5538055490622416,5.683333333333334
0.4898614213653588,0.8673632875372136,0.6645953051298219,0.4594432441785634,0.38763929465552416,0.707079169510546,0.4168540826247124,-0.035238723871896305,0.7307620333913345,0.4009515625016624,-0.013409520833098654,0.5396423345274421,0.4497850508269807,-0.017738205716142375,0.5669134050533446,0.38555574336775633,-0.10016096589795206,0.7959463393156275,0.29697096332304035,0.838596715885509,0.6726681815095616,0.2796740135782809,0.43944160360798273,0.6140475990009461,0.23088245008996375,-0.028348435409864828,0.6956467407266842,0.2527339160337252,0.02139875545626789,0.48593096818964404,0.20521137564843117,0.008620126779001189,0.5144300678431524,0.24318812895210262,-0.10328750615631352,0.7708194212608138,0.38510966942139957,1.3392595685165691,0.7452461830103916,0.36385741661574034,1.5714891417904326,0.7425714681474431,0.3698098508146966,1.4799784478242124,0.6477408406626917,0.5357546406906867,1.2540872636895908,0.734787862231278,0.6150243581468592,1.0351586411035558,0.7073423747256924,0.6354441610554935,0.850176216996984,0.5378474668231864,0.6019275065037744,0.7776670356200933,0.39988490356175793,0.6142463650157195,0.752450923075851,0.4167038065208973,0.6404621351394033,0.7391812549003121,0.4845332631600566,0.23323865339517724,1.2244720532430322,0.7318553679170243,0.21425093519999971,0.9813975222359238,0.6954302893166058,0.21981776938527758,0.7788538886164516,0.527183584350227,0.25209905960730766,0.6586604848252691,0.526540231254919,0.23466053040990875,0.6571675078040947,0.4838186287106815,0.17938941695046567,0.6255005966344991,0.5464222658995074,5.7
0.4896401583075441,0.8678121325811663,0.6643356458337726,0.45932667616170275,0.3879471035249678,0.7063551355798885,0.416838570604637,-0.03484982081609307,0.7298286626241097,0.4017433623077594,-0.011274220877533561,0.5371229788015781,0.44904543313938006,-0.019029357179174033,0.5683700072687194,0.3855901749830102,-0.10002336067572364,0.7954121385804712,0.2969742831977196,0.8384095926151214,0.6737358236309207,0.2785608953371309,0.4388026408113348,0.6142255014339025,0.230813232259325,-0.028310625746340537,0.694771180004877,0.25273950975251536,0.021262335137252508,0.4861080370479624,0.20493757329881548,0.008084394860375668,0.5148159862603011,0.24255350056306724,-0.10485719762559749,0.7717970797254524,0.38513020809677795,1.3394054320166953,0.7456855846729078,0.3644502900174046,1.5712646699494839,0.7450893515701922,0.3699462051504002,1.4799796968693426,0.6478009967645086,0.534867607208246,1.253405401858536,0.7376670051530965,0.6122329043197551,1.0393982075546246,0.7000528998488822,0.6349714275901471,0.8539329675400618,0.5296336820107623,0.5985135762045939,0.7824356472057191,0.39497963412865245,0.6114191571867506,0.7527265359295395,0.41404628937498433,0.6368500560998257,0.7433772174275292,0.46915051685467046,0.23326465350397846,1.2246871582614096,0.7318223956901241,0.21561836307688903,0.9835050998076548,0.6931950762722381,0.22210636789592753,0.7827858847801998,0.5225761813886793,0.2525693290465772,0.660531466511571,0.5241769764332124,0.2351873462700398,0.6585823240268052,0.4812074613467341,0.18151576821008306,0.6310299440653246,0.5372044756278815,5.716666666666667
0.4894144112538276,0.8679858420650959,0.6641504832291792,0.459133558289965,0.3878649010827809,0.7055087243474648,0.41668894492357605,-0.03456395805837717,0.728935087666752,0.4029474895238223,-0.0097637002851471,0.5353081951912041,0.44884948479143294,-0.019849285488528406,0.5690696154354105,0.38550428741184994,-0.10021275514059688,0.795036962192089,0.2968402963358759,0.8381427692180756,0.6747370542408847,0.2774752151809139,0.4378819633274737,0.6144226283905458,0.2306171236218484,-0.0285164570999957,0.6942293516635437,0.2527091799608583,0.021112096447219453,0.4861961180481847,0.2046670337404879,0.007482078601389247,0.5151179864538783,0.24181575992249996,-0.1062533906142479,0.7723816251259153,0.38504059440417926,1.3396309474676544,0.7456403728908463,0.3648815717790947,1.571056707400589,0.7473878101334098,0.3702158399555083,1.4799757578998607,0.6478954722401429,0.5341742639765327,1.2529136578347688,0.7399100098238576,0.6092652765125991,1.0429046857491806,0.6918806028162507,0.634138158118238,0.8582223036224381,0.5199930038332127,0.5950931167008667,0.7875572609579403,0.38937340021025313,0.6090801810811814,0.7536667978327087,0.4108998171093293,0.633123347724432,0.7468068009335002,0.4572146123613131,0.23318528994665422,1.2245918222745404,0.7318700684888092,0.2166258761908506,0.9854525975437259,0.6905785397648105,0.2247457428261218,0.7862369540067614,0.518638969529565,0.2552401882345785,0.6618780315916857,0.522029713393029,0.235950707385702,0.6596550308062519,0.4793550524017589,0.1871159812860283,0.6379230006106876,0.5255952846364338,5.733333333333333
0.4891348283044596,0.8678498147462239,0.6641466175538006,0.45882527938962764,0.3874073898501714,0.7044926229121857,0.4163263387852196,-0.034439162989214525,0.7281783597092747,0.40429562569543664,-0.00901620506503363,0.5342690494518703,0.44929356791879427,-0.019495407772853857,0.5680387877913137,0.3852614665379679,-0.10077815788888794,0.7949478262315468,0.2965312296107996,0.8378138066173434,0.6756279455278071,0.2765884126564048,0.4367465126736705,0.6148489229627248,0.23028476660001948,-0.02886515726496955,0.6939018795467443,0.2526453597186,0.02103203220004704,0.4862506488365172,0.20450239546357105,0.006963349104339295,0.5153876986143386,0.24099462315336412,-0.10748840388668882,0.7725648155655434,0.3849351688712068,1.339799794372855,0.7455018258324169,0.365049023504294,1.5708988245994582,0.749148081333525,0.3703629363151757,1.4799836535827997,0.6479392316454903,0.5336809000931672,1.252745385247986,0.7408320599008301,0.6064726139942377,1.0453434198473883,0.6836745625003482,0.6325925047561516,0.8630560638650661,0.5091723089697473,0.5918035117283027,0.7927971857278566,0.3827982075129939,0.6069244059047795,0.7556492278729978,0.4068451297403783,0.6296293703148577,0.7497117898445372,0.4492040614936109,0.23304198655146202,1.224422271846664,0.7319351885626069,0.21682325838141284,0.9873461907622013,0.6878674623373978,0.22743023962600312,0.7887364842797707,0.5155665212943834,0.2604444680799415,0.6636242277272778,0.518512634485993,0.2378623030272934,0.6609461240564388,0.47725234896777313,0.19554219976726592,0.6454643034837245,0.5124386817696182,5.75
0.48870552776020165,0.8673557903866196,0.6643301929938052,0.45838790904243576,0.38659118810231763,0.7033084090316565,0.4157430000268644,-0.03446770732864607,0.7275569063653023,0.40547730354914124,-0.008626733652002908,0.5335405973438626,0.4502096507168635,-0.01802833444759934,0.5654252625527847,0.38486137398072984,-0.10170907200075426,0.7951763096020272,0.2960291835748966,0.837390403870639,0.6764085311650351,0.27598845616510725,0.43541926702846956,0.6156141574160265,0.22985559035401007,-0.02928533317616716,0.6936997314143116,0.2525509707353854,0.02105306248685347,0.4862347601821446,0.2045429732568989,0.006622030524083056,0.5156574274804087,0.24011243811650626,-0.1085406274221664,0.7723583350643571,0.38487561729000963,1.3398573659039859,0.7454688294012021,0.3649869859469861,1.5708089216809142,0.75015751517276,0.37034338074396034,1.4800474463839641,0.6478392067577191,0.5333230637125956,1.2528970647125106,0.7401174102106864,0.6040151642216082,1.0466731737443615,0.6764599028530077,0.6298924618619827,0.868323018636176,0.4976987316388394,0.5882488347864459,0.7977321592842019,0.3754825828311968,0.6044111689600951,0.7588462374921062,0.40148849186380575,0.6262846191520215,0.7521775292657037,0.4446002245592098,0.23286513680553525,1.2243037130626842,0.7319898946130846,0.2159926158832814,0.989329019894598,0.6854373613290335,0.2298991324159274,0.7903851939036536,0.5132405445456412,0.2681716909711115,0.6665209944047933,0.5132277934549209,0.24221649201133938,0.6631394729895307,0.4734703754951026,0.20554411910830744,0.6529177337598663,0.4992482349401076,5.766666666666667
0.48804138555148907,0.8665613041653133,0.6645559993458702,0.4578389227837485,0.38543965094472776,0.701980440719626,0.4149703615349099,-0.03462394117871384,0.727043537241181,0.4062348426587667,-0.008104323356235427,0.5324113879682417,0.451391463041919,-0.016113016148240067,0.5621333293289734,0.3843112344977522,-0.10292580586723729,0.7957212244618793,0.2953348067170861,0.8368633179644698,0.6771301237220351,0.27561267695189784,0.4338719250399449,0.616583006501362,0.229385020537952,-0.029673247374005826,0.6935151965436377,0.25243332847370514,0.02120669983603983,0.48604635332889246,0.2047706385354171,0.006505003973938814,0.5158735295900437,0.23920538025925148,-0.10933059026469859,0.7718206426700983,0.3848701250676937,1.3398074851159039,0.7455094215861027,0.36492490765744096,1.5707747333252338,0.7504449557422723,0.37023670563971256,1.4801899872160278,0.6475622642800034,0.5329827173462953,1.2531845450579544,0.7380925565410321,0.6015949014770471,1.0470702769080116,0.6709072886553927,0.6256539546918918,0.8736330209903914,0.48656372138292603,0.5834589136993446,0.8018211791082585,0.3686374545957657,0.6010266495970756,0.7631837275240795,0.3944253570210141,0.6226435778256312,0.75421957697931,0.4418737445618507,0.23267077903038955,1.224291055703809,0.7320388139876356,0.2142028227711542,0.991393139398005,0.6836526906997601,0.23223781261737933,0.7914824310816578,0.5115728375220506,0.27797183722936025,0.6707983009619913,0.5066476184570177,0.24981049554039883,0.6666655102318797,0.46704853169842275,0.21568455796668323,0.6597502250874093,0.48736698174283966,5.783333333333333
0.4871046918748226,0.8656801119820624,0.6647210028198285,0.4572099835933493,0.3839968971249683,0.7005417333594024,0.41403783668712923,-0.03490092929222459,0.7266456237309855,0.4064265645668085,-0.007304165462646117,0.5304722265156465,0.45275764675308794,-0.014383866339635842,0.5589399393146754,0.3835998356579714,-0.10425792321482849,0.7965710196406975,0.2944833547600715,0.8363601396352655,0.6778148278232793,0.27533403173767,0.4320761627603588,0.617498081509102,0.22892811446970426,-0.029874783972482832,0.6932082536360434,0.25231719227164123,0.021476898627405414,0.4856812552258565,0.20512295258776692,0.006707927350553186,0.5158448418054771,0.23833745298456463,-0.10979076341262294,0.7710415390115307,0.38489792364362485,1.3396564092820815,0.7455433698928373,0.36524360407916845,1.570764855622781,0.7503302026891997,0.37016652558352775,1.4803104143707415,0.6472885128812663,0.5325563771625127,1.2533898515566357,0.7354059076972769,0.598690850295542,1.0467520784797197,0.6671818289607806,0.6198160985064173,0.8783575066941313,0.47700860890556973,0.5764942462998963,0.8044767829174059,0.3642785352702906,0.596434986441047,0.7683060022100772,0.3855571944120897,0.6181708288993765,0.7560315991793558,0.43874642602526076,0.23247772743428416,1.2244603815429944,0.732078801230909,0.21178935748354988,0.9934543726835953,0.682654994762749,0.23500810053685392,0.7922088569638697,0.5110634272924149,0.2889123450877856,0.6761553313579146,0.49953128469504693,0.2605223692399594,0.6714423021163269,0.4582417574993563,0.22490131766403515,0.665416350402639,0.4778198126942811,5.8
0.4859053030663352,0.8649640862117445,0.66487038563314,0.4565307614044381,0.38235596841300984,0.699042244272166,0.41295051797000704,-0.03532962436072083,0.7264341028850305,0.4061097346515592,-0.006368638082685452,0.5279985842085742,0.45418602079695475,-0.013166846876145527,0.5563667694867194,0.3827135211810612,-0.10550440372750411,0.79765231036751,0.29353637334677324,0.8360745206447888,0.6784310198901347,0.27506914235391755,0.4300782126945618,0.6182125746952275,0.2285263492203381,-0.02982641162644238,0.6927852511619346,0.2522483842180874,0.021685334958817318,0.4854060287141431,0.20558478026335586,0.007318087767381992,0.5153528725495157,0.23758549956382807,-0.10991938618934388,0.7700851708237438,0.38493192460376774,1.3394095292665815,0.7455488707735969,0.36628916823204205,1.5707546588440386,0.7502578793338425,0.37024577310281004,1.4801751176181257,0.6474110899695238,0.5320519817379155,1.2534166165503176,0.7325390148081188,0.5950351524491774,1.0459197316054307,0.6650307009316514,0.6127919456316278,0.8819097452412994,0.4699850923060954,0.56713717386067,0.8052217800482,0.36407660448309276,0.5904991586251674,0.7735210382474215,0.37563475576289007,0.6125791542915551,0.7579157200195064,0.43317646565591084,0.23231352140804495,1.2248577562273475,0.7320788481995357,0.20928395747976108,0.9954955728447694,0.6822474748356966,0.23892128910590046,0.7928774915964263,0.512650511669185,0.29983837744615705,0.6822600977140839,0.49286863996567143,0.2735967660167803,0.6767889711809807,0.4487154906422881,0.23309021713314995,0.6692800758836657,0.4715587013138863,5.816666666666666
0.48450397757501973,0.8644811882338067,0.6650517050785286,0.45581653229033375,0.3806304532423813,0.6975517555608589,0.41170469078943833,-0.03595073247330492,0.7264941014347148,0.40559436340490285,-0.00550314772788045,0.525747174396497,0.4553248693235119,-0.012615506091923315,0.5551082731638454,0.38168014540748796,-0.10655259628783165,0.798799662413368,0.2925585256201382,0.8360546454056079,0.6789915719037138,0.27476288023576023,0.4280053534813491,0.6187795098761298,0.228196653527485,-0.029636808449234636,0.6924369846256195,0.25227512912792,0.021521053387060285,0.4856881537424373,0.20618019056853354,0.008277614328766336,0.5142555193794841,0.23700878978011655,-0.10971411728877466,0.7689739325450523,0.3849544247484399,1.339116749477539,0.7455464872004904,0.36817880460639485,1.5707361792573022,0.7505346389442327,0.3704758616258005,1.4795929448455467,0.6482774212627583,0.5315896418067556,1.2532770278724878,0.7297941643613091,0.5907925687533591,1.044767442014681,0.6639239250504021,0.6052345237982808,0.884018004147023,0.46594224337813195,0.5559585347888536,0.8039915295083894,0.3683847844770503,0.5833004511172756,0.7780548139831941,0.36605180273297455,0.6059484770711883,0.7600883540035817,0.4242901656656466,0.23220283789017548,1.2254114318727365,0.7320245269908968,0.20723074623416965,0.997504043241916,0.6820772775766476,0.2444094517026138,0.7941089028370529,0.5168440530353919,0.309765212244511,0.6892229116144705,0.48784453947153084,0.28791415837722445,0.6815962829241313,0.4410129909455027,0.24122715421771862,0.6710180606983965,0.4691723455947152,5.833333333333333
0.48301928581266396,0.864070290974182,0.6651775326015889,0.45506614147957347,0.37892050048518033,0.6961361676005444,0.4103369418939204,-0.036733726061722885,0.7268012174535001,0.40526513003512765,-0.0048671415812042845,0.524403233508761,0.45574137560957634,-0.01277976968262741,0.5557764659378681,0.38058062556788574,-0.10741615714465262,0.7998395749267689,0.291593438698593,0.83615441618873,0.6795710580034162,0.2743378853236271,0.4259955374064538,0.6193805772936373,0.22793541034478393,-0.029439705735958624,0.6922729533784621,0.25241549581776385,0.020763427144378885,0.48685339864890703,0.20693578024805157,0.009420421274421303,0.5124888466777833,0.23664161613644263,-0.10913148054699516,0.7677444506946786,0.38497032382040636,1.3388753179585566,0.7455498147044268,0.3707393834215318,1.5707125104876918,0.7512410557593586,0.3707085392025776,1.4785745191348065,0.6499559924241177,0.5312864288134632,1.2529820431589271,0.7276395090991004,0.5863547341758064,1.0434475108113928,0.6633026401086244,0.5976465579453227,0.8845644627850321,0.4652625950323214,0.5438969427547696,0.8012943537939174,0.3762911995995638,0.5752591182621279,0.7815646258217519,0.35794509740530867,0.5986035605870489,0.7626532202791172,0.41257245724414116,0.23215259610210756,1.2259658324566196,0.731957037681642,0.20595224290945865,0.9993403192695616,0.6819552806433002,0.2515061114347923,0.796474339145759,0.523251560774479,0.3180844548723275,0.6974316914125699,0.4853867872610171,0.30198969644781387,0.6848528093240551,0.4375349320976439,0.25074973765186914,0.6710742290306254,0.4703044889055963,5.85
0.4815746527391292,0.8635513793654155,0.6651025038105666,0.4542781144636105,0.377345202104115,0.6948273134735088,0.40894162070461554,-0.03754874100385454,0.7271841533712669,0.4053092602744808,-0.00457777241294903,0.5243145477095366,0.4552773117325705,-0.013558386969633046,0.5581618701821344,0.3795050353426331,-0.10812511505065685,0.8006886363737009,0.2906567166310281,0.8361926952620742,0.6801938087435326,0.2737420196067217,0.42412479939115444,0.6201853544415427,0.2277346299497296,-0.02925649921517552,0.6922016135706732,0.2526472408232002,0.01943187069569105,0.48886748717470374,0.2077714457814558,0.010574308884558556,0.5102481110633906,0.2364853986168539,-0.1081744065546082,0.7664728540134553,0.38500180346557067,1.338751375081352,0.7455394547848245,0.3736231325811973,1.5707054202779873,0.7522503814202366,0.3707833865381295,1.477292037368082,0.6522427297019993,0.5311254505895968,1.252496610468533,0.7267423274321516,0.5820720870391543,1.0419786662099328,0.6627756272648848,0.5902465678720412,0.8832279796700018,0.46842943300952566,0.5319707887370649,0.7980771791901198,0.3860421290916555,0.5670990069242795,0.7842533236134468,0.35156097824702626,0.5909268181712428,0.7655481750113979,0.39964769314856247,0.2321484121683232,1.2264432206922657,0.7319350239385263,0.20544131928470494,1.0008968582179039,0.6819205999766291,0.2599625511920973,0.8000228976022818,0.5307944275780528,0.3247659246439397,0.7070444437730146,0.4854182464420911,0.3142708224166757,0.6861765741721857,0.4397082222913644,0.26255766036728434,0.6705020347677723,0.4738305786995996,5.866666666666666
0.48023185533460994,0.8628965727895157,0.6647568400444539,0.4534672422914591,0.3760194942639116,0.6936156750810394,0.4076212832671298,-0.03825349179430122,0.7274547954316886,0.40567486517405554,-0.004740060012185521,0.5255341508387626,0.45424239911821,-0.014778450106939012,0.5613553643567317,0.3785112040895239,-0.10863921304301341,0.8013430323346462,0.2897615721126316,0.8360809658762265,0.6808181509192277,0.27300665666472396,0.4224187919038828,0.6212437862014558,0.2275963251864732,-0.029047413250199522,0.692115883019482,0.25293136155749507,0.017722402426629896,0.49143942938796326,0.20845413702009205,0.011566863543180123,0.5081045927091024,0.23646247922635172,-0.10695911744645971,0.765220466741398,0.38506493873392256,1.3387321653040076,0.7454809673305837,0.3764963071093038,1.570752709726959,0.7531661976525585,0.3706460754665731,1.47596082095097,0.6548100588798242,0.5309289670484709,1.2518057746264843,0.7275234061111469,0.5782314488208147,1.0401853064991435,0.6621806843503348,0.5831277599861573,0.8796807827777222,0.4752380441340648,0.5212369220372625,0.7955007396175456,0.3952585624341431,0.5593879668683872,0.7864470458938772,0.34642218183626794,0.5830472295478035,0.768417285688645,0.38781694394318345,0.23216653065041593,1.2269798574048645,0.7319790606380202,0.20542965193149743,1.0023510353027227,0.6820366556912835,0.2693377563281663,0.8043073852936866,0.5380045204183803,0.3305092232087631,0.717798029939569,0.4866056450989288,0.32387439050978933,0.6860846042515668,0.44752687763086874,0.2763821451754516,0.6702326469779661,0.4788324207298037,5.883333333333334
0.4790106633477778,0.862171302404973,0.6641706183695069,0.4526605015749692,0.3749584659104039,0.6924728250076329,0.4064380084115457,-0.03877811813613087,0.7275296251118109,0.4062078889092984,-0.0053665268749046036,0.5277978322455257,0.453221048307457,-0.01629055570496836,0.5645507689552579,0.3776271773686956,-0.10890882929947518,0.8018123420488878,0.2889358675157963,0.8358235377751638,0.6814597253191212,0.27219575177332994,0.4208982578562783,0.6225171469251406,0.22753037483435495,-0.02879325540060465,0.6920112600462677,0.25323179473885005,0.01588755672881785,0.49420054640248967,0.208749101126236,0.012158949859693707,0.5067532133109505,0.23640290856566368,-0.10566391317437315,0.7639959309397791,0.38515277534458336,1.338777967493914,0.7453581021964834,0.37911406871627334,1.5708523250376318,0.7533905279813392,0.37029171435744385,1.4747903242823723,0.6573173693415029,0.5304740871087112,1.2509822129154895,0.7298075051485464,0.5751730984388715,1.0378631102304434,0.6615847627523264,0.5764134184486687,0.8741617803974512,0.4842743044625683,0.5126523877630079,0.7946743859960353,0.4013350176698609,0.5521243371599892,0.7882490825625724,0.34218466218016463,0.5746165386990814,0.7706916220486162,0.3793153104325553,0.2321910215401353,1.2278509421478379,0.7320715479126013,0.20556504229500933,1.0040478031177724,0.6822490751535877,0.2789800951175927,0.8089310616782466,0.5433896638961287,0.33637208561929866,0.7291738493125507,0.48736765422727457,0.3312111450042641,0.6860023381111926,0.4593696816214262,0.29096613819617406,0.6706968404816555,0.48515086845534977,5.9
0.4779331945256724,0.8614195201852444,0.6634201584193902,0.45188545693140164,0.37409467245607014,0.6913828331292893,0.4054159046601896,-0.039119803668988234,0.7274191219958118,0.4067507507629403,-0.006238748995760393,0.530465010807317,0.4526895419629984,-0.017945587458565018,0.5673536604759394,0.3768715845296305,-0.10896061958781764,0.8020929240594186,0.2882093370263857,0.8354672462273348,0.6822637564773173,0.27134890232520553,0.41953414824225804,0.6239466577763704,0.2275380659111403,-0.02849659174779616,0.6919256699466031,0.25351160874748,0.014182113566597904,0.4967791609770594,0.20853355993239403,0.012025316761742039,0.5067382469052563,0.2361501390475948,-0.10441992118157103,0.7627584115712923,0.3852386676051431,1.3388743086088648,0.7451735004517539,0.38128013384790493,1.570927508630884,0.7524652697704286,0.3697601601984367,1.4739640541721062,0.6594087640031876,0.529665988519528,1.2501529602440093,0.7329471685901787,0.5731624874554686,1.035086431125704,0.6610778312075061,0.5702376362997857,0.8675800927428321,0.4936126186170527,0.506698627016644,0.7962751783818466,0.40230661121766487,0.5449589002317241,0.7895834677646534,0.33924482691258495,0.5651833078891495,0.7718496074009948,0.3756386842485644,0.23221513711005295,1.229255013997629,0.7322078350625839,0.20558698385310273,1.006183553405208,0.682459596014592,0.28806940236871986,0.8139519743026938,0.5458640319110002,0.3431042782025249,0.7405093167122963,0.48721500249999583,0.33787906511721877,0.6877648340809583,0.47245188956896067,0.30476068082406754,0.6721721551334854,0.4929142722019325,5.916666666666667
0.4770187606401681,0.8606772377459866,0.6625640789005067,0.4511562566165844,0.3733830308882684,0.6903567581786911,0.40456459029145675,-0.039300335762276345,0.7271682707948998,0.4071737140863313,-0.007014973867626145,0.5327358183866799,0.45287615732810693,-0.019565014341729997,0.5695508324397806,0.3762639625490175,-0.10890542238709501,0.8021882632347719,0.2876081504135136,0.8350703787347575,0.6833537862396518,0.2705205853323235,0.41823439101290855,0.6254132763995014,0.22759449455671013,-0.028152305986591963,0.6918675633343411,0.25372970266441186,0.012846566328989603,0.4988261046320781,0.20778706983741368,0.01105013846024204,0.5082406827112774,0.23567824855535005,-0.10324029164114792,0.7614223138001491,0.3852910094129674,1.3390216411827323,0.744929656884912,0.3828751388624896,1.5708901786587917,0.7503793332205639,0.3692335928090179,1.473573840124734,0.6607100768788627,0.5286451433669431,1.2494356168832659,0.7361013575142834,0.5720885454352443,1.0323187116588814,0.6604737863962895,0.5646733468964984,0.8610504430293433,0.5018301914896457,0.5029651897783941,0.8002247843140635,0.3977860153568731,0.5376940334055856,0.7903492768252698,0.338214827624274,0.5548308658141268,0.7715863485440647,0.37704316709486485,0.23222660477809431,1.2312622748344535,0.7324418327190166,0.20540577476976135,1.0086900209154355,0.6826799086057312,0.29590000866052346,0.8196081437034247,0.5449283415004146,0.35090143857198686,0.7508642166404342,0.4868350709112441,0.3455862269840597,0.6927110578108495,0.4840430909480505,0.3165204753650256,0.675092831195056,0.5016670301945859,5.933333333333334
0.4762726080715472,0.860014708742351,0.6616076546861264,0.45044814104455816,0.3728075250296589,0.6894425211061017,0.4038935189059658,-0.039341774342559435,0.7268275024958252,0.4073888177159445,-0.007557476393968268,0.5340702435593857,0.4538719488207398,-0.020943166548544348,0.5709087326950242,0.37582129180082985,-0.10886487866144874,0.8021256026618991,0.2871511130275848,0.8347263434700316,0.6845795489769015,0.2698103430747625,0.416952156754705,0.6267187140191681,0.22764718860902283,-0.027737239681536408,0.6918025372886502,0.25385582505514254,0.012061520175897872,0.5000835712883961,0.20663086559487537,0.009642973241242553,0.510872595816426,0.23507815138458713,-0.10205056693075167,0.7599365334502121,0.3853031969512801,1.3392049906947903,0.7446446816284664,0.3839491805073563,1.5707123688374842,0.7476083538050933,0.3689952854927954,1.473542031925302,0.660984445572249,0.5277201798026137,1.2489333832380947,0.7384268183253824,0.5714673857243656,1.0301630842397107,0.6593497617388321,0.5597801109696202,0.8554321343700501,0.5083971291573619,0.5001393027675796,0.8056892718187172,0.3891533484532791,0.5303323863757889,0.7903932934796924,0.3391637210052427,0.5442156176043865,0.7698093101147092,0.3824127565476737,0.23220527891529663,1.2339826777907192,0.7328650918475774,0.20510553060710532,1.011307551916861,0.6830792179597629,0.30222107185573155,0.8257826024380067,0.5408436724398771,0.35955716733505094,0.7590374190457491,0.48713457227183354,0.3549559740730912,0.701105043599176,0.49256116626815327,0.3256156428199264,0.6798162734747493,0.5101487026152265,5.95
0.4756946541412437,0.859481313425848,0.6605167418836843,0.44971504004958984,0.37233910554796634,0.6887293785108007,0.403415205170254,-0.03926179059474566,0.7264496792675542,0.4073697965072807,-0.008016413674953038,0.5344321775564074,0.4556281187634169,-0.02187984064786,0.5712381196464846,0.3755484741974365,-0.10884901473017379,0.8019212589257249,0.28682259179693986,0.8345464775351035,0.6856031982589833,0.2693163774732599,0.41569977709237915,0.627703803003277,0.2276503141239861,-0.027236879457034874,0.6916921412117264,0.25390227883079164,0.011845496636159109,0.5005287655517616,0.20534830900195872,0.008449370669231751,0.5138265712396501,0.23447679721511225,-0.10077211249954036,0.7584224293168349,0.3853338002736353,1.3393811548729666,0.7443936397180231,0.3847321954325196,1.5704053196335641,0.7449399963837671,0.36924846026661806,1.4736149761588158,0.6603963723282522,0.5271733074865278,1.2487323561690469,0.7393015088358635,0.5708049616990133,1.028948196630289,0.657474043350668,0.5557006983612376,0.8512264471276701,0.5133249061055929,0.4966650911876934,0.8114476829365468,0.37868758844582046,0.522743431822322,0.7894372458965718,0.3417736071665217,0.5339844512803891,0.7665616394104171,0.3900725346417401,0.23213859802850242,1.2375858753344882,0.7335357237449571,0.20490973577837596,1.013722843625855,0.6838370764539781,0.30725514938689136,0.8319716221583381,0.5348355350048835,0.3686544450115721,0.76416909519904,0.48855120854852385,0.36549304091240986,0.7121439472584276,0.4977066813127402,0.33222687358251296,0.6861621267223594,0.517207221772003,5.966666666666667
0.4752888586001817,0.8590668597485291,0.6592749665097555,0.44897336992843057,0.37197978227256767,0.6883067014252077,0.4031402078290532,-0.03907411634139582,0.7260863403283304,0.4071719143386282,-0.008603322514695214,0.5342180099656716,0.45781045770517526,-0.022287184708236762,0.5707042513954139,0.3754400477961671,-0.108722717511481,0.8015415145550068,0.28657985027390726,0.8345358031786656,0.6862850710305639,0.2690947606240886,0.4144740082936064,0.6283443783964224,0.22760290795848662,-0.026687834262534044,0.6915386716327343,0.2539605051467224,0.011996731438702876,0.5004528885450952,0.20427532018844838,0.0078131835339222,0.516286913748353,0.2339827450370013,-0.09939694160327081,0.7571522165230455,0.3854927727119653,1.3394980051983834,0.7442907391970117,0.3855608818971459,1.5699404230359069,0.7432135299902054,0.36994335622033125,1.4734786255031387,0.659583835386541,0.5271407570299415,1.2488611723371228,0.7385102876057253,0.5698733069581636,1.0285903556336007,0.6551757740636981,0.5525114137991867,0.8487040308122874,0.516544342855369,0.4915242647162489,0.8163852858934958,0.36852966796847425,0.5145487196074343,0.7872774482795645,0.34565078333445465,0.5242289131190188,0.7620207958665162,0.3990334041080472,0.23202908553183726,1.242033393216537,0.7344390976269638,0.20509696115796724,1.0157499617197356,0.6848843773509476,0.3114045119775541,0.8376804249515118,0.5286620778471285,0.3776467579665373,0.7665164203703109,0.4909820855760427,0.376370586610226,0.7242112001669563,0.5000771075146809,0.3373243276220113,0.693299852677851,0.5228463011254944,5.983333333333333
0.47506247271982865,0.8587702166415796,0.6579315824987405,0.44833308412007555,0.37180341961796015,0.688200882525981,0.4030696753771957,-0.03878192958295558,0.7257574434708819,0.4068993575242433,-0.009401995426329801,0.5339176718692543,0.45983042185180123,-0.022280113034556154,0.569938596358266,0.375496828510685,-0.10832455569154906,0.8009462993141597,0.28641954637693884,0.8345436017814751,0.6867987325613241,0.2691514521487521,0.4133165840638594,0.6287145994487118,0.22753892115268134,-0.02617955020669016,0.6913812563435716,0.2541736451794545,0.012238608626585185,0.500249643639068,0.20370560417379502,0.0077594476445725785,0.517617606271897,0.23365287296439824,-0.09802185208561512,0.7563355568643354,0.38586302042053455,1.3395301870849279,0.7443968198497006,0.38672219552527193,1.5692348506535363,0.7430700736271892,0.3707420284218025,1.4729532830253476,0.6593228965090616,0.5276200579636818,1.2492820373535425,0.7362991116619912,0.5686835166949261,1.0288196123936604,0.6531847849099657,0.549829649114533,0.8479063838005532,0.5178862706652378,0.4843993864165739,0.8196836337738401,0.3605552210638414,0.505383333774665,0.7840003385117216,0.3503641903598728,0.5145044459094961,0.7565429709473946,0.40928235825478043,0.23188448550018353,1.2469437922817825,0.7355042244755055,0.20593370387965756,1.0174709732476206,0.685807492606159,0.31499468017818044,0.8426767859270754,0.5237126551768299,0.38580322220323027,0.7675038236478193,0.4939744436810626,0.38672165437731665,0.735427523843609,0.5006691449568297,0.3421844911522354,0.7001401588172409,0.5281241089577958,6.0
0.47502371322631415,0.8586325816540904,0.6565829033586333,0.447909758867917,0.37187581781003304,0.6883491476926157,0.4031940092533434,-0.038361693384565965,0.7253888119746287,0.4066349420140538,-0.010333196120369176,0.5337547102655904,0.46113953567347366,-0.022094086941486818,0.569520989056012,0.3757339797215957,-0.10756410128328708,0.8001520610130259,0.2864017524725416,0.8343847592538255,0.6874290660102944,0.2694277485504884,0.41236363564381473,0.6288962686201001,0.2274891058920811,-0.02579660249993837,0.6912567259295037,0.25457273994106644,0.012445992801843928,0.5000854036378064,0.20378940736928403,0.008262513089979426,0.5175352017178532,0.2334863357892356,-0.09678678241919111,0.7559623399958746,0.38645101308716434,1.3394910056485265,0.7446688566806328,0.38826687647842806,1.5682551334838595,0.7447386317468501,0.3712234944274845,1.472089452159142,0.6600295406648153,0.5284827654012665,1.249931933921292,0.7333325679824637,0.5673394875378428,1.029344277103364,0.6521058711574096,0.5467284581398948,0.8484742369180588,0.517602454571355,0.475386101060534,0.8207539689783677,0.3566337492555774,0.4951443442145913,0.7798339244783864,0.35588794234522403,0.5043220238665928,0.7505160105485921,0.4211450244381417,0.2317078850060471,1.251810765056972,0.7366172503482488,0.20764455961608846,1.019256318834855,0.6860002920241357,0.31823231575291544,0.8469737502454995,0.5205507742679156,0.39235295141327464,0.7688977022093982,0.49686807925000853,0.39550748037887584,0.744531951197036,0.5001845825745891,0.3476146102873646,0.7059640908828924,0.5338882100081287,6.016666666666667
0.47518370458155623,0.8586404774283378,0.655312336663513,0.44773624199640794,0.37215501653463556,0.6886248100341776,0.4035015153138359,-0.037758580500299926,0.7247949919896242,0.4064290772408955,-0.011201124966358694,0.5336462844257506,0.4615587098211117,-0.021920089400845708,0.5694824499891362,0.37616200056036336,-0.1063979535001831,0.7991990270535704,0.28659264719801153,0.8339585662680631,0.6884168368489506,0.2698027604045228,0.4117007335566813,0.6289155669071661,0.22746369295527716,-0.02556839708361383,0.6911773011733451,0.25493292804415346,0.012656315401781512,0.4998761150209649,0.2043360330336273,0.009132945852286412,0.5164837801134716,0.2334484841031858,-0.09577424739362578,0.7558452824350593,0.38719917255614694,1.3394130743278316,0.7450135801694275,0.39002991031844136,1.567106272580103,0.7478894990203128,0.3711679029225187,1.471081855145354,0.6615919651260244,0.5294750533820963,1.250746039217985,0.7304437154062169,0.565936495705363,1.0297676389393737,0.6521504844469137,0.5423234607015078,0.849721349453014,0.5162611259957955,0.4648613736381113,0.8194255347722261,0.3579157199809903,0.48395031259560595,0.7750521290949701,0.36274459312198437,0.4934716712330136,0.7441034777485914,0.43479954565828216,0.23150177312746872,1.256282493281289,0.7376189999128533,0.21029941579665506,1.021613166234481,0.6848916266626357,0.3212565029330956,0.850699093241996,0.5190135363324405,0.39695845597210777,0.7720173016347792,0.4985615745114067,0.40182347375154914,0.7514367161662328,0.49849807710659233,0.3535369145600874,0.710934664474998,0.5394716219163289,6.033333333333333
0.4755471471035949,0.8586375721375684,0.6541570413106969,0.447779201172036,0.372505770674614,0.6889131407764455,0.4039905770317414,-0.036921198640728126,0.7238000469766976,0.4063338869684402,-0.011777230254253729,0.5334191618061775,0.46137532765300315,-0.021839500023421693,0.5695584445409698,0.37675323994754195,-0.10482821047776979,0.798079107672262,0.28701177934446226,0.8332577779286535,0.6898499998708949,0.2701492740557428,0.41124664211967055,0.6287333565947549,0.22745974073658695,-0.025482862812126125,0.6911398117977686,0.2549060055233923,0.012878550808713987,0.4995681237222249,0.20484026227490698,0.009797628654401078,0.5155061382471321,0.23349158478997356,-0.09499422593080435,0.7557942405256967,0.3880104444643113,1.339323112560697,0.7453595209245167,0.39185023331254454,1.5659723261322895,0.7516821262109373,0.37063078005436706,1.4701352908429435,0.6636940818614464,0.5303045151452008,1.2516437971119396,0.7282698085668271,0.5645541333082442,1.0296397459248858,0.6532350745362624,0.5364680741587693,0.8510670806465943,0.5140418197558524,0.4535617804668712,0.8161961265623185,0.3638601589931711,0.4719679140688958,0.7701917905885005,0.3713036190524993,0.48190833857978854,0.7373048825307142,0.4501722969221182,0.23127761766718052,1.2602608193125666,0.7383390848760293,0.21368246090487303,1.0248268068669202,0.6822074212563366,0.3241087695306254,0.8539623128969936,0.5185711270480294,0.3999565002936021,0.7775618272872806,0.4974376437398843,0.4054415498411094,0.7570407254639283,0.49469192905886206,0.3593847019543257,0.7160487946751413,0.5426366290029918,6.05
0.4761031299051337,0.8583773020002875,0.6531104260519001,0.44800404571695457,0.3727985651233128,0.6891720827395965,0.4046576942455718,-0.03585669378747708,0.7223946154613814,0.40637166961831306,-0.011945112553087792,0.5330427141315965,0.4610651940293725,-0.02184810684737294,0.5696202011283745,0.3774288107508777,-0.10298193948910347,0.7967582781565002,0.28763528690080625,0.832326751095759,0.6915443104971064,0.2704017845196842,0.41083295535064,0.6282731133043831,0.22747129990316503,-0.025516881331277705,0.6911381420716544,0.25430757217099575,0.012940490302288846,0.499382719541915,0.20482348768055939,0.009536033989722345,0.5155222018689527,0.2335650744949117,-0.094441014487983,0.7557597523716061,0.3887665648265848,1.3392377225149699,0.7456701755677466,0.393678048963024,1.5649838815289758,0.7551484741552074,0.3698304641506108,1.4693820107976552,0.6662272098695867,0.5307868847610371,1.2525300715131966,0.7270937598664633,0.5633051309449243,1.0287411807008542,0.6550842786735394,0.5297025016492375,0.85231743190332,0.5108090532892907,0.4424806087298176,0.8120202593956756,0.37274043596388484,0.4593309717476778,0.7660832035602032,0.3814840732843241,0.4696257796508773,0.7303772992949212,0.4668322142793502,0.231057481187864,1.2638149817644073,0.7386736147250496,0.21728948561885736,1.0287726198829368,0.6782007987537362,0.3266702020545653,0.8568655292675983,0.518790507800696,0.401945335869911,0.7855906072091058,0.49239391562111057,0.4068882699999524,0.7625114788296445,0.48783138154557604,0.36480066254580074,0.7224148759631002,0.5410849624315941,6.066666666666666
0.47684115843547237,0.8576641220603729,0.6521366252449818,0.4483911915697115,0.3729795839523474,0.6894080650397717,0.40544575793787707,-0.03466174460376381,0.7207586677636779,0.40644389975405815,-0.011889604648904054,0.5327851467423279,0.4609014751046787,-0.02190787022547666,0.5696935406406716,0.3780827888844479,-0.10112347805860908,0.7952999066394002,0.28841881177281903,0.831223736032209,0.6931655775511918,0.2705745749033697,0.4103475048082693,0.6274682538104651,0.22749099065041806,-0.02562913809950676,0.6911600411618961,0.2532109131665997,0.012550032519384857,0.4997480544748458,0.20409577560767278,0.007979390216370535,0.5168814945802175,0.23363403044639913,-0.09412370475111792,0.7558065975412899,0.38935351531055185,1.3392010272409154,0.7459174483155186,0.3954732310812086,1.564210099009928,0.757672993163435,0.3690389006923278,1.4688563250704325,0.6692651969214936,0.5309215685493701,1.2533379380331688,0.7268476291778627,0.5623223720105871,1.0271666816476164,0.6572037243174399,0.5226006463940515,0.8535059445788669,0.5069362062455955,0.43236954307336806,0.8078192313179745,0.383177156421278,0.4461469379920721,0.7634774979551481,0.39324673007977407,0.4569112138558711,0.7241850011727311,0.48364538357626263,0.23086189448467373,1.267041938426267,0.7386467741315882,0.22040404337337183,1.0331956168180776,0.6736205565005459,0.32874603532412433,0.8596486008419671,0.5194795288307268,0.40313805002664416,0.7954372109365386,0.48421509107987226,0.40701711810096264,0.7684984319369654,0.4780498363657134,0.3697025727975195,0.7304552780884527,0.5343038690716564,6.083333333333333
0.4777591543321735,0.8564401100585972,0.6511985023733606,0.4489033675449301,0.37303889698129733,0.6896268849805528,0.4062215439097376,-0.03349881942690694,0.7191597515824035,0.4063406694738724,-0.012074528216782066,0.5331100715748964,0.4608804439164818,-0.021988190952881334,0.5698166951421096,0.37862588114865386,-0.09952249781441024,0.7939216364586978,0.2892948433660136,0.8300049828372225,0.6945350936748026,0.2707414953995313,0.40978073927441794,0.6263312665673672,0.2275092955421584,-0.025751093701022854,0.6911843990905491,0.25182280671009805,0.011526902762726943,0.5009626129805695,0.2028018136012314,0.005464534759978129,0.5193450340878815,0.23369097328761698,-0.0940342984819075,0.7559634904770929,0.3897003400394643,1.3393083880139627,0.7460662211834984,0.39710521941223664,1.5637561698727578,0.759129459414873,0.3684874018595596,1.4685252296926763,0.6727201400339464,0.5308570254623065,1.2540628551575406,0.7271483803978576,0.5616868485161017,1.0252343111894284,0.6589127927524262,0.5154060059606509,0.8545554503391553,0.5036995313664716,0.4232184254162832,0.8040747809468485,0.3949935996079269,0.43253051448293384,0.7625902743778117,0.40689231169866436,0.44463408512020475,0.7200555246082825,0.49867356991694145,0.23068858708508877,1.2700516689610666,0.7384091711239386,0.22231550047263393,1.0379541387184443,0.6693904963869381,0.3302169582197019,0.8626940984325825,0.5204380680748392,0.40324660791026873,0.8058783406576908,0.47558638836645084,0.40651703189842725,0.7748168617894793,0.4670045747583428,0.3738538627995557,0.7396900943550826,0.5239699926313335,6.1
0.47881726612634057,0.854740972421248,0.6503143428699031,0.44946996612404144,0.37294736055219485,0.6898255589430519,0.4068565509284096,-0.0325058213548734,0.7178048602256694,0.4058960678367539,-0.012898617948779195,0.5343239042055417,0.46090581968563177,-0.02206927459700997,0.5699811817942088,0.3790253425796674,-0.098299398513713,0.7928568640528412,0.29017150841531614,0.8287155873355383,0.6956798158838082,0.27101243765009464,0.40917437774964927,0.6250133840573175,0.22751957034234818,-0.025824083624403457,0.6911936853552606,0.2503621468364745,0.009935964457255322,0.5029819172971982,0.20129947075423438,0.002871568759913401,0.5222801748109377,0.23374056385143255,-0.09411711595754017,0.7561427774613226,0.3898230330242681,1.3396039420611627,0.7460918771696774,0.3984064868879086,1.5637061722900565,0.7597120516546112,0.3682977261521344,1.4683155249750233,0.6762028984853898,0.5307700261457606,1.2547199984516464,0.7275266204170198,0.5614097061658033,1.023423671200338,0.659647990567268,0.508200280713258,0.8551019879987803,0.5029682659937733,0.4143259017689099,0.8008109649576127,0.40872551523196454,0.4186792217327593,0.7630001663420225,0.42269194352331807,0.4339080579547925,0.7191293205189949,0.51006034363548,0.2305093342461463,1.2730175139193747,0.7381814519562473,0.222690420868984,1.0428800534328082,0.666260523638317,0.33104884617394503,0.8662978596956548,0.5213972166834417,0.40196289433460963,0.815616626304339,0.4695388930751618,0.4057677001004013,0.7807125206476466,0.45735786718456395,0.3768841448295167,0.7489783463885985,0.5128864654355878,6.116666666666666
0.4798889719470481,0.8526385727558664,0.6495914487317554,0.4500242984300934,0.37267185219922805,0.6900061445574676,0.4073195427534364,-0.031721278397299546,0.7167439397450381,0.40509714796727725,-0.014422485685874717,0.5363878542349289,0.46091887805565124,-0.022134841427076113,0.5701439749433984,0.37930706259898983,-0.09741564062589625,0.7921878647072402,0.29096574056471364,0.8273703260569946,0.6966677363594274,0.27147910120021473,0.40859304239859473,0.623759689982608,0.2275229575150657,-0.025840573513686904,0.6911853683409428,0.24903411272989256,0.008003861984431107,0.505519128614114,0.1999217390553497,0.0009306817162169218,0.5250406229822038,0.2337830174701183,-0.09429663372380509,0.7562193436072259,0.3898310858968922,1.339943332723623,0.7460163727304248,0.39930982525598036,1.563932582142333,0.7597303079920315,0.36846617401202353,1.468075935263488,0.6791772099074884,0.5307435098675245,1.2552694744220028,0.7277384825818272,0.5614458661720055,1.022179163301376,0.6593752347394053,0.5011211852205331,0.8547396653583142,0.5061911928298866,0.40489420697060774,0.7981713783776623,0.42450846230639117,0.40493708897327463,0.764076680091972,0.44018019677212283,0.4252765855131164,0.7217095679725054,0.5172474092710825,0.2303242404294908,1.276068040773858,0.7381091775349664,0.22169649883640824,1.0476309241506785,0.664652930596602,0.3312504488711168,0.8705206090860946,0.5222266965443916,0.3992732082293916,0.8238373520082659,0.46780504762903197,0.4049263929884771,0.7854578625105417,0.4515942023851164,0.3786975998486857,0.7570257843463339,0.5038442143838409,6.133333333333334
0.4808058856072968,0.850275724788797,0.64913224567122,0.4505461513914073,0.37220930168650507,0.6901828787422026,0.40765282664173563,-0.031124636318338117,0.715920666899583,0.4040364292979953,-0.01645247615889807,0.5390550812945162,0.46091033049427876,-0.022173337365876608,0.5702630168257257,0.37950785685074917,-0.09679142157414411,0.7918649298261377,0.29163210832876624,0.8259480915200614,0.6975721584366527,0.27212095741608067,0.4081173554217711,0.6227382321212376,0.2275250044535657,-0.025828649682144655,0.691166554295977,0.24803630842068503,0.005976113805494093,0.5082473595922384,0.19884390664930168,-0.00017981025628509284,0.5272357749889245,0.23381403747641796,-0.09450452710603517,0.7561392206509332,0.3898506120825298,1.3400748083634166,0.7459121631534992,0.39992126867733035,1.564093011685909,0.7595143039487348,0.3688761863049878,1.4675803656028958,0.6812005202335989,0.5307632560883401,1.2556262210599654,0.7277955548297036,0.5616661763380667,1.021725273739968,0.6586223602561736,0.4943668043242344,0.8534937579541666,0.5132488205000949,0.3945432426357455,0.7968386085003266,0.44166182850967906,0.39177950678128626,0.7653998421366894,0.4579459094915808,0.41831321124697773,0.7271820132788565,0.5211670894363127,0.23024466513789485,1.2791257617980543,0.738057810701982,0.21971803881404112,1.0517948191906226,0.6647014678549312,0.33092070580159944,0.8752726525344804,0.522935055323796,0.3952531798746308,0.8304360632735532,0.4704553972011316,0.40383506980840855,0.7888854252539571,0.4509929753556445,0.37948902054921063,0.7631342572265656,0.4989708541221901,6.15
0.4814549742982418,0.8478591119209531,0.6489225009240522,0.45105222372628684,0.37158170625301407,0.6903740811757499,0.407891473337788,-0.030722831230375114,0.7152871241984036,0.4028290140620905,-0.018740426405575897,0.5420409251726227,0.46089049911144164,-0.022181118794361326,0.5703179697193171,0.379633065183164,-0.09636938327353914,0.7918207400847699,0.29216598730416565,0.8244266262840407,0.6985306199548978,0.2727700003780789,0.4077782975691492,0.6219188042361298,0.22752919326016474,-0.025811947142753644,0.6911437568431786,0.24750069279518916,0.004056600132221991,0.5108913345777444,0.1981139419620509,-0.0005679149794417387,0.5287541310200382,0.2338283232116448,-0.09466764572992378,0.7559315549223277,0.3899261507123326,1.3398866940881613,0.7458290896628454,0.4004463451243042,1.5638603353982166,0.7594614287480859,0.3694208283749798,1.4667050823257126,0.6820231158715259,0.5308015724922616,1.255752650805965,0.7277827763883867,0.5618872247767608,1.0221122707920223,0.6579942053627059,0.4880977514027918,0.8518533917884944,0.5225715101138234,0.3834926230729378,0.7974619751858464,0.45934471936121846,0.3797356851811381,0.7666096925608759,0.4745903844797904,0.4121451614077485,0.7344242189917936,0.5233558910131614,0.23046731998929787,1.2819663129673695,0.7376292407821959,0.21709701310899066,1.0550883986123065,0.6662804809409468,0.3302570314347338,0.8803701911620716,0.5234831658713616,0.3899980342144238,0.8357312724856192,0.476612539177418,0.40201149361350985,0.791387604601606,0.45550803076401797,0.37940481691180983,0.7674735676697634,0.49931528220577814,6.166666666666667
0.4818077298416516,0.8455615237360078,0.6488831263308819,0.45156045976529186,0.3708646321853092,0.6905844788079792,0.4080352821736671,-0.030552310038760216,0.7148530182438317,0.4016240992683203,-0.02099227287827457,0.5449751899268003,0.460868361520027,-0.022166239860407777,0.5703136521157572,0.3796613526556533,-0.09608751181903188,0.7920050432683399,0.2925932440593017,0.8228454851319733,0.6996844855465618,0.2732227149122253,0.40752771687733025,0.6211472708052462,0.2275353990010008,-0.025797574553268837,0.6911202815692474,0.24739003470340454,0.0024642602360593624,0.513148613475765,0.19770389302479469,-0.0003511704425155082,0.5296819445787713,0.2338237583786333,-0.09473217025329847,0.7556564872911798,0.3900131336014313,1.3394904104342267,0.7457172316739495,0.40104846980717335,1.5631304526745318,0.7599899176041611,0.37017046986391533,1.4656117391325916,0.6814564388480437,0.5308658844232577,1.2557165865877638,0.7277547399622568,0.5620028358668392,1.0232761886622053,0.6577258286927915,0.48243146556620603,0.8503539594061652,0.5322321173195896,0.37251988017297966,0.7999223671191438,0.4770268989495542,0.3693307086973229,0.7672106028773977,0.4898166996970192,0.4063185746426904,0.7421288868557022,0.525104399552858,0.2311187273470422,1.2843820797370555,0.7364755777920541,0.21414634267212657,1.0574346253180325,0.6689049835869061,0.3294446890417926,0.8855028424405872,0.5237533290157519,0.38395615714590436,0.8400801716623778,0.48501576682920505,0.39907785633231807,0.7934763838252429,0.4642205566126077,0.37841968521395386,0.7706248271416613,0.504483978813303,6.183333333333334
0.48189383508795725,0.843460682510722,0.6489434953528025,0.45207562797566947,0.3702253684306018,0.6907891441862849,0.40807141991193246,-0.030605876705756804,0.7146694930041187,0.40067572650987654,-0.022738906068674583,0.54723838982937,0.4608515416268829,-0.02215221752548885,0.5702815750998805,0.3795791668879093,-0.09587392162574206,0.7923395090978027,0.2929355966671542,0.8212993140684137,0.7010220757413481,0.2733989707127183,0.4073285881021844,0.6203160713841626,0.22754220593795743,-0.025784232288165482,0.6910976170128011,0.2475409574717689,0.001518582395173676,0.5145676630082955,0.19757399758511823,0.0003386612657260146,0.5301251156779248,0.23380588229473517,-0.09472069376237992,0.7553654981320165,0.3900566915326473,1.3390607972704642,0.7455234025813198,0.40178602786407913,1.562057083405483,0.7612969713031958,0.3713839366194753,1.4646415815720029,0.6794275750506458,0.5309650686436467,1.2556378258354988,0.7277292655932779,0.5620626344041355,1.025001596253647,0.6577453133782158,0.4776069034032086,0.8493224169083861,0.5405598462134001,0.362783215474177,0.8035211789399288,0.4938474066362407,0.3611422202195101,0.7669599282316204,0.5038649781014843,0.40101486983359896,0.7489328818585435,0.5272455524301151,0.2321643196144566,1.2862529739004873,0.7345277652227009,0.21118265465232233,1.0588559476408768,0.6718024650417268,0.3285588805897306,0.890229052278807,0.5237195540351314,0.3780425484806562,0.8438551490443025,0.4938685768454295,0.39511191569977955,0.7954663722227739,0.47560148604272856,0.3765601773541237,0.7732000759491862,0.51252140964715,6.2
0.48180420436986043,0.8415137243382814,0.6489908221620739,0.45260023390529247,0.3698546422419575,0.6909314424073627,0.40800446688339614,-0.030803235917528107,0.7147702104593231,0.4002948944550391,-0.023417914690676916,0.5480925573747562,0.4608519639131763,-0.022183298220695286,0.5702881095493528,0.37941285945354103,-0.09568961029417655,0.7926914913604471,0.2931771537665137,0.8198321498706385,0.7023555417595375,0.27335882689827246,0.40723464665984394,0.6194463994238977,0.22754913532243493,-0.02576927612973924,0.6910765910526901,0.2478656923039789,0.0015234107311424272,0.5147134462785644,0.19775338299028333,0.0013562058771244,0.5300162723436164,0.2337857653956642,-0.09470174711768009,0.7551026948063485,0.3900671799933985,1.3386770576196017,0.745420874774039,0.40265396085822946,1.5609274735059495,0.7632535397777438,0.3734468982487092,1.4639846815114108,0.6764908839444178,0.531037856390859,1.2555919765091283,0.7276938296471542,0.5622118633955954,1.026899002399768,0.6579606370388098,0.4740453033056554,0.8488482920163906,0.5463698099787949,0.3555110872314625,0.8075100955143202,0.5081065245224283,0.3557631514659645,0.7661872098841431,0.5161437882963792,0.3965818525679753,0.7536845839503306,0.5302193718872106,0.23346656099083285,1.2876187094717795,0.7319288899277991,0.2084574703955433,1.0593559965922836,0.6743482276709671,0.327554524988695,0.8939925226261322,0.5236230789418503,0.37326291580619775,0.8474245627770852,0.5009261915931743,0.3905836072517496,0.7974511005682318,0.48763481258098507,0.374176176678655,0.7757095915016591,0.5206042171238716,6.216666666666667
0.481687760050957,0.8395928937529837,0.6488645354357272,0.4531403844347572,0.3698331453468117,0.6909622481533103,0.4078720628345215,-0.031028336183863164,0.7150900753067531,0.4006406764211241,-0.02276117938741465,0.5471974477628379,0.4608845313689251,-0.022319832665848457,0.5704291988261726,0.3792288390323499,-0.095562439677812,0.7929422866266489,0.2932786716116235,0.8184070601444187,0.70347558173498,0.27319176714783455,0.4073643933612323,0.6186407909141859,0.22755689541332522,-0.025751087450577817,0.691057692534163,0.2484230967221615,0.0024902806225237106,0.5135597921877405,0.1983244635105103,0.002618456028422353,0.5291422187760093,0.23377111861664945,-0.09469891270924222,0.754912561281658,0.3901148488210123,1.3383432202921532,0.7457995639490222,0.4036657466975885,1.559945825755232,0.7656381410187518,0.3767965195441008,1.463525908052096,0.674093710503814,0.5309554364099881,1.2555917300688542,0.727624126757533,0.5625765169931275,1.0283976694351127,0.658351620548115,0.47204518433047676,0.84876565168335,0.5493951280700229,0.3515123657711383,0.8110736373819855,0.5181715500774648,0.35340862251884086,0.7654098672685047,0.525351911345041,0.3931503231537366,0.7558516908590874,0.5340905882709865,0.23486768852747278,1.2887103833297449,0.7288988592839039,0.20611141049410092,1.059016226086355,0.6764190381458438,0.32633720899343516,0.8962997002299669,0.523904963610101,0.3701884433257423,0.850710665602678,0.5046633209409556,0.3861668952589952,0.7993087015489113,0.4983414119363435,0.3719038420471984,0.7782197418171792,0.5266298969266928,6.233333333333333
0.48164933970664114,0.8376423673526676,0.6485201367566927,0.4536834926866472,0.37009485102747913,0.6909197944799615,0.40773703605403544,-0.031157065495284214,0.715456826086477,0.40159287101015073,-0.02103553184524949,0.5449148320440873,0.4609486324518053,-0.022567750321045507,0.5707270087311941,0.37909110316116806,-0.09554609891333715,0.7930789232230652,0.2932172652585228,0.8170166208223042,0.7042701132010847,0.2729552972439913,0.40779887245869123,0.6180108276835088,0.2275644401776581,-0.025728300898350376,0.6910393412206133,0.24928097072261313,0.004120067576321065,0.5115110511735119,0.19931083517071826,0.004137913842109223,0.5273627618813397,0.23375315022241352,-0.09469380268447235,0.754803326271795,0.3902523492355748,1.3381077267422161,0.746938086475393,0.4048681980904236,1.5591145700547362,0.768412503834467,0.38169472447088804,1.4630484050090327,0.6738217879034871,0.5306214874929784,1.2556302918812046,0.7275125420237425,0.5632049633751044,1.028865828116278,0.6589027957973234,0.47145491489720504,0.8487514758651185,0.5503868890530379,0.3506928486730776,0.8131518884794218,0.523782175095665,0.3535211881295914,0.7648020567202896,0.5308942575276154,0.39069287462787794,0.7557672243874987,0.5385019440856971,0.2361912787611021,1.2897433668024803,0.7258434928212782,0.2041917883696368,1.0581464762854746,0.6782473760627061,0.32487893650764055,0.8970342228623108,0.5249270797724707,0.36871392346304344,0.8530526726570884,0.5053967891943548,0.38250016817850824,0.8007371340612014,0.50641010307058,0.3702144890497387,0.7801260040087475,0.5303820372266607,6.25
0.48164411057479783,0.8357748483914202,0.6481310812933752,0.454188944657437,0.37051204800756604,0.6909371336084593,0.40765087415174106,-0.031092667447951944,0.7157137695025457,0.40286769611056766,-0.018795797009856535,0.5419690592782439,0.460998519991223,-0.02275818345505186,0.5709510146352441,0.3790192728301578,-0.09564167074581198,0.793167883418155,0.29300502056451405,0.8157598688299397,0.7047143873090564,0.27270000118821053,0.4084651648008984,0.6176515639656585,0.22756322869534415,-0.02569776657306036,0.6910142812256581,0.25039790356645775,0.006070874628687731,0.5090198351560871,0.20061651019423302,0.00597306897824143,0.5247543772712493,0.2336953461348303,-0.09467698575891917,0.7546813180298998,0.3904695227219817,1.3380559364569613,0.7487897728999242,0.40624581631771306,1.5583173771834613,0.7716414598652181,0.3880404293173397,1.4624776190796789,0.6763221178341523,0.530041806156761,1.2556889330477436,0.7273659878732613,0.5640718674858952,1.0279545310518652,0.6595633137410203,0.47178752818842157,0.8484794589492053,0.5506375256643572,0.35210515746606763,0.8127998142320425,0.526159404872308,0.3549457128144252,0.7641495740453618,0.533577562922739,0.38916585090950173,0.754457998692364,0.5428133872551381,0.23719428757422495,1.2906405954030475,0.723627413802579,0.20274502997197852,1.0571908367182399,0.6799898956770432,0.3232679199830719,0.8965161209901734,0.5268157190009857,0.3683347300258354,0.8539005972906669,0.5048262426001595,0.37998634650149854,0.8014238131215339,0.5113265797996598,0.36911341603173486,0.7805180544133338,0.5330973907747357,6.266666666666667
0.48154082538669213,0.8341663274651829,0.6479275228529232,0.45461428268496745,0.37097911146623996,0.6911235706388754,0.40761917355942573,-0.030821599536166644,0.7158344361055498,0.4041866495788432,-0.016486798315858114,0.5389173504816052,0.4609506511274779,-0.022574780350947482,0.5706542323643282,0.37899702362447335,-0.09582200464799659,0.7932557828841834,0.29267149185851254,0.8147809256600007,0.704820533462946,0.2724779584390776,0.40913544743826136,0.617626517206801,0.2275347587159615,-0.025654404342168938,0.6909689907982393,0.251632200147183,0.008098033625945827,0.5063954943211058,0.20205942038726207,0.00811774999815476,0.5216025127884547,0.2335520842188605,-0.09462088052283499,0.7543528318809701,0.39074296441087947,1.3381229022261325,0.7510892048568094,0.4076462592979341,1.5574149953244625,0.7751936543612274,0.39544254756189606,1.4618303803575046,0.6811795132501653,0.5293016305407348,1.2557045685350814,0.7271671068813683,0.5650717190722889,1.0257742484418733,0.6602528429165109,0.47255619741886845,0.8476476682598156,0.5514794174590998,0.35460013745828434,0.8098412450904152,0.5268673241721423,0.356598231325823,0.763209258323916,0.5347320963657449,0.3884298164781687,0.7530332875509586,0.5464971204482225,0.23761221859861947,1.2910492563834188,0.7233859676494191,0.20191899257034762,1.0564891396805285,0.6814801903790899,0.3216786984404504,0.8952700954691928,0.5294377117743211,0.3686443458002233,0.8534725328608957,0.5043026335909443,0.3788463272961156,0.8012970823300635,0.51308835681847,0.36842626307738224,0.7787572400319132,0.5361296919062565,6.283333333333333
0.4812536904406341,0.8329153940566296,0.6480048669638968,0.45492440914166177,0.37142878982527083,0.691487478350573,0.40761364757778423,-0.030414604810587623,0.7158842528630912,0.40528491187888327,-0.014379422409495426,0.5360731095924542,0.4607432589972843,-0.021786359191942842,0.5695043182511643,0.3790059687920461,-0.09610766123922407,0.7933407850094325,0.2922319889727087,0.8141654098390887,0.704605449987842,0.2723236990957905,0.40957318358266037,0.6179299735820318,0.22746622575611644,-0.02559776897468219,0.6908961417426881,0.25279812809326574,0.009985084732399813,0.503911025840499,0.2034189578753302,0.010387462682645884,0.5183404128960688,0.2333241627191113,-0.09447170083291506,0.753657642870746,0.39111286598395084,1.3380303661849802,0.753557902457328,0.4088464939573499,1.556275755527644,0.7787158047007203,0.40333222064912444,1.4610419586330885,0.6874664370483023,0.5285158233663528,1.2555890400602538,0.7268579064433083,0.5659960793914177,1.022683803031549,0.6608717342772692,0.47340353530767765,0.8461036445152574,0.5536960013793413,0.35732192414518604,0.8050763293546291,0.5267320285587981,0.3579578063388928,0.7619828495112843,0.5351001821261598,0.3882154661256453,0.7520576493002205,0.5493481151775065,0.2373405320868765,1.2906287095502662,0.7257246125169288,0.20192646524668342,1.0561321975985354,0.6823663406558219,0.32033662415986175,0.8938298298766906,0.5322863090224953,0.3694373735097048,0.8525446301641969,0.5037923844887516,0.3791441214809669,0.8008162659818864,0.5117022588052382,0.36805780923432485,0.7749385943378346,0.5398590131971176,6.3
0.4807629006657378,0.8320528729060158,0.6483297898948892,0.45507360882889525,0.37182087685519455,0.6919849228448631,0.40760706199514796,-0.02997623121786984,0.7159199014850396,0.4058746115769857,-0.012781316395127015,0.5338324016346394,0.46038813834319803,-0.02043051070742126,0.5675167087075441,0.37903715560075407,-0.09654086507878262,0.7934119423215641,0.2916959889262461,0.8139229971856041,0.7040795398511395,0.2722764545765005,0.40970859448098335,0.6184393901645513,0.22737990974982492,-0.02554121398314449,0.690814535720271,0.25371077144308246,0.011486982401343604,0.5018895975218348,0.20447032829484707,0.012453186349772563,0.5154836015805394,0.23307739674492808,-0.09422173061131917,0.7526069840075438,0.391665158900413,1.3375246591676921,0.7559847678301341,0.409719928845772,1.5548414499321066,0.7819137377451755,0.4109918185358582,1.4600381230103168,0.6940213377529505,0.5277948150430192,1.255303067542585,0.7264462166999625,0.5665854451329899,1.0190650692554462,0.6613318251229225,0.4740998572228279,0.844089934970332,0.5569288904047396,0.35970554764887475,0.7997650780310296,0.5259275531854882,0.3589749036730232,0.7606213821810681,0.5349355561645286,0.3883363056381929,0.751463008265608,0.5514408322661376,0.23654988764589466,1.289270770668918,0.7302013397211735,0.20286955004828944,1.0559426727996406,0.6824729515349865,0.31945346490721716,0.8925829337132861,0.5345064766560476,0.37047865974710686,0.8517180143849669,0.5026059433562992,0.3806065299461521,0.8007646894290574,0.5070694627745604,0.36787197888557804,0.7700028613743226,0.5435371607533841,6.316666666666666
0.4800884308750011,0.8316239838430789,0.648834354147978,0.4549973607159878,0.3721386740938029,0.69258011940767,0.40758426456571617,-0.029605669960507466,0.7159597767231223,0.4057837212459848,-0.01208974163961804,0.5328047271877424,0.45996620475379735,-0.01878728333454524,0.564983037740453,0.3790828564969034,-0.09710627738178361,0.793477014831091,0.29110848772270603,0.8140418622981186,0.7032386805370567,0.272387209245836,0.40970648582009617,0.6189313633863748,0.22732157776133208,-0.02550305677565634,0.6907572936994686,0.2542359255140837,0.012385629500298936,0.5006379260689795,0.20504560776045572,0.014013816104641738,0.5135076581156376,0.23287734663455872,-0.09389402818486821,0.7513488357063456,0.39241999344650846,1.3365858563571962,0.7581467972128012,0.41036327986562354,1.5531723869984562,0.7847147931231847,0.4176954771089949,1.4589647024237198,0.6995334175136451,0.527221660636561,1.254868111633316,0.726191603641252,0.5666707854071935,1.0152898057708604,0.6615742544549514,0.47456986989522415,0.8421609765750193,0.5599392535059406,0.3614204877278504,0.7948995427770229,0.5246337955587779,0.3597216068754312,0.7592503294453271,0.5345192737264797,0.3888505160721145,0.7509235208643574,0.5529964338001063,0.23554151706711335,1.2870785255521526,0.7357027332363892,0.20457930248973089,1.0555438132048571,0.6819362809212585,0.31915536165078073,0.8915982863520207,0.535302191515975,0.3715805941307506,0.8511080691641713,0.5004140629957067,0.3827191269155439,0.801463185528592,0.49958040197338394,0.36770901871724604,0.7651438280481242,0.5461745120468129,6.333333333333333
0.4792920407643161,0.8316593346827666,0.6494669101233943,0.4546384602961772,0.3723853844714927,0.6932628274004125,0.40753699751610717,-0.029377662237406177,0.7160057361352646,0.4051543040858728,-0.012465978340978678,0.5333474434921052,0.459567094664167,-0.017195875424089402,0.5623080920947306,0.37913009279299914,-0.09770340788611229,0.7935555676424921,0.2905339839414565,0.8144993161771925,0.7020867625787983,0.2726430696830539,0.4098070124454981,0.6192398746126345,0.22730271939402213,-0.02548339894162946,0.690729444572078,0.2543643342136291,0.0126365259557122,0.5002520355939158,0.2051355307463764,0.014893692255219873,0.512620438842391,0.2327307205136005,-0.0934438779654223,0.7500505673246385,0.3932761576360558,1.335357784599026,0.7597631610605838,0.41105240743984955,1.55142911694822,0.787103763128949,0.42295403436778917,1.458196375120114,0.7027760265785599,0.5268411855364777,1.2542834324219378,0.7265554934573303,0.5662808104692316,1.0117235367366424,0.661551070640585,0.4748533763791026,0.840791799867237,0.5615172463049325,0.36241723165421824,0.791005714761987,0.5229707594449134,0.36027373518398764,0.7580273046778963,0.5339650964488762,0.38994382003040196,0.7501873495133407,0.5540960093013273,0.2344929804821128,1.2842353246835398,0.7411722518198302,0.2066562152885394,1.054521640706378,0.6808798405910261,0.31949442979184783,0.8906536750022842,0.534382830517776,0.37285684550960185,0.8506023480756828,0.4972529495364043,0.3851196232352299,0.8024918773852565,0.4903389186194862,0.36759655777045186,0.7610894705856948,0.5473671797732621,6.35
0.4784543322481387,0.8320783470489226,0.6502045708375542,0.45401992324819823,0.3725735210475254,0.694036503054526,0.4074669518693446,-0.02931180121461492,0.7160551698658972,0.4043779206668102,-0.013477838095219227,0.5350246216193734,0.45922937048272394,-0.015840519867191052,0.5599222098753829,0.37916411822184737,-0.09819065365089177,0.7936516146372907,0.28998486628283987,0.8151955753189914,0.700716007546194,0.27296323031914266,0.4101084630562757,0.6193576335753571,0.22730347354517996,-0.02547046173656678,0.6907140101998853,0.2542451262084264,0.012460413314022922,0.5004764362646011,0.20493945432345334,0.015051413631470001,0.5126039323518043,0.23262817066625144,-0.09281120962657591,0.7488837749600704,0.3940865309226431,1.333989374245286,0.7606745876857258,0.41206703162922953,1.5498454615402697,0.788954253018705,0.42663582526799665,1.4580489777641463,0.7030378515117004,0.5266493887559165,1.2534294819939091,0.7278449211374517,0.565626638857984,1.0086384713541718,0.6612550043531542,0.47503475060869743,0.8401617447443351,0.5608752644150494,0.36292879157969826,0.7884190972898641,0.5205034477949123,0.3608277139653203,0.7572367416197496,0.5328578169656484,0.3917106661518587,0.7492778084950146,0.5543221071269506,0.2334152044395159,1.2809234786758068,0.7459186910779566,0.20871306706236092,1.0526188249123545,0.6791155674686269,0.3204755021192984,0.8894504546760115,0.5320944950353164,0.3745974124277054,0.85005355970431,0.4932264788580736,0.38769409174396885,0.803186899595991,0.48068835039101976,0.3677251768554102,0.758019341600387,0.5472084660560814,6.366666666666666
0.47761325948072697,0.8329031711757365,0.6510927779641522,0.45351237767070296,0.3729204745549519,0.6949048458125678,0.40742847581825925,-0.028973323766372905,0.7161349637815256,0.4037918937920707,-0.014257515610135774,0.536807109814139,0.45895062841325385,-0.01471520277356847,0.5582314325084691,0.3791495524321602,-0.09826474576174452,0.793695680847393,0.28928799941597405,0.8160038680229279,0.6991762368039185,0.2735427646457972,0.41069528700819125,0.6194229933025833,0.22730465948530293,-0.0254660597000283,0.690708566998903,0.25408178620893734,0.012190051243207836,0.5008801133867535,0.20474259779472878,0.014566833831805737,0.5129850986311804,0.23258467520644355,-0.09219935936449775,0.7481002130497898,0.39477740612675666,1.3325818957071616,0.7610497125150768,0.41361793951237,1.5486250121521077,0.7902083549816059,0.42896549378433824,1.458507940837318,0.7005866958188947,0.5265815854064799,1.2520876737700135,0.7299748131198389,0.5649493725422063,1.0060850119366493,0.660771340103518,0.47530352879448323,0.8402073035220008,0.557450804400164,0.363424016787006,0.7873502194047208,0.5163598776499189,0.36173522580826206,0.7571797129269305,0.5303213938957039,0.3941415558903525,0.7485645770374956,0.5527638834962612,0.23231103214673815,1.2772956887514693,0.7494468057864214,0.21056428066276278,1.0498293956526281,0.676383280317505,0.3220055856981488,0.8877720258828118,0.529231280187641,0.3769672384041088,0.8492531385119421,0.4884263236346852,0.3904387931426375,0.8030966808175573,0.47181573136668453,0.3682488107791747,0.7558727930546896,0.5457480755213429,6.383333333333334
0.4767936416207861,0.8338237707999467,0.6520921976662531,0.4529445401783008,0.3731451327617754,0.695843682520108,0.4073977245605699,-0.028658596427290156,0.7162013971949224,0.4035063682608796,-0.014084249840480595,0.5377524826616829,0.4587341309091748,-0.013789208677934386,0.5575048380398746,0.37913146509153045,-0.09829526606283187,0.7937367701900426,0.2886173903722065,0.8168424259917952,0.6976351719791147,0.27413272026750285,0.41141644101443614,0.6193734139029823,0.22734959228623647,-0.025480057444405263,0.6907347922878276,0.25398571904677486,0.012014970919449558,0.5011884222673543,0.20472351705594283,0.013623683978846945,0.5133741405219626,0.2326133038294823,-0.09161001881369152,0.7474787674735845,0.3953883557595714,1.331228649754208,0.7612558926348458,0.415919421324816,1.5477774566277074,0.7911358417072357,0.430472662608095,1.459287290977331,0.6965598005843969,0.5265542401825221,1.250131103929335,0.7325569081867082,0.5643277243084055,1.0039386554355194,0.6601950519038188,0.47598003488852214,0.8406905337408287,0.551009570411549,0.36451149022604545,0.7876309857809822,0.5097664965395662,0.36338545524875865,0.7579822225295704,0.5253543426580667,0.3972611415616797,0.7483993098714234,0.5487766561364225,0.23125839680243881,1.2734481790094985,0.7513257246907209,0.21221518842577608,1.0463594221784656,0.6728422425991616,0.3238703867610386,0.8855253353018655,0.526619877892895,0.37992028418220886,0.8479324722859063,0.48289927023704743,0.3933852103584721,0.8021041406165635,0.4644746861510628,0.36923745524840235,0.7545772603120414,0.5427015323638446,6.4
0.47602223087684375,0.8347768842273912,0.6531928040628481,0.4523293286015255,0.37321296868766163,0.6968458906325774,0.40737740226071595,-0.028379554277116303,0.7162482827381734,0.4035063224139269,-0.012763796640319944,0.5373591618768906,0.45859025887702565,-0.013087605310751857,0.5576810403716678,0.37911121654949614,-0.09828969947017899,0.7937754925446467,0.2879960204652369,0.8176614765146342,0.6961520834407375,0.27470611105465836,0.412282736013058,0.6191811866338154,0.2274477015870446,-0.025515586512605132,0.6907986944944743,0.25397354603072947,0.011943173644620525,0.501355290661239,0.20490476861367307,0.012521697261506246,0.5135864419863214,0.23272541477915054,-0.09106325662135045,0.747047795127439,0.3959945773423009,1.330051588256738,0.7615291153969436,0.4191264853067574,1.5471273045054843,0.7922333556209862,0.4317787784445039,1.4601150899466957,0.6921400638141482,0.5265382772089564,1.2476827430639348,0.7350858117221422,0.5636768429109756,1.0021288651740072,0.6594707353455354,0.47730289277488686,0.8412833507570027,0.5420528100265336,0.36671464934816667,0.7887426757144267,0.5004441690851043,0.3660552558186836,0.7595463699926249,0.5173871922452979,0.40105279827020346,0.7485856661933777,0.5427387175249068,0.23034106779349084,1.2693745162457775,0.7514677018370315,0.21375782053198616,1.0425576334036235,0.6691187828581029,0.3257898742354832,0.8827232227263112,0.5247461115185759,0.3832407041688332,0.8459713467877689,0.4767258863528425,0.39640300670672207,0.8004301183476338,0.45869731185185203,0.370730367908191,0.7541887390539945,0.5375473799461081,6.416666666666667
0.47532577945742693,0.8356992497639093,0.6543845712729279,0.4516796607709097,0.3730894553522792,0.6979043476054066,0.40737021308313615,-0.028148132395598616,0.7162694330433634,0.4037747272775447,-0.010529333264849838,0.5354967089740127,0.4585022958346403,-0.01258544635774611,0.5583028709195426,0.3790901671555949,-0.09825553089980803,0.7938124577906105,0.2874468710087641,0.8184112468804872,0.6947862415577417,0.2752359508776619,0.4133049829421054,0.6188186027523433,0.2276084170267909,-0.02557577844753338,0.6909062820466575,0.25405351943650445,0.011932350131769132,0.5014146027949644,0.20519807572751875,0.011566105402923021,0.5136358445714049,0.2329323662992305,-0.09057914143466447,0.7468356529073362,0.3966165484923295,1.3291593733524962,0.7618808980715601,0.42315018380528246,1.5465133456650122,0.793845016539177,0.43330767466568565,1.4608771480893386,0.6879797420692615,0.5265369420969428,1.2450265670604939,0.7371248084069197,0.5629186882680316,1.0006158931954179,0.6585144095321925,0.4792320390958213,0.8417512887676459,0.5317946333899356,0.37023032349858187,0.7902898512098758,0.48876583988896893,0.3697517290462474,0.7616665936557783,0.5067749524173639,0.4052034099480407,0.7484332674929132,0.535853321510475,0.22959964437551497,1.2649651446655188,0.7504607557813854,0.21530733606101837,1.0388891920438874,0.6657535686350858,0.3274596893665259,0.8794840257096675,0.5236889406913354,0.38659487996614694,0.8437126529413822,0.46999962521522964,0.3990828407765149,0.7985640907920283,0.4538049887148111,0.3727383713909258,0.754952934525319,0.5298844919537353,6.433333333333334
0.4747310395710627,0.8365276057153406,0.6556574734154832,0.4510084545169862,0.37274006577529695,0.6990119308940259,0.4073788611922693,-0.027976265862483418,0.7162586607425775,0.40423406538676876,-0.0078012859778195665,0.5323446206631033,0.4584293875266302,-0.012179119208486966,0.5588053940838784,0.37906967725936414,-0.09820024526774124,0.7938482758073397,0.28699292331648696,0.8190419643783965,0.6935969166990813,0.2756952536069115,0.4144939927396271,0.6182579535158267,0.22784116824453896,-0.02566376479209484,0.6910635633721917,0.2542195829211149,0.01195999979890415,0.5013870770826321,0.20541016111032834,0.010801710446024015,0.5137914926783179,0.2332455166335045,-0.09017774190082309,0.7468706977092602,0.39724090095307407,1.3285782781811049,0.7622531288871998,0.4276628177064242,1.5459201346358031,0.7959323909124576,0.43516859315319584,1.4615303057482705,0.6844665368172361,0.5264957931306247,1.2423913198169076,0.7385708044185261,0.5620087444923062,0.9990728264037005,0.6577013681149058,0.4814940425634754,0.8420205625778805,0.521719869319482,0.37493990470859506,0.7921988978197408,0.47559329007314555,0.3742054121913971,0.7641361892377306,0.494597996618043,0.4091080548587168,0.7473200713262546,0.5294586522201807,0.22911704830976812,1.2601316723867413,0.74927663768033,0.2170311731744502,1.0358659620982864,0.6627038823729611,0.32862630366442913,0.8760431785496349,0.5232095400929893,0.38965737107137605,0.841828534133714,0.4626718689816494,0.40106214914648586,0.7970797428380632,0.44884345654366464,0.37520352156238257,0.7570932643201279,0.5198988343519648,6.45
0.474264763426278,0.8371986903875245,0.6570014846095047,0.45032862767028764,0.3721302729763834,0.7001615179538656,0.4074060507525541,-0.02787588975751755,0.7162097784679007,0.4046394440595908,-0.005152416190334769,0.5285179196243629,0.45835314765520396,-0.011831093043435298,0.5589028916948053,0.37905110721034135,-0.09813132749000106,0.7938835564742405,0.2866571587021045,0.8195038562974046,0.692643379233711,0.2760570331128053,0.4158605763436726,0.6174715301815265,0.22815538487935233,-0.025782677089194808,0.6912765468988914,0.2543647796323047,0.012007777226231378,0.5012820542647229,0.2053009109868003,0.009982370011270753,0.5144573644784547,0.2336762240257548,-0.08987912666701689,0.7471812864291935,0.39789208578608565,1.3282639103732956,0.7626339878285312,0.43227349277222915,1.5454369488152615,0.7982177499861589,0.43721593377930734,1.4620142590102279,0.6820334756309505,0.5263188694593548,1.239888970681612,0.739787604563491,0.5608247909689358,0.9969438405825459,0.6580187319445876,0.48372701722831385,0.8420853171443593,0.5131067878276729,0.3805125944834493,0.7943260775543185,0.46209306823722446,0.3790470752377991,0.766722013026803,0.4821311045441742,0.4122449256478504,0.7450588821591886,0.5245836787559499,0.22905837069715718,1.2549851230369673,0.74855413213223,0.21909245953702028,1.0338622657529277,0.6596396903305375,0.3292133496279025,0.8726757289331457,0.5228459710107543,0.39220147468031563,0.8406920702625262,0.45483156382718315,0.40232621400186064,0.7963655792010741,0.4432454717787335,0.37790103856702006,0.7604662690663977,0.5085268607944711,6.466666666666667
0.47395370323159985,0.8376492420863,0.658406578973983,0.4496530980613468,0.3712255499752071,0.7013459862403563,0.40745448592842937,-0.02785893916044757,0.7161165988514179,0.40467661069141053,-0.0033004062048381105,0.5250651442061667,0.45830277589648016,-0.011654972041587108,0.5586446657629154,0.37903581735806413,-0.09805626248260997,0.7939189096707182,0.2864625584793157,0.8197471499265536,0.6919848995305848,0.27629430326574134,0.4174155446922905,0.6164316240067031,0.22856049657029465,-0.0259356468817383,0.6915512410545711,0.2542976751402693,0.012042256371069662,0.5011255179197672,0.20474352670696366,0.008901299215452754,0.5158350594408933,0.23423584671976372,-0.08970336438043537,0.7477957759631199,0.3986056457869821,1.3281497641526494,0.7630374714861061,0.43664490414283447,1.5451447897818296,0.8004172557921156,0.4391573320922192,1.462287037357263,0.6808885030266445,0.5259737175768178,1.237632518028755,0.7413566930000564,0.5592385979908903,0.9939528975696956,0.6603610256407335,0.48560512008862283,0.8419718088771295,0.5066689941040277,0.38634807772368773,0.7962277797156552,0.4497395615190085,0.3838035243214274,0.7690441627241755,0.4708144812814544,0.4144713690519524,0.7418510572537126,0.5218044298093543,0.22947742544928001,1.2499130905711207,0.7482976280507576,0.22131781014626278,1.0328545999179373,0.6567791617746976,0.32930706035997903,0.8695824570702079,0.5221763378221397,0.3940856292822139,0.8400962934534771,0.4471984759359252,0.403031279425372,0.796365803065718,0.43738755657038336,0.3804243683516132,0.7644595294367043,0.49722424663365583,6.483333333333333
0.47382461119555525,0.8378159991175069,0.6598627306279092,0.4489947835206964,0.3699913697914369,0.7025582132089282,0.40752687088433387,-0.02793734915102028,0.7159729345252139,0.4042568598970129,-0.002700340622747377,0.5225899192495754,0.4583609844189048,-0.011935322464260475,0.5581054945176014,0.37902516805207,-0.09798253516159032,0.7939549452761786,0.28643210396181934,0.8197220725548862,0.6916807479586576,0.2763800779361178,0.41916970872353,0.6151105262486175,0.22906593295642944,-0.026125805712630387,0.6918936542670454,0.25403048104802683,0.012060023881574872,0.5009292806158353,0.20389493096292702,0.007928527531962493,0.5175920346376395,0.2349357429593135,-0.08967052368826872,0.7487425232070225,0.3994784444538501,1.3281710204623145,0.7635165571228515,0.44065112523885114,1.5450631426754993,0.8024369517269869,0.4408366795864397,1.462349860828053,0.6809794418315444,0.5255419869290562,1.235924892243863,0.7431335938945898,0.5572103768910266,0.9905510620606831,0.6641449885519168,0.4870428133822317,0.8416510167340401,0.5024198546231605,0.39206687063708595,0.7974123394569714,0.43966013605841237,0.38832906470251927,0.7704938424802024,0.4616861430507694,0.41595964352594345,0.7374850660224326,0.5217533075398924,0.23019738691506056,1.2453467680455947,0.7480402991270211,0.22333118325604728,1.0325661286883219,0.655058503257801,0.3289643716686261,0.8667374359398047,0.5209727285476602,0.3952430897645922,0.839861981305681,0.4404160044662736,0.40323463880407834,0.796694713097663,0.4320209020487802,0.38255243207739487,0.7685549314740454,0.4869245544372711,6.5
0.4739042395266712,0.8376356997869848,0.6613599136902736,0.4483666018788691,0.3683932054447414,0.7037910763150117,0.4076259097847063,-0.028123054808982487,0.7157725981213736,0.4034976168913101,-0.0034063959846066527,0.5218695049058514,0.4584425016619436,-0.012402027059568221,0.5576147058014681,0.37902051964189626,-0.0979176304429642,0.7939922731700275,0.28658877646331443,0.8193788514714445,0.6917901948868834,0.27628737099433276,0.4211338793754398,0.6134805281645301,0.2296811236768203,-0.02635628512477589,0.6923097949641286,0.2532916905419737,0.01198726624150398,0.5007982322394913,0.20276919125566648,0.006538523274765673,0.519806393196432,0.23578727098818641,-0.08980067323770682,0.7500498850568849,0.4001864315510128,1.328223491803404,0.7638996702215121,0.44409685980510755,1.5450822058940055,0.8040019669946474,0.44205212887813655,1.4623201077874555,0.6814430635590382,0.5250727226598204,1.2344081933292155,0.7461550805056651,0.5550777502999658,0.9866471598181517,0.6698393704136506,0.4879695592091965,0.8413290066721154,0.5000242305394755,0.3967079064712188,0.798212766496817,0.43197054169996935,0.3915233926226313,0.77135197694495,0.4553303538862773,0.4168401683656637,0.7334172689784371,0.5226615459245532,0.23083089480730348,1.241525946159795,0.7478078950599498,0.22406597167159376,1.032106470668507,0.654865449462926,0.32840113265499704,0.8643507356442596,0.519786348210184,0.3961202226459755,0.8394103252322785,0.4353824917466915,0.4031103268077421,0.7972198663319785,0.42800844166189056,0.38401305235521904,0.7720007752342597,0.4787710031054443,6.516666666666667
0.4742193404334747,0.8370450824005726,0.6628881022800671,0.4477814709663977,0.36639652995478933,0.7050374530140371,0.40775430679398544,-0.02842799121408074,0.7155094022719821,0.4023749951219345,-0.005677712379934308,0.5235794919205462,0.4585255319021216,-0.012993845031280066,0.5573175208809757,0.37902323247708064,-0.09786903324275399,0.7940315032316707,0.28695555729749994,0.8186677139652708,0.692372510684217,0.2759891963107844,0.4233188675860693,0.6115139210117019,0.23041549837053085,-0.026630216661080328,0.6928056715736355,0.25192169726525615,0.011781946197680415,0.500788821237056,0.20138242294075367,0.004543803850867653,0.5224747573721622,0.2368017890501648,-0.09011388167593967,0.75174621840869,0.4006033428072208,1.3282345517742007,0.7641198368084905,0.44678495793090095,1.5451628484206041,0.80492501154834,0.4426451026909297,1.4622395415297769,0.6819363795160795,0.5246036679766428,1.2330105060298275,0.750952460612063,0.5529685790801168,0.982240735540187,0.6776874391285022,0.48826907976528455,0.8410933818988188,0.4995314794500526,0.39963179336696847,0.7986013539011634,0.4272666264846191,0.39273733606167116,0.7715390764119138,0.45255633799355355,0.4171500917389747,0.7303020048365144,0.524002233032292,0.23115699730799513,1.238724284678576,0.7475698353204665,0.22289019841909302,1.0310160772120565,0.6566585097223342,0.3277332614124465,0.862573663281109,0.5187566275795115,0.3968816037325341,0.8384362097090582,0.43278747467902656,0.4027655929217444,0.797841713293795,0.42591929803395095,0.3845469244389149,0.7742302224105202,0.4737771334840847,6.533333333333333
0.47479666612449273,0.8359808852641103,0.6644372705162804,0.4472523086138149,0.3639668163412493,0.706290220761435,0.4079147660766101,-0.02886409344606189,0.7151771596091244,0.4008651080365196,-0.009773429898252875,0.5283954710392121,0.45858827941596497,-0.013649535583170072,0.557359161022585,0.37903466690716053,-0.09784422847698221,0.7940732453405135,0.28755542777807475,0.8175388873254075,0.6934869657196123,0.27545856775587074,0.4257354842934672,0.6091829960473936,0.23127848667662465,-0.026950731864448532,0.6933872925233805,0.24976089486102093,0.01140202649692297,0.5009574960548512,0.19975074137376078,0.0017568866672700856,0.5255937494197227,0.23799065538903094,-0.09063021765015716,0.7538598801584215,0.4006029139512256,1.3281315739729873,0.7641100829101902,0.44851826970552944,1.5452659392385502,0.8050187953413088,0.4424570237484402,1.462149925349324,0.6821164010096235,0.5241725660870565,1.2316599150907124,0.7580570419925652,0.5510107240938894,0.9773313339248734,0.687932462599039,0.48782509724626466,0.8410317456216123,0.5009909589519717,0.40019913946521823,0.7985503947359792,0.42614423845330174,0.3913217229995475,0.7709756511745876,0.45417331957817364,0.416926561813739,0.7287936123114516,0.5252484569320642,0.23095474259912258,1.2372154433667917,0.7472955393794953,0.2191718865247363,1.028835399672533,0.6608961933682878,0.32707667603432994,0.861557525947887,0.5180229974254434,0.39769180883043953,0.8366345192118064,0.4333204901651265,0.40230768663146715,0.7984607045082407,0.4263225937891979,0.3838947435823127,0.7746764346959975,0.4729564864191017,6.55
0.47566296880825226,0.8343798466834367,0.6659973925179041,0.44679203265165335,0.3610695376237902,0.7075422570126355,0.40810999179701896,-0.029443296584672485,0.7147696827648854,0.3989440690826989,-0.015952688629084194,0.5369930330074016,0.45860894847999994,-0.01430785791901254,0.5578848474927568,0.37905618328167345,-0.09785070106167117,0.7941181093759621,0.2884113692187377,0.815942598840897,0.695192830362024,0.27466849919998987,0.4283945404356826,0.6064600445288658,0.2322795182341653,-0.02732096227778555,0.694060666241178,0.24664967697241494,0.010805469886051397,0.501360705139198,0.19789026191025988,-0.002009710869024947,0.5291599915940057,0.23936522824856707,-0.09136974980754925,0.7564192272020627,0.4000588807117785,1.327841931998046,0.7638034345530154,0.44909964521829115,1.5453523473310993,0.8040960283267979,0.4413293147742889,1.4620930225404027,0.6816401393466245,0.5238171601985953,1.2302845052568832,0.7680001324259533,0.5493320462036939,0.9719184996702948,0.7008177087278292,0.4865213338479054,0.8412317010479579,0.5044520266423128,0.39777055290685115,0.7980321820672334,0.42919922564695706,0.3866273814161689,0.7695822115264643,0.4609905228457134,0.4162067267578191,0.7295464301180347,0.5258733056928255,0.23000317886267282,1.2372730819892954,0.7469544267079603,0.2122790590147148,1.025104889403499,0.6680370097330488,0.3265472946140027,0.8614536307421283,0.5177248885177808,0.3987154137458631,0.83370013821631,0.4376710751068394,0.40184385742229217,0.7989772905004436,0.42978745155186837,0.3817972050392424,0.7727725737838627,0.4773226027564048,6.566666666666666
