RHip_x,RHip_y,RHip_z,RKnee_x,RKnee_y,RKnee_z,RAnkle_x,RAnkle_y,RAnkle_z,RBigToe_x,RBigToe_y,RBigToe_z,RSmallToe_x,RSmallToe_y,RSmallToe_z,RHeel_x,RHeel_y,RHeel_z,LHip_x,LHip_y,LHip_z,LKnee_x,LKnee_y,LKnee_z,LAnkle_x,LAnkle_y,LAnkle_z,LBigToe_x,LBigToe_y,LBigToe_z,LSmallToe_x,LSmallToe_y,LSmallToe_z,LHeel_x,LHeel_y,LHeel_z,Neck_x,Neck_y,Neck_z,Head_x,Head_y,Head_z,Nose_x,Nose_y,Nose_z,RShoulder_x,RShoulder_y,RShoulder_z,RElbow_x,RElbow_y,RElbow_z,RWrist_x,RWrist_y,RWrist_z,RThumb_x,RThumb_y,RThumb_z,RIndex_x,RIndex_y,RIndex_z,RPinky_x,RPinky_y,RPinky_z,LShoulder_x,LShoulder_y,LShoulder_z,LElbow_x,LElbow_y,LElbow_z,LWrist_x,LWrist_y,LWrist_z,LThumb_x,LThumb_y,LThumb_z,LIndex_x,LIndex_y,LIndex_z,LPinky_x,LPinky_y,LPinky_z,Time
0.3769940274680669,0.5915262241507202,0.8512942971490887,0.35481462937877634,0.13175293505211322,0.9154262069683283,0.3281924859130187,-0.28384854141583166,0.9553398664047978,0.31836071382016184,-0.33451121054556043,0.8324027363293466,0.3753827781602158,-0.3303660122599872,0.8315579731207616,0.30711399621533186,-0.355183075950437,1.053948976860253,0.1447989990025922,0.578867217925127,0.9111872598991078,0.13812420788950716,0.11256244373346747,0.9666939769113583,0.14893286362365246,-0.30745556376750227,0.9864785395879647,0.1548908005363828,-0.2900588025000886,0.7857095906277755,0.10334896216404275,-0.30904792052882635,0.839268341075363,0.16179208506188753,-0.3525223793313736,1.0051879096187426,0.2746015827454072,1.235982759199182,0.868938614296606,0.27904510020550316,1.493499931825043,0.8422124495372005,0.25590591944320823,1.3529266762368048,0.7349587283717259,0.4210893063641933,1.1304664891581364,0.8518600441170117,0.4569496275255367,0.8328231398743424,0.8038347682316968,0.3117518020837655,0.6347450951353212,0.712881353280919,0.2246630555613726,0.5620908368412593,0.6882003604453438,0.21807780481658157,0.5388360349978579,0.7170125691636609,0.22726511172880726,0.5302440543212084,0.7525898661224457,0.10114053108682662,1.1344588665282087,0.9106215129311848,0.07428441300412642,0.8655304740810591,0.867082963505436,0.1336162986970188,0.6501610491519849,0.7392993807769662,0.22118006210100086,0.6038223777940175,0.6671107655858208,0.21126032077544699,0.5682820396752649,0.6617907647658026,0.1918482364772033,0.554856346901481,0.6657001414399724,0.0
0.3747940760455934,0.5894587057791116,0.8474574400074808,0.3541928332877375,0.1307667511301896,0.9141012699344859,0.32823378549120374,-0.28408890665033565,0.9554184615258352,0.3183796011555376,-0.335434894855247,0.8309721415307101,0.3748798706815983,-0.3288860672317725,0.8292202573050307,0.3074847283138029,-0.3575140914683144,1.0555254767914108,0.14251457175251117,0.5787646792264448,0.9075905228287676,0.13720510781096767,0.1126446160392307,0.9661298942842055,0.14825742515093523,-0.3063189083496677,0.9866835344765085,0.15494058616050815,-0.2900505263715923,0.7856644502973626,0.10338444304349179,-0.3090702818157078,0.8390782030789433,0.16198687936408437,-0.3540291079468107,1.0071651593034003,0.27461498522987504,1.2359678236656908,0.8689344072964029,0.27906201481156706,1.4935611648141227,0.842173674819864,0.2559606837468052,1.3531811621096568,0.7353643043959432,0.42205021271589616,1.1304922605656587,0.8516397416123533,0.4564908349718945,0.8292743510197543,0.8061957957156307,0.3093550848913135,0.6338906462213889,0.7134610315996779,0.22264403910729935,0.5576054062888198,0.6966544245465028,0.2185288805166947,0.5384108189277125,0.7172830269806089,0.22321185785207298,0.5279223365473402,0.7587985914541762,0.10114318677059968,1.1344915332454686,0.9106111220800528,0.07220064560130411,0.8656445335367138,0.8664122392768895,0.13333500484020144,0.6500476915327833,0.738134397846353,0.2218115678387255,0.6037148063213758,0.6794756775530729,0.2130799806119373,0.5676894962875018,0.6648436085706286,0.19499783594420814,0.5547503504013002,0.6672627181152686,0.0222222222222222
0.372884561490777,0.5876483723945297,0.844472029865873,0.3535664502684175,0.13013089273019013,0.91273797685211,0.32827087761341084,-0.2843030519113205,0.9554906920619815,0.31769937996932807,-0.3348317351696918,0.8289237450714668,0.37482524936213163,-0.32851333047310244,0.8286422925452626,0.3078106331512754,-0.3595096258802332,1.0569348792629418,0.14060821023278428,0.5785744296120443,0.9048439801273349,0.13644020399061982,0.11281903087381723,0.9656318819638158,0.1476287691350076,-0.3053998909658433,0.9868287334335679,0.1549714283488839,-0.2900623124312749,0.7856653136692414,0.10342244634030583,-0.30902448722057674,0.8390178661165191,0.16211866203500513,-0.35526694937489023,1.0088346670229875,0.2746229965267178,1.2359567965894802,0.8689299425582013,0.2790780589371672,1.4936138581161793,0.8421430628418473,0.255992970472583,1.3530257996844999,0.7355620517244779,0.42299657709970234,1.130505616178745,0.8515269296729341,0.4563934951547452,0.8268625382451067,0.8070650482700178,0.30736923473419014,0.6340284763933263,0.7124105955219114,0.2212309439103595,0.5558331784791477,0.7003965965399739,0.21852547647873424,0.5386479124812913,0.7173796324974155,0.22069630537156115,0.5267826729922515,0.763087704877602,0.10114614000981341,1.1345129566083016,0.9106208680762118,0.07087467470524138,0.8657294122243311,0.8659825463168873,0.13352925311529942,0.6496356006711546,0.7386924518707205,0.22239310665343298,0.6039362467844852,0.6877609548031284,0.21476866199159741,0.5660547856541064,0.6700070463076762,0.19770512736035065,0.5547837427518605,0.6705394218084362,0.0444444444444444
0.37124885268678864,0.5860776244196896,0.8422610427905695,0.35294086170891004,0.12980636954344588,0.9113499337014844,0.328303950651812,-0.2844923943371294,0.955556727947412,0.3165065354819982,-0.33313296015217975,0.8264999390340542,0.3750625937427619,-0.32891379455948994,0.8292830122379693,0.30809568164732265,-0.3611961045866344,1.0581905869392205,0.13905209272103639,0.578303757188324,0.9028753644261589,0.13581629602079315,0.11307192577469727,0.9651945568877545,0.14704535283398834,-0.3046776646608292,0.9869184939755349,0.15498687361036073,-0.2900906948940697,0.7857035468835674,0.10345987185633017,-0.30893802724857633,0.8390640376107386,0.16219664534801237,-0.3562551609794978,1.010220011172202,0.2746266035897962,1.2359493407715436,0.8689255705950955,0.2790928502656745,1.4936579449792886,0.8421193161988301,0.25600673929522216,1.3525715061498622,0.7355982551487403,0.4238505445088895,1.130508881621336,0.8514982732440765,0.4565810741348194,0.8254154914127989,0.8066959615016439,0.30577213770110917,0.6349426866318786,0.7101326144710484,0.22041030620002308,0.5563024251761051,0.7003641553458055,0.21820892282037752,0.5394515723643896,0.7172764087466282,0.21939184442709142,0.526682524375289,0.7656472271192873,0.10114931662294965,1.134524799915437,0.9106448829781073,0.07015960111250831,0.8657893117949016,0.8657478392961953,0.13406771395973982,0.6490657428258004,0.7405242362504298,0.22290692212839494,0.6045349216453849,0.6926816597468128,0.21629881490526326,0.5637362693538308,0.6765494633118481,0.2000002236359069,0.5548985557380055,0.6750722226975753,0.0666666666666666
0.3698703185167992,0.5847288622773061,0.8407474548478746,0.3523214489973089,0.129754191261288,0.9099507464628929,0.32833319297857927,-0.2846583510661063,0.9556167391163023,0.3149875529140129,-0.33076979846599547,0.8239431155009102,0.37543558336443517,-0.329753452066448,0.8306013497796629,0.30834384472151777,-0.3625999529879589,1.0593060024846217,0.13781839749489241,0.5779599500616822,0.901612408356589,0.13532018349381725,0.11338953827934184,0.9648125359935863,0.14650563350599616,-0.3041313824794246,0.9869571736188006,0.15499046845378936,-0.29013220797491035,0.7857705160804956,0.10349361939341013,-0.3088383924048497,0.8391934249842495,0.16223004157646864,-0.3570130001245184,1.0113447701457414,0.274626793372971,1.2359451190128725,0.8689216419201794,0.2791060064804602,1.4936933586515269,0.8421011374864924,0.2560059498894031,1.3519291986942699,0.7355191994601399,0.42453425993673516,1.130504382517373,0.8515304372711029,0.45697703797284767,0.8247610003852311,0.8053419710172953,0.3045416798807846,0.6364173779177917,0.7070296578705173,0.22016866220576015,0.5585414181435546,0.6974943798840463,0.21772054965930182,0.5407260552828027,0.7169473787607941,0.2189718651584835,0.5274793514157996,0.7666671789057959,0.10115264242849026,1.1345287264656045,0.9106772988441846,0.06990852561967499,0.8658284338994139,0.8656620728855784,0.13481905781094958,0.6484790842554233,0.7431804443858422,0.22333525784688305,0.6055590533661142,0.6949528547949521,0.21764288934377077,0.5610923089654266,0.683739244918047,0.2019132376811528,0.5550368211445789,0.6804030909607854,0.0888888888888888
0.36873232786397964,0.5835844863900947,0.8398542421040925,0.3517135935217077,0.12993536757504787,0.9085540211166191,0.32835879296588477,-0.28480233923659504,0.9556708955028276,0.3133289174858381,-0.3281734787744281,0.8214956665544727,0.3757878977680982,-0.33069829556949387,0.832056238566856,0.3085590932934341,-0.36374759648464744,1.0602945285635201,0.1368793028319773,0.5775502963385171,0.9009828445499746,0.13493866600202165,0.11375810592522101,0.9644804362188768,0.14600806840914982,-0.3037401974664291,0.986949129879757,0.1549857593880209,-0.29018338588873377,0.7858575874001826,0.10352058875339122,-0.30875307319454365,0.8393827356597011,0.16222806299373652,-0.3575597241738373,1.0122325223383037,0.2746245528301038,1.2359437941144589,0.8689185070465482,0.2791171452648959,1.4937200323809705,0.8420872293005146,0.25599456192980685,1.35120979450625,0.7353711694500873,0.42496986837651796,1.130494444490796,0.8516000866993363,0.45750485272956176,0.8247268550248015,0.8032565124237578,0.3036557473619311,0.6382366512318083,0.7035042951437472,0.22049254815704114,0.5620784291453562,0.6927245490747442,0.21720168711318502,0.5423756179423236,0.7163665655724611,0.21910975770555757,0.5290306148331282,0.7663375809636923,0.10115604324491724,1.134526399557532,0.91071224773289,0.06997454902331171,0.8658509801888571,0.8656792017558028,0.13565195510635605,0.6480165912187233,0.7462117696773194,0.22366035739216947,0.6070568644087101,0.6952896023583722,0.2187733352979564,0.5584812660676434,0.6908447764611765,0.20347428240636484,0.5551405707564212,0.6860739967761669,0.1111111111111111
0.3678182496115008,0.5826268971807701,0.8395043806255278,0.3511226766702002,0.13031090817605645,0.9071733636429468,0.3283809389859006,-0.2849257759869387,0.9557193670411636,0.3118024399973042,-0.32599693580092265,0.8197474840344624,0.3758916958550305,-0.3313257580805278,0.8329564014378189,0.3087453982826448,-0.36466546047714127,1.0611695678402906,0.1362069870099159,0.5770820841252269,0.9009144056376654,0.13465854313773593,0.11416386624980546,0.9641928745011911,0.145551114801568,-0.3034832626666426,0.9868987202747952,0.1549764447002916,-0.29024767208309893,0.7859644227395512,0.1035531378175776,-0.30865989218085965,0.8396176932111934,0.16219992187317855,-0.35791459049133967,1.0129068461445867,0.2746181054686576,1.23602926710197,0.8689265292808828,0.279124485816268,1.4937376075587712,0.8420758012517093,0.25596995374943005,1.3506434173895139,0.7352406410220608,0.42493849603258343,1.1304824377238158,0.8516726930852738,0.45792723984111544,0.8250687230172572,0.8007415706865796,0.303145738561501,0.6400256707314812,0.7003227159365523,0.2221323936238235,0.5662641377621642,0.6873604106337536,0.2170806390199263,0.5442843409007175,0.7153165889207437,0.2193080411017999,0.5314054889392684,0.7645478050119712,0.10115979056601862,1.1345157903648,0.9107427971978449,0.07020641726222232,0.8656988223200693,0.8657142199894956,0.13628042333606818,0.648312527205027,0.7487562466216785,0.22397940623394774,0.6092654949997616,0.6946239370555736,0.219881593746469,0.5563841447527551,0.6971499745975402,0.2050577541092629,0.5549556745227326,0.6916890948547287,0.1333333333333333
0.36711145264253364,0.5818384950720473,0.8396208464784845,0.35055407983088016,0.13084182275564482,0.9058223800221596,0.32839981941079865,-0.2850300784554814,0.9557623236654855,0.3104437729199676,-0.32439491050125885,0.8182084508654194,0.37534409680304825,-0.3307554739380145,0.8318600994020359,0.30890673060872315,-0.36537997036588105,1.0619445229793083,0.1357736283063332,0.5765626015282105,0.9013348242510109,0.1344666144932896,0.11459305679056564,0.963944467778094,0.14513322994136946,-0.3033397311248645,0.9868103023203069,0.15496963227351085,-0.29031089114594655,0.7860567004712277,0.10353453860475098,-0.3088171297275739,0.8398628886116254,0.1621548304881573,-0.3580968564409108,1.0133913199592883,0.2746126357022942,1.2361371014856632,0.8689368045660916,0.2791310469395682,1.493746313388024,0.8420614151054823,0.25594953860619674,1.3501888504486739,0.7351223752065228,0.4244502862482584,1.1304702858392388,0.8517185686033609,0.4581994050281812,0.8259786364780416,0.7977305845151901,0.30306492604353097,0.6418812850721718,0.6970360368165649,0.22410448490366733,0.5710908469760323,0.6816645721867349,0.21731049212479547,0.5466260485145825,0.7138726116709995,0.21924934318222583,0.53410501218814,0.7616854444092142,0.10116299347537325,1.1345067516276224,0.9107574812968364,0.0703009115164945,0.865569610877413,0.8657236757452441,0.136774805999165,0.6488400252413703,0.7508950697742682,0.2241808947517599,0.612291776940842,0.6936181777616839,0.22049987545580066,0.555307240576802,0.7013665016548443,0.20609558341759587,0.5546742770581321,0.6962875388708569,0.1555555555555555
0.366595305840249,0.5812016804866416,0.8401266157292671,0.3500131843918412,0.13148912100514426,0.9045146762345415,0.3284156226127512,-0.2851166637805669,0.9557999353099688,0.3096827019396503,-0.3241193180377623,0.8176562546197964,0.3744130021727462,-0.32940915322522113,0.8294834969509479,0.30904706119124237,-0.36591755155130745,1.0626327966449474,0.13555140499885404,0.5759991366538657,0.9021718330213602,0.13434967966101222,0.11503191508497235,0.9637298329871511,0.14475287108667292,-0.3032887558858945,0.9866882335326838,0.15496509121128274,-0.2903630218693034,0.7861387024418877,0.10350043043862897,-0.309041609623582,0.8400563551210231,0.16210200111203535,-0.35812577938643597,1.0137095221771057,0.2746126699040593,1.2360889716104517,0.8689309647403252,0.2791336244648124,1.4937445282365325,0.8420503969383701,0.255941489711895,1.3499311956960582,0.7350587639781357,0.4234976261874042,1.1304589229874171,0.8517313054335802,0.4585595101353288,0.8268520393993136,0.7947343142736106,0.30310346680541644,0.6434609138274412,0.6944803596749993,0.22544839332830302,0.5755430631179882,0.6773051745108888,0.21756143730948796,0.5489054196900589,0.7123091830173743,0.21879051641500652,0.5367892817027305,0.7586750980204113,0.10116614406541205,1.1345006349780364,0.9107579856744547,0.07026206118375487,0.8657745213585628,0.8657787724259975,0.13704366785432115,0.6493504143449371,0.7521887822824739,0.2239419465235204,0.6155783739084709,0.6929578178206673,0.22046828442568034,0.5555381239422893,0.7024536459555522,0.20639855461634588,0.554423992475911,0.6995611633366394,0.1777777777777777
0.3662531780878179,0.580698853847268,0.8409446644441797,0.349505371741177,0.132213812615886,0.9032638582603759,0.32842853696393015,-0.28518694910053843,0.955832371908789,0.30954801796511583,-0.32506134699382344,0.8181424424072871,0.3734348427956866,-0.3278878209229825,0.8268407162651598,0.3091703609497756,-0.36630462943386194,1.0632477915015828,0.13551249536510337,0.5753989776085913,0.9033531645800632,0.13429453823323334,0.11546667867049559,0.9635435870659272,0.14440849549559714,-0.30330948999453194,0.9865368714283173,0.154959149813039,-0.2904028500891748,0.7862155297354206,0.10347937007127996,-0.30916956692362013,0.8401844106750632,0.16205064601817526,-0.3580206166918003,1.0138850311927374,0.27461925864374853,1.235770727087141,0.8688975118091566,0.27913156266978134,1.4937367109233317,0.8420478871816506,0.2559449716260497,1.349896932914326,0.7350722959221623,0.42239596939387486,1.1304467462691024,0.8517428316169651,0.4593429554662951,0.8270646513927791,0.792753646245622,0.30297680759368056,0.6442704846499004,0.6939362221371026,0.2257899663586103,0.5790180443535248,0.6746874612982584,0.21749418013262828,0.550823298791914,0.7105094512943235,0.21806132442462228,0.5393646926340728,0.7561383805274187,0.10116927810041032,1.1344953619543996,0.9107494333578983,0.07022009052778364,0.8664084464812671,0.8659259960015804,0.1370548226123462,0.6497088967814626,0.7524627846389094,0.2232130464097371,0.618448792207075,0.6926678639544471,0.2199504994610298,0.5567658224471884,0.7009392477841591,0.20606799999026354,0.5542367575763263,0.7017227320582287,0.2
0.3660684382684111,0.5803124155766415,0.8419979686895267,0.34903602326698147,0.13297690727920097,0.9020835320799466,0.3284387508365076,-0.28524235155373984,0.9558598033961214,0.3096378592213015,-0.3263719926275358,0.8188003222122473,0.3725121440617104,-0.3263497529710309,0.8242207822695292,0.30928060080389624,-0.36656762941398513,1.063802910213589,0.1356290776827061,0.5747694124987852,0.9048065515584688,0.13428798980228254,0.1158835850846065,0.9633803469519877,0.14409856042626085,-0.30338108649557644,0.9863605735235988,0.1549493816216454,-0.2904325489805525,0.7862788379432425,0.10346504701693401,-0.30922196689674536,0.840260821223119,0.1620099774799396,-0.35780062572088894,1.0139414254008807,0.27463103754540436,1.2352262308460482,0.8688425492672086,0.2791289967197885,1.4937342399713707,0.8420492138678972,0.2559554329859148,1.3499870201808433,0.7351414839489336,0.4217169460341028,1.130430242073891,0.8518019158363307,0.4605927497209098,0.8264664366451028,0.7926089438051303,0.30260999518477927,0.6440193539038603,0.6958625081293088,0.22525053230967568,0.5814209032151834,0.6735359705148245,0.21702887865051712,0.5523574461121641,0.7082800672464737,0.21724497391992703,0.5417367340545723,0.7542939825647165,0.10117213939852499,1.1344898207172973,0.910740893243815,0.07023585524288602,0.8672810987311856,0.8661324135771447,0.13692579404625632,0.6497771550803453,0.7521042651576365,0.2221456278904789,0.620388880692045,0.6925470886128795,0.21920386128313302,0.5584224480090206,0.6981865605273285,0.2053476045874542,0.5539845113802944,0.7031139093375613,0.2222222222222222
0.36602445526519967,0.5800247660974769,0.8432095045316124,0.34861052035734813,0.13373941468642075,0.9009873036735376,0.32844645260265565,-0.2852842882785147,0.9558823997061416,0.309780036622475,-0.32764088778730704,0.8191932505017786,0.37168571961255215,-0.3248455490952734,0.8217141002236453,0.3093817516731774,-0.36673297689211803,1.0643115554453417,0.13587333022928716,0.5741177294308463,0.9064597265879268,0.13431683396048938,0.11626887186477508,0.9632347295828978,0.14382152313678273,-0.303482698433828,0.9861636973349204,0.15493603914334728,-0.29044822179669805,0.786315357393107,0.10345285564454965,-0.3092400987358396,0.8402778047337829,0.16198920777069092,-0.3574850638375871,1.0139022831962339,0.27464673429030617,1.234563354447017,0.868778803132342,0.2791297124084457,1.4937409084392588,0.8420485242876456,0.25597081472954497,1.3500597036950772,0.7352187826113079,0.421791471460053,1.1304062709379517,0.8519355539050992,0.4620984797048104,0.8252805062708846,0.7943220415646197,0.3020694786834117,0.6429537709206192,0.6991594429093425,0.22396155173491192,0.5829613619586013,0.6737636656551147,0.21628947187426367,0.5535152363347763,0.7058969396337679,0.21646086409603427,0.5435391082825464,0.7533760132832931,0.10117443881907011,1.1344848478387806,0.9107424716333719,0.07032244675829209,0.8681213533952158,0.8663304650921619,0.13683493683758297,0.6493324764944033,0.7516977649359966,0.22084964919872205,0.6210374082353078,0.6926414722745832,0.21840085621965552,0.5601007829589497,0.6951716536463444,0.20444255511720033,0.5536515996037007,0.7038940981781411,0.2444444444444444
0.3661045979613537,0.5798183058324913,0.8445022480367406,0.3482342444003701,0.13446234452887867,0.899988779021432,0.32845183063454575,-0.2853141764132039,0.9559003307730237,0.31006950499150826,-0.3288700874929201,0.8194911955218417,0.3710471716309122,-0.32358889672856567,0.8196390614341269,0.30947778447719176,-0.3668270972686979,1.0647871298612146,0.1362174312824711,0.5734512165111743,0.9082404222997862,0.1343678703001831,0.11660877654847412,0.9631013518962216,0.1435758408852813,-0.30359347885408255,0.9859506003786722,0.15492193655877035,-0.2904462628826019,0.7863228300849346,0.10344639306116646,-0.3092297837254898,0.8402432844467977,0.16199754916379133,-0.35709318840577686,1.0137911829734934,0.274664774019661,1.233869580389654,0.8687152629707643,0.2791347604635227,1.4937485068106533,0.8420482921384669,0.25599015467677155,1.3500726385452224,0.7352777195507405,0.42249047062598877,1.1303770562644022,0.8521240619086109,0.46370349337052574,0.8238499128055043,0.7970941265213759,0.3014565825402013,0.6417132231492582,0.7023758172382649,0.22195745990555926,0.5842724716444979,0.6747915348763445,0.21540153967567202,0.5542899014518431,0.7038861802376801,0.21579356048414883,0.5444665895228756,0.7535242469874769,0.10117579355606053,1.134481588726405,0.9107558033785177,0.07045236596475625,0.8687159140789547,0.8664309074960873,0.1368385926798415,0.6482932011383069,0.7514202120667162,0.2195098271415865,0.6205262681331866,0.6931154381998925,0.21764544796745322,0.5615257143629572,0.6924585019685552,0.20341000495987274,0.5534882993480642,0.7040168318152429,0.2666666666666666
0.3661436838814772,0.5795180487394458,0.8455477756749895,0.3479525675616933,0.1347451250102068,0.8991000235290304,0.32847300393538204,-0.2854376823691938,0.9559490678486695,0.310411077526034,-0.32982302991580936,0.8197718887405435,0.37070757657493814,-0.3228780608103338,0.8184580920327222,0.30964230613285315,-0.36713669754062533,1.065521404109405,0.13638334935365481,0.5728307892703384,0.9102576890327911,0.13426175411219318,0.1168251627175873,0.9628880992721056,0.14326205150974725,-0.3032281549604294,0.9856770102360466,0.15491072895483707,-0.2904300857967607,0.7863153268034124,0.10344462757065484,-0.309209903869837,0.8402115140572125,0.16184726904040045,-0.3563106343889535,1.0132019342335798,0.2746823118996493,1.2332086007088652,0.8686569160549442,0.2791414104624399,1.4937512688194479,0.8420503248399865,0.2560084167133071,1.3500652763297398,0.735319241174768,0.42344944198086604,1.1303509506158942,0.852319786642478,0.4653414027467072,0.8224996676988376,0.7999289091078128,0.3008495148133782,0.640858086131338,0.7049498835366281,0.21953393812737354,0.5858076489409282,0.6760106485100301,0.21448234774768438,0.5545859388568902,0.702709067554816,0.2153520446978843,0.5447968700606118,0.754308668687324,0.10117586613820614,1.1344798836211132,0.9107746317183212,0.07048666235105704,0.8689233207231536,0.8663878651517196,0.13687437279130776,0.6470321947438673,0.751178214757267,0.21835740223101358,0.6197015608024156,0.693733242373619,0.21700751761215037,0.5624887046306004,0.6903574645718997,0.20230877207927145,0.5535812410595504,0.703688106214382,0.2888888888888888
0.36636236473229383,0.5795083497112686,0.8461033401555074,0.34775161687409833,0.1349683491975192,0.8983855720734671,0.3284715419324747,-0.28543318784178734,0.9559438481990078,0.3105759052149862,-0.33015023350673417,0.8199129408581247,0.3706850207223556,-0.3228166408917952,0.8183498312101073,0.3098034318600952,-0.36727137135390003,1.0661814468356656,0.13670452959781212,0.5722193612684163,0.911713876414451,0.13416328573288658,0.11682346909434982,0.9626470018922689,0.14299664268436427,-0.30294982114693436,0.9854213244439604,0.1549050491017174,-0.2904057461089588,0.7863073997258628,0.10344416917082963,-0.30920740811823394,0.8402315307956744,0.16211241137388224,-0.3557678059651603,1.0131357255433393,0.27469623497381646,1.2326625385946577,0.8686073394025633,0.27913947217071683,1.4937544310140447,0.8420443171291677,0.25601835526078487,1.3500622535705207,0.7353463100641987,0.4243774415283782,1.1303343415682108,0.8524892217078737,0.4668558154304032,0.8214296262549026,0.8023361591928906,0.3003200253181237,0.6405852112661848,0.7068323582641021,0.2175474794335588,0.5874204090738231,0.6774277595350369,0.21374645995262265,0.5544236888928266,0.7025134130572313,0.21523905634595852,0.5451094107668674,0.7548700338946943,0.10117436179223525,1.1344784717756515,0.910792152508746,0.07029560035161468,0.8686407355875344,0.8662519854127091,0.13688611902017123,0.6462179043684995,0.7510179908177704,0.2174082116172107,0.6194850584995867,0.6938153082347154,0.2165943388856909,0.5629003223261075,0.6890662869904989,0.20141182370312843,0.5536971874165698,0.7034210252701079,0.3111111111111111
0.36688381758099753,0.5796195785065354,0.8463919808533115,0.3476332732587873,0.1350724064335368,0.8978165742872309,0.32845467612331486,-0.2853424007056787,0.9559076180892271,0.31049675227503104,-0.32972326149339004,0.8198319026036237,0.3708084806672489,-0.3231156131093449,0.8188403342336593,0.30994497330438153,-0.3672903909552218,1.066717688252107,0.13717524751691829,0.5715748773718556,0.9127848118281136,0.1340666492187689,0.11672249695290404,0.9624193010114473,0.14280905194495488,-0.30290142436747625,0.9852184552000385,0.15490648324800796,-0.29037883738094816,0.7863002977690823,0.10344854274084725,-0.309221106418817,0.8402918563683924,0.16257657076011073,-0.35539842996876864,1.013310788916202,0.2747053967810975,1.232371228886796,0.8685810944973971,0.27912474709379764,1.4937652998459114,0.8420197705299319,0.2560140610204221,1.3500585521895971,0.735358676083822,0.4252161401785304,1.1303254713374642,0.8526262038768618,0.4679717381259353,0.8207247099357103,0.8042018959767788,0.299952341258505,0.6408570149018663,0.7077968871852252,0.21689608837641428,0.5890782554191083,0.6785980669531746,0.2133903381216954,0.5541785547639816,0.7028997150346501,0.21541103742612974,0.5455573045431378,0.7547283414245476,0.10117216017534464,1.1344760037376695,0.9108063749246689,0.06995201390610142,0.8678972050657594,0.866054295159854,0.1368644080639655,0.6462076614382049,0.7510360338573141,0.2164796966480111,0.6201038721213368,0.6929268042194752,0.21652887434244517,0.5628170575902954,0.6889212108849418,0.20102802601594677,0.5536809922392674,0.70343545842667,0.3333333333333333
0.3676097201360059,0.5796148796005709,0.8465660000888318,0.34758235426436535,0.13503755195394568,0.8974057768408515,0.3284398488371045,-0.28526626228569807,0.9558799083130567,0.31025882325199294,-0.3286615319973012,0.819568708846733,0.3708690157745914,-0.3233626413483605,0.8192443600997931,0.31004397991952226,-0.3672914274196839,1.0670734017609758,0.1377071363626246,0.570898427233637,0.9137331635616635,0.13397318540528336,0.1165943521228196,0.9622352119612426,0.14272345069668047,-0.3029855527430496,0.9850379886258968,0.1549156618237238,-0.29035567762641273,0.7862925167033691,0.10346444838796189,-0.3092248770126814,0.8403412428441287,0.1630007049835446,-0.3550801641750856,1.0134557722219462,0.27471148936537826,1.2324235726981634,0.8686047972389159,0.2791410207871634,1.4937837749541099,0.8419843723544922,0.2559912361805432,1.3500458118645053,0.7353587942756714,0.42599382769094946,1.130321014133591,0.8527225339916056,0.4684688933235327,0.8204346888082501,0.8052970273461568,0.2997841195922686,0.6415736870794603,0.7076889235952397,0.2174812035139636,0.5908928817978248,0.6788551013753914,0.21329748109070595,0.5543095163509689,0.7032462863759451,0.21561971320602813,0.5458342149185575,0.7542879066743893,0.10117164355479723,1.134472414753382,0.9108198923890305,0.06964102323723316,0.8670081663413963,0.8657615858832011,0.13682014169943962,0.6468169791553132,0.7511919565723626,0.21542403877893174,0.6212330259917852,0.6912327462601593,0.21674912109675015,0.5624415219876475,0.6899524902563655,0.20112500334679312,0.5535960542405105,0.7035733877705616,0.3555555555555555
0.36825518769738114,0.5793368921008827,0.8468156077343498,0.34758431740367723,0.134895937955003,0.897249708957394,0.32843377599476253,-0.2852453648350214,0.9558726718846624,0.3099853541552274,-0.32729331280019014,0.8192403893797527,0.37085242084890313,-0.32342629758407637,0.8193779163117306,0.3101055210642426,-0.3673925787419309,1.0672924990905035,0.138157669953991,0.570230369767807,0.9146479214853009,0.13389545507539408,0.11644114984554194,0.9621165393398496,0.14273342492107063,-0.3030870232657832,0.984856664028896,0.1549320824941375,-0.29034086952195165,0.7862891244119932,0.10349140690039216,-0.3092047535729916,0.8403487319421106,0.16336273113071606,-0.35481817416548433,1.0135927292080917,0.27471542162158424,1.2326438521200236,0.8686690248545077,0.279251292140367,1.4938031494647996,0.8419552180693864,0.255951201937406,1.3500225848640652,0.7353474138002528,0.42653921346354307,1.1303231600421484,0.8527506583353035,0.46837998312563334,0.820539108108764,0.8053997884725728,0.29976300238569387,0.6425547382609641,0.7069401472796306,0.2182206605957647,0.592469935139712,0.678676078650825,0.2130810827849653,0.555013054619329,0.7033204201636534,0.21561511740540457,0.5457075605584868,0.7544187727350473,0.1011735055386073,1.1344703206637834,0.9108311814397497,0.06950377508265793,0.8664643604161528,0.8654328645077156,0.13676628094963175,0.6476657442572056,0.7513847943964622,0.2141455271979037,0.6225617710714052,0.6891077033423415,0.21696552286679405,0.5620348413657784,0.6912943343760536,0.20135130923665034,0.5535380640584412,0.7037032168358544,0.3777777777777777
0.3686940704298801,0.5788379197328304,0.8473158108750074,0.34764398394700574,0.1346320509633993,0.8974131176051674,0.328434565919064,-0.2852678001136519,0.9558805840488197,0.3097702911047431,-0.3259998573278767,0.8189519734787746,0.37090384408585875,-0.3234083667373477,0.8194340311632593,0.31019799429449146,-0.36773686237075887,1.0676297065876974,0.13846061426300363,0.5695924155051288,0.9155074823404068,0.1338453299215735,0.11627294091191326,0.962066021353962,0.14277875343696958,-0.30318135328734425,0.9846882098095275,0.1549546885092177,-0.29033375402629613,0.7862919270184776,0.10352274000643316,-0.30916785575881556,0.8403188647764923,0.16377428421872667,-0.35467146514640363,1.0138046540964947,0.27471375159518385,1.2326837490040088,0.8687091673493585,0.2793867843949067,1.493815662375269,0.8419313671497382,0.25590107189936007,1.3499939594957924,0.7353256413079541,0.4265608922862414,1.1303345356742651,0.852690991763764,0.4680105423687745,0.8208643285437858,0.8047720449310882,0.2998259009661579,0.6435774286175986,0.7062507179250181,0.21828416808184625,0.5933681324585768,0.678655149814282,0.21251786515104032,0.5562081796306525,0.7032585721038334,0.21535138082804217,0.5452531724614564,0.7555910963444008,0.10117605652407097,1.1344731152253884,0.9108317594662942,0.06956977181143531,0.8665331254276603,0.8652121035871898,0.13671300659907196,0.6484969229463882,0.7515604671289322,0.21262173617240732,0.6239464009839686,0.6868176052587147,0.21704615044738884,0.5616949251094691,0.6919767920183854,0.2014392587720389,0.5535328757027699,0.7038108515571949,0.4
0.3690062505441986,0.5783597439492754,0.8477464336752036,0.34775696565892406,0.13420492688537128,0.8977880777226221,0.3284488491047876,-0.28536634440563274,0.955914012993751,0.30964187415766714,-0.3250153223576387,0.8187512838802149,0.3711200152791133,-0.3233921692952723,0.819507418083216,0.31040108387219983,-0.36837651830804885,1.0683730525343216,0.13865724461712062,0.5690006220780764,0.9162490632278282,0.1338240233858887,0.11612220768091391,0.9620374039135964,0.14279254318419385,-0.3031098871201074,0.9845400476870608,0.15498130142926062,-0.290335927178548,0.7863020702786108,0.10355326540042159,-0.3091303310082958,0.840273617813524,0.16431919624799662,-0.35463593932748766,1.0140323272730922,0.27470269649071194,1.2323847185900898,0.8686761838448749,0.27933274957692655,1.4938177082081459,0.8418934357832472,0.2558432676811254,1.3499669581125744,0.7353161358006831,0.426045547275531,1.1303514853586407,0.8525620296268296,0.4677294204050293,0.8212075605853821,0.8041733197305141,0.29990686937472266,0.6444220921349362,0.7059152178343995,0.21774204538597322,0.5937475677493939,0.6782157292922741,0.211696117477487,0.5576943313135754,0.7031816006890265,0.21488876112883226,0.5446624211983062,0.7576229992407894,0.10117920131547425,1.1344802724565755,0.9108201717696952,0.0696681959697571,0.8670760064125455,0.865160786036779,0.13666550194180274,0.6492191609262078,0.75171219220038,0.21097845603505758,0.6252708580525245,0.6845627473300673,0.21712501896432826,0.5612970299964697,0.6919344736473243,0.2013996397156596,0.5535638506735954,0.7038844169608189,0.4222222222222222
0.3692379853668336,0.578082778406257,0.8475944219682587,0.34788057554639384,0.13361286474338158,0.8981149247082751,0.32847904282567447,-0.28555094263872155,0.9559752396164223,0.30959188713130775,-0.3244583165751834,0.8186512059233678,0.37137670820479873,-0.32338421888067004,0.819547776848143,0.31070156032038326,-0.3691822563204167,1.069492609359464,0.13879499935093284,0.5684870540968425,0.9167892852611027,0.1338068200369084,0.11601857873107524,0.9619721253644584,0.14276967944899066,-0.3026485794235625,0.9844129642697176,0.15500824626240667,-0.29035805936236536,0.7863325557817241,0.1035849763497722,-0.309114125294372,0.8402411946069699,0.16494095973487005,-0.35463034264047777,1.0141622515426525,0.2746836921054414,1.2318440554959222,0.8685786864827364,0.2789527352629799,1.493809608392905,0.8418328478918417,0.25577878783572777,1.3499486221084696,0.7353377270096735,0.42527275798034403,1.1303659210189279,0.8524097783363109,0.46774895251070864,0.8215078659794155,0.8042793121962764,0.29986398193423075,0.6448221391176971,0.7058735705024453,0.21699430351465065,0.5938100079465211,0.6772551067116983,0.21073030397917977,0.559277392818771,0.7031135874777898,0.2142158106300503,0.5439877283001558,0.7601313754776946,0.10118470372324058,1.1344865010090224,0.9108086377347357,0.06961550487773938,0.867840970896862,0.8652839296657049,0.1366230110697858,0.6497626874401322,0.7518348894647886,0.2093988657940219,0.6263416922914922,0.6826240517632269,0.2171009189297231,0.5607037678066864,0.6916207730817123,0.2013415077130013,0.5536211038893886,0.7038868329840494,0.4444444444444444
0.36934903500293004,0.5780001829015617,0.8467624544989947,0.34797486114871246,0.13288904327792234,0.8982314838338549,0.328505146651828,-0.2857069162531005,0.9560287072526158,0.30960590313239844,-0.32436239460962113,0.8186345043666786,0.3713732544851889,-0.32336815804690117,0.8195025767036996,0.31101504411611963,-0.3699475775037798,1.0706776740528623,0.1388727676156538,0.5680823065920146,0.9170640040188967,0.13372997183698554,0.11597897455584488,0.9618502007624133,0.14275392216272315,-0.3018555852388478,0.984301438302841,0.15503253912716178,-0.290407712684911,0.7863923134322715,0.1036226708944055,-0.30914018131080956,0.8402499557394294,0.16547411145779986,-0.3545914729324391,1.0141699364020602,0.2746610507683882,1.2311979128701371,0.8684451576706658,0.27829954792071765,1.4937902049308995,0.8417619103340689,0.2557395763094862,1.349941016030247,0.7352812025026766,0.4244521071691559,1.130371440365275,0.852273042157859,0.4680918452014121,0.8217463532116652,0.8052434070076588,0.29955760724966596,0.644609099175068,0.7060600733103781,0.21613989645799445,0.5933195500896496,0.6770948024873951,0.20958986847045125,0.5607758980335741,0.7030562779654119,0.21323147186097874,0.5431150801509387,0.7628217125928751,0.10119235055802304,1.1344872645135955,0.910806205089008,0.06951415571657757,0.8687089840615915,0.8655942807933026,0.13658514967141888,0.6499937289746411,0.7519056748120432,0.2081388273376159,0.6269093739657225,0.6814275987805782,0.21661450774458824,0.5598627373866965,0.6915536830961965,0.2013019656851929,0.5537096338121733,0.7037917627973862,0.4666666666666667
0.36933039670439055,0.5780739115856667,0.8453484339829209,0.3480408630170987,0.13212364163118878,0.8982165342217349,0.3284997789952408,-0.2856823871857634,0.9560285207760615,0.30964446750076574,-0.3245502150349017,0.8186462537904095,0.37092306041814027,-0.32334927034170136,0.8193810764879574,0.31127764246814776,-0.37049443491774403,1.0716238482434197,0.1388699798936597,0.5678064903621125,0.9170361082875511,0.13353289698232668,0.11600233281457006,0.9616861966267496,0.14277567228259758,-0.30101461537609103,0.9841914272093714,0.15505226437609873,-0.2904783917029258,0.7864709050662666,0.10366070386334224,-0.3092221934346093,0.840327562875818,0.1658083718996785,-0.3545653643779945,1.0141117743839165,0.27463669641292526,1.2305269647650245,0.8682944659069013,0.27749887415021374,1.4937568360234919,0.8416932580147057,0.25577276963181916,1.3499110840463264,0.7349793362183248,0.42362416782107926,1.1303686992474629,0.8521644055466797,0.4687036906635971,0.8218794145644857,0.8068826289588282,0.2988568252262942,0.6439350757651164,0.7063878505266518,0.21502800797585508,0.5921465303795065,0.6784428503832839,0.20824003872358537,0.561975626786263,0.7029973812833608,0.21183630837660888,0.5420538107943106,0.765405840094963,0.10119921486262753,1.1344836922483332,0.9108058178816971,0.06952793653584713,0.8695499419895634,0.8660246353603702,0.13656380368657356,0.6499203998842173,0.751920040481628,0.20750843271191172,0.6268918323081047,0.6812273987803368,0.21554696316817973,0.5588562680565118,0.6921618553821967,0.20126038437018978,0.5538270622261394,0.7036189550906427,0.4888888888888889
0.36917663570185344,0.5783441388544792,0.8432923101561498,0.3480884121208472,0.13144882342802167,0.8981966228772529,0.32845709851413324,-0.28545272250526005,0.9559648603607115,0.30965501846850807,-0.32474002882219727,0.8186369759307225,0.37009211249387514,-0.32335298956645253,0.8192448674869536,0.3114239161417238,-0.37069122701414353,1.0720550148536814,0.13879412528370136,0.5676548210705314,0.9167515691534025,0.13321711117223872,0.11607575633806405,0.9615277887393449,0.14282202788107556,-0.30031492673570837,0.9841022356969864,0.15506433656078222,-0.29055571587318446,0.7865529197415916,0.10368393324919722,-0.30936076794625833,0.8404864759539749,0.16593763479482115,-0.3546297269073023,1.0140300495491776,0.27461041750890747,1.229896449657821,0.8681393922108891,0.2766524202306816,1.4937115202547746,0.8416231071853424,0.25582989408768364,1.3498005850309531,0.7346327052678443,0.42281938061881197,1.1303662430694814,0.852074723309278,0.4695536519807013,0.8219079811489066,0.8090686446478711,0.29764431418558307,0.643126661054481,0.7066946369990537,0.21369976959232106,0.5907176955585693,0.6804068432702051,0.20680641556220092,0.562695454830019,0.7029132925274684,0.21005604068553607,0.5411498133613619,0.7675230478914854,0.10120217528359836,1.1344795466631006,0.9107962154506517,0.06956084550498488,0.8700594069857098,0.8664503940349177,0.13657635335822668,0.6498414695971465,0.7519200969075422,0.20750671925572223,0.6265655089703503,0.681742718565666,0.21400293837739726,0.5580487833296954,0.6932074338657351,0.20119132271604975,0.5539581822987405,0.7034243195201331,0.5111111111111111
0.3688351222587564,0.5788038585561829,0.8406784120934854,0.3481161811986386,0.1309308614871949,0.8981950642112759,0.32839637446517667,-0.28513352714117435,0.9558699373543753,0.3096227263037278,-0.32482949074984635,0.8186043511931713,0.36904912362410314,-0.32339191577703613,0.819148748977002,0.31136731228671866,-0.3704957044922847,1.071763255276895,0.13870541771860562,0.5675714435430569,0.916424339384682,0.13282295328482663,0.11616538650893532,0.9614255648327354,0.14286324328906647,-0.29981278347284473,0.9840699196967693,0.15506511671956041,-0.2906236005032144,0.7866218075689376,0.10368569200341192,-0.3095295037074536,0.8406957449284757,0.16590734743617302,-0.3547790870043369,1.0139220926329324,0.27458360781363716,1.2293905237060496,0.867996402443377,0.275844767390931,1.4936642477021125,0.8415426340542744,0.25574913361809987,1.3496440257286517,0.7348374621899005,0.422139243091213,1.1303723852325143,0.8519918153908812,0.47060222034418775,0.8217788884009785,0.811712405919011,0.2960553877473584,0.6423838786830802,0.7068132301404388,0.21252010148161654,0.5898414627441466,0.6817549201307112,0.20546885270181522,0.5629667920708938,0.7027931841725714,0.20807562466156504,0.5408616962905464,0.7687823853019298,0.10120013093443964,1.1344758440511422,0.9107766338915287,0.06949702741521663,0.8700113814942405,0.8668071184046728,0.13662510997181387,0.6500692943895522,0.75195182513829,0.20765239778152808,0.6263078477666805,0.6824519072347255,0.21201920289236692,0.5579117893279557,0.6938015870418599,0.20109965368673524,0.5540876639866754,0.7032599595271253,0.5333333333333333
0.36835305187860284,0.579326914403558,0.8379332034443516,0.3481292090981742,0.13054563679026548,0.8982015734679825,0.3283384239526139,-0.28484119961059295,0.9557810410656612,0.3095704832687417,-0.32488886832938113,0.8185744760133362,0.3679415566807335,-0.32346148460032065,0.8191141664871376,0.3110808435846714,-0.36995334695302107,1.0707826229796953,0.13866415129895582,0.5674980316166458,0.9162717447038525,0.1323980536457563,0.11620567495100859,0.9613824349489559,0.14289232133850055,-0.2995298303938435,0.9840925578481731,0.15505485559570717,-0.29066679015030955,0.7866561232263561,0.1036744568167588,-0.30967651388736056,0.8408843072534399,0.16579288697812558,-0.3549707825346761,1.0137842723636894,0.2745601465527415,1.2291056684523183,0.8678954850775338,0.27518024595038615,1.493625808259692,0.8414599249650327,0.2554172278887079,1.3495981415674858,0.7359542165543533,0.4217289420667022,1.1303881554088893,0.851913436826836,0.47166192941207474,0.8213274611812666,0.8143203834490094,0.2944386046230891,0.6417675859646768,0.7066348649173809,0.21172477357735903,0.5901001312421983,0.6818717877014486,0.20425044928941255,0.5630558411855393,0.7026393877128116,0.20621964959492517,0.5412810746748327,0.768993268425079,0.10119491004564468,1.134472187105971,0.9107546080740943,0.06945406547851549,0.8696074794780216,0.8670465336262988,0.13670290708396263,0.6506608797124813,0.7520210739279272,0.20745062471683326,0.626222084070603,0.6829506536050696,0.2096627313268059,0.5585675764418763,0.6934114184262603,0.20106194296316704,0.55420776407136,0.7031491956257652,0.5555555555555556
0.36792534452472886,0.5798202020495846,0.8353702805057832,0.348142024931029,0.130254704855352,0.8981804572329765,0.32828951950962515,-0.2846047917769421,0.9557102922757631,0.30951928561482556,-0.3249714453222697,0.8185643776734031,0.36690444315481885,-0.32355034363054025,0.819148807989996,0.31063483029237887,-0.3691594826958897,1.069356265456857,0.13866377188638812,0.5674537663608077,0.9162758952158865,0.13202069127698352,0.11614613390971018,0.9613847224413028,0.14292244427595463,-0.2994455479026836,0.9841486660532566,0.15503905719191832,-0.2906798506512781,0.786649959990552,0.10366023594384638,-0.3097607639977233,0.840993312578601,0.16565738230046434,-0.3552113575635141,1.0136330002853886,0.27454245208447814,1.2290730305052686,0.8678657846863692,0.27478735489003436,1.493595958639806,0.8413968797121011,0.25486242313965535,1.3497756016393583,0.737824216105309,0.4216530818861606,1.130412639747847,0.8518374799789158,0.47239189888419464,0.8205134810418859,0.8159615221284908,0.29303667212798923,0.6413111666871671,0.7062515139369705,0.211139214478081,0.5912483268945938,0.680822535761491,0.2031020553795126,0.5631766961089182,0.70244792923228,0.20489118559244618,0.5419033757057405,0.7684135822128968,0.1011895201729863,1.134470206676979,0.9107370392784391,0.06959214615280998,0.8692452059970576,0.8671016997612163,0.13680649091961344,0.6515045405717459,0.7521118193138352,0.20684440537153226,0.6262123529722958,0.682848939283818,0.2072578386924251,0.559677844236,0.6924323515187579,0.20115646214531485,0.5543160738576304,0.7030702249537376,0.5777777777777777
0.3676687888967257,0.580287190938515,0.8330206968382821,0.3481639705996873,0.13005393390593922,0.898075054051916,0.328246545078901,-0.28440232195817294,0.955650466020624,0.3094755179334945,-0.3250641060408696,0.8185665283229786,0.36608494713473794,-0.3236344094925467,0.819236202110849,0.31014988931453125,-0.3682792532135068,1.067815761237384,0.1386613607388336,0.5675066113249703,0.9162838225803907,0.13176359267486545,0.11599612746239474,0.9614380724568462,0.1429622052730744,-0.29950896929313914,0.984233221228953,0.15502341025551197,-0.2906700953954639,0.7866204674274345,0.10364594273571764,-0.3097781226240414,0.8410155974110219,0.16553221111486874,-0.3555736095727224,1.0135404569704594,0.27452763737024943,1.2291787378353232,0.8678928819548912,0.27472122657673187,1.493567889255843,0.8413631478103032,0.25418119969156816,1.350157014542024,0.7400800682856473,0.42176743728936855,1.1304473047850985,0.8517543479323793,0.4725112583007879,0.8195895191454977,0.8159494801195628,0.29197021189272554,0.6409968736096925,0.7060964441406679,0.21056530286467745,0.5925670543598608,0.6790928478775893,0.20210016869854966,0.5631923029901471,0.7022939328190472,0.20432354162401853,0.5420634968004068,0.7676150662583467,0.10118475913392248,1.1344729777780955,0.9107254047054134,0.06994111557996685,0.8690559239649003,0.8669850179570987,0.13692001937541842,0.6524071572551416,0.7522057769261464,0.20605060498322803,0.6262178616455233,0.6818856328358933,0.20530618576609666,0.5608112668016146,0.6914785480007578,0.20124299381745464,0.5544097433538838,0.7029855057929828,0.6
0.3675231398723516,0.5807070901212372,0.8310023230712466,0.34817556833682317,0.12996494883022036,0.8979564099147537,0.32820684827155144,-0.28421751309356974,0.9555944568602457,0.30943931089261445,-0.32514071541255796,0.8185655025970956,0.3656266579702234,-0.3236884562570895,0.8193217634942919,0.3097126102862565,-0.3674671078896953,1.0664128755790385,0.13864088765437613,0.5676639686589268,0.9162324728778182,0.13162466350631383,0.11578882459423206,0.9615445586281888,0.14301201483802606,-0.29969934403365633,0.9843602182339147,0.15501082919397685,-0.29064526367666205,0.7865815387658356,0.10363388055721119,-0.3097395110196022,0.8409706146153413,0.1654438792209015,-0.35616109273950103,1.013661972841256,0.27451122179037657,1.2292569672202551,0.8679255391958773,0.2748471870617736,1.4935417379959335,0.8413432054189022,0.25346296603936025,1.3506692609726154,0.7423831140896573,0.4218412808798283,1.130489631186749,0.8516605353168478,0.4719804960315781,0.8188162591287876,0.8143194765565482,0.29135883356688613,0.6407039083808632,0.7067714782775305,0.2100668512280866,0.5935721558333086,0.6773461963157308,0.2013817902292418,0.5627677147966118,0.7023132373429923,0.20442426544611592,0.5414620286319162,0.767232360075843,0.1011803193485214,1.1344820596068896,0.9107200779749156,0.0703799253038919,0.8689303318948074,0.8667858258615373,0.1370069311171056,0.6531021847934824,0.7522778029390933,0.20522953974734381,0.6262442688943604,0.6801401408673398,0.2041764874882416,0.5617727071437507,0.6905964575554355,0.20100264922948122,0.554487342550725,0.702899777064629,0.6222222222222222
0.36740243637772285,0.580997734095845,0.8295435779548903,0.34812632855549264,0.13000059577240486,0.8979789861062073,0.3281754785226943,-0.28407633018535333,0.9555490563706951,0.3094086659639076,-0.32519682642106407,0.81856318374491,0.365569698543678,-0.3237095001836213,0.8193560973578808,0.3093199418171515,-0.3667302868329846,1.0651458323883105,0.13861826381536896,0.5678149800240985,0.9161702224361238,0.13156237034577836,0.1154841484932248,0.9617012456639242,0.1430767807076615,-0.30006326475053113,0.9845518574762593,0.15500234347774378,-0.29060807409695516,0.7865311433504015,0.10362832884702766,-0.3096555158181493,0.8408744466539253,0.16538091673500652,-0.3569651711064591,1.0140586869232093,0.2744937836237441,1.2292576466527247,0.867936962451292,0.2749512190714618,1.4935215885735602,0.8413172467694275,0.25278150834389723,1.3512474394451672,0.7444413651063319,0.42180378101465243,1.1305300611215767,0.8515683174104698,0.47101011493316797,0.8182321299286429,0.8117121203028754,0.2912014002930682,0.640260001428663,0.7085771432294421,0.20981050945107343,0.5939846848768988,0.6760491847041127,0.20100447463411372,0.561896204996422,0.7022682670656051,0.20498483918548785,0.5401411318281996,0.7677070401363235,0.10117804873478228,1.1344946075950573,0.9107262243960907,0.07065432933635107,0.8688025122764778,0.866598563460115,0.1370366127918176,0.653374482402068,0.752304544157318,0.20441739807663745,0.6263442733194104,0.6777679192339098,0.20380225830908233,0.5624902194148477,0.689524632716296,0.2003907602163429,0.5545726102991434,0.7027687350312855,0.6444444444444445
0.36729015789775876,0.5810903418943277,0.8287355194216581,0.34801368882082234,0.1301593593845739,0.8981646019482671,0.32816436478208777,-0.28404080264179143,0.9555331316228843,0.3093783352680993,-0.32523991075316855,0.8185629423601503,0.36573154679927294,-0.32370751307887435,0.819329088571916,0.3089287602870362,-0.36599671937601674,1.0638867803673757,0.1386124714700049,0.5678249417381456,0.9161578613910643,0.13156885578205432,0.11496980225952486,0.9619113228268598,0.14316209203033037,-0.3006718489832586,0.9847857340919012,0.15499717968355248,-0.290565119456962,0.7864677780089235,0.10363196627973228,-0.309549104892534,0.8407458607841082,0.16527958842175056,-0.3577502778108792,1.0145286442965733,0.2744796111036244,1.2292290650277726,0.8679367934816387,0.27496390337967613,1.4935056592958842,0.8412887862606127,0.2522167925773449,1.3518288014519382,0.7459873553643883,0.4217306249189223,1.1305582248546566,0.8514994647937966,0.46991368703446706,0.817889558699266,0.8089495454800442,0.2913261747356143,0.6394982317363034,0.7114774620614346,0.20991975367357907,0.5935318332418456,0.6752499313725668,0.20094471772914727,0.5609467887902506,0.7015818389013359,0.2058957076105885,0.5383044618311957,0.7687939942466193,0.10117928255941976,1.1345049512789733,0.9107464385247825,0.07064207525153662,0.8687506020928586,0.8665254231447561,0.13700094721806247,0.6531374558747765,0.752276856775452,0.20362237490150592,0.6265303992428418,0.6749247215531489,0.20375085330994638,0.5627336253032302,0.6884445652481541,0.19977498532182408,0.5546986817165633,0.7024696903079366,0.6666666666666666
0.3672007251205132,0.5810132423199625,0.8284528511886802,0.34795231091697637,0.13040280248221708,0.8984506683482201,0.3281757388647293,-0.28411996582212495,0.9555496506755685,0.30934242104693677,-0.325272945736526,0.8185482837819691,0.36583819485833813,-0.3236868417825731,0.8192478930495963,0.3085255042683623,-0.3652459935027382,1.0625931894059708,0.13862357679854542,0.5676998556738948,0.9161969721616471,0.1316686384700431,0.11424574507956431,0.962152229707918,0.14324811551057814,-0.3014680358368767,0.9849660072193511,0.15499621872930747,-0.29052828150825855,0.7863987367684638,0.10364782047393944,-0.3094501776027689,0.8406076097676645,0.1651274626483482,-0.3582165400205926,1.0147854794425917,0.27447108198661324,1.2292045027158345,0.8679366774859834,0.2749449925388497,1.493486510135793,0.8412774294085215,0.25186943685146523,1.3523067981049293,0.7468064391321068,0.421677119571664,1.1305696719574383,0.8514715911944908,0.4689554040179882,0.8179367177052943,0.80665134672196,0.29158466034086156,0.6383152561373715,0.715416938356542,0.21037801747841856,0.5920095113089703,0.6751217662827436,0.20114919012443838,0.5600756175233342,0.7001645324094454,0.20709000165705932,0.536319475707295,0.7695481454261919,0.10117970319440081,1.13451146340194,0.9107657980686867,0.07051105861758442,0.8689026408466023,0.8665908174102062,0.13691142363354766,0.6524407212110059,0.7522070436526886,0.20300210178385208,0.6266246786427282,0.6722453692930245,0.2038179793501203,0.5622289014715266,0.6881152790888176,0.1994717645938401,0.5547857028611393,0.702169790928367,0.6888888888888889
0.3671286205028021,0.5808871562033667,0.8284486943507416,0.3480246494928042,0.13061507432067648,0.898812114681137,0.3281933057888307,-0.2842270556772129,0.955571518237118,0.3093032730223612,-0.32529897242660644,0.8185096442350056,0.36580341398260263,-0.3236500715314689,0.8191262678047656,0.3081232118216864,-0.3644949481023573,1.0612978147556358,0.13863707627384644,0.567567419509004,0.916248366878378,0.13185982793282497,0.11347525605753761,0.9623583148450899,0.14330081907455683,-0.30223621442916954,0.9850489475490848,0.15500481493875004,-0.29050366997406357,0.7863301423300583,0.10368122895613072,-0.30937291730880556,0.840470875866843,0.16499173807915873,-0.35827053317637,1.0146798918853264,0.27446690451354316,1.2291847983685797,0.8679386269638758,0.274932843538465,1.4934546316579924,0.8412901610774501,0.2517975558359447,1.3525259167965422,0.7469244727600403,0.4216402181579982,1.1305693089833997,0.8514789967134782,0.46831928739742845,0.8183819908973737,0.8051838387421089,0.29186378739090457,0.6368898636481798,0.7199361543652092,0.2109750553265736,0.5894689473331409,0.6760592600226754,0.20161381312294455,0.5590860349731881,0.6984689539377826,0.208413916164929,0.5346836310965224,0.7692849543110863,0.10116864460838149,1.134519636693406,0.9107467336940258,0.07041727331827752,0.8692712429913214,0.8666267011748633,0.13679853458582164,0.6515393973394511,0.7521340667865911,0.20286508102437947,0.6264295848750425,0.6707410551107151,0.2042311566677658,0.5610793904043792,0.6889589894280486,0.19949623129605615,0.5546280301664991,0.7024364748652504,0.7111111111111111
0.3670536086961411,0.5807639328872963,0.8287046483054952,0.3481358835871248,0.1306649347636658,0.8991975724041371,0.32819949447083396,-0.28427331435773173,0.9555726721794282,0.3092741746758037,-0.325318525005909,0.8184658646214013,0.36572353399033247,-0.32360348071056844,0.8190007501135392,0.3077364921455269,-0.36375126484870074,1.0600398679372496,0.13864333781084556,0.5675032240770654,0.9162794548538926,0.13207182832658645,0.11278789841217163,0.9624797825623904,0.1433244288534151,-0.3028162563489716,0.9851191618993824,0.1550260096985542,-0.29048356529576186,0.7862591393077644,0.10373387582249649,-0.30930732314971876,0.8403281586154042,0.16489486635673645,-0.3580258404916333,1.0141710815591685,0.2744634587489899,1.2291681424535958,0.8679409250752887,0.2749197993311141,1.4934022985128013,0.8413168374622915,0.2519130892317193,1.3524208193291498,0.7467630060764813,0.4216055125011775,1.1305677730608994,0.8514921410954769,0.46803159485420204,0.8190785692613352,0.8046003719365313,0.29214381149283086,0.6356931738505338,0.723904943933261,0.21140979523867764,0.586537748074774,0.6777252060213336,0.20242368953855372,0.5578697680046868,0.6969176447034454,0.20962098841231533,0.5337816356359326,0.768289317269756,0.10114304069500821,1.1345325624967328,0.9106773715279282,0.07032799734005504,0.8696977545300837,0.8664291710565153,0.1366952862883714,0.6507764323945557,0.7520885097171637,0.2033590107916321,0.6260697429391935,0.6708880766580818,0.20506936713677412,0.5598014438891677,0.6903520659374113,0.19981666739053205,0.5541064331145885,0.7036605430636511,0.7333333333333333
0.36700212389912734,0.5805772736755603,0.8294778152978421,0.3481776316913367,0.130563340776645,0.8994696492419931,0.3281862936680951,-0.2842160354667598,0.9555429300067959,0.30926804149778386,-0.3253182781271659,0.8184375867471854,0.3656838710640005,-0.3235475967632888,0.8189062086230101,0.30737629821707085,-0.36302696775812815,1.0588581113110873,0.13864193199245248,0.5675077607823404,0.9162143268181231,0.13222231584494235,0.11219783106583181,0.962528468906716,0.14334536549156582,-0.30319636169715386,0.9852201866677499,0.15505448938482502,-0.29045076380112816,0.7861729972396786,0.10379864826861193,-0.3092292518846843,0.840161020411843,0.16478012781283635,-0.3575723666083598,1.0133028027328852,0.27445757261558656,1.2291559549848254,0.8679416919797827,0.2748974724869867,1.4933320824169338,0.8413467026177675,0.2520418657562272,1.3521433281569435,0.7467985794443739,0.42157395920570717,1.1305703978219317,0.8514891156110104,0.46789124054873876,0.8199470432582233,0.8044417183097129,0.2927432173991804,0.6350371637183374,0.7262897473192127,0.2115001227669216,0.584300995044206,0.678949635832101,0.20368154564146054,0.5565641034935485,0.69590382310771,0.21059970024833052,0.5336924061416393,0.7672022020185989,0.10114092065166624,1.1345342003157968,0.9106918382982543,0.07020586286901595,0.8699855160508652,0.8660083350761002,0.13661657820220696,0.6502691226120326,0.7520354645691315,0.2043520993037753,0.6257753071962966,0.6723124978434235,0.20601554167955172,0.5588327605523649,0.6913204696224783,0.20052112499807226,0.5532996652845439,0.7057009926159391,0.7555555555555555
0.36706411478871076,0.5803184063058994,0.8307843854737218,0.3481218811245931,0.13049276556400646,0.899470107192055,0.3281481431435026,-0.2840169865619235,0.9554694931003095,0.30928376942088864,-0.32528082202357667,0.8184220495705454,0.3657055677218364,-0.3234728757285574,0.8188337312367026,0.3070548470949773,-0.36235553714742763,1.0577990372330082,0.13863465777737816,0.5676173953685097,0.9159276196467041,0.13230393764347673,0.11166699191208707,0.9625356292547524,0.143350733563031,-0.303368318233482,0.985268867644471,0.15508262450051338,-0.2903969719601897,0.7860680388763445,0.10386201841007309,-0.30912487739989936,0.8399631666587339,0.1646315401275943,-0.3568931473003911,1.0122586395234556,0.27444867888162405,1.2291498017399638,0.8679402131638111,0.27486873707069276,1.4932569484160203,0.8413739333392858,0.2521019734890825,1.3519215963614135,0.7470899986507489,0.4215569997657555,1.1305743569948115,0.8514729083678401,0.4676395324247935,0.8210209183162803,0.8038043771314842,0.29400245060081825,0.6348339450209004,0.7267853165607265,0.2113884786937959,0.5832920772787061,0.6792503179964426,0.2054601723366083,0.5554039303147469,0.6956558944130645,0.2116578580466994,0.5341518073792456,0.7662592786337883,0.10121677706929769,1.1345013516069042,0.9109836151502209,0.07008939182639287,0.8700212261525535,0.8655472502048551,0.1365772619795281,0.6498898009578433,0.7519273927741279,0.20567885800644603,0.6253235624081835,0.6744666954948351,0.2068733761637747,0.5581685151289345,0.6917138523921542,0.2017052957034843,0.552397658742879,0.708160403797528,0.7777777777777778
0.367293415421146,0.5800292867663301,0.8324143361779983,0.3479246581917424,0.13053211402449721,0.8992527095719214,0.32808754169102117,-0.2836861610155494,0.9553520089431248,0.30930829119295516,-0.3252072176997972,0.8184054420023766,0.3657609283223978,-0.3233785637041107,0.8187575254105465,0.30678309737182297,-0.36176940004896124,1.056898019033733,0.13862205763920718,0.5678610654391485,0.9154841358080018,0.1323559942285995,0.11116195984690075,0.9625161611051491,0.14331481581211478,-0.30333420974337033,0.9852303769103891,0.15510757791236113,-0.29033846122424,0.785976047122208,0.10391128283294523,-0.30901328214323764,0.8397673908075579,0.16450288897780554,-0.3560318116905186,1.0112743609832897,0.2744377154315599,1.2291502109004502,0.8679352036707055,0.2748394088954791,1.493186249050912,0.8413956394140861,0.2521226030382496,1.3518366712079244,0.7474090093781969,0.4215571411257448,1.1305785746789914,0.8514520889775692,0.46720095622415303,0.8222691468252599,0.8019998879310157,0.2957549265114814,0.6348416406247905,0.7257448097812786,0.21149073933762136,0.582901846069231,0.6794639083636926,0.20769594156737065,0.5544886872275199,0.6960729032930832,0.21323429471059227,0.5346723748969806,0.7654502327593289,0.1013174860818279,1.1344558466511747,0.9113643438946528,0.06997802944788112,0.8697693610761408,0.8651743449502229,0.136622603977711,0.6494767979446837,0.7518727452910838,0.20724473502081858,0.6241753309690532,0.6772272740353471,0.20789314456708763,0.5575972248410179,0.6921697283812551,0.20322814440482956,0.551576575079496,0.7107375699974514,0.8
0.3676434929118027,0.5796537395833771,0.8344463234040614,0.3476248182342188,0.1305129804043038,0.8991648909482808,0.32802266408726843,-0.2833296819389455,0.9552245951336452,0.309329242962514,-0.32511900679029615,0.8183820753299443,0.3657232547962792,-0.32327960783294873,0.8186686636642433,0.30654520961176224,-0.3612440449243896,1.0561002682762772,0.13860071044314343,0.5681541523434517,0.9152306228661795,0.13239350196071045,0.110747789437324,0.9624881374750582,0.14325447328968813,-0.3032636985512315,0.9851999955679871,0.15512909398473224,-0.2903013361175283,0.7859397673761283,0.1039434394831215,-0.3089272277387056,0.8396245978058529,0.1644098560015643,-0.3551764759672654,1.010462930716133,0.27442575475379993,1.2291533850113896,0.8679231758083188,0.2748142201148348,1.4931239231789941,0.8414136033765903,0.2521374785618318,1.3518470993583984,0.7475922439261017,0.42156126492516893,1.130587888348357,0.8514266617833544,0.4666452159854507,0.8235041382662156,0.7994260666215272,0.29753195083682416,0.6348596913949685,0.7237928582176453,0.21213872188323768,0.5824035107083595,0.6801327962811862,0.20998474994302235,0.5536201743962563,0.6972884490709669,0.21525159233753183,0.5349525682674718,0.7648789462793826,0.10126880685718362,1.1344697905232874,0.9112139184331521,0.06982575953100316,0.8692539952040002,0.8649053036216042,0.136778891716214,0.6488931698889706,0.752058476225977,0.2089090156813901,0.6221178870059149,0.6806376326249347,0.20926602947846717,0.5571787446531064,0.6928103927636121,0.20456386049403855,0.5508459842680455,0.7132888765795092,0.8222222222222222
0.36802329090435726,0.5791283800973848,0.8371599959979863,0.347414857257997,0.13037933948965746,0.8994322069385646,0.3279720517346193,-0.2830531739243714,0.9551244625839975,0.3093422336315771,-0.32503853241917147,0.8183526096755664,0.36548063331616976,-0.32318153969824603,0.8185470998399393,0.30629616090273903,-0.36070123260137354,1.055259982759181,0.13856849608971045,0.568415156273724,0.9153942032271885,0.13241205857440114,0.11057239096506721,0.9624718540585048,0.1432035884895079,-0.3033569654358721,0.9852489648742724,0.15514607408704528,-0.2902920537159545,0.7859633558861091,0.1039640851544187,-0.3088741567969256,0.8395532473627346,0.16431899560245236,-0.3544899619575917,1.0098013585150887,0.2744144495796146,1.2291520659183501,0.8679010328595046,0.2747955634509811,1.4930792295671667,0.841424875366497,0.25214902549501406,1.351922773227607,0.747576123899036,0.4215546238790385,1.1306051453458343,0.8513962431136064,0.4659128224179928,0.8245050344888641,0.7972874845575888,0.2991556142160966,0.6347779197521681,0.7214172202262453,0.21335289927800202,0.5818211560080552,0.68067030517889,0.21186660934477008,0.5525709470974334,0.6996820233987797,0.21727460413287258,0.5350497870854175,0.7647387032663091,0.10095773194484134,1.1345903074786081,0.9101270220781933,0.06971471501965991,0.8685361644500718,0.8647835999084332,0.13693680310908357,0.6481522231684524,0.7523168160529194,0.21045870300594033,0.6193582144308795,0.684303804238172,0.21067318932529622,0.5572160738709961,0.6927999507285765,0.20512061238469304,0.5500573128585717,0.7155443563229604,0.8444444444444444
0.36831042921418783,0.5784360959934218,0.8407295974573591,0.34741536807647433,0.13039113028028937,0.8998879802006619,0.3279410134006727,-0.282878333719866,0.955059589304311,0.30935169784439587,-0.32498198433545006,0.8183231035183048,0.3652620487693942,-0.3230763488363527,0.8183779853612906,0.30603719267069723,-0.3601515692385109,1.054383194565684,0.13853057167878774,0.5687036840593279,0.9158120187267668,0.1324160964723353,0.1107073569634262,0.9624672909810876,0.1431714421450758,-0.3035467860964113,0.9853272297518991,0.15515625789795184,-0.2902956401648532,0.7860157060225799,0.10397328553973362,-0.30884344135542546,0.8395394505658095,0.1642286751147964,-0.3539901806108547,1.0092739188837216,0.27440297491846405,1.2291522142632596,0.8678779149491185,0.2747787877303624,1.493064915994568,0.8414063453591862,0.2521483148145704,1.3520610893463891,0.7473480238546821,0.4215351749605015,1.1306256493955578,0.8513664044436258,0.4648090902770649,0.8252492522570134,0.7963485445963439,0.3009081313967251,0.634619788223963,0.7190049642399136,0.2150514323257508,0.5812186137802706,0.680574242025832,0.21340790856301906,0.5514058791425374,0.7029035189168831,0.21918830299707648,0.53513856375391,0.7648425871514664,0.10042585214404552,1.1347992577529495,0.9082449527167169,0.0698635695054827,0.8676726026851705,0.8649300416533899,0.1368911426779116,0.6475372265862138,0.7520948711471487,0.21170838651622237,0.6162757347977159,0.6874805577755732,0.21164118759595307,0.5577864726657021,0.691480647890973,0.20466643578924373,0.5491757896318423,0.7168347770418639,0.8666666666666667
0.36835436703569746,0.577550268276025,0.8452376658169021,0.34755016941784767,0.13076253681046845,0.9002999606478219,0.32792766165834614,-0.28278829064104816,0.9550223324384339,0.3093632556478776,-0.3249529229935509,0.8183087839251663,0.36551119907017593,-0.3229875469563697,0.8182351046554148,0.30586087835354037,-0.3597722947372531,1.0537730182284217,0.13847498891434992,0.5691193699348799,0.9162130540565849,0.13241424218853373,0.1111207835754246,0.9624669940459377,0.14315056997244313,-0.3036138370628406,0.9853671108599849,0.15515603143672146,-0.2903011229529075,0.7860697889506162,0.10395997089031339,-0.308835683075246,0.8395687150608317,0.16416725186211217,-0.35364153820110694,1.0089243474276608,0.27438322476559995,1.2291841530781091,0.867884762523475,0.27476022432990893,1.4930876514602334,0.8413571736143981,0.2521283958595628,1.3522390994962596,0.746988953673007,0.42151136018521473,1.1306412462672755,0.8513463210231873,0.46332941611046985,0.8259287774153188,0.7966330120070833,0.30313441219159243,0.6343009219171782,0.7172876040500753,0.21725857080299812,0.5802852764258343,0.6798756668360263,0.21502445621182026,0.5503208348402693,0.7059015892434919,0.22112486444311022,0.5354543111051345,0.7642934501800185,0.09977766197060563,1.1350512135911757,0.9059323977543988,0.07037804426172567,0.8667463082167404,0.8653824778159691,0.13657807798161556,0.6472778271753302,0.7510249033159981,0.212578079953582,0.6132029781569154,0.6898646397935858,0.21191766328018627,0.5586561711412431,0.6891533980339605,0.2032597795221492,0.5483706755357332,0.716331537412457,0.8888888888888888
0.36811785460926716,0.5765820126498046,0.8505042628239423,0.34771408051094627,0.13140951696198172,0.9006098920188137,0.327931822449459,-0.28278671615802065,0.9550136941653236,0.3093698052292232,-0.32488994694113,0.8183083054128143,0.3663362621454148,-0.32303850116561633,0.818350605180908,0.30586538268899804,-0.3597460655422595,1.0537542754883444,0.1383620048442108,0.5696731518446728,0.9165072623009676,0.13240702898330456,0.11177786678991458,0.9624736243745217,0.1431356177750584,-0.30349813173184165,0.9853744624515748,0.15514472814313682,-0.2903146637406531,0.7861171911996567,0.10392089500104451,-0.3088553092256648,0.8396253618579624,0.16415130798426825,-0.3534298064655982,1.0087601370225936,0.2743539577469896,1.229229223443953,0.8679145007843387,0.27477282333453273,1.4931442196369558,0.8414132374680245,0.2520971368666989,1.352389812783933,0.746668816518652,0.4214917955777752,1.1306476819696192,0.8513398372956585,0.46174756920467563,0.8266077041920568,0.7980167577472588,0.30584513259376395,0.6334397961990732,0.717244621949926,0.21985838679923728,0.5788934675218177,0.6785913821131062,0.21682932816681094,0.5492849416163229,0.7081601713863134,0.22297059054058602,0.536117257688284,0.7623390126154546,0.09910038844106589,1.1353111301341379,0.9034960113400843,0.07115500933861284,0.8659336758256163,0.8659759539653848,0.13614201407869342,0.6472560242695352,0.7490993311980472,0.2130198343794826,0.6100089871781479,0.691907882676682,0.21149249613397378,0.5596458495229923,0.686595992224631,0.20108858249584546,0.5477837365971591,0.7136430188838805,0.9111111111111112
0.36776005374398657,0.5757651242387355,0.8559903451549487,0.34790262494531937,0.13216377679592778,0.9008104796776937,0.32795554173717106,-0.28289258119189786,0.9550442898866259,0.3093584032275742,-0.324706098582603,0.8182974103871775,0.3674719862825623,-0.32336129818959647,0.8189384124277624,0.30605154493896775,-0.36007401133250505,1.0543360423219137,0.13818765846064474,0.5702943036205601,0.9167880313605108,0.13238852478255703,0.11264828056364401,0.962475302676121,0.14312539280015465,-0.3032317127220203,0.985369030163102,0.15512795070826316,-0.2903437042371701,0.7861564624288234,0.10387266862212341,-0.308891787215018,0.8396839224834893,0.1641815951765735,-0.35332499501470976,1.008689874329258,0.27435724601027717,1.2291753370333782,0.8678121551319076,0.2748669713733894,1.4932232790021776,0.8417532906084901,0.2520754454479772,1.3524499166381383,0.7465085379350413,0.42147965432210877,1.1306471482710205,0.8513377412820125,0.46029138779262624,0.8270385834110351,0.8002010394730755,0.30881884488958744,0.6317586015152024,0.7192340141428857,0.22224628375843758,0.5769764836956225,0.677192768454747,0.21855705924019148,0.5478317937056505,0.710118675114845,0.22440884779587475,0.5365096736107364,0.7595996560042089,0.09846449987768646,1.13555501057783,0.9011888852210046,0.07204032813128049,0.8654615053155363,0.8664778859338822,0.1356621703187417,0.6472424004575656,0.7464446995856754,0.21290293120440765,0.6062496349297712,0.6938834820581081,0.21048679393839642,0.5607250554369122,0.6841569819684445,0.1984470742857976,0.5474492840083192,0.7090533290506921,0.9333333333333332
0.3674794435404365,0.5751703569180333,0.8612964477973616,0.3481506860117449,0.13298587224340835,0.9008879538351651,0.3279931169731503,-0.28307751308485896,0.9551092036939505,0.3093459366828248,-0.324503438341703,0.8182888392870077,0.36864685223145427,-0.32376793812680843,0.8196780395089984,0.30632337368229623,-0.36057900656384223,1.055207524862621,0.138020302303494,0.5708967046083843,0.9172102331196876,0.13235850082412412,0.11366094107907904,0.9624229103995701,0.14311903937697706,-0.30282385266211814,0.9853402082068681,0.15511141881251578,-0.2903803723256174,0.7861866627721402,0.10382810163933148,-0.308928191297846,0.8397292533216161,0.16420490203967478,-0.3532560339624855,1.008593358332971,0.27444854563848575,1.229007333374108,0.8674301593163423,0.2749838773222971,1.4933041433066614,0.84218007179201,0.25207188920886425,1.3524332379988535,0.7464690428724366,0.4214739551554639,1.130642150161724,0.8513343999865932,0.45891718590953,0.827075896664939,0.8023917041178017,0.3120131978461932,0.6293514274094929,0.7227462308960033,0.22361561608642255,0.5741259984882034,0.6769075978721617,0.22004099308881409,0.5452145438442134,0.7124651734855871,0.22536088905370777,0.5354276901131597,0.7575071935724271,0.09795128692272628,1.1357525196790608,0.8993106579891375,0.07296639556460185,0.8653970092127992,0.8668098033482688,0.13493976079138337,0.6471033852092238,0.7435132627370833,0.21208665998847903,0.6018576708374939,0.6950068580727817,0.20887636264987242,0.5617087682844198,0.6815175919515765,0.19539282216399595,0.5473134322372363,0.7034125444117163,0.9555555555555556
0.36732661533895045,0.5747544123851818,0.8663244445906912,0.3484590287553691,0.13392002612055304,0.9008721368892788,0.32802364003835255,-0.28322516488494553,0.9551716805827006,0.3093794415075099,-0.32457968270010973,0.8183422983034377,0.3697094177310921,-0.32375109111499656,0.8197280525056635,0.30658902449369546,-0.3610901943661488,1.0560693080027637,0.13793005721356835,0.5714854675042473,0.917786023179542,0.1323311039215131,0.11476477428836562,0.9622714308084889,0.1431140394905312,-0.3024179765630874,0.9853011636298507,0.155097293200728,-0.2904085957339084,0.7862066979710408,0.10378034492500351,-0.3089545646740422,0.8397639039040722,0.16407233682386962,-0.3531753304409206,1.0084599454107803,0.27456853252855973,1.2288774977222263,0.8670557986456444,0.2749396068410312,1.493357854000841,0.8420929299452875,0.2520709661616765,1.3524007001852458,0.7464487710744031,0.4214725465585246,1.1306304788439299,0.8513443176585187,0.4576029111967368,0.8270694675877754,0.8038992215081558,0.31580327929435625,0.6264196307082426,0.7271173979856793,0.22384079902861115,0.5700546215694583,0.6787904561695526,0.22148130418568224,0.541057008798125,0.7154023038752911,0.22633991982812063,0.532145002299705,0.7566572652855368,0.09765927635086277,1.1358613153204546,0.8982257775889245,0.07390782348750258,0.8654773138162148,0.8670556060893737,0.13371295663773328,0.6466617475954592,0.7411518328955866,0.21052315237087293,0.5970139543806392,0.6942042232090042,0.20648918549136916,0.5622037367743723,0.6783903508484239,0.19160051017855462,0.5471448818560078,0.6980683362797506,0.9777777777777776
0.36721459122584477,0.5746153994172378,0.8707930511963126,0.34879937199016414,0.13499463667864975,0.9008051750871553,0.3280307477960489,-0.2832435266587594,0.9552006833144743,0.309485465485539,-0.32511623823701236,0.8184799748404397,0.37053393191679235,-0.3230012496737985,0.8185631463773209,0.3068428253419991,-0.36159456005551105,1.0569085738061756,0.13793253744812692,0.5721831341168884,0.9183620949212374,0.13232042961774726,0.11598188059395875,0.9620661826447703,0.1431078731716081,-0.3022242210488443,0.9852899307028916,0.15508547989489244,-0.2904238021963921,0.7862180111767194,0.10371992468678917,-0.30897554325632137,0.839799195540953,0.16366137302743805,-0.353141730794907,1.0084081092070112,0.2745376405755578,1.228841180866199,0.8673368414756133,0.27461477707592985,1.4933646089606367,0.8411078717664654,0.2520524208544169,1.3523762635715046,0.7464237522296489,0.4214716419733998,1.1306113895058543,0.8513808107386589,0.45665949835916325,0.8275329087602489,0.8048022636876975,0.3206812312783395,0.6232210769820287,0.7319037900006458,0.22369960346876955,0.5649129658827191,0.6835944580739481,0.22309613084451693,0.5356561372921245,0.7186540830368668,0.2283994468058999,0.5266820926153363,0.7567234144920771,0.09762807871190461,1.1358619984175262,0.8980852538530941,0.07469370770053868,0.8654040261503955,0.8672550635518704,0.13199776802590105,0.6456915089837663,0.7400587744998759,0.20821238985650364,0.5916959527809573,0.691479105261811,0.20341276647513507,0.5619578896760492,0.6751217494405133,0.18685367951916396,0.5467823314366758,0.6942768717973061,1.0
0.3670521732379282,0.5748539723040392,0.8743103170836521,0.3491422437090596,0.13616529666636346,0.9006899223296325,0.32802821688321926,-0.28321096455429734,0.9552160162907741,0.3096580598322919,-0.32607725709928553,0.8186485155393803,0.37092479875321727,-0.3216239172721059,0.8163256738103403,0.30712127634996456,-0.36216274794122105,1.0578488580427767,0.13801245892027805,0.5730270482824524,0.9188388104309937,0.13230595589456415,0.11727133387784205,0.9620012241030825,0.14310042788469665,-0.30225597204934257,0.9853140408849961,0.1550718604809918,-0.2904361823794204,0.7862302704193305,0.10365020540145023,-0.30901064173691484,0.8398560018236262,0.1630360385192164,-0.35325801794611805,1.0085334852217,0.27424154206652007,1.2287948254863676,0.8686100098380439,0.27405182726434546,1.4933258012024333,0.8393603766710029,0.25200831683971514,1.352348061611981,0.7464192337993647,0.4214662524656855,1.1305910658194505,0.8514340896974902,0.45644477160667,0.828582848638025,0.805564454289361,0.3266167452105267,0.6201741622412498,0.7366583442979973,0.2239509869401368,0.5589817736310089,0.6918214164586901,0.22468907761312445,0.5293999291050472,0.7222937366918549,0.23244213813750042,0.5194209591037474,0.7574471820808422,0.09774450064686033,1.1358002160379224,0.898491481898772,0.07501899564703572,0.8653543795240812,0.8672986502088348,0.13007957041323892,0.6441248452653252,0.7404784827170887,0.20520634826335113,0.5860472182258889,0.6877578509361324,0.20008427334918066,0.5610709787792557,0.6722756627129141,0.1811974664650796,0.5462981065337106,0.692579034229217,1.022222222222222
0.3667611594643172,0.5753543462000479,0.8768407126226712,0.3494772205505892,0.13731072437841269,0.9005275891868607,0.32804382616691075,-0.28328560433469674,0.9552603912411358,0.30987680106027093,-0.32736590540459454,0.8188354859161492,0.37074509937947414,-0.3198675319606318,0.8133886329676039,0.3074394975643477,-0.36283251615372414,1.0589162097804359,0.1381533996177957,0.5738607247313803,0.9191365603442294,0.13223371966126643,0.1184396477947689,0.9622977976040611,0.1430936372926793,-0.30239088718727614,0.9853566905362451,0.1550515958554843,-0.29045137576899566,0.7862512007230891,0.10358669559118139,-0.3090699304641343,0.8399463974644803,0.1623968054783362,-0.3535466850332243,1.0088377054864481,0.27371567293545684,1.2286828035374073,0.8706544379744314,0.2733593173939377,1.4932540405924148,0.8371935859432037,0.2519513445386708,1.3523155579968733,0.7464329632841373,0.4214530973687183,1.1305779163890086,0.851483283627884,0.4569315116734731,0.8299734252519206,0.8065223549767356,0.33294392816202417,0.617542592960957,0.7407503404935105,0.22479614738093523,0.552649768384403,0.7023711336932448,0.22616648684173812,0.5223981382617273,0.7270626012399849,0.23867557661487682,0.5110794740254472,0.7589480024338632,0.09783233438320468,1.135750307854212,0.8988166993630491,0.07475109815340991,0.8657367465534498,0.8670723958983773,0.12827352796714864,0.6420853236176625,0.7421837699951921,0.20175199801830154,0.580657280356792,0.6837221914427085,0.19677723773844136,0.5599086901500618,0.6696429205786969,0.17462740759317025,0.5454562700343657,0.6933291826924832,1.0444444444444445
0.36624390862559425,0.5759481743830722,0.8785571034539008,0.3498056826282255,0.13834070052382474,0.9003519486736968,0.32808309425976023,-0.2834984072133754,0.9553416770618076,0.310090743858403,-0.3288456401463177,0.8192720919475704,0.37022024507442364,-0.31795036959760625,0.8101018594890242,0.3078135249020719,-0.3636184236077438,1.0601282795728026,0.1383434565336236,0.5745964276142554,0.9190374017187106,0.13209146371540484,0.11933084052345544,0.9629000310582093,0.14309017818156997,-0.30256933758455823,0.9854079328895406,0.15502650387125483,-0.2904597009892726,0.7862727040245142,0.10354522112260314,-0.30914207609920086,0.8400595573729768,0.16192741099482766,-0.35399580078158116,1.0093223133389317,0.2730608393889642,1.2285679312516755,0.8730955518383856,0.27263017407592766,1.4931646491608634,0.8348980554403165,0.25194155949409514,1.3522910234163255,0.7464486972817947,0.42143116523171587,1.1305765552374232,0.8515153782729898,0.4577728168904921,0.8315986250508929,0.807831728834967,0.3390475981307778,0.6152829069218778,0.7435808706975341,0.22654990440481587,0.5464459636969501,0.7126657943684793,0.22850104751929112,0.5148235360909392,0.7330489830201765,0.24696287938329797,0.502553114007231,0.7613126474780894,0.09783552414788411,1.1357371808803804,0.898852771949157,0.0740126416853908,0.8665240678410927,0.8665460621398738,0.1267915160094106,0.6398203657440259,0.7443279725252034,0.19839282663512292,0.5761180336150474,0.6795547389148298,0.1933727095470418,0.55884939030159,0.6662824310814014,0.16713770845591674,0.5436047505347387,0.6970598763398574,1.0666666666666669
0.3655419180748965,0.5765882631043601,0.8794483051067592,0.3501007315278491,0.13928132274765032,0.9001263734255707,0.32812838377735065,-0.2837484962955786,0.9554315487541729,0.3102145449271789,-0.33021949488367,0.8201336495039033,0.3699121558043967,-0.3160854617628478,0.8068593562701454,0.308274878714394,-0.3645066805493502,1.0616038406579935,0.13857468990483757,0.5753379124219856,0.918350892031041,0.13194978889659623,0.1199901216060672,0.9634524711215159,0.1430919024143934,-0.3027990417461372,0.9854633726871228,0.15500350835830354,-0.2904501725918141,0.7862786088021442,0.10353128615321906,-0.30921238274639795,0.840173825419569,0.1616992079569524,-0.3546168435257347,1.0099979561004946,0.2723997172075682,1.2285420545162724,0.8757567759234919,0.27194229444025164,1.493076464358202,0.8327185144703622,0.2520453715098314,1.3522735598632705,0.7464642138180921,0.4214016879872617,1.1305857165992683,0.8515309786765541,0.45866028452739477,0.8334695185915474,0.8096322479335334,0.3447971776989317,0.6134113006909557,0.7450691533596251,0.2299531470570952,0.540719412640221,0.7207957993828675,0.23301257979416215,0.5072515389753735,0.7383452943825325,0.2570074412836713,0.49456513084752296,0.7638566400747433,0.09780923625321833,1.135736940962479,0.8987837119259771,0.07292123726114035,0.8674377462365893,0.8657971199805087,0.12578878414359357,0.6377059670731059,0.7458630150198884,0.19573911284341505,0.5728632445543171,0.675418657560646,0.18966439346032202,0.5579565092132346,0.6621176835287306,0.1589532383887158,0.5404179083732038,0.7036822127422484,1.0888888888888888
0.36490714672154856,0.5772371926455139,0.8794533860096609,0.3503089639044095,0.14017828521755676,0.8997069749431288,0.32816435057158905,-0.28394994379641625,0.9555036859361549,0.31018518862132216,-0.33092628302426275,0.8207165400305506,0.37018830868115593,-0.3145237317933859,0.8041464734558506,0.30881377654080666,-0.36541620308987244,1.0633545761200212,0.13883909833009725,0.5761245964266191,0.9170874922330216,0.13188481633061544,0.12055081237397142,0.9636827606040197,0.1430984012491339,-0.3030893123917297,0.9855191823324115,0.15498900296341195,-0.2904286430515037,0.7862672891978516,0.1035427782751184,-0.30926532924143363,0.8402554432633357,0.16167476283332394,-0.3553817898877671,1.0108454648189291,0.27185560813354337,1.2285790249271653,0.8785103474050138,0.27138498791717935,1.4930083477254412,0.830942541588126,0.25217774460555276,1.3522548728073345,0.7464642464524226,0.421368277670894,1.1305995331027945,0.8515395146312958,0.45938693569471367,0.835206233593861,0.8121549992237936,0.3501018253686922,0.6119473470728121,0.7458539337580921,0.23542482754926028,0.5356498260260534,0.7259936816879919,0.23977264148101035,0.5005642240080179,0.7403691302681902,0.26817226254564863,0.48767841486028096,0.7652447569901597,0.09779647687941691,1.135731533706049,0.8987528192994438,0.07150502895867257,0.8684621055189348,0.8652664412872448,0.12534591964775693,0.6359611949351555,0.7465458046864495,0.19375800234041485,0.5710792889410474,0.6719667039841402,0.18522922364336436,0.5568330072477304,0.6590935038849819,0.1507043187972186,0.5362872380554338,0.7119375720936671,1.1111111111111112
0.3645667662124237,0.5777421000603875,0.8788699750619786,0.35042645418244034,0.14097981176351826,0.8991328447152549,0.32818878781828603,-0.2840934890043686,0.9555531518574197,0.31005410435980607,-0.33038097967122254,0.8198060533034159,0.37091022846482163,-0.31356462273384783,0.8025090996921858,0.30935358451575773,-0.3662558912385753,1.0651358646907578,0.1391249434531409,0.5768463036724044,0.9153737093293821,0.1319108646664543,0.12106089527644281,0.9635842277193454,0.1431088084401092,-0.30343935465264615,0.9855768938794969,0.15499021508316035,-0.2904185542918439,0.7862659101822371,0.1035779389496835,-0.30928021956419666,0.8402669628330842,0.1618225188856161,-0.3562838397896458,1.0119362244813135,0.2714529531478933,1.2284763127690994,0.8807787403442731,0.2710649249521976,1.492976421636071,0.8299136311630311,0.25210772283141486,1.3522649389346413,0.746401542399944,0.42133505740741883,1.130612326737658,0.8515436799388096,0.45970966876043395,0.8362659185868014,0.81534268405885,0.3546815421201526,0.6105463194831097,0.7467548417971899,0.24269258312524128,0.5313959125285702,0.7279056877162307,0.2480807362618342,0.4953049173414935,0.7386736485667879,0.2800762132947371,0.48232170304324673,0.7649023845190912,0.09779523129854825,1.1357269966054262,0.8987474635430293,0.06990921974281947,0.8696387487482551,0.8655272912241478,0.12503314289440143,0.634203978429976,0.7474586105364868,0.19122471039607525,0.5699800304359357,0.6708916993749724,0.1793095771973566,0.5547940691985105,0.6600959285618564,0.14346254414332038,0.5320611483441264,0.7199282500478212,1.1333333333333333
0.3645567146007356,0.5779549462641617,0.8780979212221178,0.3505186699198329,0.1416061607927821,0.8987587644484887,0.3282066699120827,-0.28420943353741496,0.9555889161626129,0.3099899683339341,-0.32850886593666734,0.8171827992042371,0.3717775900163741,-0.3133519006042359,0.8022017356159875,0.30981206228584957,-0.36699322682527036,1.0666752847142948,0.13942488376060116,0.5774034089214813,0.9133328552833666,0.13200646548146316,0.12142880065536088,0.9632369640805312,0.14312557112535726,-0.3038520776871291,0.9856426480778535,0.15501044165615124,-0.290423355861104,0.7862842657681243,0.10363812486856341,-0.3092437601453988,0.840197227708849,0.16215407847615482,-0.3573613237755711,1.0133680789664945,0.27111092692237393,1.228067335465443,0.8815889145926079,0.27102701839733967,1.4929930594229768,0.8297690213931217,0.25173365667827147,1.352356843436377,0.7462461992274123,0.42130593117020204,1.1306207731687494,0.8515366722275586,0.459537305623939,0.8365967556666599,0.8186221883737533,0.358564802267748,0.6089119800844793,0.7476280765290602,0.2510907126392643,0.5277754188187966,0.7270513136990401,0.2577958203048517,0.4911269570577529,0.7350773965754895,0.2929777869219978,0.47844551119967743,0.7635032986473398,0.09778568226254689,1.1357360737781645,0.8986982413227165,0.06845957505913206,0.8707377768537674,0.8664666552674711,0.1236146583262967,0.6317121910307194,0.7504741156334285,0.18650564533010866,0.5678927422491691,0.674349000045282,0.17151761685316297,0.5512940178661876,0.6665255567786339,0.1378986946401242,0.5283260519262775,0.7266050073719339,1.1555555555555554
0.36477604505450256,0.5779301659355134,0.8769826992128106,0.35064190146218627,0.14206914786276537,0.898822052485069,0.32822375827338024,-0.284327633727136,0.9556202527167048,0.310145725643166,-0.32579210222181526,0.8136860794139458,0.37263234468518924,-0.3135874613643207,0.8027258570194163,0.3101355024245752,-0.3675960913029808,1.0678135541383094,0.1397387872762188,0.5777801515012696,0.9110225883630638,0.1321541424620132,0.12150157357331726,0.9626750873254274,0.14315070115837777,-0.3043361013449799,0.9857144606774119,0.1550200611185127,-0.2903497641033459,0.7861883577933829,0.10372113442314324,-0.30915897362488093,0.8400687225802274,0.16260612238765945,-0.35844915259907134,1.0148883430181974,0.27075414712783563,1.2274702551267989,0.8805155289860824,0.27115494868612156,1.4930512684069726,0.8301299474084117,0.2511704923663104,1.352477380309799,0.746034380356936,0.4212843043345239,1.1306213614950615,0.8515257256872869,0.4591883664323941,0.8365923904534192,0.8214628483747771,0.3621929310220626,0.607396787673831,0.7470853818294303,0.25991423204143027,0.5242105191543376,0.7248875216201763,0.2690453112790437,0.48724889631594037,0.7312782602809553,0.306923148953847,0.47553377537176944,0.7616930813671698,0.09775876854322024,1.1357586940143456,0.8985825774449264,0.06734976749389132,0.871344681838735,0.8675777312694585,0.11978536418062746,0.6282049904302045,0.7568730810346529,0.17915027734812228,0.5636627687682828,0.6830935483311247,0.16235022035580207,0.5461415132405213,0.6773650647127545,0.13316604419512756,0.5246112068177976,0.7332211870128613,1.1777777777777778
0.36508560115744004,0.5778814616249195,0.8749522481818268,0.35082315488988175,0.1424212131033301,0.8991954952023407,0.32823817842011,-0.2844315837741952,0.9556428769109517,0.31058491822690276,-0.32273319767329905,0.809953802550215,0.3733859813916781,-0.3137857965443271,0.8032593407064776,0.31027610643176373,-0.36800621954885226,1.0684170496191798,0.1400623433762038,0.5780589251154105,0.9083644399114665,0.1323503192929833,0.12131133576574493,0.9619133378429601,0.14316966860937577,-0.3048787496407712,0.9857710817627061,0.1549714604846365,-0.29007627621086396,0.7857932686933714,0.10381600471972191,-0.30904474699355666,0.8399198765159562,0.1630370406214352,-0.35917557792731164,1.0159675474332373,0.2703113583183111,1.2269134143619624,0.878203597575544,0.2712624807791322,1.4931166183161462,0.8304113921720243,0.25047803187992,1.3524423441885853,0.7458291035735392,0.42127026289663605,1.130613441446118,0.8515286014420893,0.45917549366049676,0.8367232151612842,0.8238469981228296,0.3660290132670002,0.6066631194227255,0.743987233932606,0.2688100667275421,0.5202293062495318,0.722974219328955,0.2813511635988565,0.4833132287243639,0.727971262605431,0.32129836188830807,0.4731741075970803,0.7593228354668903,0.09775118620526499,1.1357731609848813,0.8985422180652718,0.06637485092609903,0.8710424603511293,0.8688759713448935,0.11323642518365722,0.6240337805398333,0.7663965952559333,0.17012647929050956,0.5574330256320592,0.6958084570062413,0.15283792804337962,0.5392704484730406,0.6908219070910809,0.12746099987394266,0.519888466245713,0.7422808431493964,1.2
0.36539906190664345,0.5779955170219326,0.8716489805970524,0.3510661568193716,0.1426066961006358,0.8996823535075473,0.3282335576310965,-0.28442873634497273,0.9556314490005046,0.3112932912996688,-0.31961826920227343,0.8061538272733882,0.373931948542913,-0.3137999245914658,0.8035290891470076,0.31022640809051094,-0.3682554006282654,1.0684896281992453,0.14040533217449092,0.5783830093447397,0.9052064844358978,0.13259883723985116,0.12117852232611348,0.9609792199811629,0.1431558745325277,-0.30541856059166794,0.9857968658812493,0.1549063018764841,-0.2897533679311595,0.7853315048652133,0.10390976085619458,-0.3089306254229482,0.8397838326698791,0.16338034151806752,-0.35936953883709777,1.0163519345009477,0.2697120914610892,1.226420266750602,0.8756243209064097,0.2712846705652112,1.4931622178385764,0.8304294764975879,0.24954178327819204,1.3521208949916859,0.7456559479395078,0.42126160363585086,1.1306047840018403,0.8515339045210559,0.4597648693485406,0.8374370973870606,0.8259671435314908,0.3704509976954375,0.6069509202957116,0.7387029488439669,0.27771278298945484,0.5157986473998419,0.7226776469984528,0.293486174719222,0.4794241219719481,0.7258391518727079,0.3353403228541606,0.4712942887138828,0.756008755243641,0.09781696817134267,1.135755730035174,0.8987737038467053,0.06526952721821731,0.869610260923188,0.8705094176209986,0.1046934015456858,0.6196833231398663,0.7778655214675522,0.16064035099659912,0.5501658298727632,0.7103915895432583,0.14397394625691562,0.53089152572668,0.705784263446242,0.11972286598976065,0.5141361369943422,0.7544597690805422,1.2222222222222223
0.365737715508899,0.5783236268115635,0.8671879499037887,0.3512810858624954,0.14245644069904878,0.9002163291587362,0.32819223396104025,-0.2842271331353402,0.9555608451788017,0.31211652487317443,-0.3169291532213274,0.8028400481267495,0.3741845700166147,-0.31376537058037474,0.8037144218729607,0.3100631357062051,-0.368441836608444,1.068265144123221,0.14080925389020074,0.578787840521886,0.9016224979600118,0.13289833124563175,0.12138368506395952,0.9599081379768237,0.14312231595566868,-0.3058678572497596,0.9858130269335486,0.15497122306081543,-0.28982356985714275,0.7854916867103429,0.1039929670920342,-0.308855434375845,0.8396978420870647,0.16366905525090136,-0.359186294182906,1.016154822820619,0.26899038359560146,1.2259215972264657,0.873227751919018,0.27127117731133304,1.4932171305810162,0.8303512782045406,0.248306889873451,1.3515446141708582,0.7455116066677998,0.4212599488515072,1.130606792924242,0.8514993412574074,0.4609016892810337,0.838989347131168,0.8277789911184167,0.3756987867901024,0.6078912862530107,0.7325657657302613,0.2863905055537327,0.5112595730894824,0.7246514010515689,0.30409119685360003,0.47567697559147787,0.7257778139981899,0.3483000743379996,0.4699414727652965,0.75199009475005,0.09790171511795415,1.135729672495068,0.8990767686145167,0.06418802943926061,0.8672357457836111,0.8721835945332072,0.09517482687850197,0.6154554763737913,0.7901073642770284,0.15146570812096025,0.5429461674359608,0.7250239639747162,0.1364020458891651,0.5220087388689529,0.72110290780411,0.11011072191235835,0.5083727369512046,0.7680619669277234,1.2444444444444445
0.36617515675239726,0.5787707180637102,0.862084894889898,0.35136813298116004,0.14187271797207734,0.9008480160426124,0.32811352372696784,-0.28382544652096575,0.9554323445867527,0.31275976282213364,-0.31545063029135173,0.8012167857187068,0.3742086309602558,-0.31377324699678755,0.8039154697166935,0.3098812594544593,-0.3685778939436278,1.0679695949571582,0.1412797740550229,0.5791431098643037,0.8979797398481735,0.13323681900493892,0.12191441618744125,0.95874363812988,0.14312994836489637,-0.30615768274011224,0.98583747066706,0.15526309041786568,-0.2905667038141105,0.7867107723798514,0.10405918987627626,-0.308858331769812,0.8397104851852786,0.16391729085899645,-0.3588117583736283,1.0155534056092366,0.2682754984557969,1.225474149097408,0.871079853971876,0.2712614192025206,1.4933313454498176,0.8302883148518692,0.24693444115503072,1.3508228019785982,0.7454025218386344,0.42127038169810027,1.130625686064569,0.8513973127957437,0.46248478317585173,0.8412535144552649,0.8291177430913392,0.38168259170750657,0.6088066525773729,0.7268242019246351,0.2945726476884356,0.506908931499797,0.7284116664190461,0.31272699641612933,0.47214423464483335,0.7280349701207494,0.3594698873544575,0.46890648908793164,0.7488230994984431,0.09783290864105755,1.1357658005617302,0.8988195473008084,0.06341086098591707,0.8644268896967678,0.87351880478137,0.08573886793872186,0.6116078772604292,0.8017205561963288,0.14327905664136883,0.5366396427938703,0.7380092830199723,0.13052413237152277,0.5142106343837148,0.734332397910032,0.09928196526543634,0.5031427951520788,0.7813753979535217,1.2666666666666666
0.3666939562458942,0.5792015571287168,0.8568850814582413,0.35137442206357555,0.14096471129482274,0.9016783174233759,0.32800742975303565,-0.2832716555349668,0.9552609420461075,0.3129758016209628,-0.3156189500305375,0.8022349407230606,0.37418926951810216,-0.31385197715994334,0.8041500547472457,0.3097314795300849,-0.3686674754742546,1.0677156515439497,0.14173694633342407,0.5793468731428453,0.8945876788833745,0.13359637722076248,0.12259355176007752,0.9575200198439736,0.14319868888278478,-0.3062485473108144,0.9858464576836812,0.15575034231083573,-0.29187505430597194,0.7888173823181922,0.10410695472360465,-0.3089478315120924,0.8398308834362141,0.1641131453609742,-0.35832768236076973,1.0147325687688775,0.26769663953610434,1.2252012170826319,0.8693694222266896,0.27125633513940606,1.4934477207322319,0.8302455261619411,0.2456896713967111,1.3500533078805892,0.7453470341854547,0.42129340401140936,1.1306603832848474,0.8512416363169419,0.4645404956145402,0.8438419549869137,0.8302910675805808,0.38806720281106843,0.609151127152031,0.7223672144489784,0.30238180164674333,0.5027348808559001,0.7330422607800929,0.31995150491586866,0.469052486957806,0.7316927539874918,0.3684389538779075,0.4676852090631299,0.7482827415615523,0.09750296932218758,1.135907426036508,0.8976083515688789,0.06281418028019282,0.8616449118186987,0.8741053510129011,0.07758824909101737,0.6084718582358786,0.810936178745495,0.13704213899321105,0.5319646456743158,0.7473940759680688,0.12678400749218766,0.508780817060483,0.7425131177269866,0.08797310032354363,0.4982394719186114,0.7935691294789234,1.288888888888889
0.36715767637397406,0.5795333384478525,0.8518426739571339,0.35134389175693675,0.13990933575631542,0.9026970372249992,0.32788499343138316,-0.28262175053174166,0.955063777464336,0.3126954869786399,-0.3171299401173194,0.8055963445187837,0.37420254872160474,-0.3140066684960932,0.8044227646559986,0.30964380116109574,-0.3687890330670752,1.0676109625995966,0.1420968674061262,0.5794133538828912,0.8916130873521131,0.1339581099084164,0.12324290717129305,0.9562469727840509,0.14327686482379207,-0.3061301153983717,0.9858288058557958,0.15634181415717952,-0.2934862308252778,0.791379533008254,0.10414304109011296,-0.30909330282785064,0.8400075936517534,0.16431094676839966,-0.3578036078732226,1.0138940973472124,0.26736224574003437,1.225146832428847,0.8684484864577584,0.2712499608036368,1.4933940602394962,0.8302388076786503,0.24473904026267174,1.3493162261195308,0.7453513029411383,0.4213221722180004,1.1307052416244665,0.8510686156450109,0.4670650805879081,0.8461692234914381,0.8322834351072901,0.39457543863965583,0.6087081368431271,0.7200878191216781,0.3100216423431382,0.49867635236985997,0.7378354013381947,0.3260342687524123,0.4667039982876978,0.7351372855591193,0.3750915023466507,0.4660432679345874,0.7501109347494623,0.0969550463482954,1.1361348448766502,0.8956188856202343,0.06209123212361045,0.8593051516202377,0.8735556568887403,0.07157723917637424,0.6063160172030627,0.8167235114159301,0.13351067634118283,0.5295225604870922,0.751566647681722,0.1250045939949592,0.5058098612257378,0.7452667985681232,0.0770136733234369,0.49364097766400944,0.8036812358603321,1.3111111111111111
0.3674527430196252,0.5796980964171854,0.8470981369282153,0.3512262658921923,0.13871997996743118,0.9038060596576144,0.3277635989124972,-0.28197776552859766,0.9548748173340708,0.31197537831632294,-0.3192362297807559,0.809714202856703,0.37419477908998555,-0.31410215893758486,0.8045303565227415,0.3095965958291856,-0.3689467502753335,1.0676103730058697,0.14233849534118442,0.5793264527285806,0.8893148457228001,0.1343085118870173,0.12379962539317213,0.9549440926293773,0.1433255964523427,-0.3058479657171199,0.9858176842489553,0.15695005074945678,-0.29519088069616356,0.7940489642631084,0.10417511064977764,-0.3092536347383353,0.8401780279381713,0.16456412040996005,-0.35728593294774486,1.0131049606764442,0.2673103998944122,1.2252132233482396,0.8684338340476593,0.2712418765709189,1.4930611753054441,0.8302931363825721,0.24403125424067357,1.3487032156643082,0.7453892736449188,0.4213487016710869,1.1307521319052198,0.8509120193241133,0.469729977474223,0.8475921696568276,0.8358028315979491,0.4010963897751264,0.6073232607057397,0.7211589293195447,0.31732540053022235,0.4947394301417489,0.742300179022084,0.3307813337203268,0.46525220180977556,0.7374367492284049,0.3799105446336532,0.4641194115216891,0.7530329994781408,0.0962911364537587,1.1364064413353179,0.8932479609836418,0.061071854620358336,0.8579532857234952,0.8726158460100754,0.0676611650285929,0.6050764756182381,0.8196958537777532,0.1320551569317974,0.5291905158701385,0.7511870429370919,0.12328766646982973,0.504002247827825,0.7462128810580608,0.06733681387626837,0.48989742153114846,0.8103386982770477,1.3333333333333333
0.36756806427990674,0.5796794515228608,0.8427696379873528,0.3510962089306198,0.13737831854575538,0.904986703185523,0.3276598444451977,-0.2814377006711038,0.95472668886193,0.3109756644352887,-0.3212665224806154,0.8130150259189867,0.37414921445696164,-0.3138857140580704,0.8041059730786461,0.30947807487093315,-0.36904015933168627,1.0674027030374535,0.14246078531290443,0.5790210955232242,0.8878774248848057,0.13464608252479418,0.12435492426448819,0.9536585995167338,0.14335318783121112,-0.30550220146669305,0.9858279445747569,0.15753883692844498,-0.2968653722455406,0.7966956539679899,0.10420134496856079,-0.3093995878142942,0.8403000703553456,0.16481209633886765,-0.3567684239732323,1.0122719366090174,0.2674202765311137,1.2252587502936412,0.8689036816897875,0.2712323618501528,1.4924929859444882,0.8304091148182173,0.24344629122206168,1.3483253872067127,0.7454227050950172,0.42136828123802694,1.130791563427366,0.8507971700690067,0.4720284044552,0.8479314958877471,0.8404201294625698,0.4076819979981484,0.6049146586270409,0.7261800626578876,0.32413108910660815,0.4910217431304704,0.745978011527275,0.3348137752772652,0.4645010448505691,0.7391596355991626,0.3842288528535113,0.4619374931477263,0.7574713457224713,0.09560114502119402,1.1366907477505084,0.8908073452038863,0.05955382260885956,0.8578850144407913,0.8732144285688916,0.06509001879709607,0.6043397056924833,0.8215410404288112,0.13056152819027755,0.5295982333712758,0.7501018160937469,0.11894421640800569,0.5017007427026186,0.7499390217015529,0.05981952406618038,0.48779191092553253,0.812725697908002,1.3555555555555556
0.36754229822068646,0.579576510209947,0.8388625837098374,0.3511100746732355,0.136105716201737,0.9061909529573259,0.32757433804189473,-0.281000726408845,0.9546158148108266,0.3100008573860108,-0.3229852178861189,0.8153004387499031,0.3741020129827566,-0.3134336269434119,0.8033034074544858,0.30921742270666747,-0.36902079328498694,1.0667948316270235,0.14243751221457412,0.5785109271446961,0.8871351470474136,0.1349734594862959,0.12502186023130984,0.9524415798769426,0.1433699870044276,-0.3051623297333137,0.9858243256380032,0.15813748856721216,-0.29837240882587107,0.7992126367906839,0.10422138400706843,-0.309505766736588,0.8403489624647593,0.1649734468547944,-0.35623039660131034,1.0113060959779048,0.26750662085934485,1.22524883560233,0.8692634692258981,0.27121629635288996,1.4917974666227143,0.8305717426471975,0.24304009365492174,1.348236008804245,0.745446492733443,0.4213757690365371,1.130815194308145,0.8507404870353662,0.4737988094697845,0.8475545548300213,0.8451721478460821,0.41447208759347953,0.6019640694691268,0.7339156817395596,0.33047042194782084,0.4878467786430579,0.7483781917694686,0.33929982809112424,0.4640835247883126,0.7411621347283242,0.3891365462011207,0.45933300717696707,0.7646974070677802,0.09495998455465743,1.1369606235476226,0.8885320014629545,0.05731289093452016,0.8588411589071474,0.8765233322182027,0.06299401054729782,0.6037538018468429,0.823642151931328,0.1272506610116628,0.5289538753811682,0.7526540787629262,0.11087613164842315,0.49819810112257423,0.7581304450189885,0.054792519812057856,0.48747762787107596,0.8117332851746826,1.3777777777777778
0.3673966589853162,0.5794824917853018,0.8354345020682654,0.3512373375282863,0.13515060114144145,0.9072514179782847,0.3274987231269909,-0.280613949631164,0.9545191435381306,0.3094033239651114,-0.3245172221048775,0.8174070503057138,0.37405700139966197,-0.31348363148046293,0.8033037077216019,0.30889702367573935,-0.3689515220584958,1.0660098608971251,0.1422273271777731,0.5778713639872567,0.8868647332927587,0.13528588935316557,0.12580693906061796,0.9513304345856034,0.14337145429594397,-0.3048117114923743,0.985777051795385,0.15868604408247594,-0.2993680245229086,0.8009621399477793,0.10424063157696678,-0.3095429778516478,0.8403276421224554,0.16503810486803272,-0.355633673454336,1.0102105924468348,0.2675124979395818,1.2252332555350405,0.8693415406229192,0.2711940809008375,1.4910661703688473,0.8307431643604068,0.24294038767275133,1.3483301807944408,0.7454856310397502,0.4213600512102289,1.1308204342022723,0.850752497965602,0.4752487707905034,0.8468161783621926,0.8493795868547087,0.4212822817470526,0.5993634356364536,0.7420030266515321,0.3361433260169926,0.4854379406806719,0.7492822610333072,0.34450764508497467,0.4637249425061444,0.7434408276486006,0.3944161767075389,0.4562109395693807,0.7744979402886857,0.09444675197474837,1.1371797007806048,0.8867107209134171,0.05427756665326393,0.8603082298203826,0.8823052980495278,0.06085581840118831,0.6032594711306615,0.826335201943334,0.12212935574060639,0.5264443389773631,0.7603530437877001,0.10015501783160827,0.49386432897590443,0.7690489163759784,0.051654667725530415,0.48809486725309104,0.8096564626718753,1.4
0.3671303401271005,0.5794647200917451,0.8325636320621281,0.351329036663226,0.13450224325949345,0.9080864006615491,0.3274299362499177,-0.28026304407430885,0.9544285980716539,0.30940855045646365,-0.32587809698536124,0.8196965978292534,0.3740233887386172,-0.31478503485390485,0.8053175064264119,0.30861294673796025,-0.3688674072531455,1.0652940393135377,0.1418251886793549,0.5771739491262359,0.88705364082893,0.1355747312007284,0.126612637877957,0.9503362808270328,0.14335362659918255,-0.30440937136965146,0.9856936023191207,0.15890095886911773,-0.2994568402408468,0.8009928829857117,0.10424910397709003,-0.3095010732371589,0.8402644191085021,0.16501926937682795,-0.35493505426653515,1.0090274856687966,0.267493624414366,1.225239977737284,0.8693153198168797,0.27120201025981616,1.4903969471419918,0.8308019974962957,0.24306251329720674,1.3484265307957415,0.7455437558037812,0.42131871561658274,1.130815138733993,0.8508349517069842,0.4764655078672634,0.8458951129842581,0.852606914038453,0.42746148345095414,0.597638464753786,0.7489348080837941,0.34080735534327106,0.4836926803040188,0.7489672485326563,0.34979292245199217,0.46324044259945363,0.7457024450020476,0.39917256238248267,0.4527626750939264,0.7852415972177601,0.09415686278305536,1.1373033796772987,0.885713955062005,0.050569267131732015,0.8617922329539354,0.8898978311198988,0.05861970162670835,0.6028665044759518,0.829438660273402,0.11621530122097437,0.5224109072015456,0.7720841041920992,0.08855699091890881,0.48920600836243455,0.7801735860045463,0.04923442920072464,0.4887813340712804,0.8083023387756814,1.4222222222222225
0.36677610210363204,0.5796454347727871,0.8301329685272181,0.3513623164519915,0.13406240586547602,0.9087659928269749,0.3273702848600524,-0.27996667158008237,0.9543528664441154,0.31002911972114167,-0.32675561323787805,0.821383867478374,0.3741213160635471,-0.31721391174860075,0.8091793496864552,0.30833133987447475,-0.36866144976042703,1.0645168681616797,0.14131155386054384,0.5765022719640798,0.8876970697050859,0.13583211084096194,0.12732859691807225,0.9494502596245861,0.14331805790641178,-0.30395040105971727,0.9855894980829127,0.15849500256084192,-0.29871119631815984,0.7992123053130284,0.10422358545857731,-0.3094015442883781,0.8401728656585087,0.16492218528553296,-0.3541253840948822,1.0077869580002063,0.2674845443471555,1.2252598573346625,0.8693065072869133,0.2712870129207323,1.4899193759289506,0.8306246128807921,0.24317870854496387,1.348453988976763,0.7455934845420424,0.4213108559816847,1.1308050327563466,0.8509668694035337,0.47727687566788113,0.8451310724551195,0.8545507330669504,0.43251787824091426,0.5967553971543234,0.7545026090220717,0.34441113807867607,0.48267098853105933,0.7478562538041582,0.35445641058838506,0.46265001769665115,0.7477312517332302,0.40278326318404045,0.44950607522565733,0.7950979031756638,0.09413125125275484,1.1373125483337139,0.8856916702904021,0.04667670751652218,0.8628340984672982,0.898409672494756,0.05647178337859373,0.6025089174194503,0.8329080776384871,0.11018921824913205,0.5175657776426418,0.7860747866973359,0.07742573771750487,0.4843992352647418,0.7905715651958092,0.04662390120474148,0.48948313738311156,0.80825421735103,1.4444444444444444
0.36640030427220444,0.5800398566745796,0.8280239180154709,0.3514350996206832,0.1337894655950117,0.909401272573888,0.32732298679846694,-0.27974037401805973,0.9543034890318538,0.31103890621335817,-0.32701527328182023,0.8216206308838625,0.37449191983345753,-0.32011785463417397,0.8138498537789686,0.30800138778205616,-0.36825938812301956,1.06351838567915,0.1408232088845296,0.5759226965287442,0.8887052725115718,0.13605029931409676,0.127917070351105,0.9486807070303642,0.14326851637375027,-0.30345266757420675,0.9854701065785706,0.1574217004950847,-0.29762544868264806,0.79647731257348,0.10415387395278056,-0.3092853639679674,0.8400654506873948,0.16474890134501963,-0.35322324896290186,1.0065059959445135,0.26747535383793897,1.2252792358245521,0.8693119486449801,0.2713958257046144,1.4896885440660146,0.8304168169914137,0.2431995729561886,1.3484537368619842,0.7456205492756759,0.421435913286462,1.130765009606297,0.851079340807511,0.47759437125141074,0.8449550837023245,0.8551343973029948,0.43646332682772493,0.5964927398664366,0.758795802014747,0.34714878020954637,0.4827081041686404,0.7461161186993654,0.35805463337354615,0.46219900643868916,0.7491158880174342,0.40502121645085454,0.44690794144059953,0.8029207640495581,0.09425877683881353,1.137252364909637,0.8862233959648679,0.04335355569280827,0.8631493073177359,0.9067045675232159,0.05459256887063335,0.6021569792473465,0.836616839515965,0.10419300915277917,0.5125836658924834,0.8004998985833582,0.06760872464874139,0.47988276506448596,0.799966631041659,0.043565148640107056,0.49030766166570017,0.8099384984527882,1.4666666666666666
0.36601827538376686,0.5805176266684198,0.8262807243466856,0.3515874470233499,0.13362526569892447,0.9101051707159674,0.32729086637925964,-0.2795927172307681,0.9542853971852667,0.3120632464393146,-0.3268668157358198,0.8204080321811055,0.3750857704992311,-0.3230694828477031,0.8186187756480038,0.30768180993433714,-0.36778175910099514,1.062492822949731,0.14045103954178917,0.5754732187386833,0.8899591619325502,0.1362237936195806,0.12842270263885186,0.9480789106054606,0.14320787724700762,-0.3029309392018097,0.9853347728392144,0.1558156416887339,-0.2964754957019031,0.7933739314067814,0.10405394693592948,-0.30918853583782596,0.8399792817194812,0.1644910346452352,-0.35225578304285565,1.0052001948380458,0.2674572458955006,1.225292608867022,0.8693131678314665,0.27136933126866947,1.4895730257658937,0.8307284386372105,0.24318789977364488,1.3484610138380342,0.7456345732312466,0.4216235367028494,1.1306724049933297,0.8510354765856019,0.47757461885589353,0.8454510127457824,0.8545652484977242,0.43928544085270216,0.5965615314596121,0.7616078216887932,0.34912095687465705,0.4836798432136431,0.7439496517280538,0.360303681768082,0.4620474403824547,0.7495535327792082,0.40600194314202986,0.4450032728072336,0.8086707931508892,0.09436218880206665,1.137197513314852,0.8866505550786015,0.04104698570174295,0.8628922785465403,0.9137386145263185,0.053083149960010005,0.6018359933458074,0.8402076735832886,0.0983258676879557,0.5081396600435721,0.8132910808848623,0.05978277228077429,0.4767837715766531,0.8065283339665088,0.040157117670864426,0.4908626355496819,0.8137996381679192,1.488888888888889
0.3655635578716884,0.581075959991492,0.8248102908018276,0.35174516947545903,0.13353818492774716,0.9108943364820565,0.3272767667365616,-0.2795372211747522,0.9542973472866877,0.3128630763112606,-0.3262499787781994,0.8180213167193068,0.3756458023937198,-0.32573101663360576,0.8229338391332368,0.30746110943646854,-0.36738425836292343,1.0617269193922387,0.14018542140862847,0.5752248839283582,0.8912574231012729,0.136344273095813,0.1289062418414636,0.9477226010957883,0.14313191251563712,-0.30238982244842116,0.9851764245904442,0.15395185683085022,-0.2952243982639627,0.7899555332778931,0.10395384754848849,-0.30911665315033754,0.8399232206478429,0.1641368138496535,-0.35126833236457666,1.0039196288576657,0.267438881101991,1.225299266383194,0.8693115575375405,0.2711068851384486,1.4893440651224037,0.8319166287340365,0.24319407245197827,1.3484759366884542,0.7456435548977586,0.421573690258878,1.1305947870528643,0.8508190907152607,0.4774138941520692,0.8462792706155077,0.8536272231537505,0.44072328992961424,0.5966030580672552,0.7627350072736543,0.35023935861848754,0.48482506204589104,0.7419288615728097,0.3610754390788625,0.4620961395232512,0.7493280512964667,0.406052606117146,0.44369262080239824,0.8125541592915363,0.09437866843694935,1.1371766920108886,0.886745814215306,0.039763484455442644,0.8624965518948211,0.918438586569403,0.05190966496523276,0.6014554831737438,0.8436147417584257,0.09304768985990358,0.5048111921973026,0.8226422749749543,0.05454416055863849,0.4761633093768501,0.8079019026708771,0.036541596794458134,0.4906670883930687,0.8194820608490818,1.511111111111111
0.36496412151943675,0.581822481799662,0.8233713042670388,0.35181716244571104,0.13353875974789647,0.9116027816648996,0.3272835804939025,-0.27959251672538327,0.9543371632852999,0.3135201656925811,-0.32491230938679605,0.8148020357923876,0.3758887521946578,-0.3276150573621514,0.8260222639969974,0.30736529955662295,-0.36710803773884065,1.0613025958070958,0.13997662061891314,0.5752173946725408,0.8924147460437701,0.13638700752012117,0.12934138656415045,0.9476757656100334,0.1430289287344684,-0.30183363665959523,0.9849905041012338,0.15224012900037032,-0.29406628257541745,0.7867733160678108,0.10387841719156068,-0.3090612661476947,0.8398762384325087,0.16371234961223285,-0.35032850550352507,1.0027621309273769,0.2674313018159517,1.2253001190161816,0.8693141197706094,0.2706448463860238,1.4888732926440937,0.8338612904484746,0.2432136101337285,1.3484915450606034,0.7456500992963674,0.4210782901411111,1.1306595626292137,0.8507393329573056,0.4771776084236631,0.8470165101417322,0.8535057298670079,0.44077421202430045,0.59636966802931,0.762493140813873,0.35046027072975783,0.4854405387375267,0.7406359888408773,0.36063889807196475,0.46212173314126115,0.7491028245857022,0.40555698635245246,0.44312460436112366,0.8141682317625186,0.09435156961285088,1.1371719955820843,0.8866865188807775,0.0393887763753029,0.8622557302991911,0.9200179337464323,0.05077273163860759,0.6007519886358175,0.8472927950670686,0.0889937350632008,0.5028099148005538,0.8280322582581481,0.05173041035515279,0.4778562116677663,0.8044125458514332,0.03284948669544089,0.48961348371060115,0.8260870532921873,1.5333333333333334
0.36421090686635316,0.5826697778962723,0.8219846422122495,0.3517703144703385,0.1335642129022136,0.9120227953801485,0.3273079910247368,-0.2797404370373621,0.9543940321583753,0.3141675541769247,-0.3231001431157925,0.8115213928407607,0.3756830742080487,-0.32827819632670263,0.8271687978927114,0.3073851841193116,-0.36694013698069744,1.0611836498424398,0.13980733637579978,0.5753380139827199,0.8933631731747207,0.1363193399267896,0.12960061899033432,0.9479664445929541,0.14289890152095372,-0.3012850650269868,0.9848034032764901,0.15103259960359114,-0.2935113554282599,0.7850732452279363,0.1038337749088698,-0.3090271683900309,0.8398416550042693,0.16330636489856445,-0.3494828702007384,1.0017931620075922,0.26743659768887357,1.225298201289914,0.8693211250541077,0.2700728061440011,1.488211498121575,0.8362207225363418,0.24323494481482738,1.348503636051316,0.7456589864072612,0.4201855082346603,1.1309329105929662,0.8510755742600888,0.4768299271841928,0.8474768397277092,0.8547527501944927,0.4398213698028385,0.5958030636979592,0.7616834230998809,0.34993229296235107,0.4852602470020456,0.7401795996092879,0.359651055817937,0.4619991201478764,0.7492729438012171,0.4050175276821545,0.4432813927149358,0.8136864276974698,0.09431782285960444,1.137168200389982,0.8866188909887247,0.03963494219138805,0.8623045262517358,0.9191171929087412,0.04936382363957459,0.5995827346962094,0.8515529399506303,0.08629488672109382,0.5018225851513427,0.8306580952747311,0.0499733182463476,0.48058525883112185,0.7992020173490252,0.029268296925610237,0.4879477185677995,0.8330214187540641,1.5555555555555556
0.3633267329041623,0.5834204763522888,0.8208478629701286,0.35161822545650745,0.13354766275767377,0.912068858020015,0.32733392803417194,-0.27989026000099637,0.9544388996875389,0.31464975513789356,-0.32148582552626603,0.8089781180825489,0.37506588660482604,-0.32758798412025936,0.826131071803312,0.30752091956767974,-0.3668811474749666,1.0613658553446772,0.13968610493359465,0.5754712393438366,0.8939905442459852,0.13615212360319603,0.1296139205226186,0.9485187428433064,0.1427678717649455,-0.30077714192936145,0.9846616390770355,0.15046447411441966,-0.2937615569544147,0.7855311605742119,0.10381705223652087,-0.30902903457360675,0.839840635432608,0.16299162252785485,-0.3487079499648962,1.000952638833433,0.2674519596391826,1.2252986006640278,0.8693270022529763,0.26946527556407796,1.4874911102842876,0.8386753410993237,0.24326070097533192,1.3485121305610592,0.7456701783336486,0.419056335476569,1.1313960611832201,0.8518006595732497,0.4763414787478157,0.8476996715295196,0.8569924810087564,0.4383020329837768,0.5950012438958338,0.7609583680774431,0.3489270506775287,0.48445667178741764,0.7400957368450645,0.35854866660505336,0.46182247028467255,0.7495824426982884,0.4048236581273045,0.443636281365689,0.8126865168728226,0.09428623561624547,1.137166684317034,0.8865572781680577,0.03997084922806513,0.8627089655898561,0.917609717939101,0.0479091277049066,0.5982623999758757,0.8557971215585398,0.08447381085953554,0.5011262520446493,0.832638539306862,0.04785225508814004,0.48320871888058786,0.7950533769483294,0.026169951187700782,0.4861672798382285,0.83992587766034,1.5777777777777775
0.36236022542429114,0.5840624918531677,0.819970155990833,0.35137585128897914,0.13357339950531527,0.9117404813130446,0.32734493841025936,-0.2799539105414991,0.9544466108660123,0.31470767725771187,-0.3206207225239227,0.8077642114667921,0.37413574737655875,-0.3260440636054908,0.8236680561353207,0.307776525272591,-0.3669213472469696,1.0618907478501836,0.13961292068915235,0.575707716263925,0.8941526433781566,0.1359691926220361,0.12949699932142278,0.9490710387193559,0.1426674418240826,-0.30031933359731017,0.9845635691416094,0.15048968645050895,-0.29440244307119456,0.7874776196487406,0.10382781654712947,-0.30906914139938624,0.8398844420136001,0.16273514525514027,-0.347930111329357,1.0000952477359408,0.26747481560758624,1.2253085169209414,0.8693277619617329,0.26888610771474375,1.4868177494673211,0.8409410166369327,0.24328404497121245,1.3485238458556807,0.7456666798746823,0.41791140067444554,1.1319676610457656,0.8529159474615527,0.475748683132081,0.8477212179151489,0.8596578144054956,0.4366080134702923,0.594142642174278,0.7605151746784611,0.34772499024509174,0.4835200807829281,0.7398062272910909,0.35723387870201423,0.46182407761878463,0.749377453784492,0.4049376221921805,0.4437066336472315,0.8125264840132744,0.09425675406794579,1.1371725519598903,0.8864884184173429,0.040048903918622855,0.8634406701609889,0.9167704588434095,0.04698372240355842,0.5973130882344695,0.8589193022271683,0.0831594944093732,0.5001278585530636,0.8352309333843717,0.045284155578632905,0.48531623881377617,0.7922585978858604,0.02402208054246381,0.48470834422820397,0.8458572936640929,1.6
0.36147862959145377,0.5846576064197971,0.8193043136188405,0.35104450068126253,0.1337850821662096,0.91103699115359,0.3273420783405374,-0.279941188976985,0.9544236657157086,0.3142889400484701,-0.3208502398232344,0.8086396105114243,0.37300617855304563,-0.32464414806574365,0.8213627450981129,0.3081196466290832,-0.3669950819750225,1.062715164866339,0.13957847580250027,0.5761530527053151,0.8938906395350975,0.13585196137497066,0.12940979643420863,0.9493627274112658,0.14259089793133145,-0.29989306442824964,0.9844443832843308,0.1509141331537272,-0.2948254350028384,0.7895532195517364,0.10386287481785911,-0.30911461582064537,0.8399562869710157,0.16247894321985076,-0.34712611090164175,0.9992131842576351,0.26750282895763694,1.2253286427231118,0.8693229114169628,0.2684143196823974,1.4862743095717483,0.84271311393963,0.24325535912225588,1.3485393056301136,0.7456315658029383,0.4169792431816618,1.1325098349000742,0.8545150234704341,0.4751430999898961,0.8474753929754799,0.8624220338841518,0.43504922515476174,0.5934078875613219,0.7603645324907604,0.34654728787508976,0.4828566114691711,0.7392056890117855,0.35558820837979443,0.4621529415613531,0.7482710051477395,0.4051033137829104,0.44353092358687435,0.8130404206775228,0.09422685896912075,1.1371856677691634,0.8864184200688524,0.039925134005727836,0.8644635784828738,0.9165569208768214,0.0467299041122685,0.5969427230775692,0.8603027234302562,0.08239802260798743,0.49887270169018894,0.8378029732676664,0.04316955584703332,0.4869322162285196,0.789364246095166,0.023001602641379328,0.48381322195288556,0.8488733823005493,1.6222222222222222
0.36092273729841995,0.5851659594520318,0.818983741247119,0.350677576283211,0.13423836705335968,0.910040197950978,0.32733736667070207,-0.27991526340038125,0.9543922598584704,0.3135171789667499,-0.32230580508338164,0.811857826891431,0.3718729755216887,-0.32397211023788236,0.8201868574818534,0.3084646116038097,-0.36701616672660486,1.0635851057662988,0.13958043795344915,0.5767101561076444,0.893361610390409,0.13579568423587265,0.12935833106680716,0.9494065233417198,0.1424833927806028,-0.29948533931232263,0.9842558314741839,0.1513786865122115,-0.29469014611157784,0.790736826491109,0.10390773460765032,-0.3091211822381867,0.8400037329086776,0.16226577188402644,-0.346405903490967,0.9985773898915992,0.267531349839269,1.2253216502942652,0.8693097473328668,0.26814650006857743,1.485954060779028,0.8436895671424799,0.24313555394066766,1.3485188087979663,0.7455967627651378,0.4164233462014958,1.132859040613129,0.856710512617946,0.4746456215303172,0.8469284663448298,0.865123314278766,0.4337790212501048,0.5930760583732596,0.760327126584098,0.34555093328839404,0.4826152414603331,0.7385776099668169,0.3537637564245225,0.46277686509649996,0.7464036327699801,0.405121308781313,0.44342043380757357,0.8132903406071086,0.09419953949373751,1.13719946037439,0.8863673343252949,0.03976539037784318,0.865675373978628,0.9165244067788143,0.0468036317463393,0.5971210167652246,0.8597651558044593,0.08228837383981892,0.49776468005833463,0.8391045298429847,0.04209991031277157,0.4881133931782031,0.7854574562568052,0.022803465077087755,0.48381365998529235,0.8471555072895935,1.6444444444444444
0.3607640783770232,0.5855747267513188,0.819135798023296,0.35040800175231707,0.13490621020444554,0.9090018592293794,0.32733543693278017,-0.2799024074254034,0.9543618757389701,0.3126146048565628,-0.324458485008028,0.8159792903369723,0.3710307519718714,-0.3237720069064802,0.8197915630295513,0.3087288934419653,-0.3669668335317549,1.0642119004669437,0.13962681086585063,0.5772677793568651,0.8926389758285864,0.13574985835247916,0.12924114494251832,0.9493757293271181,0.14231976399541968,-0.299111814198964,0.9840220856816768,0.1514809897467978,-0.2940142134986648,0.790812691381359,0.10394016197115642,-0.3090773654338945,0.8399766370879084,0.16218852148215793,-0.34594320319289795,0.9985017953246998,0.26755056162950763,1.225232372015984,0.8692870893770717,0.26812120343644275,1.4859028689920086,0.8437974053357297,0.24302816584896436,1.3484182467323989,0.7456332651285253,0.41638078699537606,1.132854645465389,0.8595936776174938,0.47431484697664217,0.8462855238155812,0.8674643606506443,0.4328916315101856,0.5934892003086665,0.7599478157038267,0.3447203358065418,0.48287285552094306,0.7381764179183248,0.3518608498925063,0.4635883613486035,0.744105089334537,0.40481773836018387,0.4436415790702801,0.8125020509185172,0.09418079605630772,1.1372089469919244,0.8863486049259732,0.03964092764294263,0.8667549400194607,0.9164714571800822,0.04700262506072565,0.5979018105355081,0.8570516970011974,0.08281950212384892,0.497088777356001,0.8387898462716767,0.04206615604478767,0.48873054448848663,0.7813921656091458,0.02295339552809652,0.48500048032086057,0.8407587874296706,1.6666666666666667
0.3608013219988412,0.5859807608057296,0.8195593937463459,0.3502949149366526,0.13570656198132713,0.9081299142872911,0.3273270049156715,-0.27988109211252576,0.9543358551030262,0.31182183117074763,-0.32618955870481714,0.8187389500245804,0.3706769000697535,-0.3236899681837568,0.8196439401454666,0.30889288603836823,-0.36688473693769935,1.0645370391978315,0.1397350562912824,0.5778722319100895,0.8917018437717562,0.13569259841325865,0.12899251583267207,0.9493524114281722,0.1421633847992539,-0.29880882258503677,0.9838007532459969,0.1510037428446509,-0.2929906936330116,0.790028187162724,0.10394317478661803,-0.30899854289164047,0.8398700176255364,0.16225618090248162,-0.34577071377397917,0.9989970147222901,0.26754837059202896,1.2251145465581545,0.8692683752097341,0.2682329000774065,1.4860156616138307,0.8434250131740202,0.24316816498989757,1.348334291695516,0.7457048846839256,0.4168569260632138,1.1324738513370542,0.8624589350231476,0.4740753746792244,0.8458833066692488,0.8688764225018647,0.4324549698107174,0.5946740753810668,0.758910651053185,0.34384439531941446,0.4835893626783808,0.7380752953368949,0.34980312373827915,0.46448411384577487,0.741650107212045,0.40402555630925946,0.4443667542538758,0.8102190619409039,0.09417217360315691,1.1372204886215351,0.8863622926226227,0.03956288465568372,0.8673213651874634,0.9164107032508642,0.04737222892197791,0.5992839559216105,0.8522921846839507,0.08392314305830069,0.49710497505023543,0.8369353479887303,0.04288074591811507,0.48879188265629403,0.7783262797492501,0.023220718070450317,0.4872706306195749,0.8313520869723298,1.6888888888888889
0.36076473272395126,0.586494030226024,0.8198113886786675,0.3502304601125132,0.13652415470407164,0.9073749113704971,0.32730344935242395,-0.27982772906788916,0.9543195108660556,0.3112466682725542,-0.32656510202160083,0.8189469675790411,0.3707308983779809,-0.32369900407939645,0.8196904255688716,0.3089778674516272,-0.3667887289700553,1.0646554862383297,0.13992626140921618,0.5786285561620234,0.8904982632946696,0.13563247476895235,0.1286522667558151,0.9493267839644697,0.14209188056816066,-0.2986200934416821,0.9836253136281204,0.15015965045679297,-0.29176969013265547,0.7885404147268961,0.10391959598663264,-0.3088995325521609,0.8397125137460939,0.16238279621905768,-0.3457207949083842,0.9997702102479598,0.26752266810933134,1.2251497450597033,0.869276079636669,0.26832207341559805,1.4861097483873982,0.8431301489053372,0.24369750394066841,1.3484633525769778,0.7456394016106964,0.4175310965707347,1.1319915903076216,0.863665850594098,0.47389712529161243,0.8457928621380018,0.8691222765195691,0.4323888350023398,0.5961891565731344,0.7572972188805788,0.3427560512973938,0.48446373318790215,0.7381938577137236,0.3475368288950656,0.46533865226540205,0.7393231740427884,0.4027334406744527,0.4456071292259477,0.8064512485264582,0.09417163239446971,1.137238859239991,0.8863984235147304,0.03948709793129965,0.8672115451756394,0.9164910151502595,0.04779588083649035,0.6009358657253285,0.8467769826140499,0.08533737067453531,0.4979851811419184,0.8337258876299111,0.04412493393825476,0.4887620556765019,0.7762087235057092,0.023653362960925736,0.49025347859990787,0.8205386665342451,1.711111111111111
0.3605609331816534,0.5871391415920648,0.8196679251706206,0.35010316674625463,0.1372635377857444,0.9066013857249893,0.3272882932909993,-0.279724077810254,0.9542459833010605,0.3109662636885966,-0.3252604181765686,0.8168163943522027,0.37093245616870163,-0.3237367444901019,0.8198073100094443,0.30902066334195777,-0.3667237939585074,1.0646987687909437,0.14021306852934085,0.5795570744095861,0.8889981337224743,0.13558435351659315,0.12837350439704498,0.9492978856542856,0.14212203130460876,-0.2985808652727516,0.9835011669573958,0.14961392560625,-0.2904636533713269,0.7864952919625464,0.10388888129028738,-0.3087975831682964,0.8395491323169109,0.16250396460844851,-0.3456716378128497,1.0005529259078583,0.2674836875310358,1.2254586799468996,0.8693189317245326,0.2683459088438311,1.4861210149074582,0.8431065295478739,0.24449234882864015,1.3488089171758093,0.7455039255240908,0.4179671924037819,1.1317960054750154,0.8622437436662242,0.4738481423627544,0.8458749069779208,0.8685990974206613,0.4324810500784657,0.5975849155191497,0.7553626884497375,0.3414168686794632,0.48515927504544476,0.7384177728444585,0.3452095471185278,0.46600440550536926,0.7374660702979772,0.4011579524573837,0.44715185359743737,0.8018090824367906,0.09417309942294212,1.1372271510835423,0.8864351980814702,0.0393335401404217,0.8665381052853482,0.9168241140156903,0.04797400190018786,0.6023365665013627,0.8423078289404049,0.08666647092228194,0.4994740139532836,0.8301376962026469,0.045241167304402814,0.4890671204998426,0.774686581872554,0.02434596117062398,0.49356428727346946,0.8094105988985839,1.7333333333333334
0.36028344726953915,0.587825908768534,0.8192824407998645,0.34991488533667886,0.13786710223802917,0.9057991557699022,0.32732765431523686,-0.2795004838826716,0.9539446330109542,0.31115937704242796,-0.3227388435392428,0.8133853710214257,0.3710462574532901,-0.3237673398118614,0.8199225035687702,0.3090998106667611,-0.36680568675083997,1.0649108083545218,0.14059820442281357,0.5805289111069174,0.8873159530947863,0.135560804163708,0.12830684468337966,0.9492853404033759,0.1422372160847877,-0.2986482394616917,0.9834174074157649,0.1499141058858129,-0.28936276346615253,0.7845477329828776,0.10386379462768335,-0.30872083769121644,0.8394387804255075,0.16263605305321346,-0.34570470759863187,1.0013104833854616,0.26743800593116174,1.2260011658904626,0.8693865457073312,0.2683510964048403,1.4861021371077305,0.8431991749894208,0.24526575303053455,1.3491892742766398,0.7457870905708986,0.4180245231110432,1.1320592652572499,0.8587591406757293,0.4737646097479666,0.8462695229679118,0.8673442699155802,0.4324576490789604,0.5987823799683646,0.7534009592262624,0.3398132297259897,0.4855699114727505,0.7386702228667111,0.3431495530052331,0.4663683524316055,0.7363875898388496,0.39958972922991653,0.4487003539692091,0.7971450633254518,0.0941675808519358,1.137131138949656,0.886450293937449,0.039124133416306606,0.8655838199733261,0.9171948102679333,0.047774334927584886,0.6032431975758381,0.8393800526238724,0.08788506884461411,0.5012846655140879,0.8267207055682431,0.04604877564901445,0.4897860104934343,0.7737205993823121,0.025347041275707166,0.49688329982443846,0.7989678180540012,1.7555555555555555
0.3600488346444274,0.5884147015915224,0.818886466143196,0.3497048200656198,0.1382990420605834,0.9050499452490299,0.32742261640823206,-0.27913116999277693,0.9533901611958203,0.3118012600356266,-0.3201188594016889,0.8099012818148215,0.3709942320481432,-0.3239467599324092,0.8202801401437652,0.3093027098447897,-0.367083987213009,1.065518973314573,0.14105040448224526,0.5813293307300877,0.8857682907820527,0.13556768374523695,0.12846045268176193,0.9492925298575722,0.14242718289431042,-0.2986680082751528,0.9833520291539148,0.15097609985153926,-0.28892914028905325,0.7837218380908072,0.1038420899468849,-0.3086935618104008,0.8394253119637812,0.1628099375014495,-0.3459478493585887,1.0021285986699322,0.26738320507052526,1.2266701677608172,0.8694635317607441,0.26832645427514235,1.4860907077092067,0.8431756080374639,0.2458114039993464,1.3495443287905502,0.7468843063391042,0.4178136555926897,1.1327065359553883,0.8542126340555565,0.4732584409397287,0.8473564806153286,0.8645177671693052,0.4320303563525358,0.5998341368232817,0.7517229086832755,0.3379733423939416,0.4857364165903193,0.7388804949024785,0.34154648888484607,0.4664244758542857,0.7361459375527124,0.39820609255036965,0.45006235439785125,0.7930248214020026,0.09415365634999392,1.1370117387752707,0.886446861429095,0.03904567421360268,0.8647087547821972,0.9170849095743345,0.04736132692582726,0.6038978640712904,0.8368672380701008,0.08949875750589716,0.5035939175909206,0.8222132127008543,0.04673997845968493,0.49108000660605117,0.7726210794887574,0.026719510255767222,0.49999258130506097,0.7900793233808641,1.7777777777777777
0.3598541371789373,0.5888142204689276,0.818589482352697,0.34948308938191386,0.13854950365949137,0.9044106600116084,0.3275149535828939,-0.2787954731167328,0.9528757487547423,0.31251342284394124,-0.3183150835310343,0.8070659963239359,0.3708962364535722,-0.3241699784043288,0.8207137068555576,0.3096431899197644,-0.3675016730877502,1.066519884036868,0.14147486938677656,0.5818185030470973,0.8846136257376631,0.13559925942226125,0.12870804160053684,0.9492968665825905,0.14269401488120426,-0.2985470577694343,0.9833158008132489,0.15233079526283505,-0.28936289184382175,0.7844234981358578,0.10381789844136172,-0.30872431402977907,0.8395119244177863,0.16303001595802005,-0.3464664424544205,1.0030709370162425,0.26731656318777475,1.2273752217023821,0.86953811047083,0.2682134124037739,1.4860886292100242,0.8428712892577428,0.2460754979461585,1.349941983778887,0.7487052176895069,0.41746289072490317,1.133532850461819,0.849274225665708,0.4721665085425981,0.8491145171548445,0.8598417499597739,0.4310538287741832,0.6006656659487107,0.750463513972512,0.33604539054572635,0.4857231713426915,0.7390886162982295,0.34028987077297324,0.4663216442996859,0.7363492320759673,0.397057074365861,0.45121757399605267,0.7896221921583901,0.09414101714518149,1.1370576702714397,0.8864501114760401,0.03935124161542041,0.8643013499232195,0.9159160235403334,0.047069117269282014,0.6046681020945581,0.8336255662521931,0.09199388604550966,0.5065039441933323,0.8153820898370723,0.04754537628941033,0.49316026017107184,0.7701345343272465,0.028445595303068623,0.5027103859088178,0.7832013371709742,1.8
0.35959233575364646,0.5890021808833504,0.8184362706571906,0.34921289467671796,0.13864348092514384,0.9037907318717986,0.32756008144258925,-0.2787471493916598,0.9527210151994497,0.3129719142265098,-0.31748558277435257,0.8050133225465426,0.37095404822077266,-0.3239364020492085,0.8204135346318122,0.3100737931026101,-0.3680526598889121,1.0677959222485263,0.1417820551668815,0.5820250737821866,0.883818339439513,0.13563692205242514,0.1288872485879604,0.9492762473261365,0.14307398023557422,-0.29840587894110027,0.9833641471867021,0.15352714929184863,-0.29041660788559037,0.7861584622306971,0.10378916766177264,-0.30879788677504805,0.8396566828491298,0.163312443977911,-0.3472830282630638,1.0041552180890636,0.26723536658813246,1.2280419709681647,0.8696000696888855,0.26807066803417134,1.4860883946607397,0.8424948171417579,0.24604206553183505,1.3503817256569213,0.7509083670361302,0.41711101026254277,1.1342597058597774,0.8446068448077297,0.47072864636884404,0.8509309038946089,0.8546699615248675,0.4295544090240033,0.6011867901395468,0.7493953220139686,0.33426302778571676,0.48568779804569306,0.7394513416833334,0.33930165527021794,0.46625683247471617,0.7364507155737073,0.3960890003540407,0.4522621854694987,0.7867938144989735,0.0941394217266269,1.1373895100225837,0.8864738783049821,0.040221195987298945,0.8647172346104591,0.9132576354972592,0.04714487669736095,0.6056431145377408,0.8294028066915838,0.09541142399953904,0.5096446565153538,0.8065062722056586,0.048705194189954046,0.4958538960903374,0.7653844376970632,0.03022157419060515,0.5047726824830314,0.7782311969018012,1.8222222222222224
0.3592219479052469,0.5889944509506468,0.8184309866931825,0.34881274081491576,0.1386276989899305,0.9029481747204195,0.327563094894924,-0.27909870421153693,0.9530023339673598,0.31313153307929986,-0.317507784686931,0.803920000761592,0.37125604667124334,-0.32292262858833454,0.8188352493933193,0.3105337943445886,-0.3687407737305085,1.0692133077026589,0.14197249043563587,0.5820615332530705,0.8832520806096684,0.13565709868459797,0.12893173224345272,0.9492515287200467,0.14362768884913393,-0.2984602266334829,0.9835008675121276,0.15439107952369238,-0.29178573433343974,0.7883745655807789,0.10376649714243599,-0.3088682424794782,0.8397800790269068,0.16368504209277193,-0.34832266196445455,1.005353585050039,0.26714629636010767,1.2285835966735452,0.8696403383313182,0.26809221391863813,1.4860453857550469,0.8426428266480415,0.2456823240328045,1.3507727769178088,0.7531950574677506,0.4168652603006031,1.1346377879321026,0.8409383337628022,0.46936723044717243,0.8522762407328555,0.8502886533454239,0.4275822828125331,0.6015122520390624,0.747909109685571,0.33279941712478617,0.4858917271297078,0.7398333873301153,0.3387204646359788,0.46628749560924454,0.736293749717725,0.3951120532659218,0.45328278722274895,0.7841003527631396,0.09415156929022703,1.1379621307812398,0.8865133849809749,0.04164395684139559,0.8661147049364325,0.9091591616140697,0.047517925717945636,0.606717593149773,0.8243678230848737,0.09951231718379713,0.5127497596644789,0.7960101622843447,0.05047363651409209,0.49896573267127114,0.757827486025119,0.031574309619860436,0.5060012175034596,0.7746706346556552,1.8444444444444448
0.358828480207581,0.5888301014030645,0.8184587620187962,0.34824762994832315,0.13854688937729642,0.90178365220507,0.3275363448352177,-0.2797950590376562,0.9536387118722265,0.31310732929636464,-0.3184002731041487,0.8039519043681499,0.37174795720391907,-0.32126423950273125,0.8161853122651227,0.3109307018958799,-0.36944805793139757,1.070502797909353,0.1420835069832501,0.5819842784416495,0.8828976668854516,0.1356502204606477,0.1289246494869341,0.9492685955691045,0.14430451979170314,-0.2988163542473745,0.9836552408230678,0.15509908984012166,-0.2933528939412239,0.7909017295337399,0.10377323884304958,-0.308890450262544,0.8398131235132451,0.16412581329620848,-0.3494438457193097,1.006618335320567,0.26710138211694645,1.2288937862144182,0.8696638489553496,0.26840331851861576,1.4859148608610788,0.8437029982149671,0.24506144739235247,1.3510135865985062,0.7553504583887756,0.41675046567173535,1.1345407290055685,0.8389280159999467,0.46834225942237684,0.8531367183257237,0.8464890388203792,0.4252156583561214,0.6018967871301424,0.7454017035887646,0.3315920255955413,0.4865286180178429,0.7396933353810523,0.3385689322166122,0.4663431362872261,0.7360415745054778,0.3939272135050342,0.4542485258454719,0.7811083865976097,0.09417480907871051,1.1386640664913772,0.8865623521720485,0.043419466017685704,0.8681653930522726,0.9042975328055181,0.04793978542328776,0.6078082090885164,0.818782877712279,0.10405129500999274,0.5158908303867116,0.7841626026846141,0.05294404644102275,0.5029159663975402,0.7472061230014408,0.03234134466807835,0.5065679901196075,0.7721044441704381,1.8666666666666667
0.35847573537455296,0.5885637579214149,0.8183485227438547,0.3476129484461657,0.138429429970163,0.9005592766850272,0.3274690441831985,-0.28068734816433005,0.9545291292845597,0.31315600766244384,-0.319844646816247,0.8046369958112767,0.3723490676091725,-0.3192712946466248,0.8129848194642396,0.311178401678566,-0.3700379518551413,1.0713921307333956,0.14211170447037028,0.5817792089740288,0.8827773751358414,0.13564299263060667,0.12898728321047825,0.9492724530099529,0.1449020510733276,-0.2993321270340464,0.983807104095456,0.1556739033054962,-0.29508002869890226,0.7936922930881911,0.1038134624176872,-0.30886958895342514,0.8397626933963618,0.16456839656953512,-0.35060286003365904,1.0079197914759923,0.26716547787313255,1.2289259651726934,0.8696917597052936,0.26895804212481106,1.4858277777766729,0.8455504170707333,0.24442499480492882,1.3510922538745653,0.7571586706132831,0.4167633333916892,1.1339718319872474,0.8388303917714275,0.46757409678545514,0.8536089521826483,0.8430105417379813,0.4226411373609288,0.6023645272794514,0.742017070706384,0.3303165269894072,0.48758735142343085,0.7386636666053721,0.3385689032764093,0.4663692056676585,0.7357829689702124,0.3924878494687898,0.45516316177048416,0.7774947583404024,0.09420191221240781,1.1394021722775287,0.8866097360632671,0.04526155724740896,0.8700795002247943,0.8995329789807891,0.048256168779103444,0.6087859576224451,0.8132486146294549,0.10877374171619082,0.5191014750890895,0.772179965974275,0.056045969129312034,0.508284262742117,0.7342731891005916,0.032833391127312234,0.506814180875618,0.7704232864123997,1.8888888888888888
0.3581378513623918,0.5882382767056378,0.8181149910201442,0.3470339536889656,0.1382934735046546,0.8996027997452924,0.3273466144749848,-0.2816498728143209,0.9556016246128566,0.31352652779306356,-0.3210302066550447,0.8051064784320385,0.37298767379894415,-0.317205663380766,0.8096699384656625,0.31128693160222287,-0.3704408121167418,1.0718651223322018,0.14204058933194888,0.5814531858426554,0.8828981746643108,0.13568769571556374,0.12916983710398755,0.94908664833307,0.1452915327381986,-0.2997192490382864,0.9840061421888591,0.15577386219029082,-0.29687395679190964,0.7965726238268296,0.10386162743272453,-0.3088437853753635,0.8396831406028313,0.16497709234007568,-0.35181652481069436,1.0092358664757506,0.2672696782661913,1.2287942561519176,0.869721129629432,0.2696406670484893,1.4860466579498302,0.8478310407211189,0.24405484612843142,1.3511519109056338,0.7583271153631214,0.41685717700320507,1.1331292702676057,0.8398239457847334,0.46689784352417263,0.8536177935301845,0.8404514032963089,0.42005848066320906,0.6026724116620552,0.7386482632775089,0.32873784153689356,0.48890461473198077,0.7368893690718881,0.33845817390707444,0.4663568900866725,0.7355215303169563,0.3908829451083653,0.4561627914303162,0.7729479929085925,0.09422566103890209,1.140099531074946,0.886639858421846,0.04687872287765764,0.8711666812322195,0.8952651285344053,0.04842206303673205,0.609397378520471,0.8088328245978252,0.11330221081083897,0.5222612008601895,0.7617007663964964,0.05963247630067649,0.5147782162743626,0.7209137115020139,0.03346508838050094,0.5069476633636602,0.7693792647061113,1.9111111111111112
0.35778065994366187,0.5878639061305252,0.8179410287108309,0.3465334291174914,0.1381662805405512,0.8989694551058566,0.3271710830444653,-0.28264065992229775,0.9568206717101093,0.3140767158100542,-0.3214528805162513,0.8050814450384473,0.37356947930870044,-0.31530859227184493,0.8066074112655253,0.31131514461474036,-0.37061032565131147,1.0720375692232447,0.1418972550317614,0.5811113001727021,0.8832391898026895,0.135796539660621,0.1294085834320987,0.9486566084462291,0.14553463817152099,-0.2998836841782898,0.9842618619851258,0.1553816077690627,-0.29837845289681536,0.7989584826536503,0.10390749321077031,-0.30881852137749066,0.8395781500021696,0.16535664765535155,-0.3530182147280855,1.0105226653962494,0.26720344395777496,1.2286812137610632,0.8697022708269551,0.27035611691741324,1.4865363233777893,0.8501547650143516,0.24401909748243256,1.3513116770795166,0.7586586751639143,0.41694437901425896,1.1323637525277068,0.8405570697671598,0.4664578799817522,0.8531593021872957,0.8391598504272103,0.417580202599043,0.6026561115951343,0.7360763852592596,0.32698422673822336,0.49029992336293526,0.7347276320571027,0.3382406497919208,0.46630238234145754,0.7353073781722744,0.38929275570544214,0.45733548861638496,0.7674203979935799,0.0942463926397795,1.140664600482203,0.8866573947888607,0.0481015010551813,0.8711781746328167,0.891449570606249,0.048497224165273474,0.6094597106778912,0.8066414089946503,0.11706332303589842,0.5250682027656872,0.7540263887349713,0.0634387374865874,0.5212319473198179,0.7093287304444205,0.03443903711065438,0.5070668417145927,0.7684347115231174,1.933333333333333
0.3574043847158578,0.5874336732144,0.8178931347199747,0.34608641820857494,0.13807216977172754,0.8985629238844605,0.32695661362681294,-0.28365337956026027,0.958165618191122,0.3143075249267913,-0.3213465204999814,0.8049508027174421,0.37399325418309676,-0.31384603489279606,0.8042003262730967,0.3112710900858026,-0.3705358725930848,1.0719257087002496,0.14175323065415013,0.5808992518173111,0.8836446827556406,0.13591003333729135,0.12957361378043109,0.9481962899338703,0.14571900669856927,-0.2999827214191319,0.9845308142076404,0.15500149088586967,-0.2989769716778754,0.7998862101549296,0.10396441415058871,-0.3087785217781564,0.8394450967542756,0.16571346627917707,-0.35413154814268183,1.0117334634114712,0.26683350546354684,1.2286513728861008,0.8695909585998538,0.27102948706191693,1.486880508888524,0.8521238434404187,0.24414111550422574,1.3514578817718612,0.7584089594908072,0.4169798108366889,1.131896462266579,0.8405668993174582,0.46649503085988964,0.8525450576753537,0.8385380192524916,0.41524386265961005,0.602342008461231,0.7345813082303023,0.325262446789781,0.4916045824123585,0.7324559053806973,0.33803863949465685,0.46621122027847955,0.7351953257888123,0.38794771613781276,0.45872191297026155,0.7611987538166912,0.09426681243027887,1.140987026106346,0.8866832529057482,0.04898436745096474,0.8702136105621008,0.8881234708103853,0.04867215897106619,0.609151502338268,0.8067156307707005,0.11947857402372136,0.5271255904905268,0.7499487569084122,0.06723969370515834,0.5265900798968357,0.7011151769077157,0.03574371251877405,0.507298339800887,0.7672752739868784,1.9555555555555555
0.3570312589000598,0.586938655259923,0.8179084605325955,0.34570783667267957,0.13797377504406677,0.898372718439684,0.32671300648084284,-0.284678251248655,0.9596112168816687,0.3138627585107322,-0.32132487631284146,0.8050272153613001,0.37420951778310413,-0.31300328382048254,0.802755389724864,0.3111523422220521,-0.3702935419240791,1.0715589259629927,0.14166224438848643,0.5808303819623748,0.8838940354150435,0.1359418209779042,0.12958239409484446,0.9480242485687891,0.145852437148462,-0.3001754963776399,0.9847779007611871,0.15492293062776774,-0.2983315381750664,0.7988407424884839,0.1040058028372488,-0.30877542454920415,0.8394484821685254,0.1660490008554778,-0.3551856384662586,1.0128569079709808,0.2662048717216029,1.2286877718778335,0.8693971559745328,0.27157265015707255,1.4868214648015596,0.853454625134221,0.24422127031827434,1.3514481169357633,0.7581393781400687,0.4169422906973529,1.1317294510545557,0.8402094945834837,0.46681585824566796,0.8522921480006437,0.8374753426441501,0.41305784639179094,0.6018119649837997,0.7342594042511037,0.32366297724176674,0.49255534746351204,0.7302616015773234,0.3379064589144333,0.46610664219940495,0.7351875681292808,0.3870227083703805,0.46039530758907143,0.7547460637070743,0.0942840667467382,1.1410235955162389,0.8867244828808145,0.04969880315806734,0.8687587861274187,0.8853978027225933,0.04911680720495068,0.609025167330013,0.8074266290341101,0.12053926279124014,0.5284164327074603,0.7487310696283209,0.07098694416437056,0.5305791209381672,0.6964354699890645,0.03733583252841387,0.5078616520847041,0.7657646008274773,1.9777777777777776
0.35668629986378375,0.58636940887104,0.8179648794737957,0.34540366815878776,0.1377686625060341,0.8984695715943647,0.3264271064164337,-0.2857168381660712,0.9611203781581926,0.31274452813033105,-0.3217080504980134,0.8052464828487148,0.37426304858524506,-0.31271539524062386,0.8022108692768336,0.3110239359497472,-0.37004654829212447,1.0711672709294617,0.14161072244661357,0.5807622851398532,0.8839406304116684,0.13582540149740122,0.12940779086457138,0.9483726891839971,0.14591848494239407,-0.3005285906065038,0.9850030999145555,0.15496865147686234,-0.2967889633131311,0.7963800760651596,0.10397219731233281,-0.3088874933813176,0.8397970597232032,0.16636377392546703,-0.3562625577263224,1.0139060339643773,0.26543105634894104,1.2287988303693793,0.8691627961815968,0.2718776825915628,1.4865138984872734,0.8540106601859615,0.24421585952922392,1.3513525224143683,0.7581122344636552,0.41679657202806886,1.1317889191916144,0.8397268611576426,0.46699268411181716,0.85265807490401,0.83534160954318,0.4111000718519554,0.601167078872143,0.7351292351596632,0.3223680266145014,0.4928975789632899,0.7283761909653641,0.337836927105111,0.46601698817950615,0.7352572916704135,0.3865651588878801,0.46230316187894227,0.7487536453981924,0.09429666391867636,1.1408967885358283,0.8867771186771087,0.05037589194289069,0.8675172866053729,0.883096596559253,0.04983324553485413,0.6096001468186023,0.806929808982324,0.12091789452142832,0.5293384436342747,0.7484010840508365,0.07464675359388662,0.5334354776014505,0.6941826376839585,0.0391881051466214,0.5089203935572189,0.7637091822855225,2.0
0.35638602218576737,0.5857320295469632,0.818082144097801,0.34511444658533214,0.13741211128985614,0.8988330433150165,0.32608308571281497,-0.2867703275053515,0.9626504498118655,0.31117280461059427,-0.32215525196381545,0.8054234162742419,0.3742309487984657,-0.31277188471287404,0.8022690830944805,0.31096246130817,-0.36992631746611443,1.0709979780350722,0.14155297075261764,0.5805944283820221,0.8839023060705647,0.13556484621555998,0.1290810567726577,0.949227366511221,0.14591725702794206,-0.3010355386326196,0.9852388865181306,0.15493824567232803,-0.2949923185770906,0.7935187584356962,0.10390631564218257,-0.3090185285839637,0.8402333594081772,0.1666490919866663,-0.35736361435534286,1.0148687720092866,0.2646130738405926,1.2289254496988489,0.8689175317932114,0.27190194091224207,1.4861844459220699,0.8538351865247259,0.2441804352054544,1.3512882492634988,0.7582021132991099,0.4166185870987271,1.131937696380306,0.8393215518029302,0.4669291308765218,0.8533224095827945,0.8328387796763228,0.4095022123124694,0.6005729219273961,0.7368100920382674,0.3216222871060844,0.49287502580621506,0.727201410397004,0.33781608794670637,0.4659762918814776,0.7353626690406628,0.3865144953697107,0.46421289853057845,0.7440409011114273,0.09430805528963199,1.1407944648745934,0.8868396214871479,0.05113509890904049,0.8669251489440579,0.8806977116125906,0.05069696125980268,0.6109195260349256,0.8048982867367476,0.121277567572252,0.5300767767493636,0.7480051458901521,0.0781301719403059,0.5351783536996079,0.6934624106094618,0.04109510613812066,0.5103666539143573,0.7612436681192128,2.022222222222222
0.3561484148096294,0.5850559095029744,0.8182754200897719,0.3447798880357765,0.13699020876253903,0.8992626660530647,0.32572163913773633,-0.2877839661382748,0.9641743906603165,0.3094315446071151,-0.32217571329967976,0.8054981920158847,0.3741029121294702,-0.3131460680180655,0.8028817088969316,0.31096458062061866,-0.3699144216990309,1.0710374081602292,0.141470197045644,0.580376342855814,0.8838751815716483,0.1352477381845372,0.1287103442050051,0.9502930938341263,0.14584869112298013,-0.30160100557400743,0.985498409051293,0.1547814617762478,-0.29329182825023453,0.7907903042558918,0.10397700027339157,-0.3089035660459009,0.8400237254112278,0.16688590024674768,-0.3583689988173862,1.0156942440017411,0.26384479168720054,1.2288951996057849,0.8686739469240363,0.27176884760064235,1.4858786139711857,0.8533466593338077,0.24414817601420405,1.3512586013638337,0.7582768001479996,0.4166293432986339,1.1319962862178325,0.8394817344310473,0.4668629131635202,0.8537527033800015,0.8313177511673369,0.4082932307793654,0.6001985048317033,0.7384521039119774,0.32144100462313463,0.4932366380701406,0.7270438619297882,0.33782726391857915,0.4660096527349268,0.7354572777216613,0.38666872523470686,0.46587789602422247,0.7411051986728792,0.0943186355873214,1.140776458621043,0.8869062836010981,0.05207992404474367,0.8670987150026781,0.8777857968664977,0.051573263400298865,0.6126116833404407,0.8020737636259025,0.12182575680681856,0.5304390617998954,0.7479841363733575,0.08135445404313474,0.5355586989238051,0.6940783845579388,0.04265820336842248,0.5119087356684563,0.7588891690367354,2.0444444444444443
0.3559896189790598,0.584349476593381,0.8185239030313363,0.34441873549874286,0.1365991189315024,0.8995446164300024,0.3254137032889908,-0.28867305879130706,0.965676747620792,0.30774850518506724,-0.32168267796160666,0.8055135732209406,0.3738014938192259,-0.3139917137397911,0.8042573756586737,0.31098032629162464,-0.36992247601283124,1.0711188782520602,0.1413802022527154,0.5801899352649916,0.8838861870690763,0.13495738788654368,0.12837604328079416,0.9512719835790633,0.14570826807984955,-0.30211949608686633,0.9857592504421724,0.15464161257076314,-0.2917575505509975,0.7882974731603072,0.10430226253882124,-0.3083971868371874,0.8387186472691613,0.16705595462268535,-0.35915120084760416,1.016322715921515,0.2632345964122655,1.228594165910295,0.8684563383078787,0.27166913949135096,1.4855467193828318,0.8531214690178982,0.2441205153617101,1.351233515376099,0.7583228614584072,0.4169761379351942,1.1318922421672033,0.8405614103169214,0.4669910254873613,0.8538586811916853,0.8308743918049122,0.407452095613574,0.6001203384714671,0.7392656035064578,0.3215773472475928,0.49436965030194624,0.7276082547782013,0.3378481958939818,0.46610198433929634,0.735517498547222,0.38670530041956036,0.46706985437722204,0.7399906845914944,0.09432531797540045,1.1407893327991023,0.8869669475393196,0.05306309207687289,0.8679280411105335,0.8749073137656763,0.05237148351492952,0.6143019862806032,0.7990913287832035,0.12252643777636121,0.530364207308148,0.7484839222181499,0.08427217546806332,0.5347908374834403,0.6954350634052029,0.04358250473245115,0.5132899568408795,0.757111047705594,2.066666666666667
0.3559041512003622,0.5836061958170135,0.8187073298024059,0.34410308032391473,0.13626489389252672,0.8996547271330136,0.32516678177105884,-0.28941610287129244,0.9671243924272646,0.3063151321230552,-0.32083504692622966,0.8054797398503282,0.3733045879321012,-0.3153425597572201,0.8064334260596998,0.3109865126311764,-0.36991310202207195,1.0711597326435063,0.14131147853348186,0.5800325196090982,0.8839469082940152,0.13471281069192784,0.12808192251209266,0.9520842297880356,0.14550023041019405,-0.3025915188674033,0.9860620613460443,0.15480771398524668,-0.2904937988905842,0.7862841828021778,0.10485352069699667,-0.30758364556084233,0.8365095359867969,0.1671420691980572,-0.35966089569575144,1.0166834748002824,0.26290393592066374,1.2280622630073068,0.8683100851440824,0.2716622445009079,1.4852356254502856,0.8533407766276611,0.2440989682263081,1.3512123541998886,0.758350426040159,0.41761554214711094,1.1316780289706425,0.8424392112079027,0.46724180262904047,0.8539160727746369,0.8304946537548499,0.4071130043084428,0.6002639724776646,0.7392007786000594,0.3217438988852145,0.4959076437144151,0.7282092866630803,0.33786664658054794,0.46621627891125994,0.735521199624132,0.3864225318196545,0.4675998384993322,0.7405082668075329,0.09432627470821,1.1407949790928735,0.8870131459142041,0.05366987140057126,0.8689313286483791,0.8734624180181618,0.05300813856506166,0.6157668941685933,0.7963388535640454,0.12333231683747593,0.5301243663410591,0.7489901078418233,0.08681472299716769,0.5337179429237107,0.6965041267909988,0.04391225956961602,0.5143643956681034,0.7560825735119908,2.088888888888889
0.35587612385470585,0.5829265701623259,0.8187041263717507,0.34388691901957436,0.13603989037201103,0.899707682348203,0.3249382123497924,-0.2900438023816939,0.9684701831515395,0.3053697546056438,-0.3197600417026683,0.8053528923007355,0.3726439532950151,-0.3171182275634549,0.8092870006955392,0.3109867894989344,-0.3698932886917414,1.0711714235739425,0.1412859248173427,0.5798681747718605,0.884034335379775,0.13450417453287844,0.1278235941513029,0.9527650186044363,0.14520865309781927,-0.30301984365770673,0.9864398998831782,0.1551935541901771,-0.28971547420492133,0.7852061861846831,0.1055263974531238,-0.3066348304807235,0.8338550736761856,0.16712156338819292,-0.3598763530431856,1.0166878168081999,0.2628972500843781,1.2274026070496165,0.86826085095122,0.2716872847955431,1.4851750353254736,0.8538066491635696,0.24408690984128242,1.351204987462332,0.7583571067679199,0.41842767846480533,1.1314182931790997,0.8447601659198197,0.4673950325465034,0.8539889385003041,0.8300415695602015,0.40737919066481043,0.6004254582202321,0.7389138373817081,0.3217868318495428,0.49735282206302334,0.7285359869196504,0.3378841246443123,0.46633179641280587,0.7354442822260625,0.3858609475618341,0.467490831849113,0.7422192431055086,0.09432030240062478,1.1407939993064926,0.8870352403485746,0.05358213833587462,0.8694938242941059,0.8742334697332226,0.05337158498330979,0.6168153688689472,0.7942021743943379,0.12414540915826656,0.5299759810649036,0.7492496729402246,0.08878973538050355,0.5329678669605997,0.696973164453995,0.043942382153371276,0.5150816300502177,0.7556819766788169,2.111111111111111
0.3558841774149143,0.5824829980189167,0.8185731114226078,0.3437740153335251,0.13601358747780184,0.899782818875751,0.3247095894183125,-0.2905656197764147,0.9696781024839389,0.3050325738562379,-0.31856542776958896,0.8051472437206425,0.3718577964288932,-0.3192394721166511,0.8126863045162316,0.3109859514358276,-0.36987607084411284,1.0711774351664556,0.14132081826758872,0.5797469219030233,0.8840107428445235,0.13432780402282926,0.12761220575081705,0.9533243763603474,0.1447799965686172,-0.30322749363968426,0.986673153756644,0.15532102868329806,-0.2895722054978578,0.7852090677546512,0.10621811819786611,-0.30569612435785787,0.831143425808707,0.1670016699462622,-0.35978203449792845,1.0163579562304774,0.26307410660458,1.2267041435719102,0.8682705857763694,0.2716984553317491,1.4855194299647856,0.8543065672504772,0.24408150072035317,1.3512145090648424,0.758342040662742,0.41930821307724997,1.131148239248525,0.8471999565636414,0.46737314366261284,0.8539590229324753,0.8300408457360391,0.40795394003564334,0.6004691076366739,0.7389179405663879,0.32172120551906247,0.49852483856294194,0.7287307259000133,0.33790281678594236,0.4664375974276277,0.7353239696924747,0.3852012583473179,0.4668828967644426,0.7446439471447707,0.09430791842267006,1.1407916717415545,0.8870270352207805,0.0528182261467309,0.8693178532331025,0.8765892005544054,0.053435790050988925,0.6172983784180264,0.7930597458650122,0.12480575467462969,0.5299386076271723,0.7493985030857981,0.09009881497074278,0.5324417466033269,0.6972114546685144,0.04395083159798155,0.5154366484856634,0.7557012814197295,2.1333333333333333
0.35589184684998715,0.5823120493927396,0.8184785297888484,0.34374820891285957,0.13620442377056946,0.8998814047421513,0.3244916446870244,-0.29096281418997777,0.9707239869635235,0.30506264932126187,-0.3174379212610734,0.8050046688926323,0.37107929248127003,-0.3213505827722437,0.8160519370955739,0.31098563975028826,-0.36986771363310256,1.0711869246494616,0.14141041317526892,0.5797821652461794,0.8837127646047584,0.13418591599564056,0.12745234241350262,0.9537514964280536,0.14420209566879066,-0.30304662694804096,0.9864874537697257,0.15510930405391674,-0.2899053918653012,0.7857157925961182,0.10685924624994254,-0.3048518820895179,0.8286376272095536,0.1668729924921274,-0.35946373397703724,1.0159700697226006,0.26321855889833756,1.226043718805348,0.8682718251514321,0.2716955292606605,1.486007366642502,0.8546713152355543,0.2440742794585929,1.3512354838819929,0.7583131329528234,0.42015755891349177,1.1308954750864526,0.8494845383229639,0.4672908114140427,0.8538626025454155,0.8303197105914002,0.40836246876670157,0.6004381946509534,0.7391403229616462,0.3216479832920768,0.49934629574229394,0.7289119716440927,0.33792506409016765,0.4665180918984195,0.7352485728435101,0.38465893062149026,0.4658929286608491,0.7474781537572148,0.09429414999224442,1.1407880585337105,0.886997002722967,0.051685459092273935,0.8684096024089634,0.8793778949589419,0.05338669028538611,0.6172843181590558,0.7929610148515569,0.12522381033066077,0.5299361597273939,0.7495101924533681,0.09105521738877134,0.531878975871356,0.6974374827962269,0.0439973962199223,0.5154580102258277,0.7561568314845345,2.1555555555555554
0.3559017450030589,0.5823178631591036,0.8185429928596484,0.3438120444127095,0.13656611018067438,0.8999855663633187,0.32429676109723926,-0.2912121297590137,0.9715803474963499,0.3050773329539161,-0.3166511806838526,0.8050295210428654,0.3705734936871289,-0.32270944995432593,0.8182028342940356,0.31098711793319833,-0.36986498419763725,1.0711981376530697,0.1415180415543454,0.5799895441433314,0.8832509032098195,0.13407930025885073,0.12733359996004373,0.9540568101429152,0.14357649436734102,-0.3026247041744103,0.9859990987095273,0.15498048287008537,-0.2903621093960143,0.7859438578453448,0.10738536919281222,-0.30417927067744355,0.8266194341193308,0.16684050462744066,-0.3590857900944034,1.0158413769626253,0.26325694694825025,1.2255097379718847,0.8682428612418606,0.2716883456529624,1.4862239758509084,0.8547821757022656,0.2440613930499716,1.351259430181639,0.7582833845602082,0.42085220338121154,1.1306943523158188,0.8513087123101737,0.4672477317356429,0.8538018645165205,0.8304498863865767,0.40843142270276434,0.600441279177164,0.7392590995383468,0.32162880399530136,0.4995729105733244,0.7290588313190669,0.337958349059269,0.4665589720421336,0.7352647017277433,0.38438510325689845,0.46478886191730584,0.7502748345646755,0.09428389067041501,1.1407844877575672,0.8869587853791319,0.050585519918294825,0.8670680272465093,0.8819389745556396,0.05342737700265636,0.617041459897751,0.7933684443042455,0.125414240739976,0.5299284162578428,0.7495724570165895,0.09196921542050313,0.5313482675567287,0.6976403946076895,0.04394667976070016,0.5152025401077509,0.7572406616550275,2.1777777777777776
0.3559743256922672,0.582431708859405,0.8187871744424229,0.34394663099384604,0.13702710763480702,0.9000731929573624,0.32413045199999796,-0.2912890059488076,0.9722118319178045,0.30499254802084497,-0.3163947929230717,0.8050986352527857,0.37056255878553823,-0.3226957510889358,0.8181586757837793,0.3109890111975827,-0.3698673655269127,1.07120258566793,0.14161713645292637,0.5802753545483383,0.8830283802008858,0.13400405062333065,0.12723868054161258,0.9542741453719883,0.14306679706867834,-0.3022752370140937,0.9855538811458736,0.15507442579069125,-0.2908266606241038,0.7857200826330591,0.10769255193071516,-0.30381297681933356,0.8255051389796092,0.16687772216475916,-0.35871101149976553,1.0159792205337308,0.26324716042781293,1.2252041533332143,0.8682153660397849,0.2716821788859461,1.4861376574044725,0.8547061795790679,0.24404886048754648,1.351279560106547,0.7582626719345547,0.4212527404703422,1.1305846564365494,0.8523179727855281,0.46723699077403436,0.8537851510945359,0.8304363344706198,0.40832894051423463,0.6005314681803425,0.7390486873350359,0.32159307179599117,0.49885638799235743,0.7290947041409,0.3380047912478798,0.46655211830695575,0.7353492056111643,0.38443762601780257,0.46387693436253397,0.7526204429045039,0.09427835646216275,1.1407858748378599,0.8869237641417071,0.04975998405209305,0.866015525719806,0.884098010698217,0.053487221570787724,0.6167549694259817,0.7937248029921482,0.12541508226044765,0.52990433535878,0.7496161325966081,0.09249156115636176,0.5310376992278302,0.697686516233603,0.04367598902684861,0.5146010297126428,0.7590189601867755,2.2
0.35612479236277667,0.5826373053837363,0.819083991422056,0.3440749486691447,0.13747727157733552,0.9001131234150023,0.3239969175807119,-0.2911715340372865,0.9725828626910559,0.30495338909191705,-0.31654226734507235,0.8050592230693947,0.3710482506053949,-0.3213030603698973,0.8159121138510921,0.3109878352085255,-0.3698820572660167,1.0711956292287115,0.14168915334957388,0.580611100228128,0.8832618932252898,0.1339593443847645,0.12715952545665143,0.9544339279968744,0.14276842353976327,-0.30214401955146486,0.9852711627134701,0.15500861403914204,-0.2914209432473735,0.785337154011438,0.10771983804793148,-0.30380898520645067,0.8254767442419313,0.16686872608905506,-0.3582767842957866,1.0161661103710238,0.26324058066468387,1.2251656015131007,0.868231300377788,0.2716784274235552,1.4860070899339561,0.8546232633811769,0.24404409136465327,1.3512919024366328,0.7582523146439977,0.4213068655536337,1.1305813560961622,0.8523742857600073,0.46723127976977974,0.8537868879065755,0.8304213508451287,0.40831941702316155,0.6006013237609771,0.7386512866886743,0.32141478904193926,0.4971864946306386,0.7288357595003955,0.3380514838374516,0.46650481729094767,0.7354532960023049,0.3848411623164142,0.46314132483135045,0.7546877666562283,0.0942814332839898,1.140786153724468,0.8869187620080143,0.049173513658565746,0.8658084544115905,0.88593312991885,0.053305298224014766,0.616475839275031,0.7940789469053431,0.12530200304169575,0.5298943173759794,0.7495779762151953,0.09197513185857764,0.5311020836994743,0.6971133233838744,0.043117885292386485,0.513385292617251,0.761390972701031,2.2222222222222223
0.35628459163796233,0.5829167062102928,0.8193587388379309,0.3441382933224866,0.13785039985932823,0.9000964941301348,0.3239124064639582,-0.2908619483244915,0.9726525483565267,0.3049757415369191,-0.3168245391042391,0.805094133837347,0.371811615015122,-0.319133365843728,0.8124364847796312,0.31098698722198265,-0.36989136580656057,1.0711814196652545,0.14168718655441492,0.5810329625388171,0.8837468500733918,0.13396953813266493,0.12713501141582345,0.9544685317508973,0.14265369179862358,-0.3021305135533261,0.9850374507286385,0.154430745656353,-0.29209407924068226,0.7849663614076144,0.1075997470648711,-0.3039328112861543,0.825919052723262,0.16678157013921138,-0.35772085564845296,1.0162504934428902,0.26324506329954933,1.2252783530507136,0.8682870585523884,0.2716758820538309,1.4859568822547555,0.8546080719474469,0.24404738619575966,1.3512958704002207,0.7582496063264201,0.42116281899585206,1.1306396119247477,0.8518826426560568,0.46723038643000225,0.8538035336136083,0.8304271563461392,0.40852593301257367,0.6004293451140106,0.7386202623507423,0.32121750236978197,0.4952324978640208,0.728194367605533,0.33808130216448745,0.4664427512805349,0.735538360683647,0.3855686048226671,0.4623771806515239,0.7569083914645791,0.0942926024500247,1.140757924630292,0.8869501474759789,0.048665633287563057,0.8662759678304628,0.8876458341696373,0.052700406207447925,0.6163745926462288,0.7945083926083452,0.12510440043063759,0.5299562536436191,0.749299178364313,0.09024162502565487,0.5315216467845753,0.695622388987696,0.04216606773247841,0.5114224551066026,0.7640678919636218,2.2444444444444445
0.3563885933986463,0.5832444320998371,0.8197372022133933,0.3441357998399511,0.13814906057367715,0.9000359662117818,0.32390227244982356,-0.2903825620873535,0.9723722437208867,0.3049449144267538,-0.3171761616046476,0.8055318009058164,0.3725853703845,-0.3169227726100854,0.808922171455325,0.31099797255528666,-0.3698400528986434,1.071160474502743,0.1415647408963017,0.5814768935470083,0.8842124233458613,0.13407772929462464,0.12724878655649585,0.9541805789021917,0.14267789122996993,-0.30203735769296264,0.984763956957556,0.1533692519310361,-0.29256753440646877,0.7846172321332959,0.10756031706648506,-0.30384143560509524,0.8258843083380266,0.1666797223963631,-0.3570627647526896,1.0161962505526514,0.26322066547276524,1.2253723798341614,0.868243186039822,0.2716724035655999,1.4859424019123675,0.8546232577017698,0.24405418651010502,1.351293153539743,0.7582530725749046,0.4210470357282461,1.130688971826875,0.8514786414960445,0.4672421765881835,0.8538352073556296,0.830422267216534,0.40884774780057764,0.5999799448845178,0.7394043025262844,0.3214041294453589,0.49370769608337817,0.7275543022108671,0.33809330215429945,0.46638524026435424,0.7355934676577955,0.3864381350795036,0.4615883281081381,0.759260372850499,0.09427673537997715,1.1407127320438102,0.8868940144884698,0.048180565705525674,0.8670976557553277,0.8892586622979757,0.051650734239574905,0.6167119858789462,0.7945563688372519,0.12452905291713234,0.5300705382202908,0.7488570927501388,0.08738016983422586,0.5317837815483966,0.6941891185675434,0.04074980433250237,0.5091213125576941,0.7663760978281092,2.2666666666666666
0.35643674455680086,0.5835941569060196,0.8202421621478471,0.3440536723773887,0.13831860728734158,0.8999291383344618,0.3239588088585033,-0.28978550674581993,0.9717982140161651,0.30486999290792677,-0.31745009131559465,0.8061312305774425,0.37322752649869184,-0.31504980204902966,0.8059518143801587,0.31102359214804715,-0.36971220522739023,1.0711286575572576,0.14131288265364234,0.5818172427306794,0.8845831931623558,0.13428054298023998,0.12749814995166897,0.95351148899334,0.1428737939905076,-0.3018028708747927,0.9845162799256192,0.15217123399098753,-0.2926565909430349,0.7843603930129325,0.10762468832224341,-0.30355387722844146,0.8253552411110304,0.1666188491902005,-0.35643338910597044,1.016088545021554,0.2631113177236204,1.2254044730578517,0.8679259236336085,0.27166614495365715,1.4859284119907685,0.8546386062764336,0.24406065581551484,1.3512852950385608,0.758261301934682,0.4210343946896015,1.1307031030639634,0.8513846410673211,0.4672644781310312,0.8538685533540415,0.8303935381058125,0.40917763121318307,0.5994867817054323,0.7409555209513881,0.32222207076765746,0.492498236187082,0.7275597132595757,0.3381017726621372,0.4663326696124406,0.7356336757028914,0.3871557389282577,0.4609868347063007,0.7612697246142753,0.09418860395231504,1.140747569699526,0.8866013576965508,0.04774310401209472,0.8681805331441688,0.8907032437124349,0.050207735807848194,0.6175437849314748,0.793821886568038,0.12306787559100205,0.5301426405098113,0.7485601047693875,0.08319150278492782,0.5311779899787856,0.6948188669132936,0.03897099217969605,0.5072459759471684,0.7675973292928759,2.2888888888888888
0.3564997835238163,0.5839411291074382,0.8206431336425115,0.34388474672644204,0.13828807881104627,0.8997668196456193,0.3240226312526969,-0.2892432751580718,0.9712188591853351,0.3049192554325309,-0.3171697052278851,0.8060343546105104,0.3736846493914793,-0.3136282115837705,0.803658979475602,0.3110492055850838,-0.36958539865082507,1.0710924749341337,0.14094797961552744,0.5820160744278478,0.8848924641185625,0.13450301997596675,0.12774991251190942,0.9527223917701323,0.1432719776119015,-0.30155983949031634,0.9844684798908583,0.15127808132186069,-0.292395353272577,0.7843575256156566,0.1075941244059271,-0.3034437584494401,0.8252725329100262,0.16661326200707743,-0.35597938866668194,1.016139980144231,0.262981694744271,1.2254158508438306,0.8675385781589481,0.27165696335994743,1.4859255626293892,0.8546540087056784,0.24406428684999143,1.3512732466726178,0.7582774772489871,0.4210701461912708,1.1306983648284459,0.8514302013094601,0.46727482519881497,0.8538876932771629,0.8303599840779015,0.40966291193587806,0.599156028161807,0.7429504589027135,0.32356393222086766,0.49111854525266485,0.7285199092916886,0.3380937487770631,0.4662859026151098,0.7356686909147486,0.38751319858425903,0.4606942946306406,0.7624503796203745,0.09408000802858796,1.140885124087392,0.8862915309402362,0.04727203491514985,0.8692785821595457,0.8923341675045113,0.04840840097634677,0.6187170694505157,0.7923631677491614,0.12047610868884281,0.5300765353274298,0.7487114827833075,0.07751042846651779,0.5294707717869626,0.6987166189821573,0.03709957665989974,0.506260201543468,0.7675650630842539,2.311111111111111
0.3566542281700986,0.5842784571103662,0.8207679404097363,0.34369764844037376,0.1381077291479148,0.8995700052710633,0.3240491287260926,-0.2889746427990436,0.9709278422615953,0.3052260091367852,-0.3161282465269559,0.8046932924980684,0.37388526991433935,-0.3128349474835894,0.8023070221128553,0.31105418176258814,-0.3695695757781112,1.071067544416996,0.14049112188988488,0.5821207124248161,0.8851950809897098,0.13467415327876298,0.1279195966471342,0.9520894380902233,0.14381532303142264,-0.30146120093494766,0.9846778113411704,0.15089301911964953,-0.291873648510876,0.784695223561289,0.1073138821322253,-0.30375008193833547,0.8263181375902299,0.16663834204961336,-0.35570223435343024,1.0164319715950678,0.2630293305735895,1.2254020248786008,0.8676797938721665,0.2716480931338131,1.4859432983636447,0.8546726484125634,0.24406179048352586,1.3512581300553497,0.7583122048727926,0.42111813014795413,1.1306901772141256,0.8514704381133307,0.4672569529277931,0.85391472243358,0.8303472224447939,0.41048293235602984,0.5990226134757979,0.745106185545993,0.32518855890954435,0.48960708617404675,0.7303027124459969,0.33803720740535365,0.46626030563184384,0.735695084676052,0.38751344916312425,0.4606052197023258,0.7626443455840974,0.09410494790967874,1.14097468218096,0.8865368955465686,0.046536989677261956,0.8699966842754949,0.8949810417280419,0.04633478823852105,0.6201021517603584,0.7902834719899147,0.11683250737729295,0.5296761695816552,0.7498918396581944,0.07079091886674291,0.5268330714907723,0.705446882364535,0.03539956818469621,0.506090850263038,0.7666239610346555,2.333333333333333
0.3568429754133564,0.5846093909314161,0.820671252126025,0.3435902298810657,0.13788640324270968,0.8993905025472644,0.3240557213504829,-0.2890082372790988,0.9709064339885978,0.30579795717299757,-0.31472213370543906,0.802335263972616,0.373809092675205,-0.312768861840787,0.8020774641121531,0.3110228873675896,-0.3697327490336931,1.071062760398477,0.13996395264021508,0.5822104170711353,0.885509757173285,0.13478070275297524,0.12800661240197037,0.9516589190059935,0.14442623303212757,-0.3015770433657167,0.9849321266172065,0.15094673215547266,-0.2910950593261803,0.7850987775817102,0.10677676610028111,-0.30441436190065335,0.8284433741150139,0.16663567851351085,-0.35551952338155984,1.0167331769194208,0.26337342757950266,1.2253307751047955,0.8687147816891578,0.2716435047496456,1.485974975287482,0.8546992022053997,0.24405031700840438,1.3512420147577615,0.7583702097732001,0.42117267352514776,1.1306820246259732,0.8514891745299686,0.46729616794395684,0.8540141142005493,0.8303481400572115,0.41149458367937625,0.5991269130651405,0.7472371374058886,0.3268737862210772,0.4882995573785577,0.7325731189120273,0.3380119264084919,0.46629808814764745,0.7357349740168766,0.3873440979334483,0.46047716013234086,0.7622494736483584,0.09436418936916705,1.1409443957338206,0.8876779184940463,0.045256955283548866,0.8699962194370587,0.8992519040289901,0.04422517880578558,0.6216179773881453,0.7876078801820189,0.11222117704810518,0.5286068604724493,0.753070661492695,0.0639362762487165,0.5233347079256726,0.7140676300067217,0.03393138328513758,0.5065022542655387,0.7654155575596465,2.355555555555556
0.3569056988512041,0.5849282733070217,0.8204500498989922,0.3436252531089685,0.13769680543125723,0.8992758836905619,0.32405500598013415,-0.2892313842476835,0.9710285857496858,0.30656777156124815,-0.3134245559448129,0.7994804081696131,0.3735958187133408,-0.3131257892595295,0.8025181342186528,0.3109558449274386,-0.3700526731575334,1.0710742427010378,0.13940503247771954,0.5823663724995672,0.8857312920522384,0.1348400588106537,0.12797408130631083,0.9513823819065663,0.14501710118547576,-0.301901398877109,0.9849639500190632,0.1514381925396157,-0.29012541842567796,0.785108834689683,0.10601712192706295,-0.3053968478825267,0.8313836895935873,0.16655364561354596,-0.35542254087693087,1.0167729934683059,0.26396415217972247,1.2251941121481003,0.8705063112934287,0.2716437344999049,1.4860107604823691,0.8547399866379737,0.24403042612040965,1.3512271326918426,0.7584424398098726,0.42121173218596164,1.1306728454520925,0.8515085592448102,0.46754599444161005,0.8541891510245618,0.830319669938247,0.4124409611663293,0.5995818748746258,0.749127271050459,0.32842019658548505,0.48723129574262414,0.7349410858074062,0.33819521991415796,0.466443785157599,0.7358282833836186,0.38716909869199445,0.46011833189542595,0.761919200072166,0.09482899233071626,1.1409407598014876,0.8895767559189657,0.043303037670428604,0.8691305127330338,0.9048570193505986,0.042303309737332415,0.6230262589403075,0.7847833050978379,0.10678782550250195,0.5266797764215987,0.7587742195596481,0.05776998323226115,0.5189985553019997,0.7240017948915838,0.032517071092339124,0.5073936742178762,0.7646066541764978,2.3777777777777778
0.3568036132887682,0.5852137978633128,0.8200975083599559,0.343794715702902,0.1376144395159205,0.8992331794684382,0.32400223239704656,-0.289578468157831,0.9713503843501986,0.30744055693589245,-0.31241180908556215,0.7965263803631917,0.37343878522703056,-0.31342095047420604,0.8028771573513145,0.31087365667059436,-0.3704202714409825,1.0710886905619486,0.13886856670956885,0.5825873883728806,0.8857993750062829,0.13487331384901455,0.1278319081139947,0.951208066901163,0.14540499578279992,-0.30224397439447853,0.9847038400485558,0.1524572107041757,-0.28949082103857754,0.7849949705754988,0.10507411632729426,-0.30681025424265257,0.8348872220479937,0.16638003983591002,-0.35539360942096293,1.0164961955867973,0.2647237047429374,1.224985768140384,0.8728221894611121,0.27164621587229953,1.486044552773528,0.8547911082567432,0.24400313065093288,1.3512134651503442,0.7585168280903971,0.4212208647955145,1.1306617743031988,0.8515374742312742,0.4678911923080762,0.8543086878090282,0.8302265987519191,0.4132451212620347,0.600310079661759,0.7503725487514266,0.3296262377333269,0.4862186039879595,0.7371010246482307,0.33862140415611863,0.4666352491079063,0.7359683688758007,0.38699086348292694,0.4595621367272723,0.7618205886172622,0.0954148835134474,1.1411009908762761,0.8919075131065095,0.040863373341533546,0.8677839364554671,0.9108030007948349,0.04054943772892365,0.6239002814419983,0.7827884595811452,0.10097284385033012,0.5240738870077486,0.7664425663492141,0.052697279719577814,0.5141137747170006,0.7344355082357009,0.030956631153221316,0.508652446406912,0.7644010411154902,2.4
0.35663929462918587,0.5854336025768629,0.8195686118142615,0.34401346044590575,0.1377315959193227,0.8992322927076117,0.3238734339435177,-0.2899759596692339,0.9718722416631124,0.3083135275976613,-0.3117203332377588,0.7937828729193662,0.37339638688143256,-0.31349389197204164,0.8029095207190085,0.3107969780858113,-0.37074200513662,1.0710927290805632,0.13836519034334369,0.5827529690674556,0.8859875728179964,0.13489978253659796,0.1277167210780989,0.9510558348755889,0.145460649318225,-0.30225590485890313,0.9842304807348639,0.15381552444782556,-0.29006030728338283,0.7858660809511546,0.10412038927562924,-0.3085511654109924,0.8382801306429248,0.1661347148171817,-0.35532305259146396,1.0159698038779723,0.2656052339971535,1.224707392906859,0.875494249942405,0.271648783984749,1.4860705539225845,0.8548384213217258,0.24396692717284177,1.3512001516450627,0.7585951562228506,0.42127691663457967,1.1306540627818313,0.851547000792535,0.4678224067838168,0.854156595527105,0.8300812657586971,0.4139824615608729,0.6008494513665328,0.7506001410595938,0.330278522166197,0.4852030021412214,0.7388178848400191,0.3391772221212844,0.466657449396501,0.7361186273801936,0.3868494516090739,0.45900457901348146,0.7615900521813066,0.0960465366172658,1.1414036207544105,0.8943803554178074,0.03828005920684455,0.866704774349871,0.9162443486085137,0.03885455906384656,0.623948941292713,0.7824876567026433,0.09528857724577056,0.5211556472493369,0.7749674015465664,0.048693158582898285,0.5092789047529931,0.7437584940681933,0.029269162613125947,0.5099251744385351,0.764624275330961,2.422222222222222
0.35647472376148476,0.5855854104651946,0.8188781683043166,0.34419365302025756,0.13808750443435558,0.899259007925814,0.32372868440969477,-0.2902835955432845,0.972333913512826,0.3090727784232583,-0.3114471728193561,0.7916187296387833,0.3734149538711402,-0.3134803208405974,0.8028415382609893,0.31073179606664664,-0.37100482853138866,1.0710849254427774,0.13783797964336297,0.5827902303028625,0.8865830108004584,0.13490692632032358,0.12775742659275008,0.950935804925077,0.14529748612075943,-0.301837589009477,0.9836054958340253,0.15512402924639215,-0.29200548220789235,0.7880612357967125,0.10348554226132128,-0.31006467782105407,0.8404070191307293,0.16584478165857067,-0.35515316444463074,1.0152577794391215,0.26645286111278454,1.224472335808301,0.8779597169359323,0.2716518819213006,1.4860840062106262,0.854871396671973,0.24392884071607634,1.351187568423539,0.7586964578978217,0.4214942114893527,1.1306578366951814,0.8514970467424533,0.466908550725316,0.8534847325641909,0.8299167291281802,0.4149172429233855,0.6006043074204837,0.7500314319087351,0.33042893505041104,0.4843211609040648,0.739784453443085,0.33985127500464163,0.4663102442713557,0.7362996980411096,0.38690632655005597,0.45857277557937426,0.7609946633853504,0.09665587785637758,1.141759729262318,0.8967293800914204,0.035751056487841826,0.8661986659184704,0.9209828746728967,0.03724755180441086,0.6232994047188513,0.7840211610013612,0.09013053737564936,0.5182299359045673,0.7834470118973609,0.04568868939337499,0.5053497610349369,0.7501345446591406,0.027579962498761774,0.510775169655982,0.7651714911783887,2.4444444444444446
0.3562954923216553,0.5857176944021989,0.8180914097927288,0.34430720295302697,0.13863279721902333,0.899322403507667,0.32363819264987725,-0.29040982686663175,0.9724931585483603,0.30959532673369383,-0.3117416153924713,0.7904704753245584,0.37346024667113337,-0.31346289104217145,0.8028245860011431,0.31067708293652924,-0.371229447381867,1.0710744574424427,0.13723557556054886,0.5827949929583778,0.8873676368959187,0.13482623360053528,0.12797721877670276,0.9510770375163962,0.14508592794809996,-0.30125908754415526,0.982822465862813,0.15616334598376244,-0.29427780276023724,0.7902341933197873,0.10342845267206716,-0.31073117143954404,0.8404151020195083,0.16552472422925363,-0.354914133383679,1.01439808330412,0.26697078668640484,1.2245031480799649,0.8792204021505889,0.27165678302267166,1.4860853213239609,0.8548883106904731,0.24392785756261384,1.35117234913307,0.7588168042034944,0.4217460882190768,1.1306682258619871,0.8514154484083669,0.4651855213608116,0.8521616347874603,0.8297346508097683,0.41638291926649307,0.5992947415038776,0.7493561172930813,0.3307227140342607,0.4837034017507076,0.7398448635400063,0.34077771344271646,0.4656118238764364,0.7365392443215673,0.38725569948820604,0.45824620812941985,0.7602906739517717,0.09715441709881861,1.1421375875868602,0.8986293206259721,0.03338187918037748,0.8660415307050181,0.9250119908710708,0.03582075580655063,0.6224064108942476,0.7866151732708074,0.08584141427921663,0.5154648218609509,0.7914294897565369,0.04378030645827382,0.5029844168225941,0.7528716440084265,0.02590804392917547,0.5111048149963414,0.765860248696344,2.466666666666667
0.35607452245466353,0.5858764935663251,0.8172668222363134,0.3443657065014391,0.1392663498237669,0.8993997647262505,0.3236148363609189,-0.29036019994335255,0.9723229568241898,0.3098193512456908,-0.3125417421959979,0.7904845372834386,0.37352793687898994,-0.31341544894699164,0.8028226378610529,0.3106310831943866,-0.3714227581069818,1.0710641318859708,0.13656176607783072,0.5828362285663371,0.8879018161432974,0.1345879569977814,0.12828754356001115,0.9517524738369877,0.14483893001073345,-0.30073849911015765,0.9818764245608468,0.15677484598559147,-0.29574770171652404,0.7909778288852388,0.10395288655589272,-0.3103614361721074,0.8383683859134657,0.16518246557145042,-0.3546256907823968,1.0134122590353152,0.2669559978875523,1.2249201824871006,0.8787700455619287,0.2716620035258315,1.4860789182959477,0.854892145867667,0.24401024709528163,1.3511403984598627,0.7588649948196173,0.42163894063445934,1.1306667602202687,0.851397804338977,0.4629786238728504,0.8503540516918584,0.8295370259704621,0.4183112926791559,0.5971297392647827,0.7488138652408707,0.33196249570782177,0.4832306051315749,0.7393663008121113,0.34216421746042025,0.4647040135529309,0.736682432398067,0.38792140455771407,0.4578496129424618,0.7602933764580123,0.09744276109527754,1.1425853250150828,0.8997358036596063,0.031437877248351384,0.86618014886458,0.9278286891176009,0.034556672749100355,0.6217270094735802,0.7890335028970767,0.0825882557125231,0.5129154736175557,0.7988188458517886,0.04288880915265003,0.5019723520351668,0.7534004856754756,0.024273253502822528,0.5113122636886401,0.7661301369846905,2.488888888888889
0.35579537410793477,0.5860646773452697,0.8164320610222041,0.34437448348045774,0.13990267485713287,0.8994473609441882,0.3236550576980506,-0.2901258182904276,0.9718051979038347,0.30982607962050096,-0.3133366577259257,0.7910969972683457,0.3735981877402432,-0.31332757111475157,0.802781271144961,0.31058899502214954,-0.3715737019563481,1.071037328031078,0.13584889013177448,0.5828184910156626,0.888032309881614,0.134185572047602,0.12849700282010773,0.9530087097774523,0.14451066694718473,-0.3003070783403823,0.9808267844387899,0.15681669381301688,-0.2962667321036451,0.7903986124352014,0.10484884032890499,-0.30924127901578585,0.8351226651294743,0.16483336391522535,-0.3543292892115869,1.0123389614725218,0.26646450739872707,1.2256300799154807,0.8771823966324945,0.2716645682189425,1.4860709476585776,0.8548886768621027,0.24413342216363165,1.3511031956892974,0.7586506813655944,0.4209299821281056,1.1306427948170783,0.8514971845920061,0.4606071666480766,0.8483697967670398,0.8293661072709768,0.4202507616704376,0.594484490701776,0.7480541217390553,0.3343418447807174,0.4825737871911454,0.738940689457511,0.3443436018165839,0.46358871081898195,0.7365074204310195,0.38907978281852373,0.45702419197126243,0.7622158086296914,0.09751710058884469,1.1430507239510885,0.9000361334474162,0.03022710461589174,0.8667885638988349,0.9287546335119601,0.03339701385571275,0.6214164416699837,0.7906326885216584,0.08042574063420743,0.5106597984800078,0.8054278680676883,0.042604221636012754,0.501602719555291,0.7540715320142953,0.022919788302590793,0.511830638100822,0.7655976654844692,2.511111111111111
0.35548679349504997,0.5862612216887562,0.815592452234951,0.3443237344634341,0.1405099652949598,0.8994530584833387,0.3237810863136492,-0.28962878460344543,0.970805946199878,0.30976999775537944,-0.313571970248562,0.7914765113924859,0.3736447667608447,-0.3132230607966301,0.8026931835994896,0.3105474545567248,-0.37167114576327775,1.0709807016172996,0.13512901586946516,0.5826629602408079,0.8878447165856849,0.1336743160253871,0.12846022884572134,0.9546396967175117,0.144110097635257,-0.2999734138731012,0.9797641611812254,0.15641552986762808,-0.2961383427593933,0.7893319308496322,0.10588558972846634,-0.3077390552437979,0.8315890948770592,0.16448456654051524,-0.3540533335150072,1.0112110598539088,0.2656868360272596,1.2264415726449711,0.8755917314866744,0.27166523720965263,1.486067231708482,0.8548845775413434,0.24414265374550626,1.3511518500819248,0.7580719436547202,0.4197291394988638,1.1306013455445656,0.8516842162299032,0.45832708532035105,0.8464106278071517,0.829246477785331,0.42207398549902697,0.5915549473528613,0.7470977987224751,0.3375033207369741,0.4815120991452817,0.7387283895559875,0.347588684311668,0.46209916516211447,0.7362484698435019,0.3911378128860829,0.45543356890087705,0.7668358852744405,0.09752501754802932,1.1432398624708533,0.9000358927268399,0.029754830584530184,0.8677981885208468,0.9280170703811961,0.03254413389828316,0.6212027766630419,0.7919027034278165,0.07943778039371133,0.5087819315105173,0.8110157361640653,0.04258405556839591,0.5015462796861274,0.7557919003114116,0.02224187187949251,0.5125053599719608,0.7647810185805948,2.533333333333333
0.3552117101000501,0.5864442920952501,0.8147472159633773,0.34422909047841077,0.14108791392527137,0.8994327828604552,0.3240152530103572,-0.2888519494932293,0.9693456564583383,0.3097357305613093,-0.31330868651206417,0.791417054808824,0.37366548879011174,-0.31311316511053666,0.8025745109585487,0.31052875002179736,-0.37175473172065154,1.0709700167132619,0.13443092441385399,0.5824307368182529,0.8874367914439216,0.13315251218665938,0.12824987579877545,0.9563011660676093,0.14365357799205083,-0.29965455871211694,0.9787285985656927,0.1558193874730914,-0.2953674335736641,0.7880746638082267,0.1069248506681202,-0.30601225334214127,0.8281904149470324,0.16412465041511506,-0.3537024975736644,1.0100108783546984,0.2647429900752563,1.2271921024961314,0.8748419780930734,0.27166708864208217,1.486069277320637,0.8548853193918229,0.2438568096633501,1.3513532088703608,0.7574509162838181,0.41826890956257423,1.130549973381656,0.8519206761560649,0.4564059588079363,0.8446834004065702,0.8291484091182272,0.4241461792488781,0.5885522210134896,0.7467075681696,0.34111808680800504,0.48013766075172043,0.7385449413978635,0.3516807167044529,0.4601086387712756,0.7365175377822175,0.3943560638893876,0.45311323643173573,0.7737040984872028,0.09756195626269432,1.1429632938580592,0.9000758654935944,0.02976588860237805,0.8688170018019596,0.9268881446750623,0.03250336831631129,0.6205551993700593,0.7939869515086524,0.07945859733845423,0.5071888767917274,0.815839942120398,0.042797835831634656,0.5016833813895616,0.7579575294815021,0.022458330685329278,0.512761422696683,0.7646898325950343,2.555555555555556
0.3549904834875108,0.5865908701046232,0.8138933685828307,0.3441527204636836,0.1416332049012669,0.8994082258863484,0.3243421536696846,-0.28792949015221286,0.9677546261203768,0.30972937419038093,-0.3130303879678856,0.7912798497597536,0.3736802444601778,-0.3130084625955474,0.8024625377352651,0.31058174960410545,-0.3719189221032601,1.0711701892063519,0.13378672036713718,0.58220841959979,0.8868443736371372,0.13270311526687317,0.12803301177221282,0.9577279222029949,0.1431217736805904,-0.2991547443703805,0.9776781087759209,0.1551491325054795,-0.29383068179243627,0.7864391407244018,0.10777524992349267,-0.30429964609279886,0.8254364946940729,0.163753284893458,-0.3531863380292716,1.0087193139957542,0.2636659120612661,1.2277815605379636,0.8750879867401002,0.2716689212686542,1.4860739208361144,0.8548958432904296,0.24315224496107907,1.3516041172091937,0.7574301887934157,0.4167259437379112,1.1304918880588704,0.8522022966333069,0.45516189459239914,0.8435778855920197,0.8290740784684258,0.42668258864509884,0.5859348154443091,0.7476694058924922,0.34505480780369086,0.47871332205577577,0.7384906417054988,0.3559301178831894,0.4577816516057448,0.7374996151908843,0.39848541840766766,0.45044478455244386,0.781532321817693,0.09750715283470111,1.1424974517419606,0.8997676852613334,0.03005982896260448,0.8693307754357615,0.9264318067591937,0.033612306554293175,0.6190705291428116,0.7978309764898616,0.08012845865396023,0.5057838939911105,0.8201540935755,0.04329897623761468,0.5016462241941931,0.7601765748984287,0.023474093738718393,0.5123263227176128,0.7658792783594622,2.577777777777778
0.35479470319114065,0.5866909158546525,0.8130155918724772,0.34412504467247235,0.14213642026777118,0.8993483334119479,0.3246954860898581,-0.28704352243172715,0.966348592344851,0.30974202510892673,-0.3129623607911822,0.7913037978808313,0.37370392077078685,-0.31295134186502255,0.8024213446251074,0.310711249183637,-0.3721745227385338,1.0715947714480472,0.13322791417534696,0.5820009889239373,0.8860536951890612,0.13232654694270868,0.12784668205027522,0.9589247052613419,0.1424872638478726,-0.2983597907956858,0.9765648485521293,0.1544710778866022,-0.29181827147840145,0.7845519700357952,0.10812209045408397,-0.3031998698271263,0.8243444507714354,0.1633938364855608,-0.35256187388360366,1.0073641745508146,0.26253849691341513,1.22814479815345,0.8761157888829461,0.2716657870031752,1.4860760435922349,0.8549176896770987,0.24203657417005514,1.3517447050989952,0.7583653820271384,0.41524995987839425,1.130430842746411,0.8525269254201158,0.45479361186742906,0.8434474374478422,0.8291240958395961,0.42953919182154754,0.5841777925276708,0.7501309739335078,0.3491350683615866,0.47743161187988414,0.7390520723634024,0.3596481627932113,0.45559094613737905,0.7389424664267186,0.4029690025677497,0.4477856335532153,0.7892689581504297,0.09721460520202953,1.1422514144140288,0.8986317557418633,0.030572724208455807,0.8690292214217531,0.9267167263033097,0.03568269105378723,0.616735834010496,0.8035510977396758,0.0814287173221118,0.5047467702816737,0.8234050662905834,0.043987728408796466,0.5012407998842601,0.762550440677007,0.024924424356137863,0.5114490568501832,0.7680717112861246,2.6
0.35459982023103387,0.5868042305327565,0.8121022573630494,0.3440545999903322,0.14260210847494564,0.8991274257727853,0.32499339485421747,-0.28630174774515593,0.9651854911741551,0.3097620029978325,-0.3129482583295268,0.7913441593347162,0.3737334942992382,-0.312981178980657,0.8024916101773549,0.31084147521588323,-0.3723768453857252,1.0719882780200523,0.13277587030461005,0.5817775987127981,0.8850382241662136,0.13198255275314583,0.12763079994335597,0.9600266011161005,0.1417475226422163,-0.29732908692829424,0.9754127518600438,0.15390947693520865,-0.2901946109662535,0.783340622657249,0.10779863461316529,-0.3032180173738271,0.8254731066012364,0.1630665655976621,-0.35193033933678003,1.005990737366767,0.2615373893792927,1.228227688474491,0.8777900092126898,0.2716552831141733,1.4860720171156419,0.8549444794874781,0.24065407665783767,1.3517287843567602,0.7601060306540348,0.41403448705777735,1.130375990732361,0.8528536734465224,0.45508293901819974,0.8442161039092555,0.8294288971822324,0.43255742774094874,0.5834886046487147,0.7533782663686108,0.3529516110776786,0.4763600920449511,0.7406953420231217,0.36249071166310975,0.453987373463163,0.7407259044088557,0.4072746309302333,0.4453686348551955,0.7964522821857194,0.0966990376683963,1.1423206836249715,0.8967281133951643,0.031240489315320752,0.8680655480881605,0.9274559613482267,0.038312177893917214,0.6138975071099159,0.8103569332102665,0.08355286038874389,0.5043102006254943,0.824897520774809,0.0446906367603986,0.5007826447923833,0.7648693056691753,0.02629966153099072,0.5105666347931608,0.770462057830782,2.6222222222222222
0.3543985040316034,0.5870356718687788,0.811237158787045,0.3438327279806493,0.14304625286718609,0.8986953507898352,0.32520846425049527,-0.2857157567852118,0.9642142481106405,0.3097488960216376,-0.31284199018522946,0.7911623162395942,0.373757332928683,-0.31308876804067387,0.802648544288391,0.31089703027394155,-0.3723823237884828,1.0721016775887309,0.13245546064439667,0.5815557616564364,0.8838184845311763,0.1316606180680813,0.12735746649409557,0.9610781598178976,0.14093055502983043,-0.296165759235785,0.9742132880099855,0.15364376305503086,-0.2897179551185094,0.7837531730361135,0.10700804119046706,-0.3041994657996031,0.828128947902449,0.16277674475357137,-0.35131373424597173,1.0046429257642648,0.2607934884122286,1.2280447404588803,0.8798668009496988,0.27164014451580865,1.486063437399962,0.8549668226335512,0.2391975116400817,1.3515917402257254,0.7623297339904125,0.41331684653080997,1.1303403442121234,0.8531073850260362,0.4555032335655027,0.8454244866176247,0.830034747506791,0.4356833345498503,0.5838140965592262,0.7562112315977622,0.35602669662019626,0.4755438816400863,0.743512512163718,0.3645191224707659,0.4531841678260762,0.742653890616831,0.4109896425473958,0.44342667646618017,0.8028338310252002,0.0960620694234446,1.1425838653351348,0.8944111205623666,0.031956718902950126,0.8668106036014602,0.9285724985522674,0.041257742035518075,0.6110725812123611,0.8169664347135304,0.08631726443919677,0.504466717486765,0.8246315206451809,0.045517188634996875,0.5005549707988651,0.7669047136107034,0.02738486031162552,0.5098700731891256,0.7726544147279798,2.6444444444444444
0.35419235861445925,0.5873808678694676,0.8106061704899585,0.3435015554506828,0.1434576840490545,0.8982228553964431,0.32536680804017526,-0.28525350313753695,0.963422540343306,0.3096560445449888,-0.31282758772578556,0.7909509330213184,0.37376952924408646,-0.3132342389157593,0.8028400936374264,0.3108659351195638,-0.3721668508547037,1.071897820311234,0.1322884667014759,0.5813866488970705,0.882517008099508,0.13137354008886942,0.12703546619230927,0.9620394434761561,0.14010631312135402,-0.2949286587333405,0.9728772542469476,0.15382716244486727,-0.2901406311389565,0.7853235709352366,0.10611995494632107,-0.3055257763478608,0.8311440675650651,0.16253438773712234,-0.35068280498456605,1.0033881131804443,0.2602595819974276,1.2277630638448862,0.881623297143946,0.27162562473609564,1.486055505480304,0.8549807204163649,0.23785534693308497,1.3513670912635694,0.7647570572583482,0.4131969998581691,1.1303295852505506,0.8532431732283097,0.4557060879195094,0.846699286124053,0.830720103297601,0.4389308967827002,0.585000818626903,0.7578761227826563,0.35825999286162125,0.4751809273183215,0.7468694012243571,0.36602235056128796,0.45340334989101383,0.7439597245264016,0.41372272151189843,0.44209562883341014,0.8082482808270356,0.09539224437619617,1.1429667023252112,0.8920016000499014,0.03272930856431581,0.8654538409040684,0.9297796248006754,0.04430070743528142,0.6087310697627293,0.8221938651934899,0.08931795798698224,0.5051271956388976,0.8228432392456875,0.04700609450330083,0.5002800466495898,0.7692446735955107,0.02856677497307307,0.5090373978105226,0.7753079519856677,2.6666666666666665
0.35401224325263103,0.5877163883092014,0.8103106616124934,0.3431855779296703,0.14379192175935518,0.8979163936804998,0.32548892451952444,-0.28489954377518734,0.9628245578598963,0.3095438753450652,-0.3131684642846421,0.7913083720778287,0.3737822920779475,-0.31338244762424233,0.8030397584595191,0.31076805301323707,-0.3717645520256336,1.0714426151054837,0.1322325216740358,0.5812639812948412,0.8813188020897065,0.13112839379874572,0.1266796762262764,0.9628586989635997,0.13939283694673427,-0.2937880629737068,0.9715047360091636,0.15440242959673273,-0.2905072286127174,0.7864911173710449,0.10532254696547386,-0.3067286554258322,0.834000861702783,0.16236435939994592,-0.350065250487205,1.002318734225232,0.2598287634765424,1.2276198001251195,0.8823521072694642,0.27161572837465303,1.4860526317623934,0.8549861941124284,0.23681970811697173,1.3510724941509207,0.7670851541194244,0.41342755813321264,1.130334622736508,0.8532990943506912,0.45571085104138603,0.8480498514523256,0.8309695226302639,0.44219152730056865,0.586845684089148,0.7582821247410533,0.36009731151317625,0.47564985480008637,0.749442376112011,0.36727037031463644,0.45505842651948325,0.7434268564442259,0.415071576326723,0.4412570278850402,0.8128878225641165,0.09475968131917745,1.1435035940680929,0.8897762661863275,0.03371200927642724,0.864046490870695,0.9303558810224732,0.0471075373487475,0.6071544859929401,0.8254364400294043,0.09249752846349574,0.5063368779634952,0.8194001164430469,0.04966907062605394,0.4994392545752726,0.7728459412869315,0.030368062199665362,0.5075627982346025,0.7792757735630528,2.688888888888889
0.3539399416583002,0.5879738618177817,0.8102975629347082,0.34293689309956077,0.1440189001864936,0.8978336226743187,0.32557495967439637,-0.28465845772123916,0.962427270989864,0.30958354131315924,-0.31380879420328806,0.7925719912890606,0.3738177101663901,-0.31351016699684536,0.803238356550157,0.31061729177905373,-0.3712021743403871,1.0707844423213932,0.13219189887477786,0.5811049858804528,0.8803832475050563,0.1309141342762847,0.12631011928150293,0.9635172600119718,0.13888594779661503,-0.29301601716492237,0.9704154078943861,0.15498565926723748,-0.2903784727336733,0.7865657080804765,0.1046100195739206,-0.30768905082259324,0.8367027585465509,0.16226640187801658,-0.3495523231347078,1.001482012668654,0.2595381755010467,1.2276978669272385,0.8822172063383276,0.2716116271062496,1.486055769677238,0.8549834779983503,0.2362584766764454,1.350733313227868,0.7689331664317953,0.4136184634979019,1.1303473849319048,0.853336514341404,0.4557386886530369,0.8495795579239428,0.8306666532567948,0.4449877915902789,0.5890259586596454,0.7574050548174569,0.36201166399214446,0.4770940368612606,0.7501839176653297,0.3685067184755455,0.4581559738781983,0.7403560741814814,0.41501789124162725,0.44062726097619787,0.817280937014162,0.09424510411527967,1.1441870756185375,0.8880328024913675,0.03493851469785727,0.8627233908864523,0.9297656061004375,0.04936993297722788,0.6064394744215678,0.8267340075033989,0.09612044325180163,0.5082344694513348,0.8138967699553818,0.05357480883206084,0.4978310635589954,0.7779497840857682,0.03286602077218352,0.5053890833958045,0.7843886867921019,2.7111111111111112
0.3540279610026538,0.5881956260370489,0.8104531986469286,0.3427379542520627,0.14415032389902915,0.8979480941147153,0.32562080818898026,-0.28453387477234315,0.9622282178496813,0.30988243734793375,-0.3145854595258236,0.794577827566686,0.373867471942773,-0.3135939023871555,0.8033818041088548,0.31041928526430707,-0.3704964849925918,1.069947588175941,0.1321044137817136,0.5809006729126791,0.8796862595568586,0.13072396474011855,0.12592246802849777,0.9640811131761917,0.13857961670848,-0.29267891374942856,0.9697372614838894,0.15521402322051092,-0.29012208535150147,0.7861991166812883,0.10400659791308155,-0.30843063511979657,0.8390097634396593,0.16219242207663068,-0.349177657211628,1.0008308755676063,0.2594566430019602,1.227844595077766,0.8819203655326184,0.2716121590541549,1.4860605842373038,0.8549753963044103,0.2361942230252946,1.350429427615456,0.7699459514482034,0.4136489560609151,1.1303678025584838,0.8533533562326303,0.4559564444901679,0.8509788339942744,0.8307876918060637,0.44687585558407716,0.5910977469273371,0.7552829435290829,0.36398444262361984,0.478874488627578,0.7492514773391951,0.3701106628257974,0.4616687169789818,0.7356865269056654,0.41434654298113516,0.440118834380661,0.8214189498863169,0.09395084641987168,1.1447514519992732,0.88706737100072,0.036192730499076356,0.8617830781248834,0.9280313668282839,0.05099010238809123,0.6064735349887023,0.8266116795342887,0.10032225337383938,0.5108892733255213,0.8060947439362429,0.05856713433649757,0.49556246947522603,0.7840111559798986,0.03583166355658973,0.5028948940289262,0.7898294748842531,2.7333333333333334
0.35419751489909657,0.5884340764350715,0.8106936604970638,0.34257081081144136,0.14419706487454048,0.8982351103304509,0.32562360506535826,-0.28452588057229417,0.9622247726069046,0.3104343784493953,-0.3153805866389886,0.7968720703370554,0.37388312156125436,-0.31358790554943683,0.8033771103145088,0.3101807424435602,-0.36965635498250776,1.0689536555562746,0.1319437338130113,0.580810673375908,0.878847961969707,0.13061808614146617,0.12549465666593973,0.9645757512809996,0.13839064304080975,-0.2925937580050263,0.9693272417846959,0.1551237344123174,-0.29013292845061767,0.7860149772275192,0.10361855539196567,-0.30896237775191415,0.8403709050884428,0.16212511753283412,-0.34888266387062716,1.0003073620407175,0.259471239553187,1.2278295191355115,0.8817598522662559,0.27161487420511504,1.4860618534490337,0.8549663168333803,0.23639162845608835,1.3502847184067581,0.7700476871429947,0.41364213445429704,1.1303628101505976,0.8533215179041819,0.4563030845410062,0.851702394319643,0.8325085907503601,0.4480392318937372,0.59265823963042,0.7525482552111167,0.36571922887035674,0.47987664851526945,0.747656242313001,0.3723683106438571,0.4640822032986547,0.7315771701958932,0.41431056583048265,0.44014500200871864,0.8238949440431178,0.093925761773966,1.1448289549002664,0.8869541959950953,0.0372475586168708,0.8615536771671387,0.9254794768721323,0.052192107355348134,0.60681355227619,0.8261545713727702,0.10478274296211484,0.5141092466290831,0.7965250124429044,0.06443151099395311,0.49287424600945373,0.7901577547068037,0.03905009569047314,0.5003103922789907,0.7953112094088294,2.7555555555555555
0.35432736619532157,0.5886800568112115,0.8110622985375454,0.3424248490422655,0.14412101551171574,0.8986570536573408,0.32558183324492773,-0.2846344947639785,0.9624171748112669,0.31119523272838884,-0.3159484884227508,0.7989454043113515,0.37383669805753983,-0.31343728185813513,0.8032044589946865,0.30991300040788483,-0.36868415788824166,1.0678298520559506,0.13170147822818817,0.5809736296330561,0.8774193205641531,0.1306897271829047,0.12508027962654678,0.9647523903425805,0.1382558060335646,-0.29259801555242226,0.9690924151958185,0.1549276969845704,-0.290472182421076,0.7860195501547763,0.10347506103244015,-0.30931662287580564,0.8405548648780902,0.16212098959103657,-0.3486154293205729,0.9999358868492731,0.2594548002802645,1.2275421271255724,0.8816152930766739,0.2716167040540267,1.4860596978201546,0.8549583868717745,0.23645939738362792,1.350315361128963,0.7696258140076679,0.4136805673139002,1.1302776008915072,0.8532548882472826,0.45665284496771474,0.851652924695237,0.8357168036423784,0.4489808649551298,0.5935398202486005,0.7502509121616749,0.36713800027944987,0.4795577658026636,0.7462925734061472,0.37498311454422795,0.4643949961270609,0.7295827106194706,0.41573328455516523,0.4413115590027532,0.822700284490623,0.09406489470394225,1.14438644071808,0.8873110142499627,0.038118428750111615,0.8620708856352359,0.9225274264271061,0.0533211237128277,0.6068308509371484,0.8268001744510652,0.10885249102324451,0.5174734353665353,0.786452628898358,0.07055967188722341,0.4901230570509181,0.7954267898951837,0.04223444493114735,0.4975443975698707,0.8009332114665417,2.7777777777777777
0.3544052672461606,0.5889098054851223,0.8115800354118865,0.34227929747589436,0.14387668762158795,0.8991584706826358,0.32549572316916914,-0.28486054872049216,0.9628082641318381,0.3120230011067413,-0.31623160099579956,0.800733314730153,0.37375850787559883,-0.31316820771427434,0.8028542905807757,0.3096219331448018,-0.3676188442824091,1.0666092269588368,0.13142190566036832,0.5813341620369431,0.8754328889436379,0.13091353545976042,0.12477417017528286,0.9643685829254278,0.13821599991715516,-0.29270764487054984,0.9690573258130147,0.15472037375576603,-0.2911020823800021,0.7860742776906268,0.10343792267316353,-0.3096528293849259,0.8400686784196069,0.16222375486333998,-0.3484231983231689,0.999798306164771,0.2595034404462428,1.227024594029743,0.8814045084786859,0.2716148989501862,1.4860563062623469,0.8549529516122745,0.2361455613300694,1.3503787657964383,0.7692161760705725,0.4137406960016179,1.130167105816484,0.8531778557075218,0.4570421167476999,0.851226169963329,0.8395440202854011,0.4498671121931833,0.5937911870828765,0.7491008965443919,0.36840429301035343,0.47820024505093695,0.7457033457528617,0.37726607109475374,0.46256817247592685,0.7297587346699492,0.41864057475293337,0.44370293228531654,0.8172332093661541,0.09419430520957753,1.1436767458080475,0.8875762592295232,0.038981862561819694,0.8630487349200834,0.9195141506043368,0.05443932571798307,0.6061818114360535,0.8292587892576195,0.11215970555231633,0.5206475947026665,0.7769311526932634,0.0759097787889746,0.4876840440494489,0.7990245422973778,0.04495552088693461,0.49474133699864714,0.8059991774974486,2.8
0.35450751983823486,0.5891353754104197,0.8120378484712911,0.34214523527951707,0.1434761071396452,0.8997151663387587,0.3253666608591762,-0.2852056089972627,0.9634018204796119,0.31264616515155635,-0.31659298732986996,0.802707586984436,0.37368492375723894,-0.31290107181357374,0.8022697355298388,0.3092974016413626,-0.36657708760406943,1.0653305245013558,0.13117065575384576,0.5817581980055178,0.8733417507006429,0.13113563907579162,0.1245570524724825,0.9636942201873143,0.13835787314326975,-0.29301227923416656,0.9691964268679343,0.1545171036704087,-0.29195634662936215,0.7860695364742079,0.1033371909393408,-0.3101792463041132,0.83965656700181,0.16241571659279844,-0.3484393935525189,0.9999670976787611,0.25978822469578683,1.2263727096832548,0.8811877473694634,0.27160949536305623,1.4860502519286705,0.8549498711972234,0.23548771207205837,1.350377251292199,0.7689858497914518,0.4137762526998405,1.1302133776949637,0.8530836687788262,0.457576724585122,0.8507105836161134,0.8437432970555363,0.45061854777028015,0.5935910036162976,0.7491158827798168,0.3695674898475509,0.47623724121261857,0.746253045589546,0.37880770429278343,0.4594465468338826,0.7315661453107208,0.4226082422997077,0.4467228337863957,0.8090565425442647,0.0942514914227214,1.1428614961889805,0.8875437909808918,0.03986061060449214,0.8641944766225634,0.9166998505663624,0.05531049023782958,0.6051208794169284,0.832549219747611,0.1147346262584569,0.5233373772766248,0.7688843549883224,0.07950743211751975,0.48583738357031714,0.8006824258487355,0.04679769881145182,0.49265291721845794,0.8090096833904513,2.8222222222222224
0.3546895037274562,0.5893536327284511,0.8122524253109475,0.34211386678088274,0.1429868220789663,0.9003607651449989,0.32519630884626155,-0.28566835914112054,0.9641962253720231,0.31281901948109436,-0.31736464010936416,0.8051719651817028,0.37363154247885144,-0.31270824005590125,0.801740587183403,0.3089261067748949,-0.36568042340859475,1.0640307465179026,0.13094717470130507,0.5821817221287374,0.8714994229387489,0.13125089581696484,0.1243507789092822,0.9631810192140081,0.13864481370839124,-0.2934619972211965,0.9694253878410798,0.15434356322012274,-0.29283520254499246,0.785916549545893,0.10314022839970066,-0.3109428184386555,0.8395539907430837,0.1626467037753011,-0.3487210740419168,1.0003891148787907,0.26033939750358387,1.2256688359877135,0.8810741721646487,0.271603985326705,1.4860365122003465,0.854945357389224,0.23466068869232865,1.3503761558016665,0.7687845574143921,0.41376768559153543,1.130544202002966,0.8529488468304178,0.4582605252631309,0.8500827366725128,0.8481451070425585,0.45130042449830504,0.5932437286275802,0.7497167412274777,0.37041254646479493,0.47387945626779315,0.7480509936855737,0.37965814375589435,0.45615699539753346,0.734651585324997,0.4269530333377603,0.4495787004313002,0.8007934519808253,0.09427527898722671,1.1420402698556256,0.8873590050438562,0.0404626464648213,0.8653184705693635,0.9147303873998458,0.055775541336606616,0.604334731790737,0.8347320192009093,0.11632868033570129,0.5248907503871403,0.7642635545831109,0.08080919707554773,0.4847701336654644,0.800825424520956,0.04750359493628483,0.49204573086504866,0.8091505894639868,2.844444444444445
0.35490125860655053,0.5895224353662077,0.8123257340882488,0.342300373505905,0.14247374151757708,0.9011987175712511,0.3249854841692931,-0.28624500301999717,0.9651880282854148,0.31247472236689344,-0.3185450554062925,0.8078870446595228,0.37363267848795906,-0.31267256380474034,0.8019791828897213,0.3085141070281531,-0.36494115858290327,1.062737462296334,0.13068684600883504,0.5825994689024936,0.8699801677429899,0.13128727372927326,0.1241464077307633,0.9628732518229302,0.13894278930768683,-0.29388449032954805,0.9696647958540402,0.15426647751538675,-0.29348101909565727,0.7857274262998634,0.1029371051819569,-0.31174239117015684,0.8395551634062178,0.16283680726252325,-0.3491339012790234,1.0007728491119505,0.2610715918371662,1.2249861591176399,0.8811303694414676,0.2716013600531364,1.4860087649137768,0.8549367278041502,0.23379901814547976,1.350467242028704,0.7685165961835833,0.4137252801609111,1.1311521254963033,0.8527756090870133,0.4589778405660211,0.8494071463416014,0.8516503774822983,0.45201549289794835,0.5930124216911266,0.7502044415707214,0.37068347157796744,0.47129251955399654,0.7508864884940825,0.380037260211025,0.4535707059072879,0.7381781347404738,0.4307297613227691,0.4516446669563354,0.794748922241877,0.09429228252015855,1.141416992505797,0.8871810755022589,0.04044007997084845,0.8662088936860189,0.9144897239488842,0.0558643714463674,0.6044113965269986,0.8346377958182746,0.11630924564807887,0.5245935000914718,0.7651841052598294,0.07979299487192527,0.48459259362219753,0.8002106783288787,0.04712759959289177,0.49289355464122964,0.8072130354626127,2.8666666666666667
0.3550008839612556,0.5896147875346721,0.8124225162679308,0.342750476912018,0.1419280151157773,0.902364723747781,0.32472983346263773,-0.28694432069928866,0.966395675400543,0.3117993911526554,-0.3198909925830388,0.8103664814359446,0.37368507222105585,-0.3130750932121612,0.8034486819936957,0.30809323164360797,-0.3642613650757166,1.0614814242632606,0.13034499772729746,0.5830152233476839,0.8687415443280453,0.1313102477282493,0.12392416261486267,0.9626071639008782,0.1392078100599182,-0.2942593931480338,0.9698720370867074,0.1543780896624361,-0.2937411151637254,0.7857262365385211,0.10281196041810403,-0.31223327198815204,0.8394837488781051,0.16291153447933063,-0.34947280606910913,1.00084236443945,0.26187763698665223,1.2244132322451091,0.8813534104308673,0.27160144638727396,1.4859642708205552,0.8549258820145726,0.23299479835550807,1.3505948182064988,0.7682332560136496,0.41368034855702734,1.1319431457852875,0.8526458887878772,0.45956217910800456,0.8490305470129553,0.8529183529435332,0.452663260108784,0.5929362984144675,0.7503577969691922,0.3704098881125564,0.46889832859834507,0.7540360110025823,0.3800964768460785,0.4523707413621433,0.7404255254581369,0.43304740219124327,0.4525297155330348,0.7922131792760865,0.09429945634349429,1.1411927760682954,0.8870755343939551,0.039806484049903695,0.8666614887303602,0.9160314169032873,0.05555693485917879,0.6053877616846417,0.8326129250611539,0.11434090698601941,0.5224369780012317,0.7716482042203753,0.07685299230475114,0.48524705904035925,0.7993582695814997,0.046011798031031656,0.49450763469258996,0.8046371720249598,2.888888888888889
0.354940209251874,0.5896350532833488,0.8125393905181058,0.34338991333691266,0.14132227218908344,0.903828872725667,0.32442156185078197,-0.2877865910390609,0.9678524608603729,0.3111181422266649,-0.3211102691738458,0.8123198418462976,0.3736795442469154,-0.31417835898354407,0.806039070282352,0.30770291235232305,-0.36352102773134765,1.0603002181666592,0.1299116661981559,0.5834194933475656,0.8677868943332991,0.13134099561002852,0.1236600499952143,0.9623564484452749,0.13947977246236748,-0.29471425558855274,0.9701158046211821,0.154674919793825,-0.29355523180178644,0.7859316821829612,0.10280422321670943,-0.31216476697073975,0.839339289817639,0.16289823653756355,-0.3496152816017001,1.0007504769537734,0.26265846059140835,1.2240552865355647,0.8817101891663384,0.27160368920448286,1.4859095324717477,0.854913894605128,0.23235664358566233,1.3505738020095706,0.7680314481021253,0.4136623480018996,1.132738733165611,0.852657523186594,0.45993915850418865,0.849186303302813,0.8517953788266472,0.4530301823879258,0.5929331856539548,0.7503532128606174,0.3699967327344995,0.46742035789880004,0.7561591445563149,0.37987792845751844,0.45302211505362255,0.7399506555666172,0.43350494632358644,0.4521037491904507,0.7934561443680517,0.09429345711419079,1.141471920960102,0.8870711031393961,0.0388811188418028,0.8666201254865172,0.9185084675998328,0.054765677536615265,0.6067971796542175,0.8300070774373032,0.11067293117202685,0.5191721913899623,0.7813828032725239,0.07241513208865305,0.48659565619609524,0.7980771352356669,0.04444001000157388,0.49640615212315353,0.8018655246089083,2.911111111111111
0.354864281800613,0.5895902263455823,0.8126008663703375,0.34403555763554,0.14071678377812824,0.9053074815095059,0.3240791036551625,-0.28872306002900205,0.9694693901635791,0.31060967571888154,-0.32210453723003646,0.8138668019836602,0.37350546432804255,-0.3159090511186354,0.8093294187704524,0.30734041726821704,-0.36268157054370587,1.0591557941290373,0.1293886026102369,0.5837651831437041,0.867277917028147,0.13137381464689538,0.12346515971934491,0.9621434564720264,0.13976430424286201,-0.2952303578956787,0.9705653022860565,0.15497771134230634,-0.2929325201510185,0.7861684200769568,0.10298338544529054,-0.31155360444160113,0.8391978669173861,0.16291663181119911,-0.3496101625761262,1.0008578134551607,0.26331190758830586,1.2239597057486749,0.8821452159371161,0.27160843694961767,1.4858543947643086,0.8548969120492789,0.23200973685010473,1.3502869751331081,0.7679746535373513,0.41364389100560983,1.1333288297329946,0.8527316710154116,0.46020727889731183,0.8496337533690725,0.849741868535716,0.45303813440835483,0.5929515795774359,0.7503272082844309,0.3698889208539483,0.46733918439486394,0.7561739103840028,0.3794017973872024,0.4552795075605823,0.7369133261547407,0.43235745202485665,0.4505644596385404,0.7978385016853082,0.09427226575435169,1.1422071136073404,0.8871528044849821,0.037894700998905656,0.8661722560434028,0.9212596828221671,0.05341542226623573,0.6082171378669858,0.8277834942112204,0.10584618262631243,0.5157257799431683,0.7915822136731369,0.066846245012513,0.48865961790060797,0.7953692734025513,0.04248332786459165,0.49872239740394364,0.7981010403203306,2.933333333333333
0.35490777517393723,0.5894966122195548,0.8125988768510779,0.3445343974758049,0.14019318602414216,0.9065216430516958,0.3237708721330473,-0.2895679490351932,0.9709239287594262,0.3102682771521702,-0.3228253433288321,0.8151573510519916,0.3731501377055719,-0.31793378008112577,0.8127806887055833,0.3069548458834832,-0.3618221319691566,1.0579009767325809,0.12881003027107615,0.5840172165138285,0.8673707614960238,0.13140478562468608,0.12349082477965306,0.9619451610991818,0.14004573041735452,-0.2956936798943193,0.9713428146050112,0.15511716890832244,-0.2920447217878698,0.7862975320147377,0.10337985699514766,-0.31065256942238806,0.8391102409398434,0.16303056534918958,-0.349696413033277,1.0012213958278857,0.2637283962603505,1.2240269669373047,0.8825557087572118,0.27161334522266567,1.485800345711332,0.8548718759973659,0.23199777454049664,1.3497729782154408,0.7680647084817229,0.4135626492113129,1.1335310082883443,0.85266411931029,0.4604359462684975,0.8499335940407878,0.8485095852783421,0.4528831704639678,0.592972950702767,0.7503084576732415,0.37018143239394685,0.46829201111827345,0.7543191554149424,0.3788056190322503,0.4581270983129502,0.732901203671292,0.4304159797887924,0.4484604830808233,0.8038104472442404,0.09421181677015089,1.1430853854277545,0.8871533109878276,0.03693254170350539,0.8655098700373951,0.9241399031046349,0.05133354176308057,0.6096942858668348,0.8254401394423665,0.10028609905079064,0.5126705415442936,0.8004913357830955,0.06091090747562772,0.49145039374739913,0.7904095586333286,0.0401529987353369,0.5016161533811081,0.7928396030654505,2.955555555555556
0.35502642947882906,0.5894083554093129,0.8125764374445552,0.3448810576284796,0.13977398008272562,0.9074039895486018,0.3235627733345351,-0.2901421431080306,0.9719071289289748,0.3101038197946188,-0.3229845273905426,0.8159292858350503,0.3726641717494412,-0.3198972105195458,0.8158953890626367,0.30653990640202505,-0.3610662341434683,1.0565167170400274,0.1282348143579912,0.5842688090137829,0.8677946875665372,0.13143269637525193,0.1237602631250348,0.9617459018529202,0.14033422401534332,-0.296092893974227,0.972329466601334,0.15502692725002906,-0.29116540296799326,0.7862893822160982,0.10384958809496576,-0.30975868197718315,0.8390866162332048,0.16319426137049198,-0.35003457796106685,1.0016613044177463,0.2638572564965176,1.2240924984490171,0.8828331635181563,0.27161416628714846,1.4857467703190008,0.8548432959020313,0.23218114101591103,1.3491291704040094,0.7682451987352672,0.4134825648070423,1.133165411138523,0.8525306525591229,0.4605217162596006,0.8499698846952728,0.8483750779420851,0.4528473235047709,0.5929866398855711,0.7503019609642818,0.3706969922396515,0.46947114617467844,0.75167741418852,0.3783224525791343,0.4605273873414992,0.7293872445051688,0.42869074846322536,0.44656221016509123,0.8092248079934066,0.09408281893340927,1.1437314980161264,0.886866707405993,0.036094605925183265,0.8648686797408471,0.9269939020755752,0.0484134105725534,0.6114580624578285,0.8219548860790239,0.09419235451658636,0.5101125044852155,0.8077828400055047,0.05561739225308615,0.49471313134709904,0.783536465341672,0.03739648734259992,0.5045623595739789,0.7871207623763898,2.977777777777778
0.35509593288164976,0.5893838129356088,0.8125633784397894,0.3451313894439422,0.13949329048515058,0.9079899972694305,0.32345686365766696,-0.2904456316596591,0.972414277274013,0.31015227160179276,-0.3226035291173661,0.8160586607909825,0.3720926324972167,-0.3216187704628402,0.8184418045037599,0.3061744195223228,-0.36051775569954436,1.0552743093821362,0.12771720186969462,0.5846527694245972,0.8680309066590002,0.13145563247106593,0.12417079102937056,0.9615600514848176,0.14064541313919066,-0.29644395369019105,0.9732518511470387,0.1546260687457673,-0.29047139865572275,0.7861668647516585,0.10422635280763162,-0.3090159398950653,0.8391028445318371,0.16334256880009948,-0.3504357360772767,1.0020020654483874,0.2637931330205708,1.2240946114702023,0.8829448429555664,0.2716109523228861,1.4857031713036637,0.8548195531429996,0.2323426360676679,1.348436119681041,0.7684392039549747,0.41360971495829046,1.1322651751291848,0.8527888808460281,0.4604265362536747,0.849964732416917,0.8483226506785239,0.4529330451127386,0.5929948456703971,0.7502870078154488,0.3712892160078667,0.47049597732350745,0.748912526561746,0.37808117664091634,0.46196738958500905,0.7268048942569567,0.4278092826605988,0.4455712509140932,0.8120939238098925,0.09395274773965709,1.1440390251169712,0.8865111883340827,0.03547537755417757,0.8643957052201517,0.9292651712460749,0.04491617625271184,0.6134156373778409,0.8173471323273154,0.0877997995270938,0.5080143485625767,0.8136290003649866,0.05126947185148427,0.4980151702136779,0.7759136535507528,0.03403730358240073,0.5066568857025863,0.7825818183684825,3.0
0.3550277933160331,0.5894206744917988,0.8125623472046194,0.3452931889606567,0.13943622682241874,0.9082926485444748,0.3234286288079423,-0.29054364524482895,0.972560093310496,0.31033003744326815,-0.32256653538490965,0.8163436271547767,0.3714649148853993,-0.3230976311124018,0.8202982903501299,0.3059343578382291,-0.3602569010028815,1.0544722939619815,0.1272965572225844,0.5851100643224059,0.8680210417488627,0.13147066907551097,0.1245379208079127,0.9614207227585305,0.14095756129947315,-0.29676798717972047,0.9740649259704142,0.15392972867678723,-0.29000469402112083,0.7859540745374602,0.10448274135471564,-0.30844195823832266,0.8391371011769977,0.1634287503491401,-0.35064492943318737,1.002082345446001,0.2637043564592574,1.2240704790130144,0.8829354498795937,0.27160809813822245,1.4856808631162879,0.8548042759304042,0.23236960484722233,1.3477673154752003,0.7685966334345979,0.4140586525658889,1.13127209259635,0.8537940882790898,0.46032491324082303,0.8500305823479518,0.8479534739936649,0.4528795759999926,0.5930082725875334,0.7502311448941934,0.37189751467208926,0.4714348750596843,0.7461308815929755,0.3780573232227443,0.4624668998110822,0.7250605822526567,0.4276788756650285,0.4456690238485983,0.8118410216558487,0.09399264281961325,1.1440592556912805,0.8867243936280103,0.03508505054612912,0.8641665533166866,0.9302044667847482,0.041321118599738346,0.6152167342461269,0.8124092510297056,0.08159070658345222,0.5064842637473312,0.8177831801640929,0.047481680949893454,0.5008221146286598,0.7687851304842311,0.030076448448964184,0.5075977531656974,0.7798362544483123,3.022222222222222
0.3547913919199986,0.5894705643030158,0.8125529765350985,0.3453536489739396,0.13961120138109467,0.9083280811897209,0.32347356051391096,-0.29040164453867234,0.972330808201374,0.31044715931086164,-0.3236320362519706,0.8175612701995537,0.3708894775045335,-0.3241248457714409,0.8210643470574177,0.30583240179982424,-0.3603487688411148,1.054201623276238,0.12699355980999752,0.5854852283864445,0.8681064692597471,0.13147532591275618,0.12471122707260984,0.9613567657969889,0.14122633582520597,-0.29714782271964063,0.9749418529868625,0.15306402572649497,-0.2897438802181363,0.7856767658276662,0.10457486804104209,-0.30818255602000694,0.839345903318114,0.16342662308758124,-0.35076237028334784,1.0018898203137931,0.26367196480630944,1.224052220426436,0.882880588014195,0.271608667125515,1.4856791970091336,0.854796223790699,0.23226205081256068,1.3472149917222949,0.7686968458314516,0.4147557058473553,1.130615373208985,0.855470825959591,0.46037675023042335,0.8500396012185775,0.8478981944016685,0.4525253832497746,0.593035258449752,0.750127142415105,0.37246896324616446,0.47233619043111497,0.7434673668276035,0.37814134446299763,0.46249341983356734,0.7241485274309838,0.42776940989721224,0.44631833003793164,0.8099445606739024,0.09430391834321569,1.1438260628799621,0.8878726474732623,0.03477163300606547,0.8642045767818878,0.9298314479513523,0.03800929977463341,0.6166992304483531,0.8075058745820723,0.07617746403885414,0.5056408961240273,0.8199153906337464,0.044209083818863085,0.5025889740825147,0.7630776804769931,0.025982295799776296,0.5078386086503779,0.7786898745174045,3.0444444444444443
0.35444131490778086,0.5895059119375226,0.8124982677806986,0.345328244528796,0.13986848472625868,0.9081350456111463,0.32356038312372654,-0.29005543101587067,0.9718353834236673,0.3103560350513883,-0.3252587562116024,0.818892401501381,0.37059537051914637,-0.3241657603466504,0.8203696504782533,0.30585476450208243,-0.36085623931658,1.0544543744306203,0.12681249869347758,0.5858259148820508,0.868316877421335,0.13146953545741594,0.12470743100959297,0.9613653994817491,0.14144884844532937,-0.2976155897035734,0.9759426535604744,0.1521530373531954,-0.2896688009512646,0.7854267962678269,0.10438679188246162,-0.30849370434146794,0.8399739171073893,0.16337467375755882,-0.35107674622095525,1.0016470142080884,0.2636791748225333,1.2240396807386718,0.8828505717262758,0.2716120937284154,1.485687497983826,0.8547955337696919,0.2321275596678739,1.3468836930671217,0.7687462111394083,0.4155707786153251,1.1303194049043386,0.8574883465343917,0.4604971770659686,0.8500081697846527,0.8480175232601919,0.45192651399829686,0.593077947110526,0.7499971416321969,0.3729759193222464,0.4731479910828176,0.7411615483161296,0.3781856923025202,0.46256446716401345,0.7240199159233666,0.4275684678331474,0.44673323128482634,0.808653684201887,0.09483652555946392,1.143463569807142,0.8897861894043828,0.03418714323408433,0.8643404770212455,0.9293693036846729,0.03527010713399685,0.6180134900115284,0.8025660530851715,0.07191825040274055,0.5053285283451592,0.8204948006974062,0.04184376123627191,0.503202025088617,0.7591113804960531,0.022342125697274506,0.5077644448828722,0.7792179951790084,3.066666666666667
0.35407733023232424,0.5895344888876688,0.812379511385618,0.34524889372523776,0.1400594937749295,0.9077288691909242,0.32360250185172246,-0.2898258935719521,0.9715485811893118,0.31007636654992593,-0.3261928292227362,0.8185666025784142,0.3707578503670817,-0.3230312276119542,0.818409634106999,0.3060071108013385,-0.3617959666811744,1.0552434238830386,0.1267310759141008,0.5862993898109746,0.8683536016469189,0.13145455794484884,0.12463059915798064,0.9614271703238432,0.14166782830871374,-0.29811543355529857,0.9770500071008316,0.15148877610436084,-0.28979845352523753,0.7852806396494474,0.1039920650830996,-0.30920611684540594,0.8407511725623122,0.16335685185601215,-0.35170050099416167,1.0015768116953518,0.2636985538986696,1.224024047299431,0.8828621662280449,0.2716158718628422,1.4856959239806224,0.8548026715599231,0.23217161230951572,1.346810107001649,0.768789485289229,0.4164094577669959,1.1302416570223777,0.8595594777621132,0.4604279982960322,0.8502051178486072,0.8470063608163924,0.45118451373805996,0.5931320145565755,0.7498663521027735,0.3733536091810999,0.4738058037302329,0.7394300606911214,0.378108016695179,0.4628766301410861,0.7240896145097413,0.4266824711180547,0.44649817539393766,0.8091634207208921,0.09548725206537471,1.1431661753932527,0.8921316664340366,0.03306298745865021,0.8643578208978726,0.9299834274426309,0.033381144687693334,0.6192645815176301,0.7979707019500663,0.06868831068078995,0.50526240452673,0.8204012978512807,0.04047148199893097,0.5033921260462635,0.7564632624315681,0.019294916918273862,0.5073306178474462,0.7816456183267754,3.088888888888889
0.35374492869610713,0.5895647562931957,0.812225905165262,0.3451260164954606,0.14017473548154408,0.9070811767275337,0.32355450276369163,-0.2899891197507226,0.9718054211002282,0.30983903671024554,-0.3257511568994074,0.815816526271784,0.37130541966212854,-0.32119047720174243,0.8156675188732974,0.30628832785860816,-0.36304068542025436,1.0564928124271606,0.12670273046512814,0.5868359894753636,0.8682737274802385,0.13143028030926832,0.12452745305879737,0.9615364149443929,0.14191122063458317,-0.29862094684506524,0.9783444146626574,0.1514182383608336,-0.2901247991287787,0.7851090497628408,0.10370162823220971,-0.30964568512231583,0.8408200585072435,0.16342057603134785,-0.3525617611672958,1.0017310841022566,0.2637259438969748,1.224004573894797,0.8828649803503558,0.2716185265522685,1.4857030777378413,0.8548116407520894,0.23252811853558375,1.3468804374410481,0.7688773964293562,0.41720821624467896,1.1302867066516318,0.8615613616543768,0.4600053161448321,0.8507571735832643,0.8443036961770298,0.4503594939469037,0.5931889213955924,0.7497429604040533,0.3733398032119002,0.47418393071949483,0.7386027062825372,0.3778903561625586,0.4633964431788792,0.7236134110618797,0.424914888559477,0.4456740290348652,0.8112822351222801,0.09617307687859492,1.1430276577332872,0.8946316349780841,0.031490700238362465,0.864313947878681,0.9316542349569473,0.03244705294351468,0.6202497646964775,0.7946731122458646,0.06616192605193552,0.505403754682977,0.8197861660109449,0.039783157208313345,0.5042361276463911,0.7542451389295607,0.016631728969087715,0.5065499153317591,0.7854566385811855,3.111111111111111
0.3534419790308855,0.5895919278048287,0.8120887581255034,0.34490886187030245,0.14026741404265375,0.9061425371768945,0.3234798958625386,-0.2903644708254577,0.972298013386133,0.3098830804755017,-0.32414648185257333,0.8113824791598271,0.37200179564666075,-0.31916226579391216,0.8125162181264884,0.3066353265526177,-0.364335829379573,1.057920383831259,0.1267189300990521,0.5871649617134663,0.8685136794814499,0.1313962466269027,0.1243911581726917,0.9616944790364783,0.1421425201181869,-0.2991217205843112,0.9798290660010581,0.15195578924642003,-0.29063373969667783,0.7849053137405602,0.10379041487995294,-0.309339126502528,0.8395947548863465,0.16355568037064983,-0.3535422912838014,1.0020834029666619,0.2637619085977549,1.2239864923756034,0.8828240758896505,0.2716217278453108,1.4857160076140379,0.8548131444669678,0.23316381350770943,1.3469269419050736,0.7690118011970865,0.4178840360252085,1.1303402780359064,0.8633518987423441,0.4592793697060309,0.8514621520582261,0.8409514467126984,0.44952664835515127,0.5932355782467025,0.7496319774712484,0.37268185444909896,0.4741508147163471,0.738928326868854,0.37749963103092926,0.46390397981747983,0.7228002858863418,0.42246816833916884,0.44449559128711813,0.81433320674409,0.0968202544575591,1.1430398007654294,0.8970172325220327,0.029738806470899187,0.8643883091102128,0.9338637129027956,0.03226356277853219,0.6207237797374476,0.7932741564837706,0.06431046304824836,0.5058951813170549,0.8182469272206219,0.03946675342467342,0.5060770750733586,0.7517912470464612,0.014497227670370556,0.5058681910037686,0.7890668922217018,3.1333333333333333
0.3531736193827783,0.5896129297648264,0.8119927861088341,0.3445318644004499,0.14036682441489168,0.9049349434001192,0.323462678292199,-0.29059721393983523,0.9725264780154033,0.3102408717173164,-0.3218883695759378,0.8064426740206657,0.37268751180519577,-0.3171479444554913,0.8092702231575895,0.30696902839244916,-0.36548874211667504,1.059243995337426,0.12684940344633597,0.5871412470340325,0.8692644653747874,0.13135565229604956,0.12421786888744712,0.9618879131244025,0.14229738277742893,-0.29961662378679776,0.9812758442808568,0.15288609290776745,-0.2914301944505927,0.78518734810293,0.10435575186458768,-0.3083118025593714,0.8372431962898548,0.16374923148367893,-0.3545878147987311,1.0026764900613052,0.26376802688607753,1.2239640849379074,0.8828682263928475,0.2716286097059708,1.4857401028341048,0.8548039252764933,0.23396442596948752,1.3469022268468138,0.7691708982249539,0.41830338882446894,1.1302922573053922,0.8646030960094737,0.458392343851237,0.8520626397599437,0.8381861920315634,0.44881304642753045,0.5932558589877719,0.749554536477726,0.3715070605797077,0.47373908141371535,0.7402259308586439,0.37694493289930575,0.46404578647819694,0.7226580065181492,0.4198089143044951,0.44313129453833505,0.8178706244120826,0.09733927605595388,1.1431385199901642,0.8989514918565543,0.028011844866939972,0.864590710584273,0.9364206780304447,0.03233058825029438,0.6207772433990363,0.793247780522184,0.06344102797879853,0.50671730242269,0.8158500058868365,0.03939497258978346,0.5083479133679669,0.7491176159159061,0.013509167352937928,0.5058918810804148,0.7906804459418031,3.1555555555555554
0.3529481050782003,0.5896288920102294,0.8119287164460259,0.34405979876762877,0.14047091141934664,0.9036593684560833,0.32352443913133944,-0.29057639218108333,0.972347386015351,0.3108409155701657,-0.31917784423324025,0.8016830230177301,0.3733311307120939,-0.31525897972796185,0.8062607295137855,0.3072797132720003,-0.3664917855597429,1.060439721700071,0.12717275820202026,0.5867312917800601,0.8705032823430203,0.13131068136390872,0.12401005885138783,0.9621044757282797,0.1423668424401747,-0.300181422382317,0.9824522642508257,0.1540927405196779,-0.29266994063110574,0.7865603661443643,0.10528632567393438,-0.30679631604837687,0.8343330243825332,0.164001172485266,-0.3557039797384868,1.003568623942397,0.26368616542270096,1.22392538939499,0.8831943177817693,0.2716399587520025,1.4857680267107136,0.8547876655382894,0.23479012338753566,1.3468574200257366,0.769446946597695,0.41839365577371146,1.1300725019756417,0.8650837589744789,0.4574204044654581,0.852512467770602,0.8359790841967449,0.4483658232863066,0.5932440142161964,0.7495253464779886,0.3701303045124862,0.47311003420509323,0.7421736312794103,0.37630927003698267,0.4636311366030919,0.723761720699086,0.41737353112594067,0.44170420804350324,0.8216246954686901,0.09762516743429228,1.143205451887915,0.9000251194622952,0.02655285138863682,0.8648758684715099,0.9389660866061013,0.03215521304675906,0.6207024943893599,0.7935736032272741,0.06367180151245633,0.5076118087435905,0.8133478474666673,0.0396000888401004,0.5102851772350674,0.7467425585684078,0.013965919494457576,0.5067712488591278,0.7898055426323999,3.1777777777777776
0.3527702644930212,0.5896366916172836,0.8118826101883607,0.3436564344098817,0.1405384488795683,0.9025491949300878,0.32365088069591463,-0.29036645950580975,0.9718546210564413,0.31154963654961165,-0.3161267768161525,0.7974510599968371,0.37389696830080055,-0.31370001597180786,0.803861228021372,0.30760266833633826,-0.3674197658582061,1.061630592370176,0.12768982534349513,0.5858913702231726,0.8722283975892324,0.13123816665045762,0.12373629973890371,0.9624152184093427,0.14239813560060866,-0.30083879859855234,0.9833032409159148,0.15547890606734432,-0.2943309475333398,0.7890718514100586,0.10633859200393324,-0.30501016386555846,0.8313828210245149,0.16426956558105182,-0.35681244407167345,1.0045954873495058,0.2635684400648436,1.2238923674708113,0.8835867344428543,0.27165483188258616,1.4857890059401129,0.8547702825644401,0.23549841160316176,1.3468228909823674,0.769993108829001,0.4182839121024801,1.1296483674355056,0.8650076689250286,0.45639170963330217,0.8529071504152875,0.8335963258920177,0.44823893580583524,0.5932138121123228,0.7495193942316805,0.368716686707523,0.47237535757450744,0.7446079002648334,0.37566603846694113,0.4627262764387075,0.7258867195895261,0.4154410952146316,0.4404572672795456,0.8249849375645218,0.09763984787859707,1.143193433935332,0.9000845592813909,0.025699139383299097,0.8653045489066544,0.9405159947873487,0.03190526290793934,0.6205716378599295,0.7940486476009714,0.06475451284646054,0.5082862599635725,0.8115765708608748,0.04001868547371404,0.5114480202163068,0.7452915892408087,0.015474773980518802,0.5080323780379515,0.7874089970599698,3.2
0.35264848344451916,0.5896327755382649,0.8118530225290805,0.34337295458089295,0.14051068351869545,0.9016318211721406,0.3238292890901883,-0.29000382734088453,0.971133037398516,0.3121278812588653,-0.31333086381370356,0.7943141936624682,0.3742718681939866,-0.312759881124849,0.8024986363939871,0.30797311074682465,-0.36833925497683595,1.0629333914173273,0.12832709785241644,0.5847089285342797,0.87420707924282,0.13109024738348876,0.12333409154616215,0.9629789301801054,0.14244390898816173,-0.30146515754685543,0.9838087654599453,0.15677769528902152,-0.296017099281194,0.7920459458765879,0.10736315673655976,-0.30310560651601776,0.828695323052456,0.1644934260684247,-0.35777750207940257,1.0054730141105808,0.2635969096094477,1.2239225382291823,0.8833721413127186,0.2716742082290277,1.485807218638957,0.8547537818802908,0.23603460735400872,1.3468039109352532,0.7706047386794241,0.4181806989967536,1.1291551872999157,0.8648320636258398,0.4554936255341865,0.8533185540461751,0.8312445985471952,0.44828776035768453,0.5931866929906695,0.7494946798887725,0.3673974077050993,0.47159619560177196,0.7473544691027229,0.37506106543320844,0.4614808172909015,0.7285537377954912,0.4141396607430502,0.43975980266408815,0.8268999649776229,0.0975313315762585,1.1431663562301597,0.8996873624851864,0.025685647611145078,0.8659554004411817,0.940140257359897,0.032366368771245074,0.6202342749654409,0.7952021599749572,0.06659938935562253,0.508551752421214,0.8110632271538412,0.040373540154319876,0.5118344288845749,0.7452653091947482,0.017452218919846073,0.5091772829379212,0.7843414573507139,3.2222222222222223
0.3525693374278234,0.5896177844234656,0.8118471989646121,0.3431370470666986,0.14039628339733667,0.9008156551213422,0.32404535028297193,-0.2894605297092668,0.970216176995118,0.312385972070806,-0.3115348919788995,0.79283791904405,0.37435729090570274,-0.312592115872712,0.8023485981901338,0.3084284110818763,-0.36932149833577255,1.0644693406811245,0.12901395061896015,0.5834224959442704,0.8760795859098721,0.13086909477007092,0.12280697805645041,0.963820855765936,0.14252052051410913,-0.301933066730735,0.9838564762991929,0.15769065367631357,-0.2971000412856618,0.7944840485988262,0.10826971506095645,-0.3013217018056008,0.8265109335288418,0.1646788097388376,-0.35857569816148605,1.006183886963997,0.2638952890079237,1.2240496093707198,0.8821248532918715,0.27169897299052614,1.4858345348880935,0.8547353152473864,0.2364531243918594,1.3468202870708328,0.7706383543039625,0.41812125311510095,1.1288553967515333,0.8648916472083026,0.45510338805054684,0.8537379860811622,0.8301531295638361,0.44831074267849175,0.5931739603120492,0.7494543019099533,0.36639537032190095,0.4709042916538575,0.7501414732473325,0.3745558395656148,0.4600854032207808,0.7314448289820454,0.413599680234245,0.4397286126312393,0.82695395647913,0.09752531563790949,1.1431491834159648,0.8996679775736706,0.026463124673036544,0.8668151501974026,0.9379716704677602,0.033982556678037665,0.6196555149053065,0.7971434931216981,0.06964774550087305,0.5084734271548176,0.8115996911016923,0.04057678604900036,0.5116549786785667,0.7467797179714569,0.019599097543131546,0.5102088599865112,0.7805196223536596,3.2444444444444445
0.35246903979687677,0.5895929637089777,0.8118693230508609,0.34290554870425094,0.1402906234574895,0.9000607354106684,0.32427714090326254,-0.2887307577257376,0.9691131301788191,0.3122084861612132,-0.3106304437336551,0.7925588573763982,0.3742280552543986,-0.31291027144841443,0.8029029573092695,0.3089615336136402,-0.37035259564530376,1.066215059579255,0.12973299482022219,0.5822322153433176,0.8777043570904381,0.13068017707664237,0.12226682963266444,0.9646904028608021,0.14258289032334043,-0.30219535267469244,0.9834040512607608,0.15801889495273466,-0.29723493962059433,0.7957740904313566,0.10884877137898906,-0.3001198905890707,0.8251985549277513,0.16487273146922496,-0.3592680764616687,1.0069193218332821,0.26442663429301116,1.2242567864917966,0.8800112911746417,0.2717257974833908,1.4858692225460428,0.8547174113121945,0.23685233022900842,1.346894619147157,0.769561379499816,0.4180167021086645,1.1288603737747258,0.8652794008952347,0.45543810397482176,0.8540429165717112,0.831057269992288,0.4482811614587907,0.5931756463076399,0.7494590351830823,0.36593649040824855,0.4704756456471195,0.7526254222296018,0.37422102359574594,0.45884913087676626,0.73434526684899,0.4139302195715774,0.44000419649174194,0.8261200512011895,0.09762468590809666,1.1431595066034057,0.9000285099833361,0.02768037058155018,0.8677133925304222,0.9353691653828794,0.03644835801946732,0.6189783013215675,0.7993792879456127,0.07447860270619673,0.508550393798686,0.8117207075118587,0.04112184113510339,0.5109216621211747,0.7495721798647541,0.021933624741128088,0.5113297248414177,0.7758471141791548,3.2666666666666666
0.35230541486402567,0.5895586823923552,0.8119168391749316,0.3426944175039336,0.14025652700077856,0.899365280993057,0.3245196349840531,-0.287891462487318,0.9678411401906796,0.3114965325163713,-0.3096865035868807,0.7920150987043723,0.3741116262092249,-0.3132062656293225,0.8033445997945698,0.3094905177381924,-0.37127525177921633,1.0679044043287893,0.13048700170488892,0.5812145296213533,0.8790616403617562,0.1306448643221823,0.12185918924439176,0.965228896035667,0.1425692931982797,-0.30228300091449684,0.98263233398922,0.15775463798059153,-0.29656535400204254,0.7958110102770048,0.10894904802326137,-0.2998607347791614,0.8249571398194581,0.16508780434838755,-0.3598739695875104,1.007756795819813,0.26508855133672,1.2245040260515736,0.877438217036959,0.2717494174271007,1.4858967881700227,0.854710275249025,0.2373387307333299,1.3470259941294003,0.7673774182236538,0.4178852549594216,1.129103295403535,0.8656368558105321,0.45630157613181793,0.8541139052081022,0.8334131896934321,0.44828877997041705,0.5931810357540392,0.7495375308534262,0.3661680033329534,0.470422000566289,0.7543104584252088,0.37410819525646277,0.4580314571596592,0.7368097048162037,0.415116597250108,0.44019257502314046,0.8255591345889485,0.09760619691378332,1.1432912200241268,0.8999524984081354,0.029013253137519887,0.8683490603149311,0.933492911731802,0.039220029875654136,0.6182695907654916,0.8016991055493499,0.08103289081617265,0.5093682083395517,0.8097039271769928,0.04285645253839271,0.509445953076052,0.7537942825037782,0.024577172951767708,0.512345586766613,0.7712634640281859,3.2888888888888888
0.352168420942348,0.5895087544862858,0.8120226099096364,0.34252144777828997,0.14026515788188892,0.8987464937314954,0.32480598274772143,-0.2870115462263744,0.9663790117803814,0.31045941674032673,-0.3083372655901989,0.7906764563109768,0.37415794976566774,-0.313295407539307,0.8034020416982326,0.30993286287005917,-0.3719362164739307,1.0692710422679175,0.1312622663784443,0.5803350774606689,0.8801816555623749,0.1307639527321542,0.12170588468639038,0.9652046808903142,0.14249196196477423,-0.3023037215747388,0.9817608743242761,0.15717362105667085,-0.2953499953131609,0.7945458761908665,0.10872985716776137,-0.30033905132361854,0.8253272314907553,0.16530662614501612,-0.36037134145552513,1.0086404432596763,0.2658010594540603,1.2247516062910528,0.8747696008629753,0.2717664806651727,1.4859066146075086,0.8547182268431337,0.23790682441222577,1.3471817958244512,0.7646786227025739,0.4178793367921596,1.1294815156148248,0.8652789720444487,0.45733859577005254,0.8539817756137874,0.8361468052459189,0.44838242207902357,0.5931500559492555,0.7495409918680225,0.3670254472581025,0.4707430147849847,0.7547718430620534,0.37421360979233004,0.4575502606349031,0.7381751492759816,0.4171788853468251,0.4402509320589637,0.8254279392028724,0.09732465909941379,1.1435318521611695,0.898903167072119,0.03056654110992073,0.8686062781415682,0.9318050153733674,0.042042746962678214,0.6174326927759376,0.8044695357102507,0.08848986107760272,0.5111109268546613,0.8049962884642431,0.04632178566378716,0.5072967988664159,0.7601818694458332,0.027476447458356625,0.5127424858194303,0.7683359254362911,3.311111111111111
0.3522124041328243,0.5894423746193498,0.8122175954887523,0.3423864822549324,0.1402838164765628,0.8982445989967145,0.3251621804870524,-0.28608932386806535,0.9646282259940065,0.3097051881386724,-0.3073749073941684,0.7897986238412804,0.3742558651704347,-0.31330536350592914,0.8033056398352239,0.3102434225143324,-0.3722583162602493,1.070170365649614,0.13204722974962654,0.5794929914806245,0.8812718718352541,0.13094778254483286,0.12186839373800762,0.9646279366212984,0.14244774176743966,-0.3023229710969159,0.9808404489277193,0.15653727226101188,-0.2937147224151228,0.79200318142533,0.10847206877606524,-0.30103130292163494,0.8255272874817448,0.16551314336187367,-0.3607418664187145,1.0095092364542706,0.26649252414202806,1.2249689738426264,0.8722988095741857,0.27177515666097124,1.48589824959745,0.8547347154134926,0.23841481956657312,1.3473146954177067,0.7623542306130391,0.4181096679399747,1.1298938186724679,0.8638856586614616,0.45836432238230995,0.8536861276103274,0.8387450315858588,0.44856709349682017,0.5930594076279327,0.7492585206825881,0.3681078052553265,0.47132292900092565,0.7542581019085141,0.3744475812996643,0.45713747544516903,0.7382409826849152,0.41998697538190555,0.44025959487223953,0.8254739648302317,0.09682612059197035,1.1436812374837566,0.8970228946770751,0.03262273584578681,0.8687130710271922,0.9289936579292991,0.04503623210759122,0.6164302234512662,0.8078484857363837,0.09596083095587929,0.5136135223214726,0.7980607540529958,0.051490308942930496,0.504984068644872,0.7685233149671908,0.03041197354265037,0.5122126141350742,0.7680589861819247,3.333333333333333
0.35248910468864286,0.5894018119991143,0.8123643764181154,0.34229749681808463,0.14030099306829102,0.8978976227771265,0.3255551718173339,-0.2851593362080782,0.9626217302970332,0.309578094450136,-0.30757226383486364,0.7905455749143768,0.37412763241431857,-0.31332546235929615,0.8032093616430864,0.3103816850451243,-0.37216982566527634,1.0704702862953623,0.13284646687022197,0.5786245144408056,0.8825385387798621,0.13117124676367578,0.1223154448851293,0.9636268974277472,0.1425032723398093,-0.3022800555934535,0.9798729292784386,0.15590610635421515,-0.29191541859892556,0.7888454000408698,0.10826823018451959,-0.30168741504431706,0.8252818977659532,0.16569885394762177,-0.3609736742337109,1.0103314714932654,0.26703275894079503,1.2251388890031962,0.87023259006359,0.27177528330996076,1.4858751038071372,0.8547535239249995,0.23881094161665112,1.3473939251871607,0.7610551657991509,0.4185592288027911,1.1302739245596802,0.8617026628945699,0.4592694888728133,0.8531888234887481,0.8414490987805567,0.44877221130338774,0.5929869965494138,0.7489012170209763,0.3688978688861061,0.4720180639876017,0.7535627310236142,0.3747102106113087,0.4568590571685691,0.737622941650005,0.4228070295190826,0.44018806377465935,0.8257586828138668,0.09621858375197645,1.1435801172390068,0.8946918716181785,0.03509311731140552,0.8688672849757207,0.924870240573852,0.04831105766898206,0.6154206146556535,0.8113089243829399,0.10302574145979224,0.5165517671351034,0.7898115200332406,0.0583429889359775,0.5031196510965543,0.776875400779325,0.033519262598983496,0.5106854884840865,0.7708842976246637,3.355555555555556
0.352926138045412,0.5894372765167499,0.8122533094713313,0.34228781377216266,0.14028626555050022,0.8977434049002241,0.3259393453254003,-0.2842964490734456,0.9606607118500509,0.3097917712651041,-0.30895028099730104,0.7926994838981279,0.3736177041427643,-0.3133514106420245,0.8031098415770201,0.3103484994296979,-0.371663702003776,1.0701705906361922,0.13362754350185144,0.577760705529116,0.8839226444914791,0.1314700770183468,0.12293136275246702,0.962311195081031,0.14262097263564283,-0.30212741453304603,0.9790173185551817,0.15538732128524857,-0.2904599393182266,0.7862998816366338,0.10809032834670579,-0.3022656971759289,0.8248728907225958,0.16585715030773693,-0.36104238412264483,1.0110908996251795,0.2672555428639105,1.2252465565333532,0.8687854735606104,0.27177260823658445,1.4858364931095436,0.8547746902480947,0.23913701441563007,1.3474087483044526,0.7611267411572933,0.4191510084209208,1.1305989524229176,0.8591360908436193,0.45985983041962886,0.852590535461224,0.8443043285997422,0.4488283268850629,0.5930355980637723,0.7491261006419886,0.36913063898188825,0.4727416503770384,0.7531264852434555,0.37495369138089396,0.45714324620644853,0.7369652960244678,0.4245982772412028,0.4400411132832376,0.8262537255351327,0.09558660148671545,1.143246180205417,0.8922341340614203,0.037578246962413124,0.8690094262652351,0.9202476010820435,0.05157398565946708,0.614593914731085,0.8142427637387153,0.10962502597771553,0.5195482921405596,0.7813251242661885,0.06722665040346985,0.5020370586620988,0.7831887120059614,0.037351044378425104,0.5080334194897814,0.7774470070928403,3.3777777777777778
0.3534212451553312,0.5895351684660916,0.811910057146747,0.3423796065782359,0.14020413491685874,0.8978435588905129,0.3263063370530035,-0.2835475752761844,0.95905529667247,0.30994265119622744,-0.31126086484162896,0.795577066020807,0.3727963748697963,-0.3133740450072552,0.8030024043936486,0.310223193605087,-0.3708701690395753,1.0695283284550554,0.13428403255052831,0.5769613385114174,0.8852463198946562,0.13182264488129466,0.12356512405976916,0.9608863244507214,0.1427419899209474,-0.3019512834122971,0.9784882948513177,0.15513926974294703,-0.2897035752683207,0.7851691592556337,0.10796226800151214,-0.30263872508707995,0.8246254985202045,0.16598033240743024,-0.36089918970937296,1.011790046792834,0.26717755904943774,1.225269275204351,0.8682992865704182,0.2717776338524002,1.4857778029937496,0.8547972448690306,0.23933992882912403,1.3473534370573776,0.7627910490784664,0.419813434513153,1.130842120564292,0.8565190741565603,0.4600208673338557,0.8521836008879848,0.846608047520234,0.4486056832600608,0.5932854661545328,0.7503391902238001,0.36876501483372115,0.4734808297099138,0.7528712403913111,0.37505917597674243,0.45813053735707987,0.7362994191098684,0.42480896328289475,0.44001167991092494,0.8263767342474934,0.09499377186060623,1.1427769177864933,0.8899075358198018,0.039813524211907675,0.8690705516813453,0.9155890350913471,0.054457331482685736,0.6139902548684895,0.8166724728706501,0.11557794318544246,0.5223103360538199,0.7734560210143522,0.07801335317358668,0.5018825895287036,0.7864878131698904,0.04202423916036748,0.50422855920444,0.78800881424605,3.4
0.3539180279603697,0.589662682816293,0.8115416057049774,0.34252615751933224,0.14002707151276678,0.8981866449020991,0.3266444616755723,-0.2830046309154808,0.9579073987585223,0.3098243608535063,-0.314058434099727,0.7987477830813706,0.3718160965909292,-0.31338987888064973,0.802896688261134,0.31008332891675966,-0.36994450973795906,1.0688068365831593,0.13470505791264323,0.5762482182362889,0.8864489746555121,0.13216769813770732,0.12413230385824442,0.9596020136138801,0.14285338749444598,-0.30188725450729614,0.9783096238074142,0.15513671365532006,-0.2895325725375399,0.7851695033823081,0.10793616240647952,-0.30266309722350654,0.824649127984101,0.1660798276593904,-0.36053029179823215,1.01250753958201,0.26710885662281103,1.2252033220847205,0.8689208210013546,0.2717945411468043,1.4857018672814386,0.8548133077636124,0.23940869234631829,1.3472432232742393,0.7656739694365399,0.4204735757988027,1.130963810175135,0.8541169830413127,0.4598980370851121,0.8521918322213864,0.8478633315879738,0.4480980994622761,0.5938497351412904,0.7523795898446772,0.36783012754724786,0.47435702340158226,0.752746505311443,0.37481479289181074,0.4593828210746321,0.7356769976621905,0.4236216483257341,0.4403600982341917,0.8253676171685254,0.09448441034439799,1.142249798396414,0.8878919130903,0.041767310998250706,0.86912625264662,0.9108773948763593,0.05712094075066966,0.6135341873584652,0.8189843038773934,0.12036329795785516,0.5245779127872273,0.7669618967853126,0.08930721384585125,0.502877347942237,0.7863956051379184,0.0468304546771043,0.49980778563621203,0.8010942773139781,3.422222222222222
0.35441752541097254,0.5898017432896302,0.8112683296874711,0.34264809383583406,0.13978381644066545,0.8985600006619318,0.326922415921037,-0.2827556393286207,0.9571673511097678,0.3093282309733588,-0.31668313347583466,0.801849346282488,0.3708049475765075,-0.31340444069547996,0.8028109644885586,0.3099299000980872,-0.3689797145826921,1.0680422121969912,0.13486443287958216,0.5756270947817574,0.8875378970856975,0.1324790089431047,0.12465310804948149,0.9585387526452922,0.14295171489093747,-0.3019534005080561,0.978349030049986,0.1552082667582499,-0.28961225018686176,0.785389329193088,0.10802854880117017,-0.3023062145957349,0.8248363600855242,0.166207259699034,-0.3600719606752023,1.0133593135812267,0.26735636223530784,1.2250802220274255,0.8703383865847429,0.2718171229125147,1.485626020637117,0.8548123689709818,0.23957291894545127,1.3471327437496383,0.7684698761648661,0.4210303499233038,1.1309362154543128,0.8522198754267801,0.4597784640069206,0.8525940359937936,0.8483953447487353,0.4473596053471145,0.5946407304124903,0.7548587500751364,0.3665117718517592,0.4755238946721353,0.7528580597554684,0.3741506762089303,0.46039969424133026,0.7356349360560331,0.42162700104630785,0.4411376956856515,0.8230926331819979,0.09411139277532324,1.1416812126645586,0.8863836206543277,0.043417377052721785,0.8692167855255868,0.9065060762304784,0.05995382289484485,0.6131365080164336,0.8211394323868291,0.12355433401517606,0.5260167738961374,0.7628070406897536,0.09918407342423474,0.5049867175030498,0.7831820797278223,0.05080218624229977,0.49581110638887127,0.8135273637526645,3.4444444444444446
0.3549414173956124,0.589877118855786,0.8110867983093154,0.3427519372629469,0.13957264766487693,0.8987578368579516,0.3271288251598901,-0.2827653199331883,0.9567504654214147,0.3084711911535366,-0.31879071657840613,0.8044838231060569,0.3698704344122151,-0.3134362190626388,0.8027720016616208,0.30972288288459654,-0.3680400464420274,1.0671304461207813,0.13485037709711922,0.5751223422872271,0.8884738603090276,0.13273974890155715,0.12513967001610254,0.957719921281463,0.1430287969785098,-0.30204097996835877,0.9785306837192361,0.1552845593038027,-0.2898801110756779,0.7854778413879147,0.10820740516640504,-0.30168475240087445,0.8249970938292738,0.16641152582935215,-0.35977290921950417,1.0142677567961882,0.2679339935788811,1.224928908855718,0.8721902944065576,0.2718383027681833,1.4855697658039266,0.8547909328907108,0.24009883403775584,1.347082887426859,0.7698393650531477,0.42138226284873437,1.130783380589336,0.8511888383660404,0.45987259118172574,0.8531132417382662,0.8487091911181046,0.44648034733834896,0.5952245357736862,0.7574410977689362,0.36511240830574576,0.4768825764108243,0.7532416112135102,0.3732130315687074,0.4610188892727689,0.7366064913980018,0.41948529034840965,0.44215843887448414,0.8200904914302999,0.093975989777835,1.1410676738860004,0.8857501137584509,0.044611345546509903,0.8691992403636094,0.903421584137643,0.06275026160932011,0.6127457475787731,0.8225858899239458,0.125314898944526,0.5265336382826142,0.7612747199827676,0.10641958522986252,0.5076401714529395,0.7777917259434225,0.05332209742314284,0.49308708918054656,0.8223863046351466,3.466666666666667
0.3554770295706733,0.589812890374983,0.8109722743972853,0.34286518321987364,0.1394715398384408,0.8988318795984772,0.32727344796973257,-0.2829703787164251,0.9566456687943147,0.30736638601459243,-0.3203734518724035,0.8061997346065087,0.369131700318598,-0.3134920423663657,0.8027817595433201,0.30946637633553314,-0.367183173442973,1.0660647422982765,0.13477759444415743,0.5747670928938645,0.8891892867174542,0.1329061629079341,0.1255275539106262,0.9572719588152717,0.1431049061663975,-0.3021155196989796,0.9788760168294642,0.1554105802615378,-0.2905708480670981,0.7860276348251225,0.1084052189786241,-0.30101763885156,0.8250854270174043,0.16667653868395135,-0.3597131271197978,1.0150236892397393,0.26867618128611165,1.22475690051983,0.8743322997144768,0.27185593534333535,1.4855380792011945,0.8547574005097223,0.24100332819474135,1.3471178100573071,0.7693498439380408,0.42152952802412025,1.1306104687859624,0.8510493774668497,0.4602664189320776,0.8532986385516431,0.8490661811185563,0.445615176197689,0.5951908419853602,0.7598702480006609,0.3638250887880611,0.478143067498619,0.7538332175695622,0.37215447521003686,0.4612165094470936,0.7386535385809722,0.4177328337765306,0.4433831305429671,0.8164785400908008,0.09413871563196825,1.1405536787168193,0.8862373332243332,0.04519215918458934,0.8688545453446135,0.9022635043264309,0.0646759373033734,0.6123282314294809,0.8229574008755753,0.1262177998749409,0.5265997366270785,0.7610159224447499,0.11075551795558213,0.510054997693106,0.7715466217205647,0.05435675754247035,0.4918082714412954,0.8267439522759481,3.488888888888889
0.3559382267978365,0.5896717725374592,0.8109190186510651,0.34290979089932694,0.13955145592572316,0.898899622971058,0.3273523573631897,-0.2833540124766204,0.9569091423847372,0.3061973410830918,-0.32139772541815054,0.8067287586040254,0.3687181201936522,-0.31355826833465134,0.8028167791115474,0.30923296776963083,-0.36646277515247766,1.065073700448642,0.13462351453874086,0.5745800378171729,0.8896501618819788,0.1329661439615701,0.12578790948306962,0.9572245049142487,0.14322854824683395,-0.30227794210818115,0.9793965459332762,0.15557369209920086,-0.29175278585387254,0.7875437750859031,0.10853343116542996,-0.30051405657542635,0.8253132429809191,0.16692583356582166,-0.35965941614067143,1.0156266165095966,0.269450531342973,1.2245726615238886,0.8766199823003231,0.2718690037717862,1.4855228511540197,0.8547260191151216,0.24205771406924598,1.347222466743362,0.7673641860453417,0.4216039665611075,1.1305360932769046,0.8511573229318905,0.4609610806980997,0.8528411054923033,0.8495299117505472,0.4449522372167284,0.5944563271312218,0.761849466027728,0.3627261432071295,0.4790959939342315,0.7545133878562509,0.3710188610935792,0.4608545174513018,0.7417261328293661,0.4168026725254767,0.44506845506307263,0.8115592728376448,0.09452975323265755,1.1403957842742496,0.8876385591540839,0.04528326614526716,0.868099965681016,0.902562022918832,0.0650200930051486,0.6117728803905194,0.8226220579929844,0.1266386013774905,0.526825626535697,0.7602662521738706,0.11237454168616369,0.5114780534409135,0.7665273058620863,0.05432354805039575,0.49170868503236187,0.8272327426483046,3.511111111111111
0.35621947725475234,0.5895818276868147,0.8109223381965374,0.34285843024598306,0.13989373099988128,0.8989611450202657,0.3273463133133406,-0.2838862685778105,0.9575378675610807,0.30535352872898724,-0.32194484605319995,0.8064492261068621,0.3686322791097468,-0.31361884367830567,0.8028712011412509,0.30908524291267647,-0.3659353323242583,1.0644258258476855,0.13426755316455166,0.574562525120283,0.8898714211212455,0.13298647999432134,0.12601230780132217,0.9573463871696654,0.14339771271950724,-0.3025889118500218,0.9800823313423902,0.15586339772824892,-0.29327519425407755,0.7898823213498322,0.10852899608282676,-0.30026796755531937,0.8257958498899871,0.16705842279680758,-0.35939315996495014,1.0161253901815075,0.27018033333485236,1.224396029647233,0.8788073943810655,0.2718751360231874,1.4855191356295707,0.8547057478844502,0.24296210987414985,1.34735731176017,0.7646617187744589,0.42167361874006487,1.1306086063261813,0.8510346128418276,0.4618907718601236,0.8518619611760214,0.850020139937972,0.4446111332650142,0.5932389799266808,0.7629735539056403,0.3620106563841259,0.47960087955306935,0.7550695701928821,0.36988153491833187,0.45983653002594016,0.7453386102270065,0.41694894541944416,0.447176306535485,0.8055230600137071,0.0950514919778411,1.1406295429054913,0.8896100560792115,0.045237192894343865,0.8671539566728912,0.9031190869147669,0.06383268296388889,0.611017013473228,0.8222872552231364,0.12643599812365475,0.5272438017800609,0.7589593279419639,0.11104276429079962,0.511434368370196,0.7646794662787485,0.05354584015653158,0.49267258971254596,0.8242485241411142,3.533333333333333
0.3562924737743042,0.5895850235231055,0.8109651203874183,0.3428235734906724,0.14044257810903576,0.8990269739153418,0.3272491091931438,-0.28453228845751705,0.9584745567592698,0.3051863205635329,-0.3223232457017342,0.8060985896929094,0.3686470525474661,-0.3136624000472318,0.8029494535766651,0.3090305715055299,-0.36567525192754113,1.0642049907890514,0.13370478122548518,0.5747178684762205,0.8898818673299815,0.13306090496536793,0.12633334253781286,0.9573230421225922,0.14352009074759323,-0.3029760036077651,0.9809158124183974,0.15660308301775067,-0.2951126026027872,0.7927310690875152,0.10849579974371582,-0.30015790986897317,0.8260527614331996,0.16700954556231568,-0.3590804388046819,1.0163584683172384,0.2707766161206061,1.2242549528481785,0.8805815161989881,0.271872523213622,1.4855323465389516,0.8546957581011219,0.24357309770104252,1.3474807680466232,0.7620818239047153,0.42161640427765473,1.1307828616446698,0.8511700364635448,0.4629122031291711,0.8507490016587566,0.8506091026670983,0.44452473592664266,0.5919173527340956,0.7631416556700821,0.3619731919878539,0.47954750425575254,0.7553029672459032,0.3690470888829458,0.4585245684714683,0.7482251514319412,0.417881595315621,0.4489488864128409,0.8006243922217124,0.09565960513566799,1.1410389572279187,0.8919554205929532,0.045186951901867285,0.8664127601731144,0.9033634676428223,0.061829143956206124,0.6102663290760241,0.8222004528677798,0.1250689371707317,0.5272111770461412,0.7589961351919963,0.10606302992953096,0.5101386339041563,0.765815952594975,0.051846811879938406,0.4947493764328677,0.8177707755296286,3.555555555555556
0.3562165007941641,0.5896570075033494,0.8110087437093287,0.34286956973307753,0.14097541379560163,0.8991489383449495,0.32704541876695875,-0.28532658765917596,0.9597897203964371,0.3055015959199676,-0.3227139670599727,0.8059884484370746,0.3685925354292115,-0.31368460031255735,0.8030229709695533,0.309070559342519,-0.36576676409440295,1.06441229409175,0.1330469990775491,0.5750755758289332,0.8896489730021432,0.13324912777855166,0.1268347135945636,0.9569509139378022,0.14353382159039507,-0.30333302503402854,0.9817952293226105,0.15795479735169313,-0.297159199187432,0.7957504791323277,0.10868662473651514,-0.2999621050544744,0.8255346255803734,0.1668315522254017,-0.3590801539082444,1.0162811159853022,0.27111443845489186,1.2241797583950214,0.8815932222439674,0.27186325915886184,1.4855655100037863,0.8546901686559091,0.24396508415689044,1.3475715542516369,0.7601439589152194,0.42131895363421645,1.1309236508166833,0.8522511985783494,0.46378393126279155,0.8498634098342677,0.8516222099399908,0.4445129330124181,0.5908303375777584,0.7629613167577782,0.36264062713569223,0.47887820753890875,0.755222071565029,0.36903460251124726,0.4577775399362861,0.7490450503031614,0.41909334538473797,0.4496271427740236,0.7990265728692365,0.09630939569696617,1.1414746716844613,0.8944779691705795,0.04488904258959051,0.8660499802859745,0.9039179178021994,0.05956520489823179,0.6098152440158284,0.8221578347206837,0.122015848535699,0.5260000914632444,0.7624948492798121,0.09760035701282094,0.50841093340801,0.7679141038231143,0.04907794139830304,0.49753922012956725,0.8089950391384231,3.577777777777778
0.3560889987629844,0.5897845498666832,0.811024734524959,0.3429552104212091,0.14132677864766413,0.8993191089570955,0.3266913070912153,-0.28638505956479854,0.961704485548363,0.3057930124811642,-0.32310822887309665,0.8060008630386793,0.368640418209519,-0.3136966477728191,0.8030550886387359,0.3091976605331014,-0.36617517186375526,1.0649776877494248,0.1323579937284659,0.5756490540957788,0.8890760788378396,0.13353979148983194,0.12749821738959738,0.9562537201136327,0.1434864592030553,-0.30364175679088723,0.9826061214840748,0.15966803819465172,-0.29883774741881075,0.7983180490977975,0.10917353772387134,-0.299627494639423,0.8245350907035258,0.16664938789513342,-0.359455960624577,1.0161007920252372,0.2711347902856169,1.2241791731021303,0.881727057410701,0.2718558759281824,1.48560963344684,0.8546846807583688,0.24419525902105854,1.3476207111713503,0.7591181388806436,0.42082436392705014,1.130908742622198,0.8542899866923632,0.46428943369928327,0.849495099288357,0.8530504720151335,0.44460481315294137,0.590218495751405,0.762985055620294,0.3637524741569521,0.47753874887330916,0.7550064846116803,0.37022944180627104,0.45814261436044507,0.7472423747756362,0.42071526232435996,0.44927017257441,0.8004391922826688,0.09692759780874233,1.141934882396866,0.896898494456608,0.04408213961698483,0.8659208527122221,0.9056703296263398,0.056971391055316595,0.6097865911836416,0.8220118900419002,0.11723472961816116,0.5234077573659732,0.7700434340323201,0.08722624175870675,0.5070094239074233,0.7694186042924477,0.045723628545763076,0.5002170544244756,0.8002783892198004,3.6
0.3559698814300436,0.5899443640541284,0.8111151498620406,0.34303794928872455,0.14152810817196892,0.8994924650175221,0.3262115457110369,-0.2877381512730218,0.9641828693872734,0.30588875209566074,-0.3234647110485944,0.806045243014972,0.36904174419156965,-0.31370238772175296,0.8030464193348197,0.30935872590486724,-0.36666668273166536,1.0656490080733039,0.13164361194026325,0.5763030537690235,0.8882492805847876,0.1338452981663584,0.1281889975090339,0.9555103035768122,0.1434320207658678,-0.30394511174821354,0.9833727175776299,0.16133805355534342,-0.29938318647208534,0.7993888880195,0.10971743102390424,-0.29931048470006705,0.8237447846169648,0.16651282688179472,-0.3599083609408363,1.0159074262027121,0.27100663044082873,1.2242187406733827,0.8813887606650993,0.27185865576761525,1.4856526519078366,0.8546789928685964,0.24422360511951274,1.3476243386990223,0.7590530192873584,0.4202331314107344,1.1307289520016734,0.8568769161505341,0.4644507611397708,0.8497367649278235,0.8544502877468265,0.4450304093754138,0.5903132409081653,0.7628504930628746,0.36517634496222184,0.47562982918023977,0.7547597619208957,0.37248550408180564,0.45915838931340924,0.7430460944164169,0.4233297824520342,0.4484653061354029,0.8030852781959245,0.09742174119831046,1.14242024273302,0.8988783481961817,0.04278370257350626,0.8658680796838788,0.9088024542424903,0.05391885074620356,0.6101798338511749,0.8217791908433414,0.11112446479644948,0.5197747376838467,0.7806219495975989,0.07664127707457634,0.5062534335369893,0.7700947943128886,0.042383021746818975,0.502347002624192,0.7932399761509857,3.6222222222222222
0.35582921469594847,0.5900700149948727,0.8114991690049682,0.3431091313284108,0.14165432298093328,0.89966024242057,0.32574471261112176,-0.28913908402072264,0.966657104581721,0.30591577235475936,-0.3235753847651388,0.8061041474602747,0.3698102821241598,-0.31367268714176316,0.8030174378313032,0.30949935215266067,-0.36701303630222754,1.0661839336811898,0.13094137132728007,0.5767818600419176,0.8875632522394428,0.1340598193648101,0.1287399996916903,0.9550711618610702,0.1433457625007252,-0.3042178894211527,0.984121206367351,0.1626297564209675,-0.29839592312573565,0.797841438988711,0.11005853550672823,-0.29922638641566396,0.8233772008590646,0.1663747026617026,-0.3601253368655004,1.015604055732564,0.271031063204871,1.2242595490160513,0.8810574875577759,0.27186864302399316,1.4856890231650595,0.8546739676250252,0.2441347673385157,1.3476038017343552,0.759404391394261,0.41961938220186257,1.1304378963144313,0.8596405160476708,0.4644959001981064,0.850326690646102,0.8556123034052039,0.44580729788180784,0.5912071460444233,0.761936448672266,0.36699350597193375,0.47357611920368764,0.7544279131966181,0.37520288789794454,0.4600843833645305,0.7372806671088741,0.42705575850692856,0.4476730378394873,0.8056725324003332,0.09769024574283659,1.1428744393081092,0.9000415221993407,0.04111678413135658,0.8658358819719445,0.9130925278069262,0.0507574656251565,0.6109069005252233,0.8215291524126751,0.10403188073491036,0.515590101624223,0.7927174307422076,0.06668095112371866,0.5061441858166247,0.770209421849838,0.03916002748487997,0.5041828533226007,0.7879810135878872,3.644444444444445
0.35562139056119607,0.5901476966150839,0.8121589910356467,0.3431752388720504,0.14168350008600128,0.8998383434499373,0.3254003008181856,-0.29026221104430266,0.9685437627934955,0.3059561443359208,-0.32326386559753617,0.8061557925629439,0.3708052360499765,-0.3135816891168139,0.8029819120076817,0.3096041519328747,-0.3671897663583212,1.066543943584057,0.13034476152696114,0.5769951863259164,0.8872468978825259,0.13411983467881858,0.12906389607798785,0.9551633718777665,0.1431625831208991,-0.3043367117534039,0.9846334376537865,0.16325616237158852,-0.2960732320062552,0.7935860940302295,0.1101235093428223,-0.29949240373264013,0.8232920329948009,0.16619306202401188,-0.3600149290117701,1.0151411510398374,0.2712593189963059,1.2243038874300043,0.8806998904378986,0.2718763278801083,1.4857184607075071,0.8546692765536776,0.2441241472675174,1.3475957359686794,0.7593771808115096,0.41904410891406146,1.1300795062440545,0.8622937916563034,0.4645870617175979,0.8508971306508016,0.8565163927695134,0.4467170374344719,0.5926485081620341,0.7601755641264012,0.36910461888535384,0.4718446533557608,0.7539793947842373,0.37778085938777184,0.4608363535706406,0.7313389431569832,0.43123664137878637,0.44701060085112887,0.8079516997432812,0.09769844986711274,1.1431911567252595,0.9002362883800014,0.03911147975964498,0.8657007447012482,0.9184499728681889,0.048076965479483674,0.611717135358232,0.8213595129997403,0.09617244968038707,0.511296128284467,0.8049838184512436,0.057786280957449844,0.5064507408804053,0.7699909551778519,0.03598871308202441,0.506057446052288,0.7839048164440802,3.6666666666666665
0.35537226760132345,0.590304881210836,0.8126432129594306,0.34324083879433925,0.14159598108917792,0.9000203654871268,0.3251685701696695,-0.2910269264941764,0.9697784376027495,0.3060240311023418,-0.32275569784497815,0.8062081612872819,0.3718929972594186,-0.3134378101068277,0.8029420179220146,0.3096769738421252,-0.3672821550822384,1.0667903540322794,0.12993871157400042,0.5770702737549895,0.8871188492062902,0.13403780908085317,0.12920850217129953,0.9557679273387822,0.14286422854414432,-0.3042235063292056,0.9845835395202688,0.16297184200722173,-0.2929876462791246,0.7879452605709948,0.10994589404690397,-0.3000723695632648,0.8234198865721377,0.16596605946452433,-0.35965485470994896,1.0145366525643074,0.2713617912403072,1.22434928367124,0.880287241103917,0.27187814782109015,1.4857393809487043,0.8546669880777068,0.24419166708351528,1.3476032003308416,0.7589815121144876,0.4185844173467681,1.1296788716530457,0.8645055803086539,0.46482324594023805,0.8512555518354387,0.8570838148219081,0.4476150696946214,0.5942527665501611,0.7578376919594733,0.37097477198568574,0.47067727404131454,0.753507145731855,0.37977774757824023,0.4615733933521862,0.7267348783172822,0.43476013246561696,0.4463806939801767,0.8102243912753321,0.0975644001716115,1.1432737726578681,0.8998607775946594,0.03687139786257355,0.8652761603405514,0.9245493159971288,0.04616359454775984,0.6123271110658564,0.8213188651815333,0.08828993683785516,0.507409384967582,0.8159654374195355,0.0506365492802803,0.5069944400734714,0.7693190923687537,0.033106426124262296,0.5078182735378332,0.7808691894879677,3.688888888888889
0.35513957474040575,0.5906741270941004,0.812536314534626,0.3432993652110881,0.14145249279154887,0.9001776456387895,0.3250022773293975,-0.29149791040211653,0.970561784914876,0.3060965326878704,-0.32241489934556794,0.8062634263572063,0.372956758044644,-0.3132606164349268,0.8028851136270235,0.30972455282234634,-0.3673439839294868,1.0669635535888518,0.12970443743754514,0.5770844893081833,0.8870591704332612,0.1338765654038647,0.12925748315920038,0.9566507330517143,0.14250695523723758,-0.3039135454015861,0.9838854194712934,0.16167497141689305,-0.28962513992551125,0.7822192299372956,0.1095489973472065,-0.30088465236486367,0.8238460535610208,0.16567361981661385,-0.3591230464798979,1.0137218959982317,0.2709761820230584,1.2243464339091645,0.880340499930696,0.27187533688314625,1.485744537289467,0.8546742999766811,0.2441289164275104,1.347591758837721,0.7590319300244406,0.4183326547672966,1.1292693997039822,0.8658639770800907,0.46545883431919055,0.8513413945623568,0.8574123973885515,0.44843979584440785,0.5958361355997663,0.7551683927525648,0.3719009490141224,0.47029044548118826,0.7531513474937805,0.38076943664056384,0.4621409488189231,0.724507953890523,0.43656606934440545,0.4457970567784775,0.8123326749974737,0.09746088414970451,1.1431759850071397,0.8995435630793107,0.03467074851277314,0.8644911370141917,0.930643026027842,0.04477434730912882,0.6126240600550874,0.8213329943891496,0.08188394994870929,0.5045765001593849,0.8238772945527775,0.04602953357023812,0.507776451311945,0.7681683757326887,0.030969626813332707,0.5090842736735406,0.7792705935814765,3.7111111111111112
0.35494961428023486,0.591210965176867,0.8119729205591382,0.34333872291288486,0.14131040635783765,0.9002947114194462,0.32488574524262237,-0.2916726193429624,0.9709701212648446,0.30611140856304786,-0.3223267265745649,0.8063151757250064,0.3738488710021619,-0.3130721509550216,0.8028105699935165,0.30976163822583763,-0.3674018293512912,1.067101395238887,0.1295476781311987,0.5770578076254785,0.8870947058531674,0.13367022203284237,0.12918139903755277,0.9576136665718089,0.14215796854572746,-0.30342276860947714,0.9826980088464856,0.15956192417311726,-0.28631478583827497,0.7767682539943472,0.10893264720877668,-0.30187558476269016,0.8246673635463212,0.16527596955030074,-0.3584149401809275,1.0125509718570995,0.27003600120639576,1.2242554185194565,0.8813272942482944,0.2718668808180942,1.4857275238934085,0.8546977341858171,0.2438442782784974,1.347536187164073,0.7600686367563512,0.41831750949329166,1.1289443671571011,0.8661630503078062,0.4667368689202692,0.8512049585439301,0.8575648390516638,0.44898691017814174,0.5973718044001981,0.7524332766500605,0.3715426068751858,0.47085173494152904,0.7529804657401589,0.3804452694541545,0.462362778178019,0.7249635117155068,0.4360460735477858,0.4454395424664526,0.8135818413473176,0.09743613368032994,1.1431043244625572,0.8994942789857673,0.03277292951604375,0.8634502623226324,0.9360329999439337,0.04353913448412622,0.6126457815827626,0.821321944513934,0.0782420313595168,0.5032470809002255,0.8275049714202506,0.04435907166354289,0.5085629713200709,0.7675124859863689,0.029847312566189707,0.5098332711445487,0.7789563823701612,3.733333333333333
0.35479542824487265,0.5917539569657667,0.8114347567739375,0.34335017896362824,0.14119868985441203,0.9003782750930985,0.324820596072835,-0.29150876121218317,0.9709700860725917,0.3060518351941236,-0.3223344320454371,0.806380629561693,0.37439849339713305,-0.3129041646075337,0.8027588111066422,0.30980920390353195,-0.36748715940395416,1.0672613554164385,0.1294422396376451,0.5771032268966911,0.8871346010089826,0.13345708845217505,0.12898032627929806,0.9584758840034118,0.14184165602451265,-0.30272271392911954,0.9811769532738298,0.15723564922878902,-0.28364723526382357,0.7721764858580625,0.10818685818877097,-0.3028896247629101,0.8256276838579212,0.16480597344408981,-0.35755678152970377,1.0110838636422275,0.26871555069662234,1.2240896520067532,0.8831483331322652,0.2718511246705287,1.4856957611196102,0.854735011374743,0.2434436383917114,1.3474436328990012,0.7619418111452685,0.41842234180473314,1.1288251313578146,0.8657858319704572,0.4686445426322897,0.8510808528245645,0.857387121134418,0.44887879500808575,0.5987485716094069,0.7502760086808503,0.37014516050365903,0.4721613609043873,0.7529287719179826,0.37889060958985843,0.46237846794025866,0.7274643297781765,0.4330687849283553,0.44517207688769306,0.8142851374041613,0.09743519546923535,1.1431913455360239,0.8995415007268834,0.031354481351929156,0.8624412032791999,0.940168303685708,0.04247062329801266,0.6125259777230084,0.8213084658943954,0.07750987435563197,0.5031804629659665,0.8276471775943184,0.04505548745520663,0.508938375003827,0.7684680500466914,0.02960677440700103,0.5103755569897873,0.7791197832918146,3.755555555555556
0.35465541514084775,0.5922006109840006,0.8112284302086765,0.34333167458072483,0.14118787257986526,0.9004275352567213,0.32480638199915746,-0.2910103950147235,0.9705278360110032,0.3059777348181345,-0.32229579728969404,0.8064357265692298,0.37453334299431695,-0.312781562577105,0.8027584732250206,0.3098556814587962,-0.3675754207242141,1.0674041687162727,0.12946826159588054,0.5773088650351299,0.8871141076589104,0.1333589103486441,0.12887130822796167,0.9588591560353641,0.14153432269966384,-0.30184502532923296,0.9794250038838606,0.15538437431861624,-0.28241197839445625,0.7697716525625804,0.10758661913915755,-0.30360720872634106,0.8260939660313804,0.1643620942793389,-0.3566624991577213,1.0096218952572178,0.26722557585306705,1.2238866834332605,0.8854363945163415,0.2718302235802965,1.485668998757096,0.854775214209782,0.24295976422368387,1.3473405128679738,0.7642434629234673,0.41848657102298803,1.1289007610420942,0.8654186180595294,0.4709710570421878,0.8512624099988542,0.8568151344812504,0.44796139116147393,0.5996893552533678,0.7496937975416581,0.3682174681603181,0.47377510751384894,0.7528934405889965,0.3766010557660876,0.4624882323928909,0.7306419052532391,0.42801984230706674,0.44443828558188614,0.816078623036349,0.097427627448395,1.1433335945970147,0.8995599391391467,0.030561428498342966,0.861847536732376,0.9425126185923859,0.04184826154577304,0.6124517580393797,0.821298926396612,0.07886395518363601,0.5035662244420283,0.8267312169704275,0.04681179890719369,0.5086363933123892,0.7713181220058263,0.029908807305559032,0.5108013810797297,0.7795330628876433,3.7777777777777777
0.35452853372001325,0.5925421560573517,0.8113567983091569,0.34328901824737934,0.1413536232122855,0.9004205407743395,0.32484924325618514,-0.29025382240976283,0.9696335071767365,0.306062822305103,-0.3221912346933707,0.8064087970919749,0.37440693036876316,-0.3127165862435836,0.8027727635923747,0.3098243204079319,-0.3675199911859791,1.0672832319469432,0.1296973969576175,0.5776292839682874,0.8870645832481809,0.13346301351957668,0.12904275859900383,0.9585182237063812,0.14119781234436546,-0.3008792290196119,0.9776377763866185,0.15424634339601337,-0.28277459959164525,0.7701820680526671,0.1073745780637955,-0.3038409945942229,0.8258830498780705,0.1639858995444327,-0.35579850036881117,1.0083206077692894,0.26573872982392943,1.223680820300597,0.8878645545546462,0.27180890086752657,1.4856608668782365,0.8548076464743946,0.24225405425124827,1.347248002345318,0.7666296069311485,0.4184756751247753,1.1290075115100469,0.8653503905139943,0.47329200819457223,0.8518556716765765,0.855899367671389,0.44663438015554546,0.6000398557300364,0.75103064741941,0.36610040089970275,0.47532386181701813,0.7528922057305685,0.3742629167776675,0.4628044646069931,0.7333863242876448,0.422104275243514,0.44301387338594644,0.8196840223891656,0.09742678204684722,1.1433038755858225,0.8995506692985442,0.030439670054720182,0.8618766910602109,0.9429067509100031,0.04181699291578783,0.6125190330032566,0.8211789821227772,0.08131808721060371,0.5037767725814629,0.8265754219308652,0.04873811677340383,0.5074352066675873,0.7762389689207317,0.03053327416913485,0.5107601406536089,0.7808186853527204,3.8
0.35448928051207285,0.592793657337941,0.8117222035329126,0.3432298106353294,0.1416801740892798,0.9003543301079061,0.32497358931220455,-0.2893328759588111,0.96830327831442,0.3066517890438973,-0.3220496604309337,0.8062845248913484,0.3742767047337412,-0.31271715523984484,0.802765297170648,0.30963735648521273,-0.36717187550159824,1.0666464513495726,0.13012296179150012,0.5779942684445349,0.8869674750855616,0.1336931770569843,0.12939295998594952,0.9577219529603713,0.1408345536868703,-0.2999369079494751,0.9760489483835822,0.15368588633869879,-0.28409191390744426,0.7726357487001366,0.10746095297757012,-0.303746335513491,0.8255469899380846,0.16364848241416108,-0.3549444513439007,1.0070925853946464,0.26442961578609336,1.2235059617874677,0.8901357664540688,0.27179048727365135,1.4856700116654664,0.8548290220686112,0.24125070763651452,1.3471693417198627,0.7688261378667898,0.4184453393461547,1.1290189096146166,0.8654137396935997,0.4750081392492253,0.8526914828858128,0.8547439397132847,0.4454957727752553,0.6000372053428653,0.7533082254016829,0.3639946556895621,0.4765712796470588,0.7530180102810238,0.3726009421610258,0.46312134238360536,0.7353743849521315,0.41701699774946016,0.44138367177870386,0.8238278227542513,0.09744352160674473,1.1429815500551475,0.8995291516419788,0.030879473168615487,0.8624051448109362,0.9416715005516884,0.04234975202297982,0.6126555183612353,0.8209359845056278,0.0843450065184414,0.5037903076595871,0.8271756286989587,0.050871105493973286,0.5051915602301605,0.783331216904815,0.031515071221600216,0.5097924873902924,0.7836867479437833,3.8222222222222224
0.3546508077498544,0.5929667010139619,0.8122546454038659,0.3431515846383489,0.14209773806546167,0.9002518976920667,0.32519712548626795,-0.2882746029264955,0.9665621827973266,0.3079750247414982,-0.32186900953796405,0.8060938208395773,0.3742510753475575,-0.31276996549502545,0.8027646975726798,0.30929480071384585,-0.3665305329662425,1.0654906328659912,0.13071817015886644,0.5783874557255295,0.8867934971302334,0.13392894246049789,0.1297337167298206,0.9568672740737478,0.1404829769433757,-0.2991149564507616,0.9747084724524298,0.15361084947925802,-0.285678704771911,0.7758586596171146,0.10761043959474065,-0.30353020945579057,0.8253359743601166,0.1633314504555355,-0.3540875012208366,1.0058671313926637,0.26351257449375204,1.2233843631444437,0.89196461991324,0.27177364925724884,1.4856906252619948,0.8548365201280387,0.24008089680565364,1.347107220245864,0.7705324848582522,0.41841561349016954,1.1289340930032978,0.8654214986808084,0.47570326129976936,0.8533705487236968,0.8538293828847243,0.4448634045713996,0.5999429159469758,0.7551582857863783,0.36233863031310376,0.47736174553667826,0.7532283712000167,0.3721372748368671,0.46313732535803115,0.7365760509938741,0.41399734861110493,0.4402164256935714,0.8267400120661146,0.09746883287686811,1.1424167198067767,0.899489752206682,0.03165652075768382,0.8630301455780435,0.9391941330945832,0.04338608159823221,0.6127057380404715,0.820854591814059,0.08790614670058511,0.5040365907380948,0.827187132119138,0.053653169294451436,0.5020848633710031,0.7917944826650188,0.033086982123619206,0.5077361888647401,0.7885430778563806,3.844444444444445
0.355020291017732,0.5930937736764323,0.8128457042124287,0.343046296043766,0.14257175371243197,0.9001064145504213,0.32548709040066426,-0.2870942238478191,0.9645109643006853,0.3098194514873349,-0.32166961375123565,0.8058389707098,0.3742780998805056,-0.31283987815212294,0.8028099517708728,0.3088381761752851,-0.3656716044808045,1.0639476097769107,0.13151639339364485,0.5788092267824152,0.8865803080809278,0.13414256481942116,0.1300278901466938,0.956042882119136,0.14016627797189457,-0.2984245983769044,0.9735186853630874,0.15394999187311487,-0.28720836129469063,0.779002466183909,0.10777106590245691,-0.3032097496367535,0.8249071877288955,0.1630456466233708,-0.3532447116019502,1.0046725859434107,0.26315390215357815,1.2232822865611521,0.893250430093312,0.27175107351818717,1.4857215781815631,0.8548114795182531,0.23897178333134345,1.3470779823518113,0.7713981131014578,0.41836632119422146,1.1288417598056595,0.8653874715385189,0.4753034909962127,0.8535020982872044,0.8539925200558911,0.44484787823838806,0.5996814123286198,0.7560167253639452,0.3618149243284663,0.4776377914054156,0.753352399015309,0.3728393053103874,0.46285836386842305,0.7369542296981042,0.41364723795142033,0.43997710313029004,0.827191703814811,0.0974909386254352,1.141720024196042,0.8994280850153812,0.03246142152141916,0.8631977948411838,0.936071460973275,0.04484286778072896,0.6125961178019879,0.8211924940369257,0.09202946935389619,0.5049628316995832,0.8251631072793242,0.057445895573927916,0.49862372697440654,0.8004209346219138,0.03547079318616694,0.5048237214141386,0.7952414454501027,3.866666666666666
0.35547431230839166,0.5932150997267568,0.8133430782858329,0.34292072310668853,0.1431004516778609,0.8998954873513257,0.32578420434479843,-0.28588473790988556,0.962440377620449,0.3117321564353688,-0.32156765168025325,0.8055710655592406,0.3742945825722412,-0.31290879681790257,0.8028901166587623,0.308312039657885,-0.36467463802461403,1.062165114302859,0.13258407411439224,0.5792406689144682,0.8863424951988337,0.13434307955556127,0.13029764905467373,0.9552351810853987,0.1398841868941051,-0.2978199738937931,0.9724304035809452,0.15441944401869834,-0.2885603938217641,0.7818820102693781,0.10791206641856425,-0.3028559329751397,0.8243941365710784,0.16280552025865763,-0.35243964712953274,1.003561511466859,0.2632662963462132,1.2231370909752477,0.8941337471142261,0.27172209979651374,1.4857621118023658,0.8547495077581229,0.2380714239158741,1.3470897611428232,0.7712975070630849,0.4182852922182373,1.1288859714839172,0.8654135510185536,0.47386631786744704,0.853064986742908,0.8556897841039802,0.4455741925216917,0.5991803742960211,0.7560365328259852,0.3627340410498451,0.47751355881413504,0.7533352957297635,0.37420081670041994,0.4626199252486704,0.7366287590072351,0.4161598834113669,0.4408802170776227,0.8246403355567813,0.09751354412616724,1.1409820342395,0.8993642702362995,0.03313583810698014,0.8625205191696677,0.9333424233135417,0.046656500855512636,0.6123379273528872,0.8220089509440662,0.09655560918872111,0.5065826256870976,0.8207433299780273,0.062333275163124036,0.4954713755824572,0.8082626519577151,0.038570926137833944,0.5014758536619104,0.8029438700473933,3.888888888888889
0.35589268287110404,0.5933075381181312,0.8137818911774293,0.3427894284259148,0.14368665112768653,0.8996477604038713,0.32607281620827333,-0.2847325756082394,0.9606472139372416,0.3133611236762943,-0.32159732958968446,0.8054190845810468,0.3742853534158618,-0.31298291782059745,0.8029758098596166,0.30779620815510866,-0.3636899702782618,1.0604122096581092,0.1338220119363931,0.5796543766945705,0.8859942617537383,0.1344900476208095,0.13049219365867942,0.9546283984004278,0.1396376129492716,-0.2972873554626107,0.9714739617214598,0.15467444345489498,-0.2896941565166367,0.7844280440927399,0.10783930111308902,-0.3027970245567013,0.8245978949057345,0.16261796734070708,-0.3517043479564501,1.0025800519084482,0.2635063417739469,1.2230154118413468,0.8945364351217588,0.27172645026612974,1.4858058912311685,0.854773406749161,0.23736101093136763,1.3471198782479419,0.770659160550841,0.4181797318425182,1.1291756456472335,0.8654809280628357,0.47165175365136935,0.8523451577450843,0.8586020705389876,0.4470749625989735,0.5986026365792405,0.7553976830114747,0.36464125808985404,0.4772438138500182,0.7532882564924789,0.3757018693596518,0.4627131046919406,0.7357240831726735,0.4208181002064758,0.4427268113325441,0.8197110437142753,0.09754887853283772,1.140276200074355,0.8993286759896307,0.033970727590244415,0.861112723448999,0.9317987633403921,0.048738127669257475,0.6118728525795388,0.8234729285607076,0.10138215738417092,0.5086099660542175,0.8144463278810772,0.06812951831852374,0.49327163711948613,0.8141234537712557,0.04191657784785131,0.4981266893537598,0.8104582113252702,3.911111111111111
0.35624045619166156,0.5932977502711844,0.8143992992057212,0.34264754251181456,0.144310048958744,0.8994289883288714,0.326364194630435,-0.28368262973351493,0.9591515742996279,0.31449049736469387,-0.3215419469916641,0.8054167069579574,0.37426633493113837,-0.313067593105948,0.8030710323342901,0.3073700648678542,-0.36287246569184034,1.0589572749582161,0.1349172634520375,0.5800344207947177,0.8855276148819289,0.13452699616471764,0.13053076046277817,0.9544501771875669,0.13943429647267447,-0.29684903417804437,0.9706905295004801,0.15464625849985336,-0.29059570092068876,0.7861367123169105,0.10741713548586534,-0.3033560706848988,0.8259680993610581,0.1624842807624748,-0.35106822166217627,1.001761163689079,0.26359948515299597,1.2231405512768736,0.8938574905783498,0.2718182875051903,1.4858436209150443,0.8550614032526025,0.23677875635054196,1.3471359592206895,0.7701397156888079,0.41806802596889636,1.1297076150154655,0.8654681908084096,0.46929501035554533,0.8515637460514569,0.8620471907247899,0.4490151660114289,0.598092494481497,0.7541370987947715,0.3667539704479914,0.4770414943093222,0.7533083113651331,0.37702281378050145,0.4632995894188928,0.7340800150699898,0.4259854429522384,0.44502905879910676,0.8137304777043916,0.09759597256917649,1.139691336770579,0.899323486715056,0.03555064327717196,0.8594552416210757,0.9312227805245709,0.050789802496556284,0.6111489377020403,0.825693194811773,0.1065150184918855,0.510991609677616,0.8068576518593965,0.07453561309920045,0.4923910674929237,0.816764287438787,0.045002618839161644,0.4952224606162045,0.8166217553188184,3.933333333333333
0.35655096964423316,0.5931670498107486,0.8152649070244458,0.34247716714825627,0.14490889925383577,0.8992269763795818,0.32664073728325227,-0.2827920578452716,0.9578041257321904,0.31499596008683634,-0.3211570663413247,0.8054467471486697,0.37424910739950235,-0.31316301135515134,0.8031959020209721,0.307040092467718,-0.36224008941165414,1.0578268180020793,0.13572318790306456,0.580379834098095,0.8851505560475783,0.13444674174916313,0.13037940385382202,0.9547030291088483,0.1392812074979638,-0.2965243528982602,0.9701036932631436,0.15450146829165567,-0.2913038263761704,0.7866005642550618,0.10670390615718957,-0.3045700072650329,0.8282660559250519,0.16240913078365626,-0.35054158655596385,1.0011223406887662,0.26353978648775056,1.2236626917315214,0.891558646684201,0.2719350726175135,1.4858670259824227,0.8554343557573425,0.23640114446295343,1.3471342236737633,0.7699711760366642,0.41796987611620473,1.1304005175166274,0.8653169563256968,0.4673636289652152,0.8508027117202197,0.8654447786556873,0.4507074281465585,0.5976975768463793,0.7524805654306619,0.36850027333543256,0.47692388401600605,0.7533838858706836,0.3779838900867508,0.46447527948370476,0.7314860772942211,0.43029939672759554,0.44741747566451895,0.8075552841099282,0.09763381684909789,1.1393425835649924,0.899310422843407,0.03838993936012539,0.858088411932676,0.930391073746289,0.05243847943469532,0.6103261331228642,0.8282282478471745,0.1117004592907068,0.5138859396453007,0.7986820824114529,0.08124668370692323,0.49286391788642075,0.8157738253559881,0.04758162900094409,0.4931557080670111,0.8206502055688734,3.955555555555556
0.3568743239570445,0.5929339164636622,0.8161954849127704,0.3422864727452753,0.14546011514136453,0.898913495170226,0.32688359473549744,-0.28204079355125583,0.9565202568694802,0.31487515920015074,-0.3203999188715324,0.8053787128546009,0.3742214036043122,-0.3132606644358092,0.8033286660899027,0.3067699167870616,-0.3617258753008753,1.0569032834757548,0.1364175269598198,0.5807038267444379,0.8850345658889245,0.134266288428444,0.1300371521277307,0.9552782044535862,0.1391839341515275,-0.2963229764556602,0.9697322152438103,0.1543727464923029,-0.29197902303797846,0.7863032325229575,0.10578738969064515,-0.30631012535740393,0.8311783841661587,0.16240676846699253,-0.3501313440701525,1.0006831182434446,0.2634342741381639,1.2245256424849318,0.8877671584178116,0.271886558559326,1.485870828347151,0.8553084793875305,0.23633552518098533,1.3471340561246254,0.7699880540423775,0.41789743885471675,1.1311582164705771,0.8650623171483586,0.46597860753891,0.8501353572040803,0.8684114004000415,0.45158240501702607,0.597442666661227,0.7510709159956926,0.3695583386657146,0.47678300232625126,0.7534447856757649,0.3784747555518405,0.466049350452828,0.7284022119492088,0.4331993683587575,0.4495835634468357,0.8018953195507166,0.09764754713138893,1.1392821887180498,0.8992700902211563,0.042860164913027646,0.8576877819949982,0.9276835751164536,0.05354028587559467,0.6097071196088267,0.8302546692884742,0.11647289488074578,0.5172345053810549,0.7907213817931824,0.08802981566143554,0.49479698338323175,0.8111784681545776,0.049661391495146714,0.492066356817876,0.8225876267851544,3.977777777777778
0.35722933185931377,0.5925742656171172,0.8170916173310478,0.3421049035639903,0.14601092662574633,0.8984499160366347,0.3271008387453243,-0.281341776042714,0.9553260537232126,0.314270370017793,-0.31935699567314557,0.8051562140766512,0.3741698733588029,-0.31334072042373173,0.8034147993171562,0.3065238976141585,-0.3612612440143675,1.0560694405793194,0.13708915290346738,0.5810114797009849,0.8851088350942009,0.13397909247090042,0.12950233095800445,0.9561614647778244,0.1391524180064564,-0.2962637420698948,0.9696168453487449,0.15427754822742482,-0.29277136120500946,0.7861141038450584,0.10471498710041124,-0.3084101337228122,0.8345650092807265,0.1624940737503616,-0.34985683265332496,1.0004893302388143,0.2633347350185825,1.2255794251810772,0.883073465953933,0.2715533783120042,1.485856034949414,0.8543047801525938,0.23648717938735653,1.3471214313107727,0.770040114606098,0.41785472946117685,1.1318881298998118,0.864772989223989,0.46504666566610353,0.8496494049342059,0.8706443250987093,0.45162856337119905,0.5973758383973751,0.7504012341128323,0.3697819082325059,0.47661542214637154,0.7534536942681899,0.37841795507549925,0.46750312909212627,0.7260613079033342,0.43431359154206317,0.4510485580829637,0.7980565218203757,0.0976737541950275,1.1393805254897749,0.8993262497471999,0.04908045448106662,0.8589185534841131,0.9222016927264455,0.05420936388749743,0.6095019139869243,0.8311437140679085,0.12045401077244307,0.5207135706255961,0.7835299554354936,0.09468010013376613,0.4982173409600369,0.8033706432712977,0.051463339586493295,0.49177263997394094,0.8231709583889413,4.0
0.3575872931799366,0.5920941066199795,0.8180548593033634,0.34190973962401816,0.1465642974254177,0.8979850505157835,0.32729357886114896,-0.2806882879089927,0.9543168590810219,0.31350996002329656,-0.3181484840295509,0.8048092507983564,0.37410616976105493,-0.31339602192417043,0.8034454974185801,0.3062630120399685,-0.36076938601559017,1.0551949053754917,0.13757560179613873,0.5812563761497445,0.885289388682219,0.13360012475281802,0.12881802413066212,0.9572976965538629,0.13920134983017812,-0.296379070202629,0.9698182918369957,0.15419754123003032,-0.2936003036036302,0.7862475703053077,0.10366474994737246,-0.31047900490244135,0.83789629688546,0.16265630531623765,-0.3497360673234241,1.000604829763339,0.2632441422527717,1.2266912687727927,0.8780959438485131,0.2709814761148202,1.4858287488030668,0.8525545726321022,0.23662828978094652,1.3470445026967874,0.7700578316400821,0.4178420190119285,1.1324898237780883,0.864508209401633,0.46441285548991207,0.8494065315872266,0.8718559775088128,0.4511951051698505,0.5976777487194938,0.7501392136711337,0.36915155687642986,0.4766044304917937,0.7534564918289558,0.3778818322403692,0.4684243653677072,0.7253872838417615,0.4333244956379442,0.45143198683708224,0.7971244854804664,0.09777070575076703,1.13943135041321,0.8996564388140191,0.05644162286495151,0.8617401324799985,0.9147527947785796,0.05469060247164447,0.60974622745422,0.8307125995693314,0.12340502855582211,0.5240394543660164,0.7775172461752351,0.10083588666760365,0.5025295721449593,0.7937819075523272,0.05331117771555109,0.4919266705571801,0.8230964343260633,4.022222222222222
0.3578951571638009,0.591580493396495,0.819174851769772,0.3416863787418688,0.14702776984867677,0.8976561235634153,0.32743978978293964,-0.28012055926719864,0.9535573701873183,0.3130182222990393,-0.3169221795299851,0.8044171521506447,0.3740613205524893,-0.31343549555617445,0.8034706249320727,0.3059950967375891,-0.3602540513229524,1.0542999515013294,0.13775729970074355,0.5813753900646749,0.8857046729154343,0.1332248186532051,0.12812058499513362,0.9584038106425639,0.13932437157330577,-0.29665333124725246,0.9703098780039857,0.1541416156728892,-0.2942326202207679,0.7863702531117104,0.10299320414723567,-0.31192439838993014,0.840007591464146,0.1628149936140788,-0.3497706403976441,1.0009955606811767,0.2631621211551654,1.2277429685144423,0.8733948833736931,0.27027859624443773,1.4857951711856565,0.8503925484484154,0.23662734032457333,1.3469393085902683,0.7699803799201619,0.41785319043463803,1.1328617935870253,0.8642840828691765,0.46388958581796624,0.8494007013691649,0.8719932398782259,0.4504999153822923,0.5984489443151533,0.7498367674151021,0.3677008067212775,0.4769898724899615,0.7535529029764905,0.37731408464857497,0.4687144876622048,0.7264753962828254,0.43052450437088297,0.45080007527663596,0.7989409644195942,0.09788393629454153,1.1393966324607974,0.9000539221508186,0.06344778870497518,0.8651888877284659,0.9074834021449512,0.05514602322807417,0.6103263942045055,0.8292090430027818,0.12532866793564218,0.5271679887324351,0.7728911367292837,0.10603509251969506,0.506970499271134,0.7839922176124404,0.055419120811544764,0.49219043013491987,0.822835104749494,4.044444444444444
0.3581272905987086,0.5910772205743661,0.8204908577182882,0.3415600399486819,0.14727070767261258,0.8975352197091326,0.32752321326148465,-0.27965336569648824,0.9530356607023093,0.3129494832112585,-0.31584588292976545,0.8040241191172146,0.374067143942155,-0.3134603759677572,0.8035293539318886,0.3058142406129078,-0.3598808335635283,1.0536892499225436,0.13770103886408686,0.5813894676355866,0.8865316180308873,0.13296187511563315,0.12754676853833735,0.9591642569239816,0.13946487693607934,-0.2969548467172676,0.9708629245661173,0.15412919910535852,-0.29452236809209936,0.7863152311072296,0.10298582806994316,-0.31232798473280227,0.8399126537324262,0.16289369188256783,-0.3499600136874084,1.0014204773172484,0.26309271503956877,1.2285887724562292,0.869633928800667,0.26953576364022647,1.485761712095859,0.8481049208968694,0.23652477234996644,1.346973019120858,0.7698187793807928,0.4178710124954733,1.1329660762584854,0.8641003437194894,0.4634047989919827,0.8495190336394665,0.8715340587525855,0.44962734979239855,0.5994092468011364,0.749820643394328,0.36574657106753,0.47793581794129714,0.753806218910255,0.3772970723985397,0.46830886354013157,0.7292793955048029,0.42686153950422795,0.449567865562786,0.8024250926301666,0.09783631236405071,1.1394005523800534,0.8998905143370168,0.06841007100165367,0.8680866020790139,0.9023321485607263,0.05549333894678517,0.611030410521592,0.8271472967920226,0.12649119960989397,0.5302010906247862,0.769282714176849,0.11010488262509364,0.5111758302005105,0.7748636495181769,0.057851098486240926,0.4923540814158427,0.8228036833611968,4.066666666666666
0.35829906043687887,0.5905295350859723,0.8220733089200454,0.3416417826602695,0.14720482821903136,0.8977025469921583,0.32754667300107076,-0.27931864834347814,0.9527661828640177,0.3130844789387341,-0.31511519055750076,0.8036597184443521,0.37414219611965244,-0.3134700608800206,0.8036185965610609,0.30581342954550045,-0.3598587949884722,1.0536835095335018,0.13755178324872896,0.5814070721283843,0.8877386416924518,0.1328312079219279,0.12711243175540216,0.9595258115037997,0.1395458210060205,-0.29710559646873214,0.9711667808121874,0.15414374063180653,-0.2945045406687107,0.7862105705299476,0.10364069720142871,-0.3115942859559249,0.8376654747409662,0.16291306215713414,-0.35029555721247496,1.0016235175356658,0.2630471077621016,1.2290636942816964,0.8675545115572554,0.268833233894481,1.4857373254389874,0.8459371890721447,0.2365006670647936,1.347276249049715,0.7696564907853349,0.4178790740973315,1.1328934605622847,0.8640054432618509,0.46294382132371303,0.8496175661426523,0.8711368468642091,0.44871380649474735,0.6001428741129531,0.7506361905449546,0.36398638257217575,0.47939801781850266,0.7541547155000453,0.3777757033056086,0.46714514207513447,0.7336352673139314,0.42332283573734547,0.44816421812682194,0.8063948428861214,0.09751931465621957,1.1395309884563234,0.8987757421078382,0.07030689163421325,0.8697320539703309,0.9001673910439274,0.055602724149338006,0.6117116846425565,0.8249560718893473,0.12721300634114358,0.5330579025995557,0.7661937988313118,0.11325040437844329,0.5148576433413883,0.7674498098309881,0.06053339665876305,0.49235863452149187,0.8231205642307424,4.088888888888889
0.35841617482898097,0.5899257346956027,0.823775639745183,0.3418682593251725,0.14683469948087163,0.8981689337450232,0.32750559357606773,-0.2791624938510666,0.9528314571248641,0.313194929352191,-0.3148797750048219,0.8034318814383601,0.3742713852685917,-0.31347915487028727,0.803723031728951,0.3059816244595495,-0.3602529726474815,1.0542825438713437,0.13738036425301622,0.5815066795311329,0.8891111106578865,0.13276874745963385,0.12673349127550781,0.9596922891917334,0.13953344150580252,-0.2970272846698899,0.9710819573025268,0.15414641037980759,-0.2943811754869087,0.7861881757746639,0.10469184746563286,-0.3099151456663563,0.834306681244674,0.16292889520100082,-0.35066505839574663,1.0015672487871792,0.2630632707758822,1.2291253686967332,0.8672786765933592,0.2682628134147745,1.4857295629494842,0.844173571048782,0.23669357567118043,1.347852127595506,0.7695394364557107,0.41787884139317344,1.1327963360372868,0.8640355002676949,0.4624489888611916,0.8496494509616552,0.8709960554503045,0.4478723663077686,0.6003748492110536,0.7523623152155937,0.362768305769185,0.48101412052181436,0.754471843436035,0.37795903547036125,0.46545320361496045,0.7387043164491458,0.4203541055857206,0.4467936187949475,0.8099119956797756,0.09698468605591748,1.1397670106583337,0.8968791682994244,0.06901248030532289,0.8699678226570267,0.901209755823749,0.05553108766015473,0.6123080943063458,0.8230138474612487,0.12776527722311418,0.5353252928248671,0.7637359063174939,0.11568944768954337,0.5176311765080674,0.7629769345733765,0.06319770682956194,0.49223350024528273,0.8235309695493791,4.111111111111111
0.358447415799306,0.589424229366219,0.8250327718471574,0.3421605077282034,0.14620853106837528,0.8988572289687857,0.3274050076753565,-0.2791775958618072,0.953211357699161,0.31324517419801445,-0.3150367551476435,0.8034291506468744,0.37439603508785013,-0.31350529948133576,0.8038458952131148,0.30622003697822564,-0.3608937744381185,1.0551631292942587,0.137154687390504,0.5816397164670122,0.8905142811954458,0.13268028756716552,0.12631747690796924,0.959996959309068,0.13946301393670377,-0.2968036005069426,0.9707534902755393,0.15413532845396616,-0.29437418770849627,0.7862307698028804,0.10580549340850415,-0.30776111542509454,0.8309843082687474,0.1629233370471093,-0.35084426057825574,1.0012934646006975,0.26317596830456647,1.2289804475516553,0.8677646908110757,0.2679300633545382,1.4857396335388702,0.8431525439846895,0.23700755708565907,1.3486233970922632,0.7694649067835571,0.41788142986269144,1.1327400193729065,0.8641475164871909,0.46198280338418474,0.849607962198112,0.8710954373851976,0.4471160811575613,0.5998999446793576,0.7547330612191379,0.36159923588268805,0.48223351786024604,0.7546965754807994,0.37721066054245245,0.46374185089547804,0.7433452819823582,0.4178195305268024,0.44548847779751033,0.8124157770714802,0.09634411395834515,1.140015637057462,0.8945771755734937,0.06505242548519492,0.8690668863266325,0.9051117044842749,0.055392010427944186,0.6127024363333341,0.8218363375347466,0.12835940738295926,0.5366956624696213,0.7622143391088729,0.11756258140239152,0.5194187589339738,0.7612383578264317,0.06540720792480084,0.4921120034232628,0.8237766547105659,4.133333333333334
0.3583676615559314,0.5892178924184901,0.8254118793303913,0.34253100531021785,0.14534269847785602,0.8997073301941105,0.32730815618619963,-0.2792922157225946,0.9536530586073432,0.3132747543712046,-0.31526948861764426,0.8035630910979886,0.37445243381516125,-0.3135560577022042,0.804004814531236,0.30645317648528536,-0.36152462870026925,1.0560189585371869,0.13685012674227678,0.5816955350740103,0.892045557733154,0.13250036857132055,0.12582277333165426,0.9607116864970864,0.1394104229691078,-0.2966180109532905,0.9705036918138834,0.15413540350064392,-0.2945115569528989,0.7862598982954435,0.10678073352427858,-0.30566192316857954,0.8281850809091795,0.1628637435528028,-0.35074147405532624,1.0008444107135335,0.26330607446648524,1.228886103655098,0.8679753084293641,0.26787748549506185,1.4857626327038742,0.8430162420652277,0.23725489000541222,1.349413177451311,0.7694290949867215,0.41788865052642643,1.1326889385425454,0.8643061840973545,0.46170152423958477,0.849464757120755,0.8715281174484933,0.44627745730522583,0.5986395746805018,0.7573582263821701,0.35981791098690996,0.4826131284910501,0.7547599430591067,0.37562168996230505,0.46247351002804277,0.7467676425531071,0.4155634471705356,0.44433722298450595,0.813839922533644,0.09568152048810319,1.1401856017301892,0.8921591291899682,0.05937594203750545,0.8675864891907982,0.9104668939065219,0.05525535466687133,0.61290179897664,0.8216357177715761,0.129015073740006,0.5373418949865325,0.7616850404354878,0.11901311079024657,0.5205108972013206,0.7606773614338502,0.06676339391897237,0.4921153267453754,0.8240683654962302,4.155555555555556
0.35822329456338536,0.5893101651616227,0.8252540801426812,0.3429799904482218,0.14424296749453414,0.9007088637399614,0.3272783939165627,-0.2794421776857675,0.9539059878662236,0.3132938349600011,-0.3153938814807028,0.8036761870171472,0.3744301927437791,-0.31363713665357035,0.8042002149325013,0.30669425070125506,-0.36205882198576395,1.0568442204859423,0.1365158976181453,0.5816491556995474,0.8939507166990721,0.13223475495854647,0.12524306592940687,0.9618321938337703,0.13942996304195915,-0.29659850455667436,0.970548779365537,0.15419417679665717,-0.2946687522886746,0.7862734965145991,0.10756642158918758,-0.30389513211323615,0.8259039232195708,0.16279161995672975,-0.3505298150896823,1.0004180325611285,0.2632656324410144,1.2288650530490464,0.8682102289883429,0.2679856739946201,1.4857873957571275,0.8433959864306606,0.23737415588843574,1.3499774735003014,0.7694213816397302,0.41789321401684343,1.1326129954281356,0.8645166658483495,0.46158238729456547,0.8493038079952018,0.8718881469749309,0.4450242433656965,0.5968300993458615,0.759813253617281,0.3571785514014785,0.4821128856465917,0.7545023609948205,0.3734813672249086,0.4618008927536258,0.7486109375999694,0.4136105280204353,0.44348069637484056,0.8142339813356565,0.09505287266841347,1.140314179074949,0.8898554909023222,0.05316827570970331,0.8661409901273829,0.9152639726668071,0.055267890138319314,0.6131809374623323,0.8220498002442609,0.12959387395025157,0.53759232745864,0.7621226163435002,0.12012205812983306,0.521241602570119,0.76011780756133,0.06727767778569832,0.49212644127624977,0.8251447940427439,4.177777777777778
0.35812318743343946,0.5895874102009987,0.8252474419364212,0.34345379851819113,0.14300045250540638,0.9018538218912069,0.3272981196703358,-0.2795962332824292,0.9539963493078505,0.31327438998051815,-0.3154576264670541,0.8037213758924735,0.374399181208367,-0.31374911060563637,0.8043964992468224,0.3069882382823791,-0.3625626880631425,1.0577859997919885,0.13624019453162448,0.5815315278439102,0.8964577415992345,0.13193910431774455,0.12460895201790734,0.9630906865660914,0.13951988504078378,-0.2967329729378619,0.9708407999172499,0.15440325916840816,-0.2947784097268817,0.7863530236533407,0.10812134495179769,-0.30254912130576095,0.8242456410901408,0.16276759207170582,-0.3504227697068147,1.000253288171634,0.26294334257815316,1.2287962008675402,0.8692788697591426,0.26806668755057356,1.4858015011746417,0.843707980139607,0.23739727546780587,1.3501557858102147,0.7694433157823466,0.4178899365991499,1.132525482141707,0.8647640425003114,0.46155705618664244,0.8493152869573897,0.871346940738416,0.443120146975049,0.5950121194303835,0.7617451522079894,0.3536850047317405,0.4812596752996855,0.753923982937807,0.37051782116178655,0.4615357130093384,0.7491191338232568,0.4116162605760748,0.4429797234378547,0.8132017791745174,0.09452548700889646,1.14055485926082,0.8879624979540456,0.04760303477832844,0.8653101466356483,0.9180769597444457,0.05560416159867147,0.6137429574729778,0.8225742587706448,0.13017013533820565,0.5376146912008597,0.7629673528830394,0.12106706960139565,0.5219586435408409,0.759116261412742,0.06756106421179428,0.49209496451133883,0.8271165910779493,4.2
0.35808790261279055,0.5899246792554653,0.8257889783780186,0.3439527987508218,0.14178951165928988,0.9031054302190549,0.32731949410064504,-0.27969218793031847,0.9540781901291855,0.3132066835271695,-0.31552696455183954,0.803730260375072,0.37444668256092917,-0.313868734151728,0.8045385207183146,0.3073455595121651,-0.3630757459334565,1.058887307494046,0.13602806960482067,0.5812967611220412,0.8995432312924236,0.13168522099733332,0.12401234122871246,0.9641046393363923,0.13963028721433773,-0.29695230098677283,0.9712307575357735,0.15470753576252877,-0.2948568577706157,0.786505292111916,0.10832378018298516,-0.3018348033259647,0.8236132022715899,0.16280386479948988,-0.3505112171915488,1.0004139489375472,0.26238744078828896,1.228637890397001,0.8712773955394393,0.26805977969438394,1.485802627936927,0.8437597174860472,0.23734638667554786,1.349909634480502,0.7695008272195929,0.4178800621240589,1.1324482400628437,0.8650075235835759,0.461789581293608,0.8496254994289292,0.8695596255803284,0.44046274693852167,0.5937349622812202,0.763056515441086,0.349536316736425,0.4807936968681473,0.7534924615685061,0.3662431695904408,0.4613622634758465,0.7492550160077556,0.40886559196535677,0.44293057256708424,0.8101314385460808,0.0941970224122691,1.1409874204784831,0.886857563224789,0.043529477689289414,0.8653776178518722,0.9186575635896058,0.05638744870767393,0.6145687203184318,0.822770565252965,0.13100591373983259,0.5375205693184746,0.763213326553045,0.1221218836103422,0.5228891146548134,0.7573887262561099,0.06864362817935375,0.4925262184980016,0.8283273371823188,4.222222222222222
0.3579656050921594,0.5900881513395002,0.8272175136143189,0.3445719192257486,0.14068741495078813,0.9044230125422059,0.3273324071782697,-0.27967895064543274,0.9541914240828533,0.31319401165411576,-0.3155769695453787,0.8037054464633147,0.37451336548048786,-0.3139540889473566,0.8045813897570858,0.3077512490856132,-0.3635837766002147,1.060092928861916,0.13571885231352013,0.5809146163860635,0.902857266911065,0.13152530665545892,0.12347257956347313,0.9646061793619792,0.1396935629403656,-0.2972354217586126,0.9716847436645396,0.15480747652060317,-0.2948739592180729,0.7866075278924625,0.10809163270751035,-0.3020084177803858,0.8242400853343611,0.16288475619064618,-0.3507840725248788,1.0008379850532982,0.2617049419816882,1.228428414377374,0.873795165866823,0.2680205430500652,1.4857976081344546,0.8437138209000499,0.2372042984680599,1.3492906612097906,0.7695474919421105,0.41786678346290335,1.1323936888431247,0.8652054408906928,0.4625140445809398,0.8503034986399383,0.866585919093887,0.43688593000633436,0.5932260093573363,0.7638602089145381,0.34506937957665607,0.4811472567673595,0.7538091325803249,0.36092192656965877,0.4611192283159048,0.7499488263469254,0.4050929625114683,0.4436252051122629,0.8048187598997587,0.09411633662493549,1.141590405165353,0.8867083717457677,0.04112516521266828,0.8660172022581454,0.9177738170887473,0.057758438937036444,0.6156019744342656,0.8222857473285483,0.13200309392873252,0.5374830967695894,0.7626576389815501,0.12328724017509571,0.5239115458376017,0.7549084864399809,0.07162690794847554,0.4942010195964113,0.8263094807365401,4.2444444444444445
0.35763309273661154,0.5898313403534348,0.8298845646424664,0.3453522489341843,0.1395834820231595,0.9058274220953175,0.32734623126581647,-0.27961090083282736,0.9542771460798998,0.31337812105086954,-0.3155676584435803,0.8036211316740234,0.3743707855000523,-0.31397294677134535,0.8045035609336147,0.3081916859077375,-0.36407255839826896,1.0613528722444632,0.13514708476103512,0.5805065929818108,0.906022261498673,0.131466381810053,0.12289906441572096,0.9646187004637434,0.1397078304837027,-0.29761518113890406,0.9722974642696175,0.1544730041792841,-0.2947184887880013,0.786609152791277,0.10749557096836701,-0.30305504884135775,0.8258547025058537,0.16300356747490158,-0.3511322962514902,1.001457529118267,0.26098464001754157,1.228206521294001,0.8764457188248451,0.26799012578850806,1.4857901627004981,0.8436899578542159,0.2369504403420125,1.348486439756407,0.7695346746321737,0.4178497728910154,1.1323674119398297,0.8653312562283393,0.4637892457634321,0.8514008196575777,0.8624878789668948,0.43213509868305344,0.5934950650632748,0.7640124755052617,0.34023654988550056,0.4826422416355636,0.7546715931125971,0.355483732432593,0.46099279907390756,0.7511373301943556,0.4007111362704858,0.4455571137705938,0.7972279921898693,0.09418073927377114,1.1423534596568776,0.8871292132405113,0.03993247268764043,0.8666371707236996,0.9166211518762029,0.059837471530591727,0.6166857422635366,0.8212604411213741,0.13270434088143962,0.5377961913777071,0.7617457742660574,0.12429646770578759,0.5248963071065257,0.7519858284616737,0.077162293849392,0.4974839781682109,0.8196674246064586,4.266666666666667
0.35718295442060966,0.5891140500131103,0.8336944436482685,0.34620391420874264,0.13834709993529148,0.9074028051731617,0.3273583827637064,-0.2795695311200606,0.95427679561892,0.3136221017164514,-0.3155384825538825,0.8035130228045928,0.3738249695991469,-0.31392349519500384,0.804305267471813,0.3086569957669094,-0.364538535456118,1.062645130583611,0.13436516778051638,0.5801407353965105,0.90891377467009,0.13150773929702622,0.12230057665696309,0.9642878384627921,0.13976982102854918,-0.2981148626970828,0.9731449621284038,0.153685734694598,-0.2943530523221897,0.7865476243328798,0.106644566973997,-0.3046920560548738,0.8281294818282353,0.16316982766551358,-0.3514648838709139,1.0022414008447686,0.26030827225582803,1.2280005817184523,0.8789173674289934,0.2679706760384619,1.4857782228814538,0.8436918338358004,0.23665775806206907,1.3477577752571153,0.7694966426953587,0.41782919492142034,1.1323718631664128,0.8653713093268356,0.46547879869099573,0.8528276958472737,0.8575608480458924,0.42581280428473317,0.5945430131870175,0.7632055630058749,0.3345157860616174,0.4857203240550879,0.754918764495152,0.350252041962055,0.4614161539008965,0.7518686018200811,0.3959487195161737,0.4492385907210683,0.7871641648018101,0.0942238864798691,1.1431926904660297,0.8874888598640871,0.03939154494878132,0.8670030015054324,0.9160575135241567,0.06270279856798855,0.6175103836319367,0.8202705782525863,0.133046166658638,0.538818031420936,0.7601785232288747,0.1250397485976203,0.525973902979442,0.748867467312637,0.0849371939195289,0.502022936214025,0.80891299316511,4.288888888888889
0.35680979449181904,0.5880718786051783,0.83817143845989,0.34702689623435057,0.13698817861178753,0.9091221330593638,0.327356466011219,-0.279572590665318,0.9541946961094931,0.3134887317298761,-0.31558632517558977,0.8034931858262506,0.37286883401732496,-0.3138250197802074,0.8040080932992979,0.3091361270941987,-0.36497681393338893,1.0639527430022055,0.13358080363295752,0.5796510302143786,0.9115938647845386,0.13164078542192778,0.12176377952711054,0.9637424964472003,0.1399649704840359,-0.29871285105130085,0.974192431537509,0.15248359206276316,-0.29384676309850105,0.7862642928722041,0.10564137488841566,-0.30651024036769303,0.8309233383393202,0.16339064381703325,-0.35181496158954473,1.0031812008256473,0.25976966105754695,1.22784095669002,0.8808842597409854,0.2679589155844331,1.485764449018957,0.8437038298783939,0.23646828917871307,1.3472692500067165,0.7694667759546399,0.41781429380494794,1.132408398982884,0.8653066612935283,0.4673319253857764,0.8542535957543758,0.8524004345377476,0.4175131707172425,0.5961738453109966,0.7616915789045495,0.32741558465736176,0.49053417896701346,0.7535635175592523,0.3440453581809292,0.4627265347433077,0.751462182593619,0.3899827529165555,0.45431036688453624,0.7762306647287136,0.09419707456953005,1.1438622672807373,0.8875570768573628,0.0391870673822595,0.8672250589537347,0.9162388313666447,0.06657122291713968,0.6179879184037809,0.8193873472381878,0.13395774250758352,0.5408225883319155,0.7569945609053339,0.1259648860258073,0.5273472152318337,0.7452209918597863,0.09391401168451458,0.5070222560097256,0.7960248854572545,4.311111111111111
0.35661799478629086,0.5868568067255744,0.8429358961121506,0.3477839785922279,0.1356305142367505,0.9107311803322962,0.32733907372854665,-0.27962297835526284,0.9540995664993491,0.312700380905753,-0.31575435705415383,0.803628009402424,0.37171695183702114,-0.3137053577491105,0.8036582799016655,0.30961838426658245,-0.3653747803512417,1.0652513557591567,0.13293318436705545,0.5788778176430956,0.9140957244374581,0.1317953451100124,0.12123400884362212,0.963215623929544,0.14029359699264582,-0.29937434846454647,0.9753627764320518,0.15107705461389298,-0.29321426363330144,0.7855384989547254,0.10465956193209322,-0.30810429256292576,0.8339824588811114,0.16366020749161386,-0.35223686505846,1.0042558118389597,0.25944131634427514,1.2277481734150635,0.8820988511884271,0.26795436510663834,1.4857614797562102,0.8437164593929927,0.23639058242055527,1.347065385858312,0.7694161851532362,0.4178169931657206,1.132468580021434,0.865140528304164,0.46909620262297064,0.8551610525722337,0.8477357107520858,0.40750164340097106,0.5980278743468429,0.7602268110254773,0.31846894407444126,0.49686115901434164,0.7506180449680342,0.33500267576156206,0.4651187085843232,0.7503650124497747,0.38150102274539366,0.4590568560361312,0.7689212878336444,0.0941562838559012,1.1441251657869278,0.8874886928206123,0.039161024302589845,0.8673531675850674,0.9166533854575658,0.07188892117021117,0.6185743188773803,0.8175073158903767,0.13697198798735294,0.5440953068305499,0.7513891974547169,0.1281632733511764,0.5293014897110201,0.7398125212484493,0.10314712294301712,0.5120249212491794,0.7826031182503832,4.333333333333333
0.35658960891831565,0.5855385555965245,0.8478214399818229,0.34846071533349954,0.13440171132221945,0.9119643461555889,0.32732363793443114,-0.2797448348015198,0.9540509360426604,0.3113640000827699,-0.31600282130382773,0.8038791400561213,0.3707188202116563,-0.3136552371534318,0.8033440339008032,0.3100954146356542,-0.3657180611292733,1.0665123989928456,0.13245010151544764,0.577874841246359,0.9163567224474037,0.131890992715333,0.12059078443525162,0.9629352454766424,0.14072240755742807,-0.3000805085473913,0.9766122420914808,0.1499797490010076,-0.2925450001376869,0.7846925280234675,0.10386564357089328,-0.309281522250491,0.8369141293004885,0.16396912164634897,-0.35273172759785437,1.005431439113896,0.2593140421314835,1.2277134318014704,0.8825974416408,0.2679566005180106,1.485773669837929,0.8437237566212148,0.236355533740574,1.3470800819405362,0.7694506005569519,0.41783709365120997,1.1325260816595752,0.8649431701587083,0.4706109241072099,0.8549977091903789,0.8443689637040602,0.3968697276819394,0.6000831746496127,0.7592713315532739,0.3072390281689218,0.5043180272716531,0.7467312657057471,0.3223745204334031,0.46884030677339605,0.7496828184085551,0.37017687230298746,0.4623632168313835,0.7682118080005775,0.09414095970646427,1.143898919634308,0.8874072990090698,0.03920411250028174,0.867354431120358,0.9164549193718852,0.07900360102937032,0.6199882915246785,0.8129383600751926,0.14297539971524365,0.5489339965214177,0.7428355228083023,0.1327841942521087,0.5323048903237464,0.7309915923896475,0.11208740876447981,0.517281594898317,0.7685424618860035,4.355555555555555
0.3566749831328171,0.5841079025721836,0.8527247699579262,0.34904700167545627,0.1333619513066217,0.9127642764548273,0.3273272528015971,-0.279951494534286,0.9540548851402714,0.3097400212930571,-0.31628806684171595,0.8041854715901002,0.37013881338827453,-0.31378189351715263,0.8031480140814691,0.3105582072565642,-0.3660035426337217,1.067707257973934,0.1321173260727874,0.576773000747464,0.9182941105312883,0.1319295107581466,0.1198487941549693,0.9628798938231665,0.14123006598828558,-0.3008215251060579,0.9779194149544169,0.14968484365056323,-0.29216777003964,0.7845488866306685,0.103340130308222,-0.3100365642171345,0.8393183929197414,0.16430608396055463,-0.35328461700993546,1.0066781404504976,0.25932546248659183,1.2277148213262241,0.8825939824747412,0.2679653572229288,1.4857601757183165,0.8437254021372884,0.23646767451780132,1.3471192062068917,0.7698061415569712,0.4178637266109254,1.1325599717355856,0.8647902269019816,0.47178275617638327,0.8534716904620083,0.8426896786390072,0.38676092000341367,0.602736337084972,0.7585513890456215,0.2939189992284842,0.5122145955387529,0.7426915904348976,0.3070555487306879,0.4742127944969681,0.7497395503471368,0.3564423650311539,0.4654704184795171,0.7720533495072698,0.09414864391329562,1.143252150386435,0.8873153237853509,0.039355204187787485,0.8672619273892948,0.915280417255067,0.08767713923740396,0.6226096498859945,0.8048911195886261,0.15155424560403424,0.5551064220699679,0.7317206855927059,0.14021209479497088,0.5366654822636818,0.7182566832012633,0.12055462103728201,0.5228185073557651,0.7537626725496307,4.377777777777778
0.35685178865665185,0.5825476109367109,0.8575438459482928,0.3495408339270888,0.13252285585077833,0.913192667068597,0.32735165728006904,-0.280232147447238,0.9540934892322277,0.3080461175863279,-0.3165945202460423,0.8045142515731638,0.3700816930341383,-0.3138572475351504,0.8029292338614287,0.3109941822716772,-0.3662373870588891,1.0688076580708858,0.1318914679378952,0.5756331494594666,0.9198408567312387,0.13196151503301407,0.11910100774439075,0.9628848072489864,0.14180193699009666,-0.3015871321790829,0.979262817842626,0.15036792774203112,-0.2923682728167898,0.7856354214801802,0.10315369595933485,-0.3102878635630765,0.8407716740528643,0.16465809844379217,-0.3538779282863739,1.0079689268328245,0.2594687470711088,1.2277536077936424,0.8820889915963127,0.26797914384597804,1.485665414500612,0.8437329693711528,0.2368698390813263,1.3470675066687536,0.7703598597537271,0.4178893901622872,1.1325769147118085,0.8646814096932829,0.47248519695173796,0.8508246528883336,0.8421043714115125,0.37783195623079374,0.6062620573883347,0.7574889358140385,0.27940972977661693,0.5198080898723358,0.7392338713602384,0.29041027653929663,0.48143400805412084,0.7495185843286852,0.33998265278617035,0.4703426353379936,0.776442764300986,0.09416605745594725,1.14239993182869,0.8872073370485584,0.039906886201586333,0.8671006103613108,0.9134845600179706,0.09700059555788819,0.6261966754682176,0.7942070751624998,0.16167298067677666,0.5616958869987827,0.7197239168245475,0.14994774116135595,0.5420235464993236,0.7035351929346397,0.12898780200851298,0.5277201672000965,0.7401971681205937,4.4
0.35710342388435395,0.580867506263959,0.8621975313587433,0.34993750294465564,0.13189862651744283,0.9132796327303908,0.32739070978485674,-0.28057085786720287,0.9541569239577382,0.3064664665773704,-0.31687831609667966,0.8048300188941935,0.3705793946562891,-0.31334182141677097,0.8023804828771977,0.3113892883513503,-0.36639038083338726,1.0697814981732636,0.13169508475600677,0.5744670731336248,0.9209189022336912,0.13200993834955577,0.11836833044816075,0.9628624909325854,0.14241877058581975,-0.3023622776885964,0.9806158056796552,0.1519166762495894,-0.29316350474448893,0.7878415986970497,0.10333987584354395,-0.30997740277886093,0.8410729949194733,0.1650167429527826,-0.35449195067166095,1.0092747386737297,0.2597974072781023,1.2278497101398567,0.8808645461928274,0.2679930709314317,1.485552599357008,0.8437612509641306,0.23750425051851987,1.347076046932938,0.7704883704243974,0.41791471894714416,1.1325903104513815,0.8645892850624632,0.47260832728912816,0.8477103629276833,0.8417204925799098,0.3700826810806663,0.6105951641395153,0.7559458335629223,0.2650628446779594,0.5272105897654724,0.7365366789909332,0.2733729915662759,0.49042971812136277,0.7481140576615443,0.3201786563493876,0.47768893614120805,0.7790937236384804,0.09418544763797858,1.1415970131848507,0.8871032957792646,0.04117490503617512,0.8668792922594645,0.9112693189322834,0.1058587309180252,0.6302259801877124,0.7824809801616063,0.17250174127531287,0.5681301276125271,0.7085375656829309,0.16117376463576186,0.547400099325648,0.6904135232248961,0.13839895761197005,0.5312129928266087,0.7303252629731454,4.422222222222223
0.35740673802407763,0.5790977242533819,0.8666069421326887,0.3502247545595985,0.13150562933829069,0.9130319869761605,0.327440660359445,-0.2809567293519598,0.9542440470976744,0.30521822828103057,-0.31705074350357704,0.8050707937993674,0.3715089888855875,-0.31224801292641435,0.8016853557353971,0.3117301664391772,-0.36636452552620324,1.0705843578294074,0.13140962913370371,0.5732984643116701,0.921498704629453,0.13206135605529354,0.11759512849701553,0.9628159204930136,0.1430616555616478,-0.30312530446915054,0.9819457170542012,0.15393797152985494,-0.29440150699027867,0.7907128295159702,0.10374176764750774,-0.309434738378455,0.8406472341488459,0.1653759058642348,-0.3551166677325697,1.0105652880265643,0.26032107835791857,1.228006502062755,0.8788795671880247,0.26800145175507983,1.4856054844074822,0.8437948955278879,0.2382163881275782,1.3473548565647602,0.7696720515986504,0.41793599095722683,1.1326004915394994,0.8645191368263505,0.472116492961979,0.8449014927386791,0.8410530282761904,0.3628147693334894,0.6155446789930497,0.7541652874364686,0.25264143322611904,0.5352561633350827,0.734139618694339,0.2569956141789528,0.5008102750900625,0.7459734603098526,0.29794126433363216,0.4872578873745363,0.7796433862869395,0.09420657423156736,1.1409904964170918,0.887025327746802,0.043166715235557374,0.8666405934525278,0.9083133188578255,0.11355383933700602,0.6343969540108225,0.7709691022472813,0.18329705119252032,0.5748672593122557,0.6990833535850387,0.17318376870958413,0.551839596543739,0.6819191816217989,0.14958692192704637,0.5337817789502848,0.7244919041388809,4.444444444444445
0.3577535252281229,0.5772881622214521,0.8706628684441224,0.35040128913272045,0.13130507263619207,0.9125189828918426,0.3275001907210217,-0.2813801243355668,0.9543541181432303,0.30454900801958973,-0.31704501266430324,0.8051674080504422,0.37247310344481943,-0.31142048331386957,0.8016681079672431,0.3120005241960878,-0.3661035411302485,1.071170090842018,0.13097724392123117,0.5721883180641296,0.9217147111015717,0.13209100454552591,0.11674039338403852,0.9627802745907212,0.14373856780238362,-0.30385431958826725,0.9832219714752654,0.15589753327441652,-0.29583704192275984,0.7937743359097517,0.10409305004298272,-0.30915488660397833,0.8402312425368207,0.1657289645225995,-0.35574176106360805,1.0118132721863424,0.26097380780543833,1.2282036090987023,0.8763883192609416,0.2680029800091669,1.4859256305309545,0.8437858702992993,0.23890448594806152,1.3479259665418957,0.767926002238499,0.41793849027277064,1.1326046518668083,0.8644835673064194,0.47091550020166245,0.8430182569652493,0.8393971250038805,0.3551749093865948,0.6208454659067729,0.7518980240473758,0.24352371174822718,0.5440616769454707,0.7316501814137811,0.24300609375597548,0.5117217530349677,0.7440235499602915,0.27582597791125496,0.4985013367809637,0.7783438548946199,0.09423227002899215,1.1406786086143097,0.8869957190319271,0.045608597312408156,0.8663798817535636,0.9044810099540651,0.11990775023635658,0.6384780143699447,0.7607220603576628,0.19295498410669804,0.5824434983346624,0.692146463610853,0.18523922880119698,0.5548265703831721,0.6792694983196625,0.1623526532886109,0.5364279276155777,0.7209940949781255,4.466666666666667
0.3581546392076692,0.575497618707291,0.8742462417112268,0.35047131283949534,0.1312237630051426,0.9117887320437128,0.3275675006366058,-0.28183157377207624,0.9544843688231454,0.304541816139341,-0.3168817764836136,0.8051037044201415,0.3730238507191068,-0.3115714647881313,0.8029087292094369,0.3121904389643146,-0.365734382049329,1.0715295138218954,0.13053041420819936,0.5712102902264856,0.9217366650353782,0.13209008362539418,0.11585763799774118,0.9627906340181652,0.14448177210948307,-0.3045329838735541,0.9844208138353814,0.15744976666304064,-0.29718427224634864,0.7966738562657049,0.10426702605062126,-0.30922635488737726,0.8401404286648849,0.16607136779978057,-0.3563483230087086,1.0129985320444235,0.2616686695183838,1.22841611751132,0.873729489214456,0.26800079717785247,1.4864538026870169,0.843704002847854,0.239506808427854,1.3486781954401024,0.7655853573873271,0.4179136913402274,1.1326050893350361,0.8644764697635224,0.4688843800232878,0.8422350850869551,0.8358859790577376,0.34669297353126305,0.6262099113913769,0.7481058581512827,0.23763941139109085,0.5526992444364325,0.7287906856901546,0.23297386529250785,0.5221140647341855,0.7421533877648309,0.2563624961344674,0.5106396653918179,0.7749354313755765,0.09426315912576902,1.1407295049155515,0.8870317149586351,0.04814375570400574,0.866022851187094,0.9002860028284368,0.12485154499985035,0.6419962292695652,0.753131974389345,0.20043364505996258,0.5905302657382205,0.6884856652259497,0.19630993251858064,0.5561577417918303,0.682269931567585,0.17552382951304707,0.5393952732219054,0.7185107354793768,4.488888888888889
0.35861728462406794,0.5737590086454911,0.8773096969259369,0.3503923635148319,0.13130754615810158,0.9106643297379184,0.3276414811473975,-0.2823006964798047,0.954626173385663,0.304892016507376,-0.31666743764107524,0.8049603854126339,0.3729633874950992,-0.3126961342851184,0.8052419032045339,0.3123167416626806,-0.36544484957078543,1.0716810665415422,0.13018444556854897,0.5703784466396549,0.9215395984482265,0.13207151788922863,0.1150578086342618,0.9628615979730064,0.1452750080293251,-0.30514505301044254,0.9855124116304906,0.15843238191526982,-0.29825825087342084,0.7990414724656968,0.10430105652506594,-0.30939454359303803,0.8402433665001223,0.16639740821847668,-0.3569218994061574,1.0141079599269127,0.2623278904156094,1.228622540661412,0.8712095053880906,0.26799774795682374,1.4870824728924361,0.8435680439758908,0.23994600258145676,1.349500296860096,0.7629854834093515,0.41787102231437356,1.1326053885218195,0.8644821182795852,0.46612115172661156,0.8423413452192786,0.8305076800862388,0.33718662109673275,0.6312351570867448,0.7423056158520637,0.23382922971495335,0.5603229447088667,0.7251534364353018,0.2270123799458752,0.5312490841360686,0.7392669419952429,0.24077693443870465,0.5226467953869047,0.7693276542602443,0.0942935560352891,1.1409674149350038,0.887113111932949,0.050404107457160285,0.8655446174951902,0.8965588186132769,0.12832148250592515,0.6445832539576006,0.7493437076785139,0.20564206264253074,0.598276399396895,0.6882436803295457,0.20538646481510234,0.5558965580412559,0.6897277343303352,0.18750970112838122,0.5420931812127011,0.7174650167870231,4.511111111111111
0.3591231772513073,0.5720608896651385,0.8799189131396037,0.35013035205826665,0.13165696391599402,0.9090110073495113,0.3277222010862111,-0.2827743331863197,0.95476829414026,0.3051393342960761,-0.31651106103832144,0.8048427746050884,0.37237041065702614,-0.31446667135753065,0.80817479700931,0.3123957900766457,-0.36527809221353186,1.0716064175654367,0.12981816709303598,0.5696358472439487,0.9210311338437775,0.13205094490330765,0.11440363315994201,0.9629832212501246,0.1460423905832662,-0.30566983903015005,0.986456009079083,0.1587521765368148,-0.29895132450882733,0.8003789526852274,0.10426894456617553,-0.30951031446522514,0.8403852568986802,0.16669930409934727,-0.35745109869178343,1.0151235006116206,0.26286437963194426,1.228794924437064,0.8691688934094712,0.26799444641426906,1.4877247012044137,0.8434199725670759,0.24011929941216742,1.3503024423405028,0.7604004040464344,0.4178242201190532,1.13260786539884,0.8644891125393515,0.46297512084472703,0.8430378111657928,0.8241093071698895,0.32690274701164335,0.6352622373424708,0.7356182394966215,0.2309584778456287,0.5668251455112114,0.7206298738166803,0.2237308641939168,0.5386177516540721,0.7349147005345602,0.22900320012646996,0.5328842833661801,0.7639181182494699,0.09431321906276174,1.141020676063605,0.8871888056916597,0.05208364152862209,0.8650896535908407,0.8937837268746393,0.13061003273942576,0.6462726754463862,0.74909252175064,0.20950783453662924,0.6049377287715438,0.6908509635160678,0.21220888109461017,0.5545136964188946,0.6993483755865333,0.19691473409911686,0.5440304266348915,0.718555538517595,4.533333333333333
0.35980503711682754,0.5702828606436459,0.8815864594696461,0.34986608294752664,0.13181576078903812,0.9074674813987393,0.32781927382442405,-0.2833405946741113,0.9549672336741288,0.30513174623237826,-0.31644956148110487,0.8047747713194605,0.37153439282664147,-0.31663307066867663,0.8112976395534908,0.3123409039209539,-0.36494609036310366,1.071283043504877,0.12930854501782246,0.5689482549065058,0.9200368836712645,0.13203526997343154,0.11372969779288067,0.963142404259912,0.14675325651145701,-0.3059486227257539,0.9869853360961395,0.15856761517005372,-0.29914028322397,0.8004845787893213,0.1042275090146336,-0.3096015408375823,0.8405212329165158,0.16694560812706738,-0.35782987613878314,1.0158205151675375,0.26317463707542305,1.228895320826352,0.8680067274140317,0.2679906740799323,1.4883068946249245,0.8432751508480147,0.24000136106999598,1.3509825652633662,0.7581550506116135,0.41777797197360916,1.1326125222711743,0.8644946903120184,0.4598163857940093,0.8439698146698855,0.8176790726890689,0.31694925974889626,0.6378303604219744,0.7297211353353248,0.22829927431348193,0.5725372982483405,0.7153633585143642,0.2215318912697102,0.5438355049584316,0.7300959970247172,0.2205978300420517,0.5393464398356871,0.7626002072914639,0.09431594454939096,1.1407108013400988,0.8872285187562134,0.05306485340166203,0.8648975588187521,0.8917035594711851,0.13243765230911958,0.6472846800247977,0.7505294800003606,0.21305366609659662,0.610122716345716,0.6950678307515727,0.2173152846580904,0.552718614253036,0.7082925239585558,0.20300091992824182,0.5455618395363917,0.7204255429862484,4.555555555555555
0.3604719915068432,0.5686394347648482,0.8828136404031464,0.34956197465807665,0.13202083541089554,0.9058830593332972,0.32791728890717275,-0.28388735926893083,0.9551694097686775,0.30501062312491223,-0.3164725888846567,0.8047280348944836,0.3708029410730191,-0.3190446125405036,0.8143094069827954,0.3122590927660272,-0.3646955072240583,1.0709220612218913,0.1288103468355968,0.5683310368756211,0.9189717347439785,0.13202176940776209,0.11314246764276542,0.9633056469293719,0.14737797096646962,-0.3061518031113342,0.9873811143725726,0.15827761556772244,-0.29892735696802236,0.7999062301982814,0.10420502413944363,-0.3096948550458743,0.8406383400519106,0.16715861305139984,-0.3581604578537794,1.0163929414270234,0.26322114505567934,1.2289057878052598,0.8678826370929301,0.2679850059160205,1.488766819837205,0.8431095176894206,0.23976686994250335,1.3514187108848879,0.7566927330190678,0.41773379924595766,1.132612470251502,0.8645036417986564,0.45697705550560896,0.8446456088206827,0.8120348988447101,0.30891037322054293,0.6390802455798803,0.7255865235341352,0.22565483582525311,0.5775445293099896,0.7094021678338224,0.21972453675325207,0.5469689624786016,0.7260610005912321,0.21548227189640706,0.5415724059159608,0.7657791465874262,0.09430333572371348,1.1401372834201184,0.8872353620339049,0.0534072320309622,0.8650762812450671,0.8898798049582961,0.13434870532575888,0.6477708395841099,0.75154145141697,0.2164272396809753,0.6136754149368842,0.6991335493450872,0.22113181235013102,0.5511252858464235,0.7143861672758067,0.20581649835632454,0.5473188413100375,0.7205179402721165,4.5777777777777775
0.361098769501641,0.5671701756808003,0.8836163379934504,0.3492311766188032,0.13226156670717792,0.9043060681233797,0.3280137739781804,-0.2843986775009961,0.9553691300109715,0.30490099092414547,-0.31654914773859316,0.8046959958475021,0.3703432362427376,-0.3214003216078758,0.8168455816184644,0.31216059317848266,-0.36455883772514547,1.0705607264829344,0.12833495554594845,0.5677852579347659,0.9179021370484495,0.13201211347233288,0.1126569501599951,0.963465546751194,0.14789196665022075,-0.30628368596721955,0.987648649434982,0.15816835113698796,-0.2987507182013126,0.7995546846969969,0.10420161996227001,-0.3097597990241843,0.8407079148128537,0.16733491401627085,-0.35844250366849556,1.0168380467673963,0.26311850715479257,1.2288633094327552,0.8683538441682563,0.2679764734964521,1.4890641800897264,0.8429289056607178,0.23964608650756317,1.3515442307924315,0.7562948099084185,0.4176988105348285,1.1326033738884937,0.8645243498335298,0.45497052203923605,0.8446421956644903,0.8077970699352914,0.3039876527558063,0.639552103286991,0.7232654216451904,0.22348560485695523,0.5815995542661747,0.7029078747061508,0.21846079649793287,0.5487172295176781,0.7228536532813357,0.21336917348118295,0.541549376501707,0.7696908658836328,0.09428004881499111,1.1394115051596958,0.8872137936115105,0.053293049974191105,0.8655387717648444,0.8885159419862074,0.13610687473387434,0.6477062254746417,0.7515299455562152,0.2189277140881407,0.6153400841462594,0.7018857368145832,0.22343936570311312,0.5501449184586029,0.7168164655086888,0.20614804613854407,0.5490447174477239,0.718386570127594,4.6
0.36166010018150696,0.5659146470435595,0.8840104342939039,0.3488868382585922,0.13252733360349855,0.902784834739182,0.3281062566811695,-0.28485859990052254,0.9555607019880747,0.3048205632488643,-0.31658214178580496,0.8046748509629291,0.37013679946019395,-0.3230322219330798,0.8183742069028588,0.31205564172493694,-0.3645685767951119,1.070236295054461,0.1278937541484666,0.5673119828674132,0.9168945405712079,0.1320079724331773,0.11228815279497106,0.9636147012180671,0.14827067626462687,-0.30634857707373464,0.9877932468099666,0.1582544985326826,-0.2989210139053406,0.7998466093718221,0.10420825436472725,-0.30976820101190466,0.8407100346087975,0.16747110616560631,-0.35867567341465245,1.0171530985659731,0.2630046983787451,1.2288278971534567,0.8687197137457632,0.2679698750241388,1.4891832844715245,0.8428129227082817,0.2396337982114419,1.3514535637229046,0.7566425524204821,0.4176814293215517,1.1326197604374655,0.864552809683195,0.45436482547753476,0.8439456581214541,0.8052685656411124,0.30242692202820076,0.6397580785598661,0.7224541508899684,0.22243922465682955,0.5849041265347918,0.6958845358269272,0.21801167651594075,0.5499370868067542,0.719783327867658,0.2130856391013256,0.5416933205653256,0.7711130567994186,0.09425325931088685,1.138566801727092,0.8871656468895869,0.05303083630926545,0.8661538542637329,0.8880378644485317,0.1370208080994512,0.6469998995115511,0.7514834246759221,0.21992163821389277,0.6148942251879321,0.7033385783027405,0.2238849183180603,0.549905830568622,0.7161705136324749,0.20520228482569752,0.5498152901829154,0.7161753070260355,4.622222222222222
0.362130712626727,0.564912412505183,0.8840118113578523,0.3485421090063294,0.13280751502547072,0.9013676861508988,0.32819226465986273,-0.285251176997725,0.9557384332870515,0.3047596818698853,-0.3165178453565239,0.8046585033522607,0.37012339283344087,-0.3234010029122076,0.8185929158882477,0.31195447497200673,-0.36475721936270333,1.069986022702925,0.12749812564274046,0.5669122764570363,0.9160153952987838,0.13201101655632877,0.11205108299809491,0.9637457078226804,0.14848953251160446,-0.3063507822112039,0.987820212024126,0.15838045715129068,-0.29921937313486896,0.8003379348703852,0.10421830989945269,-0.30972914586761147,0.8406576257377526,0.16756378464333216,-0.35885962692397017,1.0173353642000702,0.2628857129409138,1.2288198514663444,0.8687418559719887,0.2679729101466872,1.489132404931393,0.8428343293619003,0.239562573657276,1.3513426775376682,0.7570415344266548,0.4176825483438299,1.132710585086965,0.8645737744276262,0.45532645175844133,0.8429601333914813,0.8042482937858615,0.3033272847573558,0.6399093442687378,0.7231640579109571,0.22278197050076728,0.5882745510011809,0.6880444002059083,0.2181059160525183,0.5510718263184937,0.7173044510528352,0.21339584561031533,0.5429203553412449,0.769775246362103,0.09423675485916225,1.137731828017332,0.8871115537970964,0.05287622752699388,0.8669093483666891,0.8881682054550389,0.13682108074123536,0.6457825279537879,0.7523554692808565,0.21947521084362948,0.6129343126765803,0.703669865584047,0.22259299123992135,0.5501605379725863,0.7140152169841698,0.20395461273992488,0.549291103475024,0.7160784853919144,4.644444444444445
0.36248533591758725,0.5642030357177277,0.8836363512386414,0.348210138290901,0.13309148989870756,0.9001029493287249,0.3282693255579826,-0.2855604593228186,0.9558966314949665,0.30474583032193314,-0.316592029021361,0.8046953000546896,0.37021066453805057,-0.3228930017723481,0.8179993541624434,0.31186732948630863,-0.3651572603566669,1.0698471651947805,0.12715945302835918,0.5665872034871082,0.9153311512177074,0.13202291610782066,0.1119607482197677,0.963851164057723,0.14852396809306997,-0.3062946071599516,0.9877348506040591,0.15834748144562488,-0.2991231741426457,0.8001766453983978,0.10422413793219837,-0.3096718788965936,0.840584909434392,0.1676095445933743,-0.35899402402816893,1.0173821110470047,0.2627812882002845,1.2288242242459901,0.8686467355688037,0.2679867501907175,1.4889533042591685,0.8429760651823599,0.23944774578924366,1.351315255943083,0.7571665557314721,0.41769564776741197,1.1328168606356654,0.8646031702186221,0.45752386908947207,0.8421795302010403,0.8039558770076696,0.3053490947164952,0.6401215722139373,0.7252371284105916,0.22422557057954062,0.59221371972514,0.6798049131337216,0.21787939380700383,0.5523383333254872,0.7168453241493467,0.2139517614703229,0.5449758342986296,0.7670107848791794,0.09424639189991757,1.1371928605772355,0.8870863523784263,0.05284509813610597,0.867861242164125,0.8882113122167155,0.13590517494903895,0.6444058531591113,0.7541815869615726,0.2180884110454933,0.6109849530045574,0.7026433294771569,0.22014929918275572,0.5505711365560629,0.7117399621937565,0.20270935487191472,0.5480342189539809,0.7184290927289955,4.666666666666667
0.3626986991343736,0.5638260803332504,0.8828999359896167,0.3479040755411926,0.1333686371488227,0.8990389512428554,0.32833496701925174,-0.2857704974060183,0.9560296041988836,0.30480864319911194,-0.3170480247176569,0.8048364137824223,0.3702854975800842,-0.322422555962023,0.8174887965439757,0.31180444183445927,-0.3658011947057483,1.0698569782964817,0.12688911930491203,0.5663378287411021,0.9149082583145087,0.13204534135368634,0.11203215591039078,0.9639236674158836,0.14834941571093987,-0.30618435770030256,0.9875424680763648,0.15805673457752856,-0.29835590457937217,0.7989317885163174,0.10421423485760209,-0.30961965330167623,0.8405231673024937,0.16760498115965863,-0.35907852455896977,1.017290606484093,0.2628220386335454,1.2288296695689211,0.8686373491915694,0.26800747443588685,1.4887042044028214,0.8431577921653268,0.23948374696636873,1.3513404187324027,0.7571798212938574,0.41771817730538696,1.1327902503460745,0.8646798434761294,0.46031118698488915,0.8417375597368318,0.8036130799590762,0.30756626347088567,0.6406373255603823,0.7275814379521899,0.22609890354504425,0.596439395719532,0.672287331790757,0.2168967732988184,0.5540629432989255,0.7181736822868872,0.2149103645815228,0.5474081842090641,0.7638966975600585,0.09428915149948508,1.1371882143928747,0.8871156174162882,0.05284639411454915,0.8688435238285898,0.8879566137824839,0.13483699114944078,0.6431487991550058,0.7565355754759596,0.21618957562239655,0.6101428422669082,0.7002223018314571,0.2172291748184369,0.5510353446525629,0.7096767881556749,0.20127988860853305,0.5467280533938809,0.7219483422278437,4.688888888888889
0.36274553135737214,0.5638211100038084,0.8818184476641237,0.34763707018609025,0.13362833570142907,0.8982240188634847,0.3283867166873928,-0.2858653417775392,0.956131658985867,0.3048960387997118,-0.31739855914630655,0.8049824421038929,0.3703191959356427,-0.32238383369972956,0.8174605831239762,0.3117760485830753,-0.3667215173386945,1.0700527177744825,0.12669850747198816,0.5661652170024911,0.9148131665757181,0.13207996255995919,0.11228031352036544,0.9639558153898515,0.14794130806713068,-0.3060243396125815,0.9872483699676426,0.15768541530980626,-0.29736346722055434,0.7973390554663483,0.10419176170938875,-0.30954445105864836,0.840442475525404,0.16754668948611112,-0.35911278834809246,1.0170581178886522,0.2629531189566497,1.2288329835163223,0.8686827261333379,0.26803983340818627,1.4884639899183736,0.8433420557128803,0.23963086268898937,1.351370596174029,0.7572330258199149,0.4177522186164883,1.1326802074598226,0.8647616225172425,0.46346997829924913,0.8411522872015074,0.8032980342472475,0.3095381420250474,0.6417643481776232,0.729012627792529,0.22887810381707932,0.6011360149240159,0.6650723795315653,0.21640932205681035,0.5565914129929017,0.7190175824322302,0.21665558317062278,0.5504348469840874,0.760004152959702,0.09435800389882674,1.1376561934068328,0.8871917600319251,0.05286024443779503,0.8693144337874036,0.8877334418285239,0.13375033888704618,0.6422003325787818,0.759614534297778,0.2136922573950835,0.6102820417342991,0.6963842357999434,0.21407149230589936,0.5517129510641607,0.7071460251870141,0.19969736005609917,0.5453209649509585,0.7262998822701402,4.711111111111111
0.36260056166686877,0.5642276883814585,0.880407768315508,0.3474222716544798,0.13385996448214044,0.8977064791608081,0.3284221022061282,-0.2858290429675962,0.9561971034429815,0.30499053711919144,-0.3176929982652276,0.805135483863837,0.37033918362682505,-0.32239132477604415,0.8174954448327906,0.3117923862987733,-0.36795072318425165,1.0704716393952374,0.1265990005291768,0.5660704330547481,0.9151123259878656,0.13212844999267262,0.11272022850009306,0.9639402054723156,0.14727507786355887,-0.30581885867711267,0.9868578618044914,0.15716470195493865,-0.2960004584148971,0.7951446218597139,0.10414809115389799,-0.3094909412405925,0.8403908985825883,0.1674312647166577,-0.35909647522725774,1.0166819126379987,0.26335022479954323,1.228832837083368,0.8688132978817474,0.2680695662525059,1.4882702535796897,0.8434758658208132,0.2400678963974181,1.3513984319241468,0.7573552062814024,0.4178180482064167,1.1323196446225179,0.8649099644996655,0.46608820140839796,0.8404935813782596,0.8040007002472596,0.3108563148497364,0.6432306784342141,0.7284298360437289,0.2307259525716516,0.6058445566720593,0.658868978992531,0.21624106464217538,0.5602708050319167,0.7163314678306449,0.21810652561596877,0.5531893854153433,0.7565089681686292,0.0944304231918718,1.1383716819447054,0.887288001475998,0.052893644296769946,0.8693045474492707,0.887661750937868,0.13281228083849592,0.6415906159698712,0.7623979968731491,0.21148504476267072,0.6106397328730528,0.6930127344098664,0.21118639221674182,0.5523585197769929,0.7048992433883048,0.1979799988174331,0.5441761855570891,0.7300053604341499,4.733333333333333
0.3622385191431496,0.5650853791182582,0.8786837799971154,0.34727282937524717,0.13405290241656986,0.8975346591050203,0.32843865121918076,-0.28564565150640475,0.9562202451572909,0.3050761760829672,-0.3178654425273531,0.8052788786848077,0.37033279136849273,-0.322462343664528,0.817608881886672,0.31186369154817,-0.36952130717116627,1.0711509989252004,0.12660198147606713,0.5660545416813465,0.9158721865374815,0.13219247391786001,0.11336690829997481,0.963869435155965,0.14632615780214087,-0.3055722206742209,0.9863762491135106,0.15648439819107857,-0.2942532684265965,0.7923217846460817,0.1040783980765123,-0.30947697303482147,0.8403887348351348,0.16725530199522426,-0.3590292450281858,1.0161592581094494,0.26410585291107463,1.2288269238164882,0.8690554218602227,0.268090496930752,1.4881765113410959,0.8435141162732545,0.24089443015360826,1.3514179163753455,0.757574656823556,0.41792566218221244,1.1316187924541683,0.8651498350112263,0.46757604703413624,0.8397241397405891,0.8061138288296191,0.31101887251284627,0.6450289864403065,0.7248509039550788,0.23081439959739264,0.6104434400138691,0.6540181693295248,0.21652463753960155,0.5654609887235834,0.7080665229951464,0.2187793856065856,0.555297327938784,0.7540420091131388,0.09449566372283938,1.139257156850157,0.8873944129269501,0.052949652745653705,0.8686714645370734,0.8878093728090098,0.1322160352814769,0.6414316784855771,0.7644063707298963,0.2100531480856647,0.6110582252495615,0.6909711945960824,0.2090071879653056,0.5528569841108398,0.70330897918589,0.19620165833086262,0.5435542475368871,0.7322147140984989,4.755555555555556
0.36163413286650054,0.5664337458662638,0.8766623647622913,0.34720189277727825,0.1341965284303308,0.8977568856663158,0.3284338913702729,-0.28529921792417945,0.9561953917158594,0.305136993616456,-0.3178499923856185,0.8053959661893586,0.3702873498755084,-0.32261420483874653,0.8178163945018739,0.312000200897882,-0.37146576422818434,1.0721280521308256,0.12671883331224837,0.5661186076657594,0.9171591982110958,0.13227370460155474,0.1142353603704121,0.9637361019334887,0.14506998058479317,-0.30528873138423035,0.9858088374212991,0.15563430769637923,-0.29210828751985224,0.7888438407751198,0.10397785736261446,-0.3095203956286523,0.8404562826441322,0.1670153964657367,-0.35891075758259694,1.0154874216803214,0.26531250004009305,1.2288129372621106,0.8694354554921889,0.2680964494048317,1.4882362791569188,0.8434117008543325,0.2422100460195137,1.3514230399202138,0.7579196715916128,0.41808505665091694,1.130487881574779,0.8655061996397538,0.46734370589826574,0.8388066597619953,0.8100301708648345,0.3095239055822713,0.6471519423060494,0.7172936727758681,0.22831539468293457,0.614811083999649,0.6508609896984172,0.21739267723377734,0.5725218333755111,0.6921739324387501,0.21819035683149857,0.5563842029903591,0.7532341417195308,0.09454297983594881,1.1402350949668525,0.8875010655632256,0.05303132883862622,0.8672727847736933,0.8882441391404442,0.13215482049367633,0.6418355492832002,0.765160063395844,0.20988177772457248,0.6113798284302148,0.6911230132934469,0.20796719296593255,0.5530932773854795,0.7027477690061127,0.19443619203471574,0.5437156832149642,0.7320778806418142,4.777777777777778
0.36076213191720763,0.5683123522775329,0.8743594046643814,0.34722261128945886,0.13428022144903629,0.89842148581489,0.3284053503031273,-0.2847737927511356,0.9561168507057516,0.3051570276450748,-0.31758074829296057,0.8054700860000431,0.3701901898627346,-0.32286422277226545,0.8181334828946502,0.31221215091452587,-0.3738165892840529,1.0734400547785672,0.1269609390373097,0.5662636957914597,0.9190398109952387,0.1323738123097902,0.1153405921618062,0.9635328032975757,0.14348197891343228,-0.3049726965874658,0.985160932254456,0.1546042341489939,-0.28955190595886343,0.7846840871964963,0.10384164389758721,-0.3096390582094017,0.8406138403706694,0.166708143272121,-0.35874067272221194,1.0146636707279306,0.26706266293544767,1.228788570966665,0.8699797562010713,0.2680812476366518,1.4885030729814848,0.8431235133481766,0.2441143260570883,1.3514077929513404,0.75841854473081,0.4183062277195716,1.1288371426043562,0.8660040239730766,0.46480136872258826,0.837703838915977,0.8161424772234139,0.305869504625906,0.6495922161415917,0.7047759837553857,0.2224008876169095,0.6188259076796038,0.6497384792550792,0.21897782020939133,0.5818132082953101,0.6666048806744713,0.21585563297973293,0.5560755390060187,0.7547162319141051,0.09456162587541947,1.1412279731384558,0.8875980305632685,0.0531417316298674,0.8649661078820103,0.8890338816306651,0.13282185475278135,0.6429142575200413,0.7641794823988163,0.21145614403990107,0.6114468519814028,0.6943315874368166,0.20849972063296449,0.5529523329206898,0.703588149275316,0.19275745336732072,0.5449210249159321,0.7287447974427221,4.8
